0,1
998.2562189054727 
996.3053135653954 
994.768743018187 
994.4579272151807 
992.5930323971427 
989.1740585640731 
991.0389533821111 
987.9307953520478 
989.4848743670794 
990.7281375791048 
989.7956901700858 
982.6469267009403 
969.5926629746746 
969.5926629746746 
961.5114520965102 
959.6465572784722 
959.6465572784722 
957.470846657428 
969.2818471716683 
969.5926629746746 
969.5926629746746 
968.038583959643 
964.6196101265734 
964.6196101265734 
955.9167676423963 
956.538399248409 
952.4977938093267 
948.4571883702445 
945.3490303401812 
943.173319719137 
943.173319719137 
944.6931045561761 
940.8880666571589 
941.9668331186881 
941.4026111039842 
948.1732752804312 
951.2764963613027 
952.1228293833585 
956.9187165083418 
961.996714640677 
963.9714916921408 
974.9738209788671 
981.1802631406102 
976.102265008275 
974.9738209788671 
979.4875970964985 
977.5128200450348 
982.3087071700181 
985.4119282508896 
992.1825924273365 
1000.6459226478953 
1009.673474883158 
1012.4945849566776 
1008.2629198463982 
1013.9051399934374 
1021.5221371919403 
1042.962573750689 
1043.2446847580409 
1052.8364590080075 
1041.2699077065772 
1042.116240728633 
1042.962573750689 
1041.2699077065772 
1034.2171325227782 
1021.2400261845883 
1026.6001353242755 
1033.0886884933705 
1040.1414636771694 
1036.7561315889461 
1032.2423554713146 
1029.985467412499 
1043.182849489346 
1036.068371536573 
1019.9143294084212 
1011.6599481714225 
1000.335981291815 
997.9857240149154 
840.5184864626384 
709.7587179660393 
761.4643780578318 
765.9512328591857 
750.3540709306698 
703.5625851451221 
749.7130916733335 
761.037058552941 
735.1842285070447 
733.6886102399268 
732.6203114776996 
728.5607761812366 
715.5275312820658 
685.1878464348157 
666.3857882196185 
690.1020207410604 
688.8200622263879 
661.8989334182645 
662.5399126756008 
673.4365600503173 
664.8901699525004 
654.4208420826747 
664.6765102000551 
681.5556306432435 
674.0775393076536 
680.7009916334617 
689.4094456285645 
680.7074486205975 
690.0009218891593 
686.5893937272822 
689.6480051827582 
701.4118953961276 
701.1766175918602 
699.5296729619885 
701.1766175918602 
692.2360610296994 
692.2360610296994 
695.5299502894429 
690.5891163998277 
675.7666147309822 
675.06078131818 
676.7077259480518 
676.7077259480518 
708.940785132684 
718.587175107647 
753.4082901392205 
750.3496786837445 
744.9382891855945 
734.1155101892946 
732.4685655594229 
733.8802323850273 
735.2918992106315 
728.4688428868773 
734.5860657978294 
745.879400402664 
746.1146782069314 
746.5852338154663 
738.3505106661077 
742.820788947188 
743.5266223599901 
736.9388438405033 
736.7035660362359 
734.1155101892946 
733.6449545807599 
729.6452319082142 
733.6449545807599 
730.5793827818584 
729.4552791009746 
722.382050627782 
719.1990978148453 
726.8028184235272 
740.2419525225932 
739.534629675274 
734.9370311676988 
743.2480746237002 
756.3335472991064 
759.1628386883834 
761.6384686540009 
763.7604371959586 
757.5713622819152 
761.1079765185115 
759.3396694002133 
761.1079765185115 
755.9798858754468 
760.0469922475326 
763.9372679077885 
760.4006536711922 
766.5897285852357 
762.8762836368096 
751.9127795033611 
746.4310274366368 
748.3761652667647 
744.8395510301684 
746.6078581484666 
752.6201023506803 
755.4493937399574 
756.3335472991064 
758.4555158410642 
757.0692864458568 
756.9453132883884 
758.6613213279738 
752.4546813242214 
756.2476279931811 
757.846872234148 
756.1030911396207 
752.8373481347267 
746.0386709451798 
743.5105233946442 
748.8975426953756 
750.6932157956194 
750.2442975205583 
752.7133480333937 
756.9780716464726 
758.9982038842469 
771.5679155859534 
771.3434564484229 
773.1391295486667 
778.975067124459 
769.7722424857096 
773.3635886861972 
780.0973628121113 
784.1376272876598 
777.4038531617457 
773.8125069612581 
766.629814560283 
771.1189973108924 
772.2412929985447 
775.1592617864409 
780.0973628121113 
780.3218219496418 
799.6253077772625 
808.1547550034205 
814.4396108542737 
811.9705603414385 
805.9101636281158 
782.5664133249466 
776.7304757491543 
770.894538173362 
774.1508088264634 
779.2273168015934 
785.3040576168626 
795.3018027534915 
799.0847333457295 
797.4634773776276 
803.4080825940015 
805.2995478901205 
792.5997094733215 
796.3826400655595 
793.4103374573725 
804.4889199060696 
793.4103374573725 
807.4612225142565 
823.6737821952765 
820.7014795870895 
853.3968082771465 
843.1288538125004 
830.1588060676845 
833.9417366599225 
824.4844101793275 
816.6483396668345 
815.8377116827835 
823.9439915232934 
811.5143624345116 
817.1887583228685 
810.1633157944265 
809.3526878103755 
822.8631542112255 
799.0847333457295 
799.3549426737465 
796.3826400655595 
803.4080825940015 
797.4634773776276 
800.9761986418486 
798.8145240177125 
796.3826400655595 
793.9507561134066 
790.1678255211685 
787.4657322409985 
781.2294508588606 
781.2444410866874 
777.5289878191896 
777.8576467424786 
769.6411736602561 
770.9558093534116 
770.2984915068338 
766.3545844273671 
776.8716699726118 
771.9417861232783 
773.9137396630117 
775.2283753561674 
772.2704450465673 
768.3265379671004 
768.6551968903893 
767.6692201205226 
770.6271504301227 
766.3545844273671 
764.3826308876336 
755.1801810355445 
759.4527470383001 
756.8234756519889 
750.9076150327887 
750.2502971862109 
745.6490722601663 
755.1801810355445 
755.1801810355445 
753.8655453423888 
746.3063901067442 
750.5789561094998 
758.1381113451446 
755.1801810355445 
748.7089699884297 
746.7068750632632 
725.6864304597991 
729.477002437473 
739.1257311079155 
732.5783795101153 
732.2337820575995 
734.3013667726943 
732.4060807838573 
738.0919387503682 
739.8149260129471 
742.2271081805577 
730.5107947950205 
731.199989700052 
729.9938986162467 
729.8215998899889 
726.2033266385729 
728.7878075324413 
730.6830935212784 
732.7506782363732 
728.9601062586993 
732.0614833313416 
732.4060807838573 
736.3689514877891 
734.4736654989522 
738.4365362028839 
738.4365362028839 
736.1966527615311 
742.3994069068157 
742.2271081805577 
743.2609005381053 
743.9500954431369 
742.0548094542999 
739.8149260129471 
739.8149260129471 
737.7473412978522 
733.7844705939206 
733.4398731414047 
735.8520553090154 
735.1628604039838 
732.4476590908145 
731.919479243715 
729.7146691683022 
731.919479243715 
737.8724664473295 
738.7543904774947 
738.0929474548709 
740.0772765227423 
742.0616055906139 
741.8411245830725 
746.912187756522 
739.8567955152012 
738.9748714850359 
742.9435296207789 
741.1796815604487 
738.7543904774947 
737.431504432247 
729.7146691683022 
732.1399602512563 
730.8170742060086 
735.888137379458 
746.4712257414394 
745.5893017112743 
754.6290230204668 
751.3218079073475 
756.8338330958795 
768.7398075031086 
774.9132757142645 
787.7011741516586 
787.4806931441174 
792.5517563175667 
784.3939590385395 
778.9072923599914 
773.4109363077794 
764.5025622818866 
789.4654144588485 
786.4578419074073 
774.7283089567867 
741.0434963806455 
751.5700003106896 
753.6753010966985 
754.2768156069867 
743.7503116769426 
741.0434963806455 
734.727594022619 
732.3215359814661 
726.6071481337278 
745.2540979526632 
739.840467360069 
739.0885742222088 
745.5548552078072 
747.359398738672 
753.5249224691264 
764.0514263991705 
778.187017390944 
781.6457258251014 
801.7964619197572 
806.3078207469191 
804.9544130987705 
805.2551703539147 
818.4884895802559 
824.6540133107102 
816.6839460493911 
814.2778880082382 
810.8191795740809 
811.1199368292249 
822.6990911522735 
818.7892468353999 
815.0297811460985 
845.7070211707985 
842.6994486193573 
835.1805172407544 
826.7220296678794 
824.436532068767 
825.5127507022984 
830.3861031758654 
837.5336868037637 
840.1328081229993 
836.8839064739547 
835.2594556494323 
825.8376408672028 
826.1625310321073 
835.2594556494323 
835.9092359792413 
839.4830277931904 
835.5843458143369 
829.411432681152 
835.2594556494323 
842.4070392773306 
833.3101146600055 
823.888299877776 
824.2131900426805 
818.6900572393046 
812.8420342710241 
816.7407162498778 
821.6140687234447 
816.4158260849732 
802.1206588291767 
786.5259309137623 
775.8045554719149 
771.2560931632523 
759.884937391596 
755.6613652478379 
742.9906488165637 
751.7626832689843 
738.7670766728057 
716.0247651294931 
693.9322339159893 
691.008222431849 
684.5104191337597 
691.3331125967535 
680.2868469900017 
677.3364238230191 
671.0210772352987 
672.4531197952922 
672.6122356352914 
676.2718999552748 
678.0221741952668 
686.6144295552276 
692.024368115203 
692.024368115203 
694.5702215551913 
699.3436967551695 
716.8464391550897 
697.2751908351789 
681.2044909952522 
686.296197875229 
694.411105715192 
683.5912285952413 
678.0221741952668 
679.1359850752617 
692.3425997952014 
692.6608314752 
692.6608314752 
704.7536353151448 
709.5271105151231 
709.2088788351246 
711.2773847551151 
712.7094273151085 
706.5039095551369 
697.7525383551767 
698.8663492351717 
699.6619284351681 
703.3215927551514 
710.1635738751202 
677.3857108352697 
666.0884861953211 
659.8829684353495 
657.1779991553618 
653.9956823553764 
660.5194317953466 
650.336018035393 
652.0940583475697 
651.9689408325937 
659.3261874783807 
659.7134109860538 
658.5517404630348 
658.2935914579194 
658.9389639707077 
652.3561643402668 
649.0002272737675 
649.1293017763251 
649.5165252839981 
652.0980153351514 
651.452642822363 
649.6455997865557 
646.8059607302871 
645.257066699595 
642.2883531407688 
634.2857339821935 
637.1253730384622 
637.3835220435774 
631.1879459208094 
632.3496164438284 
632.4786909463861 
631.1879459208094 
627.4447853466371 
622.0236562392151 
617.8932721573698 
616.4734526292355 
617.3769741471391 
620.9910602187538 
622.4108797468881 
623.0562522596765 
615.6058292580697 
614.1762334731798 
614.0192398991903 
607.8331686350572 
601.7060180443982 
595.4866211626249 
597.0069181781696 
591.0639389355863 
595.1138715584797 
592.4447728486809 
587.3460251926581 
591.826742829769 
590.8996978014013 
588.8911002399377 
595.8439379526961 
598.3160580283436 
600.479163094535 
605.8869257600138 
604.3418507127341 
608.0500308262052 
615.3118835484195 
619.4835861760745 
624.2733188226414 
621.646691242266 
598.9340880472554 
595.3804154385123 
604.4963582174621 
602.9512831701825 
610.0586283876687 
610.6766584065806 
614.2303310153237 
607.5865083120214 
608.0500308262052 
609.7496133782128 
610.8311659113085 
606.3504482741976 
613.7668085011398 
624.2733188226414 
634.7798291441428 
632.9257390874074 
618.6971335808416 
610.9296592930875 
610.0261873360696 
620.1149575227691 
609.5744513575607 
604.7559342534655 
603.4007263179387 
605.8099848699862 
600.2385744683761 
605.3582488914774 
599.7868384898673 
584.1266579015576 
580.362191413983 
589.8486469626707 
587.1382310916171 
593.763692109748 
594.36600674776 
592.1073268552153 
595.1189000452748 
589.3969109841618 
596.0223720022927 
593.4625347907422 
583.8255005825515 
583.8255005825515 
578.5552474999474 
583.2231859445396 
587.589967070126 
584.1266579015576 
598.4316305543405 
596.6246866403046 
593.0107988122331 
591.5050122172034 
594.5165854072629 
592.2579055147183 
592.2579055147183 
589.5474896436647 
591.3544335577005 
593.0107988122331 
601.142046425394 
598.7327878733463 
602.7929106307017 
601.3369585427183 
603.782091318187 
598.747994427516 
600.1863078248506 
608.9600195485914 
608.6723568691245 
594.7207169149792 
575.7349800701631 
576.4541367688305 
571.5638712178929 
575.8788114098966 
582.0635590184352 
580.0499202621668 
581.6320649992349 
579.1869322237661 
583.7895350952367 
582.7827157171025 
584.7963544733709 
585.6593425117717 
579.3307635634995 
580.4814142813673 
582.2073903581686 
581.7758963389683 
573.7213413138948 
585.3716798323046 
582.926547056836 
582.2073903581686 
592.7070781587109 
599.4671511261834 
604.2135853373874 
605.2204047155215 
602.9038872261756 
599.1249702941584 
602.5832509551408 
595.2920732912469 
595.2340478157873 
594.9221861137444 
595.8740672403646 
598.2537700569151 
600.950766582339 
597.1432420758581 
600.1575323101556 
594.9221861137444 
594.9221861137444 
590.6387210439534 
590.9560147528268 
600.6334728734656 
593.0184238605038 
613.3252212284018 
614.5943960638955 
619.1951548425599 
629.9831409442556 
626.0169695833381 
623.4786199123508 
618.7192142792497 
614.2771023550221 
614.4357492094588 
617.450039443756 
618.560567424813 
618.7192142792497 
618.2432737159396 
616.6568051715726 
613.9598086461486 
617.2913925893195 
615.7049240449523 
613.9598086461486 
616.3395114626992 
623.4786199123508 
624.5891478934077 
624.430501038971 
617.6086862981928 
617.3549164605349 
616.1320128809158 
618.9566794454505 
616.7266795260809 
622.2273459938591 
617.4700128325376 
617.7673461551201 
619.1053461067418 
623.8626792680634 
625.7953458648503 
623.4166792841895 
624.1600125906459 
621.9300126712765 
624.1600125906459 
623.4166792841895 
621.3353460261113 
617.3213461712462 
620.8893460422373 
619.1053461067418 
619.4026794293244 
610.3340130905551 
606.766013219564 
603.6440133324467 
605.8740132518162 
607.5093465260204 
604.9820132840683 
607.2120132034379 
600.819346767912 
606.1713465743987 
608.1040131711857 
606.0226799131074 
606.0226799131074 
609.1446798002247 
609.1446798002247 
612.7126796712159 
614.9426795905854 
621.9300126712765 
628.1740124455112 
627.4306791390545 
634.1206788971631 
632.8285471196386 
629.749478459152 
629.5919619035187 
628.6468625697187 
628.9618956809854 
630.8520943485853 
630.0645115704187 
629.276928792252 
632.8998095718187 
620.140968565519 
614.6278891183524 
617.4631871197523 
622.0311672331188 
623.1337831225521 
610.5324586718859 
610.8474917831525 
612.2651407838525 
612.2651407838525 
609.7448758937193 
622.0311672331188 
624.0788824563522 
618.0932533422856 
620.7710347880522 
618.8808361204524 
617.4631871197523 
615.2579553408857 
617.1481540084857 
615.888021563419 
618.250769897919 
622.1886837887523 
617.4631871197523 
624.0788824563522 
620.096476073164 
617.8645274618611 
606.4162156180066 
612.4195986580767 
620.2379579660749 
622.1925477930744 
613.6761206897193 
619.2606630525751 
612.1403715399339 
608.2311918859348 
606.1369884998638 
609.3481003585059 
605.5785342635783 
606.9746698542922 
602.6466495230788 
598.7374698690799 
594.6886766560094 
595.5263580104377 
593.9906088606524 
592.7340868290098 
591.1983376792244 
591.1983376792244 
592.5944732699384 
569.9770767003722 
599.5751512235082 
598.3186291918656 
603.7635579956501 
599.4355376644369 
598.8770834281513 
599.7147647825796 
599.2959241053654 
595.8055851285806 
541.0770699725933 
517.7616056076702 
517.9012191667416 
516.9239242532418 
523.2065344114546 
528.3722360970962 
528.3722360970962 
526.4176462700967 
521.7726954180657 
521.1687676177144 
520.0984112107274 
510.73279264959007 
510.86658720046347 
511.6693545057038 
516.3521637862724 
519.1618493546137 
519.1618493546137 
523.4432749825621 
537.8930864768881 
530.9357698314718 
527.3233169578903 
523.7108640843088 
524.3798368386758 
528.928851568371 
519.964616659854 
516.3521637862724 
511.9369436074506 
516.8873419897659 
511.40176540395703 
512.4721218109441 
514.2114509722983 
515.5493964810321 
518.62667115112 
517.2887256423862 
513.141094565311 
518.62667115112 
519.5632330072337 
522.1053294738281 
516.4859583371458 
511.53555995483043 
511.35075296707987 
509.69192959758857 
511.0510211524837 
520.2248891480258 
518.8657975931308 
516.1476144833405 
540.2714895827291 
547.2368338015667 
559.1288849068991 
570.0016173460602 
572.2101411227648 
610.4345911041904 
627.4232355403797 
624.8749388749513 
635.4078984253886 
637.2766493133694 
632.3499424268746 
633.0294882043221 
637.4465357577313 
650.0181326405113 
657.8329090811583 
688.5823555106607 
683.1459892910802 
700.644293060355 
694.6982675076889 
687.9028097332132 
673.1226890737286 
663.6090481894627 
646.1107444201878 
657.6630226367964 
657.6630226367964 
656.6437039706251 
644.7516528652926 
652.2266564172158 
650.1880190848732 
656.3039310819013 
646.6204037532734 
648.4891546412542 
647.9794953081686 
652.5664293059397 
653.4412778648065 
653.9301629085481 
640.2232920070501 
646.7062714874883 
650.966515146062 
652.0778830569943 
657.6347226116557 
652.4483390273051 
647.076727457799 
640.0380640218946 
644.668763650779 
627.0721050610181 
628.1834729719503 
622.626633417289 
633.369856556301 
624.6641412539982 
613.36523415952 
598.732223332245 
599.6583632580218 
568.9105177222289 
565.576413989432 
559.2786624941491 
560.204802419926 
569.8366576480057 
569.4662016776949 
580.9503367573286 
586.3219483268346 
569.0957457073843 
557.4263826425954 
527.97513300289 
547.0536154738941 
540.9410919637666 
548.1649833848263 
571.1332535440933 
548.9058953254478 
560.9457143605475 
561.8718542863244 
554.83319085042 
551.4990871176232 
562.0570822714799 
552.1032559629255 
543.5806374227509 
554.7986623526613 
553.3689140772806 
554.5787010795258 
558.428023359397 
561.7274424564296 
570.6358740184172 
569.0961451064687 
560.0777329079133 
540.5011795988539 
551.2792819824933 
551.4992432556288 
547.5399403391898 
549.0796692511383 
558.867945905668 
557.8781201765582 
560.7376167273197 
556.3383912646098 
556.7783138108807 
550.1794756168158 
557.988100813126 
556.4483719011776 
552.9289915310096 
543.1407148764798 
545.1203663346994 
545.2303469712671 
541.271044054828 
542.5908116936412 
546.4401339735123 
538.631508777202 
548.5297660682995 
548.9696886145705 
552.8190108944418 
553.148952804145 
544.1305406055897 
544.4604825152928 
539.7313151428796 
538.8514700503376 
533.5723994950856 
522.9643990544707 
519.9289370309665 
521.4398310275624 
519.4972530319392 
515.8279390402064 
534.6061929978973 
538.27550698963 
537.6279809910889 
552.736920957047 
546.6933449706638 
538.7071909886573 
537.6279809910889 
534.3903509983836 
533.3111410008152 
530.7210370066509 
532.4477730027604 
535.9012449949794 
528.1309330124866 
527.9150910129729 
526.6200390158908 
533.5269830003288 
539.1388749876847 
529.6418270090824 
531.5844050047056 
520.3606210299938 
525.5408290183224 
531.8002470042193 
532.016089003733 
542.37650498039 
537.8438229906026 
524.6774610202676 
496.1863170844608 
488.54314245922535 
487.2275520551417 
487.00828698779446 
486.9534707209576 
488.21424485820444 
487.5016333893258 
488.92685632708304 
488.1594285913676 
486.8986544541208 
485.96677791789494 
488.049796057694 
487.99497979085714 
485.1993501821795 
485.3089827158532 
480.9784976357447 
481.2525789699288 
480.2110699000292 
483.3904133765646 
483.0615157755437 
484.26747364595366 
482.074822972481 
487.28236832197854 
492.6543624719866 
497.5330102204632 
491.4484046015766 
496.1626035495428 
496.98484755209506 
499.28713075924134 
499.5612120934254 
500.93161876434584 
500.1641910286304 
501.8634953005717 
503.0146369041448 
501.04125129801946 
502.3020254352662 
504.2205947745548 
502.1923929015926 
500.4382723628145 
498.7389680908732 
496.8203987515846 
494.8907905124804 
492.4496577119842 
492.5932537590722 
494.6035984183044 
489.33841002507717 
490.1042556095466 
487.95031490322634 
481.0098392939723 
479.2388213798867 
479.4302827760041 
478.76016788959333 
478.2336490502706 
478.0421876541533 
477.5156688148305 
477.1327460225958 
478.3772450973586 
479.8610709172681 
481.15343534106023 
480.9619739449429 
480.5790511527082 
479.5260134740628 
478.52084114444665 
479.66960952115073 
481.679954180383 
482.58939581194045 
482.6851265099991 
484.02535628282055 
487.95031490322634 
490.24785165663457 
494.2206756260697 
493.4069646925709 
493.26336864548296 
491.3597172851976 
488.9830655122154 
486.8519429931757 
486.32714084358616 
487.9492565786813 
487.56758228807064 
487.9969658650076 
486.99507085215475 
484.5630355930838 
488.6663408320986 
488.24002340466853 
491.8637215378245 
493.14267382011485 
500.6032288001419 
495.96702677683936 
492.3433286436834 
493.2492531769724 
494.3683364239764 
497.6190068081311 
496.76637195327083 
496.18018549055444 
497.35255841598723 
500.49664944328435 
499.32427651785156 
497.2459790591297 
500.5499391217131 
500.0170423374255 
499.9637526589967 
499.9637526589967 
498.9512487688502 
499.00453844727895 
500.5499391217131 
500.49664944328435 
498.9512487688502 
500.17691137271174 
499.0578281257077 
503.37429207843763 
501.5091533334309 
500.49664944328435 
499.0578281257077 
497.8512069897423 
502.437044700003 
506.207622372884 
503.91470351775365 
501.5198771579509 
501.4179696532784 
501.87655342430446 
500.3988946065538 
503.91470351775365 
497.95311449441476 
495.0487506112497 
497.2907157140438 
496.16973316264676 
495.7621031439569 
493.41823053649034 
495.4054268776033 
496.3225944196555 
497.74929948506986 
498.9212357888032 
500.29698710188137 
498.5136057701134 
500.60270961589873 
500.24603334954514 
497.95311449441476 
497.74929948506986 
498.0550219990873 
494.2334905738701 
485.11276890568496 
492.0424792234122 
492.3991554897658 
490.7176816626702 
490.666727910334 
492.14438672808467 
488.8833465785659 
487.4056877608153 
488.3228553028674 
487.55854901782396 
486.4375664664269 
486.9980577421254 
489.13811534024705 
486.40572954289223 
486.06787670386655 
486.4539942341816 
486.1644060864453 
485.6334944822621 
487.6606115164161 
486.3574648516028 
487.2262292948117 
488.62590534220374 
487.70887620770554 
482.93067177005673 
480.807025353324 
477.2837028891991 
476.22187968083267 
478.8281730104593 
477.09064412404155 
477.23543819790973 
473.95343919023173 
471.1540870954476 
472.50549845155035 
472.69855721670785 
471.97458684736716 
473.22946882089104 
472.9398806731548 
474.24302733796804 
476.84932066759467 
477.3319675804885 
476.75279128501586 
478.24899671498673 
480.75876066203455 
478.7799083191699 
478.3455260975655 
476.41493844599023 
475.2083211637557 
468.9821759874255 
458.3156792124721 
458.798326125366 
459.2327083469704 
459.71535525986417 
457.6399735344208 
437.6339916085824 
445.08736146342795 
439.0093158079884 
439.852256446334 
436.7023203767267 
434.7502473195052 
435.10516969354546 
435.1495349903005 
432.5319824817535 
433.8629413844045 
434.7502473195052 
432.1105121625807 
428.33946193840285 
431.3341194693676 
427.7848957289649 
426.23211034253876 
426.3430235844263 
426.23211034253876 
429.2267678735035 
429.5595075991663 
426.6757633100891 
423.7920190210119 
423.12653956968643 
425.899370616876 
422.0174071508106 
424.79023819800017 
427.7848957289649 
432.1105121625807 
429.1158546316159 
428.6722016640656 
429.00494138972834 
428.1176354546277 
426.5595231270201 
425.2866550214717 
424.2477659401959 
424.1323338200542 
423.7860374596289 
426.67184046317266 
427.5952974243067 
424.0169016999124 
415.557279855538 
415.7228230358212 
415.50209879544366 
416.8264442377088 
419.309591941956 
419.69585936261666 
418.42669498044586 
417.04716847808635 
414.1777533531785 
414.0122101728954 
414.67438289402793 
425.2139653720548 
428.08338049696266 
428.85591533828403 
428.41446685752896 
426.97975929507504 
427.9730183767739 
429.07663957866157 
426.9245782349807 
427.25566459554693 
427.31084565564134 
427.31084565564134 
424.7173358312054 
424.22070629035596 
417.5989790790302 
405.7350511587381 
406.61794812024823 
402.3690064929808 
397.8441595652415 
404.0244382958123 
410.8117086874212 
412.46714049025263 
411.0580877062579 
409.5807998162062 
412.0111766675815 
411.01043325819165 
410.9627788101255 
409.62845426427236 
408.67536530294876 
409.53314536814 
409.53314536814 
411.43932329078734 
411.43932329078734 
408.38943861455164 
408.2464752703531 
408.38943861455164 
410.4862343294636 
409.7714176084709 
408.53240195875014 
408.9612919913458 
408.4370930626178 
409.15190978361056 
409.7714176084709 
409.19956423167673 
413.20253786923604 
409.48549092007386 
414.6798257592877 
419.3023072217074 
415.91884140900845 
411.8205588753168 
409.62845426427236 
407.960548581956 
406.57856958803666 
405.62548062671306 
407.91289413388984 
406.4832606919043 
403.4333760156686 
404.86300945765413 
405.86375286704396 
406.149679555441 
406.0543706593087 
404.9106639057203 
402.1109555509425 
403.3582616409416 
406.0697966192005 
413.7705559574558 
419.89862500832095 
421.41708459614597 
415.07209274702006 
415.66863044223703 
412.0894042709353 
410.2997911852844 
409.75748418963263 
411.2759437774576 
410.67940608224063 
410.40825258441475 
409.7032534900674 
409.48633069180676 
408.94402369615494 
408.94402369615494 
410.57094468311027 
412.0894042709353 
413.5536331591951 
413.3909410604996 
411.5470972752835 
404.3344142331148 
407.4255641083299 
405.6359510226791 
405.6359510226791 
397.1759618905113 
402.16518625050765 
400.37557316485675 
400.91788016050856 
400.26711176572644 
403.1169963085671 
404.31389872511306 
404.66299526327225 
405.06196273545424 
405.16170460349974 
405.90976861384104 
405.90976861384104 
405.90976861384104 
405.31131740556805 
404.66299526327225 
403.5159637807491 
405.90976861384104 
411.7945388285254 
415.8340844843681 
413.19092498116237 
413.49015058529886 
414.18834366161735 
413.5400215193216 
417.0808578349368 
411.8942806965709 
413.5400215193216 
411.9940225646164 
412.7420865749576 
412.8418284430031 
419.1754370638923 
439.8220037493104 
442.8641307246981 
440.0214874854014 
441.7669701761976 
440.66980962769713 
440.66980962769713 
438.1762629265597 
439.2235525410374 
434.4359428748535 
437.5778117182867 
438.0017146574801 
435.13413595117197 
436.63026397185445 
438.1263919925369 
437.62768265230943 
435.5662237080572 
434.8797414180521 
433.6315917998611 
432.945109509856 
430.6984401971122 
427.5780661516346 
425.2065818770716 
426.0178791288958 
433.1947394334942 
433.3819618762229 
440.1219698144545 
436.56474340261 
434.81733393714256 
431.9465898153032 
430.6984401971122 
426.3923240143531 
426.57954645708173 
426.57954645708173 
427.4532511898155 
428.9510307316447 
427.51565867072503 
426.82917638071996 
425.2689893579812 
421.21250309886034 
425.6434342434385 
424.3952846252474 
415.72064477881975 
424.5825070679761 
423.1471350070564 
423.3343574497851 
423.4591724116042 
425.45621180070987 
425.2689893579812 
425.2689893579812 
427.8276960752728 
426.9539913425391 
426.7043614189008 
426.1426940907149 
426.1426940907149 
426.0178791288958 
425.2904662684614 
425.8186111069019 
428.1424483960401 
431.41694639437117 
432.5788650389402 
437.33216858490465 
435.0083312957665 
433.8464126511974 
428.6705932344805 
432.367607103564 
433.42389678044503 
431.41694639437117 
431.52257536205923 
434.6914443927022 
436.38150787571175 
438.07157135872137 
434.3745574896379 
436.2758789080237 
442.4023590339334 
442.7192459369977 
448.7400970952193 
453.2821427058076 
452.2258530289266 
454.97220618881715 
455.0778351565053 
455.7116089626339 
458.2467041871482 
456.0284958656982 
455.18346412419334 
456.6622696718267 
464.47881328074607 
471.4503251481606 
474.6191941788035 
477.3655473386941 
480.9569322400895 
472.29535688966536 
474.83045211417976 
480.53441636933707 
492.99863455653275 
494.6886980395423 
491.9923549144037 
499.462769496653 
501.8670408564573 
499.9779705023253 
499.03343532525935 
499.8921036680466 
502.1246413592935 
496.1139629597826 
495.94222929122515 
500.6649051765551 
504.78651322193406 
502.5539755306871 
503.1550433706382 
507.27665141601716 
506.07451573611496 
505.8169152332788 
508.1353197588044 
507.87771925596826 
509.6809227758215 
507.1907845817384 
499.03343532525935 
495.42702828555275 
498.7758348224231 
498.0889001481934 
495.42702828555275 
503.84197804486803 
499.11930215953805 
495.5987619541103 
497.74543281107844 
492.2499554172399 
491.21955340589517 
490.53261873166537 
491.46496339426875 
490.8887577250635 
493.7697860710898 
493.93441626229134 
492.9466351150823 
492.6173747326793 
493.7697860710898 
493.60515587988834 
494.01673135789207 
497.8855408511274 
498.2971163291312 
512.5376278680612 
511.38521652965073 
512.290682581259 
517.5588486997071 
513.7723543020726 
513.2784637284681 
525.9549884509838 
531.0585243782305 
532.8694564814471 
535.9974301142756 
535.1742791582681 
530.7292639958275 
532.0463055254395 
531.2231545694319 
529.6591677530178 
529.0006469882117 
523.4855355829613 
521.921548766547 
521.5099732885433 
528.7537017014095 
526.3665639289876 
529.4945375618162 
542.7472679535373 
532.0463055254395 
538.3022527910966 
556.1646285364599 
590.2430781151712 
584.5633365187193 
587.7736252471486 
614.9138819385428 
617.9355456506336 
627.8126121682722 
625.3433455388625 
624.181337713258 
637.8349296641114 
646.4047373779449 
646.4047373779449 
654.9745450917784 
649.8907608547585 
653.086282375171 
633.3321493398938 
638.7064355333148 
635.6561649911029 
644.3712236831369 
632.3153924924898 
631.7343885796876 
629.7008748848796 
623.4550828222552 
608.4942320675966 
602.8294439177746 
613.5780163046165 
614.5947731520205 
611.1087496752069 
615.1757770648228 
652.9410313969704 
670.2258978028381 
683.1532348626886 
670.6616507374397 
668.9186389990329 
665.868368456821 
666.885125304225 
665.3435335713529 
657.7027738960959 
659.7735030355691 
675.2430677833979 
669.2744955578576 
671.9542626795287 
683.8914071306093 
686.2057514629616 
686.2057514629616 
672.0760702759684 
683.1605615519718 
684.3786375163677 
675.3648753798375 
692.6615540742604 
682.6733311662134 
699.9700098606362 
713.9778834511899 
735.1724052316799 
763.1881524127873 
760.7520004839954 
753.8089674869383 
750.2765471901901 
762.5791144305894 
754.9052358548947 
757.5850029765659 
757.2195801872471 
787.0624413149485 
799.7304313446666 
841.1450141341297 
832.1312519975995 
848.2098547276264 
846.2609331845929 
899.3690452322573 
867.9426853508412 
864.7756878434117 
849.9151610777808 
835.5418646979083 
790.9602844010155 
795.3453578728411 
735.1724052316799 
746.6350037431338 
744.7247748607808 
768.8677840852041 
761.874636585716 
763.040161168964 
774.362399977659 
768.2017700376338 
761.3751260500383 
764.8716997997823 
768.2017700376338 
757.0460347408314 
756.0470136694759 
766.536734918708 
768.0352665257412 
802.168486463719 
798.8384162258675 
818.8188376529764 
788.1821914647427 
794.1763178928754 
780.6895334295768 
783.0205825960729 
784.8521212268912 
779.0244983106511 
774.8619105133367 
754.8814890862279 
767.0362454543858 
776.8599526560477 
776.6934491441551 
775.3614210490146 
773.3633789063036 
772.8638683706259 
777.3594631917254 
777.6924702155105 
780.1900228938991 
783.6865966436433 
784.5191142031061 
786.1841493220319 
784.6856177149987 
757.0460347408314 
770.6993227160224 
763.5884674191499 
757.6284792245298 
760.0282120042315 
769.1880046292799 
802.5558206205278 
792.7417570936902 
752.5040966336559 
744.3257103612913 
731.5674277764023 
734.5116468344536 
711.939300722727 
683.8056519457925 
674.3187238698495 
683.8056519457925 
671.3745048117983 
679.8800265350575 
683.8056519457925 
685.4413292002655 
680.697865162294 
666.4674730483794 
681.6792715149777 
676.7722397515589 
679.3893233587156 
682.987813318556 
683.8056519457925 
643.7315592112055 
650.7649714054392 
646.185075092915 
640.9509078786016 
653.5456227380432 
651.4192423072284 
643.4044237603109 
632.7291905854596 
628.9825413838029 
645.8749130782511 
645.2045808681539 
642.1210527017071 
638.0990594411242 
634.8814648326578 
631.2616708981332 
626.9715447535114 
608.7385086388688 
605.9231133564608 
616.7824951600346 
616.6484287180152 
611.6879703632962 
615.7099636238793 
619.061624674365 
615.1736978558015 
617.4528273701318 
625.0946145652393 
624.1561494711034 
633.6748668544828 
631.3957373401527 
627.7759434056279 
635.1495977166967 
644.8023815420956 
647.4837103824843 
654.9914311355724 
644.8023815420956 
646.8133781723872 
638.7693916512212 
637.1605943469881 
638.9034580932407 
625.0946145652393 
632.6023353183275 
637.8309265570853 
646.2771124043094 
653.1145009473004 
643.4617171219013 
640.7803882815127 
640.7803882815127 
648.3244621572076 
646.9888126769631 
639.376595399373 
649.707461704674 
655.5525571142521 
657.8634087878063 
660.0383280099749 
655.4166246628665 
671.5925863777456 
677.3017493359383 
675.2627625651552 
659.2227333016616 
673.4956406971432 
669.9613969611191 
664.116301551541 
660.310192912746 
655.5525571142521 
653.5135703434689 
652.0183133782281 
664.9318962598543 
675.6705599193118 
684.3702368079863 
685.049899064914 
674.8549652109986 
680.9719255233479 
680.0203983636491 
679.2048036553358 
677.5736142387093 
677.3017493359383 
660.1742604613604 
659.6305306558182 
631.9003105731683 
635.9782841147345 
643.1827040381681 
667.5146128361795 
654.7369624059388 
648.7559345449752 
647.3966100311197 
641.5515146215416 
639.1047304966019 
633.2606829384812 
633.7921111632112 
623.6000669996798 
626.9974150541902 
629.5139691686425 
625.487482585519 
629.7656245800877 
630.1431076972556 
612.4014011903677 
612.9047120132581 
618.0636479478851 
617.8119925364399 
626.745759642745 
624.8583440569059 
622.3417899424537 
627.5007258770806 
629.6397968743651 
622.3417899424537 
658.3285137791199 
662.4808280679661 
650.5271960243182 
648.5139527327564 
654.5536826074416 
652.4146116101573 
654.3020271959964 
655.8119596646677 
665.374865299586 
680.2225345748539 
668.8980410598191 
670.4079735284904 
680.851673103467 
667.3881085911478 
660.1823984466134 
652.7749047586722 
658.05225159577 
653.9811554642945 
677.8046069003368 
671.1702280194136 
671.622572034022 
666.0436625205184 
665.2897558295044 
658.203032933973 
658.5045956103785 
659.7108463160009 
657.1475635665533 
654.8858434935113 
658.05225159577 
657.7506889193645 
657.4491262429589 
661.0678783598261 
664.0835051238821 
700.8741516453651 
693.3350847352251 
707.8100932026939 
708.2624372173022 
699.3663382633371 
701.1757143217707 
702.3819650273931 
711.7304079959666 
695.8983674846727 
692.2796153678055 
690.3194579711692 
690.6210206475747 
679.6139829587704 
665.8928811823157 
672.0749160486305 
665.5913185059101 
663.7819424474765 
664.5358491384904 
662.8772544182597 
665.7420998441128 
685.7960178250852 
686.7644914421497 
685.2699026530624 
682.0320236480521 
681.035753184972 
680.7866855692021 
670.3258457068612 
674.5599951749515 
670.4503795147461 
682.4056250717072 
680.164016529777 
675.4317318301466 
682.5301588795921 
676.4280022932267 
684.6472336136374 
688.3832478501877 
698.0968848652185 
687.3869773871075 
691.6211268551979 
681.160286992857 
673.9373261355265 
681.7829560322821 
676.0544008695716 
681.5338884165121 
683.4018955347872 
683.9000307663273 
684.2736321899823 
685.8925716924874 
690.5003225842329 
693.7382015892431 
694.1118030128981 
692.4928635103929 
694.6099382444381 
692.990998741933 
685.8925716924874 
688.5077816580726 
683.9000307663273 
688.0096464265325 
681.907489840167 
679.6658812982369 
683.2773617269022 
679.0506255707635 
675.5289984291702 
679.6684465032135 
677.3846130830516 
673.9588629528089 
675.5289984291702 
677.0991339055315 
679.3829673256932 
675.9572171954505 
668.6774981686847 
666.2509251597627 
663.9670917396008 
667.2501022810835 
663.2533937958003 
659.9703832543177 
650.8350495736703 
652.976143405072 
652.5479246387916 
650.9777891624303 
654.118060115153 
652.2624454612715 
649.9786120411096 
645.553684789546 
644.6972472569853 
649.4076536860691 
653.9753205263928 
654.4035392926731 
659.256685310517 
657.4010706566355 
657.4010706566355 
654.4035392926731 
657.4010706566355 
656.4115255491167 
656.5951534146318 
655.1551538564261 
650.5951552554416 
644.3551571698838 
636.0751597102014 
637.7551591947747 
649.3951556236036 
648.3151559549493 
654.3151541141394 
657.3151531937345 
660.1951523101459 
665.9551505429683 
662.7151515370057 
667.6351500275416 
664.395151021579 
667.8751499539092 
665.3551507270494 
667.8751499539092 
664.5151509847627 
664.8751508743142 
663.4351513161084 
664.395151021579 
666.195150469336 
667.3951501011741 
668.7151496961958 
666.5551503588874 
669.6751494016662 
664.7551509111304 
673.1551483339965 
674.715147855386 
677.4751470086135 
667.2751501379902 
675.6751475608564 
672.7951484444451 
667.1551501748064 
666.9151502484387 
669.9151493280339 
669.9151493280339 
671.4751488494232 
668.1039282541973 
665.8983472483355 
682.538604189798 
684.0793687214149 
680.9978396581811 
679.9193044860493 
683.3089864556065 
692.0913442858227 
684.0793687214149 
686.3905155188403 
688.8557387694273 
690.2424268478825 
698.1003259591287 
692.3994971921462 
688.5475858631039 
688.0853565036189 
694.0943381769248 
692.8617265516313 
691.3209620200143 
699.3329375844222 
697.3299436933203 
691.7831913794994 
691.7831913794994 
693.6321088174396 
697.1758672401586 
708.2693718678003 
725.217781715586 
723.9851700902925 
730.4563811230835 
726.2963168877179 
726.758546247203 
731.5349162952153 
728.6074636851432 
718.5924942296334 
716.8976532448548 
718.9006471359568 
718.1302648701484 
719.0547235891185 
724.9096288092627 
726.2963168877179 
727.8969192855183 
725.8892758532497 
724.9652673509104 
729.4533086479873 
731.8293305111458 
730.3773171503267 
731.1693244380463 
738.2973900275214 
732.885340228105 
730.7733207941865 
714.6691726105573 
720.3452248392135 
723.7772564193313 
724.041258848571 
724.8332661362905 
719.5532175514941 
723.3812527754715 
724.8332661362905 
728.0012952871683 
714.8011738251773 
708.4651155234214 
713.4811616789782 
712.1611495327791 
711.1051398158197 
716.9131932590958 
721.4012345561728 
724.9652673509104 
721.005230912313 
726.5492819263493 
725.2292697801502 
734.3373535889241 
740.5414106760599 
735.0073467049365 
738.5577332488342 
731.940042801461 
727.528249169879 
728.0797233738267 
722.5649813343491 
722.4271127833622 
716.9123707438846 
722.9785869873099 
720.7726901715189 
721.7377700284275 
720.0833474165843 
718.8425304577017 
723.2543240892838 
720.2212159675712 
718.8425304577017 
719.8076103146103 
724.908746701127 
721.4620329264536 
724.2194039461924 
723.3921926402708 
723.3921926402708 
718.153187702767 
717.4638449478323 
719.1182675596756 
720.9105587225058 
712.9141827652634 
711.1218916024332 
713.1899198672372 
717.4638449478323 
715.809422335989 
715.2579481320413 
716.4987650909238 
716.3608965399368 
715.6715537850021 
716.4987650909238 
715.809422335989 
717.0502392948715 
717.0502392948715 
715.809422335989 
712.4175605829639 
706.6972147101962 
706.6972147101962 
698.9340150570258 
698.1704216485173 
697.9158905123478 
695.4978447187373 
692.4434710847031 
687.0983172251431 
688.4982384740754 
674.4990259847516 
675.2626193932603 
674.3717604166669 
677.2988684826164 
676.1534783698536 
676.1534783698536 
675.6444160975145 
676.6625406421927 
674.2444948485821 
663.2996559932926 
672.7173080315649 
677.6806651868708 
676.5352750741079 
681.7531633655831 
683.0258190464307 
680.225976548566 
692.6980022208726 
694.3524546059745 
690.0254252910926 
688.752769610245 
689.1345663144992 
680.6077732528202 
680.4805076847355 
688.2437073379059 
685.6983959762107 
682.7712879102612 
682.7712879102612 
684.2984747272783 
683.916678023024 
686.080192680465 
682.6285076622402 
681.0205475990563 
680.7489796542583 
683.328875129839 
681.5636834886523 
680.3416277370613 
684.4151469090309 
691.0685615565814 
687.4023943018087 
693.2411051149652 
692.2906173081722 
694.8705127837529 
700.7092235969094 
696.7714883973388 
687.2666103294097 
685.7729866330208 
680.3416277370613 
683.328875129839 
684.279362936632 
683.328875129839 
682.9215232126421 
719.8547637051666 
720.9410354843585 
732.3468891658734 
727.051314242313 
727.051314242313 
731.3964013590806 
733.0258090278685 
738.592951896227 
742.6664710681965 
753.1218369429185 
750.1345895501408 
739.9396140135005 
737.3554402875358 
730.0086735175462 
727.2536359788 
726.3352901325513 
728.7842123892144 
733.8351145435824 
724.192483157971 
700.9277217196704 
700.1624335144631 
687.4586493080228 
689.1422833594787 
686.6933611028155 
685.9280728976082 
661.2857926899346 
649.1942390476601 
657.4593516638984 
650.7248154580745 
664.1938878697222 
669.8570205882559 
669.0917323830487 
680.5710554611575 
687.1525340259399 
681.6424589484477 
675.6732109478311 
669.3978476651316 
663.8877725876393 
668.3264441778415 
678.1221332044943 
687.1525340259399 
678.8874214097016 
668.1733865368 
688.5300527953129 
699.397145309256 
722.5088491065151 
730.0086735175462 
728.7842123892144 
729.7025582354631 
733.0698263383752 
732.1514804921264 
743.4779035966927 
727.1052799599097 
745.1811364672939 
749.1224886380769 
756.1897408063774 
764.2083538434877 
765.2956234078416 
769.5087929697131 
771.4115147073325 
777.5274060068233 
786.0896538261105 
790.7105494746147 
782.963753828593 
770.05242775189 
772.226966880598 
766.111075581107 
778.478766875633 
779.2942190488984 
773.8578712271288 
777.2555886157348 
777.6633147023675 
773.5860538360403 
770.1883364474343 
775.4887755736597 
774.8092320959385 
773.9937799226731 
771.0037886206998 
779.7019451355312 
781.0610320909736 
775.7605929647482 
769.9165190563458 
764.2083538434877 
765.8392581900185 
759.1797321083508 
751.976571244506 
744.9093190762054 
743.0065973385861 
738.6575190811702 
734.4443495192988 
733.0852625638563 
734.4328606581784 
733.6416070587236 
726.0359209683735 
729.1074480433226 
732.1789751182716 
723.8419730576957 
724.8658154160119 
724.2807626398312 
723.9882362517408 
725.0120786100572 
724.5732890279215 
718.2839716839783 
717.9914452958878 
720.4779195946562 
718.2839716839783 
717.9914452958878 
717.9914452958878 
715.0661814149839 
712.1409175340801 
709.800706429357 
707.7530217127244 
711.4096015638542 
715.7974973852099 
715.3587078030744 
707.4604953246339 
708.7768640710407 
721.2092355648822 
718.4302348780234 
721.5017619529725 
721.940551535108 
723.1106570874697 
723.9882362517408 
722.1426559741581 
719.1824630512422 
720.4018636064818 
719.9953967547352 
718.9114851500777 
719.0469741006599 
725.0084879262762 
726.9053332344268 
727.8537558885022 
726.3633774320981 
713.356438176208 
718.7759961994955 
717.5565956442558 
718.5050182983312 
722.4341978652146 
722.4341978652146 
719.9953967547352 
719.1824630512422 
719.4534409524065 
717.1501287925093 
706.7174795976807 
698.8591204639138 
696.5558083040166 
692.491139786551 
693.5750513912085 
698.3171646615851 
686.9360928126812 
683.6843579987087 
676.7744215190171 
696.6912972545988 
689.3748939231607 
685.0392475045305 
684.0908248504552 
696.14934145227 
693.8460292923728 
690.1878276266538 
690.7297834289825 
690.323316577236 
690.7297834289825 
683.8198469492909 
682.9120326798557 
681.7910070707662 
674.8801414589961 
661.6112794843978 
654.1475446236861 
652.9035888135675 
655.9443696827464 
654.8386311848631 
644.1958981427373 
637.4232498432027 
642.2608557714417 
637.8379017799089 
638.8054229655567 
640.0493787756752 
638.5289883410859 
639.4965095267337 
641.5697692102647 
641.2933345857939 
633.5531651006115 
638.6672056533213 
638.3907710288505 
637.8379017799089 
635.7646420963779 
637.9761190921442 
644.3341154549728 
643.6430288937956 
638.8054229655567 
641.9844211469708 
635.4882074719071 
636.0410767208487 
643.2283769570895 
640.1875960879106 
641.0168999613231 
641.8462038347354 
643.5048115815603 
640.1875960879106 
639.6347268389691 
638.1143364043796 
636.8703805942611 
630.3741669191973 
629.2542987721006 
629.044814549342 
624.9215606113985 
623.1924541212932 
621.995380397374 
620.9313148650015 
622.2613967804672 
620.798306673455 
625.7196097606779 
622.7934295466534 
623.5914786959329 
631.3059538056336 
626.916683484597 
625.3205851860382 
616.9410691186046 
617.2070855016977 
620.6652984819084 
618.0051346509771 
620.5322902903619 
626.916683484597 
623.1924541212932 
622.1283885889206 
622.1283885889206 
620.5322902903619 
622.2613967804672 
620.3992820988153 
620.2662739072687 
619.0692001833496 
620.798306673455 
616.808060927058 
616.2760281608718 
614.945946245406 
608.7809728638709 
605.3159543942456 
605.6163428828465 
621.3867385343957 
622.7384867331 
622.2879040001985 
612.9758608535694 
612.5252781206681 
605.6163428828465 
605.766537127147 
605.6163428828465 
607.2684795701516 
608.4700335245554 
605.766537127147 
605.6163428828465 
605.6163428828465 
607.2684795701516 
603.6638177069403 
604.1144004398418 
605.6163428828465 
605.6163428828465 
605.6163428828465 
599.1579903779264 
605.6163428828465 
601.8614867753348 
605.6163428828465 
606.8178968372503 
604.2645946841424 
602.1618752639357 
604.5649831727433 
605.6163428828465 
605.6163428828465 
605.0155659056446 
605.6163428828465 
606.6677025929498 
616.2801342281798 
619.1338248698887 
620.3353788242924 
621.0863500457948 
618.9836306255881 
618.7691273265282 
619.1352378257707 
618.9951698892962 
617.8746263974998 
617.8746263974998 
616.0537432233307 
617.174286715127 
616.3338790962798 
618.7150340163471 
616.7540829057034 
617.8746263974998 
613.5325203667887 
615.7736073503816 
616.3338790962798 
618.7150340163471 
618.434898143398 
619.6955095716689 
619.9756454446181 
618.7150340163471 
618.7150340163471 
619.6955095716689 
619.6955095716689 
619.6955095716689 
621.0961889364144 
620.9561209999399 
620.1157133810925 
621.7965286187872 
619.6955095716689 
623.7574797294308 
622.777004174109 
619.6955095716689 
611.571569256145 
604.2880365594685 
605.1284441783159 
605.1284441783159 
604.8483083053668 
604.7082403688922 
600.0859984652321 
594.7634168791992 
600.2260664017067 
597.6606467918197 
595.4915202104206 
598.0457787493397 
597.1943592363666 
598.0457787493397 
600.7419405404208 
606.1342641225832 
610.5332649396104 
610.2494584352861 
610.1075551831238 
610.9589746960969 
610.2494584352861 
604.0057153401507 
598.4714885058262 
600.6000372882587 
599.8905210274479 
602.7285860706912 
599.7486177752857 
588.8220673587987 
591.6601324020421 
597.3362624885287 
596.3429397233937 
595.9172299669071 
598.0457787493397 
598.1876820015018 
598.0457787493397 
593.6467779323125 
594.3562941931233 
594.0724876887989 
590.808712889069 
590.9506161412312 
589.1058738631231 
589.8153901239339 
586.551615324204 
584.4230665417715 
580.4497754812309 
579.1726462117713 
581.7269047506904 
580.5916787333931 
582.4364210115011 
578.7332398111187 
576.6373123138372 
584.9538581582044 
582.27564847951 
587.7730262410408 
587.0682342203318 
588.0549430493245 
588.336859857608 
587.9139846451826 
586.2224837954808 
585.5176917747717 
584.9538581582044 
580.3022308215245 
577.0601875262627 
581.429898054659 
581.429898054659 
580.7251060339499 
578.6107299718226 
582.4166068836518 
579.4564803966736 
575.6506034848445 
571.7037681688736 
573.8181442310008 
571.2808929564482 
571.4218513605899 
572.2676017854409 
570.0122673191718 
567.6159744487609 
568.6026832777536 
567.475016044619 
569.5893921067463 
567.475016044619 
564.8959154471473 
561.8584007668649 
561.5701528991767 
559.5524178253595 
558.2553024207627 
555.516947677725 
546.1488919778594 
546.7253877132357 
549.8961142578057 
547.013635580924 
544.4194047717303 
554.7963280085046 
563.8761358406821 
562.7231443699294 
560.4171614284239 
559.1200460238272 
553.9315844054402 
549.8961142578057 
548.3107509855207 
538.5103234841229 
531.3041267919185 
532.4571182626712 
532.1688703949831 
530.439383188854 
533.8983576011121 
533.3218618657357 
527.9892763135044 
520.9272035551443 
515.3063701352248 
534.3307294026444 
530.583507122698 
559.2641699576714 
555.6610716115691 
556.6699391484777 
557.6788066853863 
565.8938709144993 
573.1000676067036 
572.5235718713272 
573.1000676067036 
570.0734649959778 
570.3413657700462 
573.2659319472034 
566.6582900382214 
556.8202454181816 
560.931667050437 
561.8126859716347 
560.1974846161056 
560.7848305635707 
566.6582900382214 
564.6025792220937 
559.0227927211756 
565.6304346301575 
566.2177805776225 
563.4278873271635 
565.6304346301575 
565.4835981432913 
566.6582900382214 
565.4835981432913 
562.8405413796984 
562.5468684059659 
560.3443211029719 
562.5468684059659 
561.5190129979021 
564.8962521958263 
565.7772711170237 
563.8683967877623 
557.113918391914 
556.3797359575827 
553.149333246525 
558.141773799978 
552.2683143253273 
550.3594399960659 
549.1847481011357 
548.7442386405369 
547.2758737718743 
537.8783386124333 
530.53651426912 
535.3821183357068 
529.949168321655 
534.0605899539103 
530.6581439037417 
530.7842082130676 
532.6470784408873 
527.3245920756883 
527.5907163939482 
525.3286596887386 
525.9939704843885 
530.1188974174178 
530.5180838948077 
531.4495190087175 
539.1671242382561 
537.9695648060863 
538.7679377608662 
534.110762191317 
535.0421973052269 
533.4454513956671 
522.0021057104893 
523.332727301789 
526.6592812800384 
528.1229650304681 
538.5018134426062 
549.9451591277841 
551.4088428782138 
551.9410915147338 
550.4774077643041 
548.4814753773544 
546.2194186721448 
555.5337698112431 
556.465204925153 
564.4489344729515 
561.3885048129621 
567.110177655551 
558.717546593617 
555.1034179885222 
558.1755797052601 
553.908688432013 
546.740311092958 
549.8124728096959 
546.9109867438879 
544.8628789327292 
545.7162571873787 
534.9636911787961 
522.3336930099848 
514.4826130672102 
511.0691000486126 
511.7518026523321 
510.89842439768273 
520.4562608497561 
510.0450461430333 
510.55707309582294 
505.4368035679265 
497.07369667236225 
500.31653404003004 
493.8308593046945 
503.90072270955756 
509.5330191902437 
517.0427478311585 
519.7735582460366 
524.2111251702136 
510.0450461430333 
506.9728844262954 
505.9488305207161 
503.55937140769777 
494.6842375593439 
505.4368035679265 
503.21802010583804 
492.1241027953957 
470.1069438254409 
478.81140202286485 
494.8549132102738 
485.80910371099003 
477.7873481172856 
481.84995266739287 
481.5781473582741 
479.7298712562667 
483.10025708933904 
483.26334027481033 
485.87267124235024 
484.7854500058753 
482.71972965657284 
482.1217579765116 
477.2292624123743 
475.43534737219056 
463.53027483278964 
464.8893013783834 
466.84629960403834 
463.20410846184717 
466.84629960403834 
463.8020801419084 
466.9550217276858 
465.16110668750207 
461.2471102361922 
465.16110668750207 
464.9436624402071 
463.0410252763759 
462.55177571996217 
461.2471102361922 
460.214250061541 
462.06252616354845 
459.779361566951 
456.9525863521161 
459.0183067014185 
456.1915314865836 
454.8868660028137 
458.5834182068286 
457.0069474139399 
460.92094386524974 
455.8110040538174 
453.6909226426912 
455.0499491882849 
459.8880836905985 
456.78950316664486 
451.1261807925016 
448.18601058337526 
444.9785521734193 
444.62216790564645 
446.4931853114541 
450.59160439084224 
452.28442966276344 
452.908102131366 
454.6900234702304 
454.6900234702304 
451.48256506027445 
453.97725493468465 
452.28442966276344 
450.2352201230693 
443.73120723621423 
440.25646062542864 
440.8801330940312 
436.95990614852946 
431.9705263997091 
436.3362336799269 
433.5742556046871 
433.4851595377438 
430.1886050608447 
429.56493259224214 
432.5051028013684 
431.07956573027684 
426.26837811534295 
426.6247623831158 
425.1101292450811 
423.6845921739896 
427.24843485171834 
429.7431247261286 
430.83455867386834 
433.6833472550121 
431.46129216171994 
432.1450014211945 
432.5438318225546 
429.5810916981651 
433.8542745698807 
433.51241994014345 
440.9762460227401 
438.07048166997345 
440.8622944794944 
446.502895870159 
443.1413253444094 
444.05293769037536 
443.4831799741466 
443.3692284309009 
438.6972151578251 
439.32394864567675 
435.3356446320755 
435.16471731720685 
440.3495125348885 
440.2925367632656 
440.8053187078715 
439.26697287405386 
438.9820940159395 
437.50072395374474 
438.4123362997107 
440.9762460227401 
439.8367305902826 
437.8995543551049 
436.5891116077787 
437.55769972536757 
440.9762460227401 
440.6343913930029 
440.7483429362486 
434.1391534279951 
433.6263714833892 
430.4927040441311 
431.5752437049657 
432.42988027930886 
429.33246880256524 
427.8856509337858 
424.8955606716417 
429.33246880256524 
430.10410499924757 
432.6119226384652 
433.2871043105623 
433.865831458074 
435.31264932685343 
436.3736490972917 
435.4091038514388 
432.6119226384652 
432.6119226384652 
431.4544683434417 
433.76937693348873 
433.3835588351476 
435.0232857530975 
435.60201290060934 
436.66301267104757 
435.60201290060934 
436.1807400481211 
435.4091038514388 
434.83037670392696 
432.6119226384652 
434.34810408100054 
434.1551950318299 
433.57646788431816 
427.9821054583711 
421.13383421281526 
421.5196523111564 
422.2912885078388 
421.23028873740054 
422.0019249340829 
421.90547040949764 
421.5196523111564 
421.03737968823 
420.07283444237703 
418.81892562276823 
415.9252898852094 
420.07283444237703 
411.7855783999833 
418.169491803821 
424.17469848031243 
428.8814820916165 
438.1868473921257 
442.94773196447926 
441.6493088992919 
437.86224162582886 
442.1903185097866 
441.00009736669824 
439.9180781457088 
448.14142422522855 
446.7347992379423 
453.22691456387895 
450.4136645893064 
432.7767512871785 
438.1868473921257 
444.67896271806234 
442.5149242760835 
443.5969434970729 
458.96161643512295 
485.2546835051664 
475.5165105162614 
472.3786547753921 
473.56887591848044 
464.80452022846595 
451.7120876544937 
466.8603567483459 
470.2146163334132 
461.7748664096955 
467.8341740472364 
470.9720297881058 
470.5561026815767 
469.7462614914341 
479.22140341610265 
487.37380473020494 
502.00493556544814 
507.45786624574174 
506.80999329362766 
508.26770743588435 
501.5190308513626 
502.3828614541814 
506.91797211898 
507.7818027217988 
511.3451039584263 
510.4812733556075 
508.26770743588435 
508.5916439119414 
509.8873898161696 
508.26770743588435 
508.3756862612367 
510.04935805419814 
509.077548626027 
508.26770743588435 
507.1339297696847 
505.13632150066627 
508.26770743588435 
507.3498874203894 
501.4650414386864 
497.68578255135424 
493.9605130766982 
490.2892330147184 
486.72593177809085 
486.9958788414717 
480.40917049497847 
484.6203446837201 
479.00544576539795 
480.24720225694995 
476.5219327822939 
479.38337165413117 
479.9232657808929 
490.34322242739455 
488.7089318617745 
484.6725101965159 
489.0844129469148 
493.68405623988394 
493.12083461217344 
496.9695157348619 
491.90052108546735 
491.24342918647176 
493.68405623988394 
497.5327373625724 
492.8392237983182 
496.12468329329613 
493.68405623988394 
494.81049949530495 
497.06338600614697 
485.7050831806518 
486.54991562221755 
489.3660237607701 
487.86409942020873 
485.6112129093667 
489.45989403205516 
491.0556886439016 
490.398596744906 
491.4311697290419 
494.15340759630936 
492.2760021706077 
487.11313724992806 
486.2683048083623 
484.76638046780096 
482.1380128718186 
482.51349395695894 
482.607364228244 
483.4521966698098 
480.8238290738274 
475.5670938818627 
479.50964527583625 
487.77022914892365 
497.4388670912873 
493.12083461217344 
494.5288886814497 
491.90122511250206 
495.2269819560262 
492.94052412610336 
488.7833280716981 
494.60340254786547 
502.8658297059958 
520.8457026412984 
530.4072535664304 
531.8103072347922 
530.9788680239112 
530.7190432705108 
531.7583422841121 
532.2779917909128 
533.3692557551942 
534.2526599167552 
534.4085547687955 
528.6924101939883 
527.1854266242664 
525.5745131531844 
528.6924101939883 
531.0308329745912 
526.4838997900855 
525.1847760230839 
529.0821473240887 
527.5231988036868 
527.0035492968861 
527.0035492968861 
527.0035492968861 
525.314688399784 
525.7044255298845 
529.4718844541892 
532.7196938716934 
530.6560685057302 
532.8523473853049 
536.4447167331118 
543.4181395847371 
534.9655058251914 
537.9239276410324 
537.5012959530551 
540.6710336128847 
541.7276128328278 
538.769191016987 
534.5428741372141 
538.5578751729984 
543.4181395847371 
543.4181395847371 
552.0820891882714 
552.9273525642259 
547.010508932544 
560.1120912598398 
554.8291951601237 
549.968930748385 
552.0820891882714 
553.3499842522032 
555.251826848101 
556.7310377560215 
556.9423536000102 
553.5613000961919 
552.29340503226 
555.6744585360783 
553.5613000961919 
555.0405110041123 
546.7991930885553 
572.1570943671924 
563.9157764516353 
563.9157764516353 
568.1420933314082 
572.1570943671924 
572.7910418991582 
571.3118309912378 
570.4665676152832 
572.1570943671924 
566.8010802355232 
561.7764592459827 
562.0722292028444 
573.3114875635897 
572.1284077361429 
577.3536769740332 
585.3394658092996 
587.7056254641933 
590.6633250328106 
590.7619150184311 
590.6633250328106 
585.7338257517819 
585.1422858380585 
587.9028054354345 
590.6633250328106 
590.56473504719 
590.6633250328106 
592.3393547883603 
586.7197256079876 
590.6633250328106 
598.846293839318 
599.6350137242827 
600.1279636523856 
605.8461828183788 
617.3812111359858 
624.6768700719082 
611.4658119987514 
624.1839201438054 
630.0993192810397 
631.2823991084866 
635.6203584757918 
643.4089673398171 
641.7329375842673 
649.0285965201897 
645.4793570378491 
650.5074463044983 
656.0284854992503 
659.7749049528321 
654.5496357149418 
651.2961661894628 
635.7906033621023 
635.7382743453547 
638.4354588022052 
647.5384563440751 
640.7954952019492 
623.4885616038259 
634.95159554544 
631.9172630314833 
633.4906206313127 
638.9973722307157 
642.1440874303744 
640.2335817734387 
624.724771146549 
621.0161425183796 
646.7517775441604 
652.4832945149675 
658.8891075999871 
659.6757863999019 
663.272032342369 
651.921381086457 
651.3594676579465 
656.7538365716473 
662.5977362281565 
660.0129344570082 
659.788169085604 
657.6528980572641 
654.0566521147969 
632.2544110885897 
628.2086344033141 
632.0296457171854 
633.9401513741211 
632.9287072028022 
629.7435057814598 
628.7532052288357 
629.3980705243742 
620.7998665838592 
623.3793277660137 
627.2485195392455 
628.9681603273484 
634.7719479871962 
631.3326664109902 
631.7625766080159 
629.1831154258614 
627.8933848347841 
631.9775317065287 
631.3326664109902 
628.3232950318098 
627.4634746377583 
625.7438338496554 
627.0335644407326 
629.8279807214 
630.9027562139644 
627.6784297362713 
632.1924868050417 
627.2485195392455 
627.0335644407326 
625.7438338496554 
626.1737440466811 
623.5942828645266 
619.9400461898076 
618.96114067118 
617.2173595766527 
611.9498073422515 
614.6116232380992 
618.6043470818709 
618.1607110992295 
619.9352550297947 
611.7279893509308 
607.5134475158386 
608.1789014898006 
611.7279893509308 
607.95708349848 
600.8058234115381 
597.4502309634115 
599.8219296116858 
600.5765609997732 
608.2306793646583 
608.7697017847206 
608.3384838486706 
607.476047976571 
606.1823941684213 
605.9667852003964 
607.6916569445959 
601.4389968718729 
603.0560641320599 
602.3014327439726 
611.6804228530572 
613.2974901132442 
614.2677304693564 
617.0706470536805 
622.029653318254 
620.9516084781293 
616.1004066975684 
626.3418326787527 
625.4793968066529 
629.6837716831391 
629.1447492630767 
622.6764802223288 
621.5984353822041 
635.8286272718497 
640.7876335364232 
636.9066721119743 
639.0627617922237 
639.7095886962985 
634.750582431725 
627.6354864869022 
635.8286272718497 
636.2598452078995 
637.984716952099 
641.8656783765479 
643.3749411527224 
641.003242504448 
642.4841091357017 
647.4675094418633 
652.4833511777309 
658.777740807055 
649.5328560389853 
651.4015029601908 
649.7295557149016 
645.6972123586158 
649.2378065251107 
639.9929217570409 
623.7651984939398 
625.1420962253544 
616.3889606470757 
615.7005117813683 
612.4549671287481 
612.0615677769154 
606.9473762030896 
586.5889597457444 
583.8351642829151 
585.8021610420789 
592.1949005093611 
588.9493558567409 
598.7843396525598 
599.3744386803089 
596.5222933795214 
599.2760888423508 
606.160577499424 
587.1790587734936 
590.7196529399884 
587.965857477159 
585.0153623384134 
586.884009259619 
589.4550322559933 
585.7044169788769 
579.2930690576227 
570.5003633370457 
577.6444367350146 
576.178985781585 
581.6744268569457 
588.2689561473785 
587.353049301485 
594.3139413302753 
600.9084706207082 
597.7943873446704 
595.7793922837047 
591.566220792595 
594.8634854378114 
600.7252892515294 
591.566220792595 
587.1698679323064 
592.8484903768458 
584.2389660254473 
593.5812158535605 
597.6112059754917 
596.878480498777 
608.7852694953918 
611.7161714022509 
614.4638919399312 
610.6170831871787 
606.2207303268901 
608.4189067570344 
616.8452497392542 
625.6379554598312 
622.5238721837935 
608.6020881262131 
615.7461615241821 
616.2957056317181 
612.0825341406082 
609.1516322337492 
599.8093824056359 
593.2148531152031 
579.4762504268015 
575.6570244194795 
574.180263740265 
570.9777366661094 
574.3937655452087 
565.5334406400448 
562.8646680782485 
558.4878810769023 
560.4093973213958 
558.5946319793743 
556.7798666373528 
562.437664468361 
555.3921049052186 
544.8237655605051 
543.2225020234272 
545.4642709753361 
549.6275561717384 
549.0938016593792 
545.9980254876955 
536.3904442652286 
553.0435850508379 
549.5208052692667 
548.7735489519637 
553.8975922706127 
555.0718521978031 
546.7452818049984 
549.8410579766821 
553.2570868557816 
544.6102637555614 
548.1330435371325 
550.5883142939851 
555.6056067101624 
553.7908413681408 
552.5098305384786 
550.0545597816259 
547.3857872198296 
557.3136211497119 
556.7798666373528 
562.3309135658892 
562.7579171757766 
549.7343070742104 
547.6830833805641 
548.3431741222744 
550.8241483636996 
553.3051226051248 
557.7354337505269 
565.1783564748026 
565.7099938122509 
563.4062320166418 
566.9504809329635 
568.7226053911244 
574.5706161030553 
566.9504809329635 
570.6719422951013 
572.6212791990783 
572.0896418616301 
574.038978765607 
574.038978765607 
565.5327813664348 
559.3303457628717 
566.9504809329635 
573.3301289823427 
568.7226053911244 
567.3049058245957 
569.2542427285726 
572.9757040907105 
575.8111032237679 
569.2542427285726 
570.8491547409175 
566.9504809329635 
562.5201697875614 
566.2416311496992 
562.5201697875614 
561.5167822916535 
558.6630039779614 
569.0852302607329 
568.9681265946343 
566.157638608269 
565.103705613382 
562.6445286253122 
558.7801076440599 
564.7523946150864 
563.4642542880022 
561.941906628721 
556.6722416542859 
560.4195589694398 
557.6090709830744 
562.1761139609181 
565.103705613382 
561.0050772999325 
564.2839799506921 
564.5181872828891 
568.3826082641415 
584.3087068535452 
584.894225184038 
583.1376701925597 
591.6862378177543 
589.5783718279803 
584.7771215179395 
571.4273035827041 
569.9049559234228 
571.1930962505069 
574.1206879029708 
575.5259318961535 
574.7062062334636 
575.2917245639563 
570.7246815861126 
571.1930962505069 
567.9141935997473 
567.9141935997473 
550.3486436849639 
551.0512656815552 
543.7908383834447 
529.6307897798197 
526.9942457463168 
528.2951486274483 
542.1172417394711 
541.6294031590467 
556.7523991522011 
553.9879805297965 
554.4758191102209 
554.3132062500794 
555.4514962710695 
560.6551077955957 
565.6961064599805 
564.069977858566 
572.2006208656383 
566.5091707606877 
567.3222350613948 
569.7614279635166 
561.9560106767273 
563.4195264180003 
552.1992390682406 
565.8587193201218 
560.6551077955957 
577.4042323901645 
585.5348753972366 
590.2506483413384 
596.4299370267133 
594.8038084252989 
601.9587742715224 
604.723192893927 
617.569608845101 
622.1227689290615 
641.9615378663176 
621.96015606892 
635.4570234606599 
650.5800194538142 
654.1575023769259 
647.9782136915511 
641.7989250061762 
640.3354092649032 
644.4007307684393 
636.5602683214889 
638.3622679842458 
626.313085339101 
616.4546631748915 
609.4129330575992 
610.0388646235807 
619.1148723303131 
618.4889407643316 
625.8436366646148 
621.462115702744 
610.5083132980669 
620.2102525707809 
601.275822699839 
573.4218680136601 
579.9941494564664 
585.7840164417958 
583.9062217438511 
579.9941494564664 
584.5321533098327 
594.390575474042 
589.6960887291804 
587.974776922731 
588.1312598142265 
594.5470583655374 
592.1998149931065 
582.1849099374018 
573.2653851221647 
589.6960887291804 
591.4174005356297 
612.8555566704977 
598.1461648699312 
597.0507846294636 
582.3624257846548 
580.6798543896612 
578.4765762457034 
595.8579927147041 
586.5552627735487 
585.9432410668938 
588.1465192108517 
592.4306711574363 
577.0077241497315 
579.3334066350203 
577.6197458563864 
579.3334066350203 
573.4579982511327 
576.6405111257385 
579.3334066350203 
578.5989805870344 
579.3334066350203 
581.1694717549851 
579.3334066350203 
592.6754798400984 
592.7978841814294 
596.1028013973661 
622.9093521488531 
630.3760169700437 
632.0896777486776 
636.1290210126002 
643.3508771511287 
622.9093521488531 
620.2164566395713 
624.867821610149 
621.1956913702193 
619.1148175675925 
617.4011567889586 
613.8514308903598 
626.5814823887829 
648.7366681696923 
647.2678160737204 
636.7410427192552 
643.3508771511287 
641.5148120311638 
641.8303615751892 
636.2075350838952 
628.1874962144527 
614.9544320798728 
619.1649524863301 
625.1799816384118 
629.7915039883412 
628.588498157925 
648.8390963032668 
486.9345616263988 
450.2428837986999 
464.6789537636962 
467.28546639626495 
452.84939643126864 
437.71157306519615 
437.3105711217241 
421.87199629804746 
441.32059055644527 
427.9872759359973 
417.5612254057222 
407.5361768189192 
407.43592633305116 
412.44845062645265 
401.4208971809694 
416.75922151877796 
420.86949143936715 
415.15521374488947 
401.0198952374973 
399.1151360060047 
396.60887385930397 
397.41087774624816 
409.9421884797519 
429.0900312805456 
429.0900312805456 
425.28051281756046 
411.34569528190434 
418.56373026440247 
423.17525261433184 
406.0324195308988 
413.45095548513297 
407.56362130870826 
399.261077567597 
401.5324090039143 
397.35315916109045 
392.9013495459085 
399.0793710526916 
393.9915886353408 
394.80926795241504 
395.0250099146274 
403.2134509388893 
405.88546853628003 
396.6626981194797 
405.1959156079211 
404.93733325978656 
401.23098626985745 
406.91979792881835 
410.36756257061285 
405.0235273758314 
402.61009212657524 
400.282850993364 
397.86941574410787 
400.97240392172284 
404.7649450276968 
399.9380745291845 
400.36904510940883 
401.7481509661267 
392.7839628974609 
393.90448640604416 
406.31643911650434 
428.12355047585453 
435.5362444557127 
437.69109735683423 
430.89134180334736 
430.7844877574257 
430.99819584926894 
412.9398620885194 
412.83300804259784 
422.23616408369816 
429.5022392063666 
427.1514501960915 
425.2280773695028 
430.25021752781777 
439.8670816607613 
453.8649616764902 
462.092723212453 
461.13103679915866 
465.7257607737872 
456.6431668704517 
446.70574059974336 
452.47585907950946 
442.64528685472277 
450.55248625292074 
451.7278807580583 
451.6210267121367 
447.5605729671161 
451.6210267121367 
458.4596856511188 
449.5907998396264 
445.42349204868424 
424.58695309397325 
431.1050498951905 
419.3511048438151 
427.3651582879347 
435.4860657779759 
432.60100653809286 
433.24213081362245 
438.37112501785896 
430.67763371150414 
430.25021752781777 
433.02842272177924 
431.21190394111215 
428.21999065530747 
425.0242767847975 
428.2944511594138 
431.63894767890775 
434.2402227496253 
438.6995514422839 
442.1926922515331 
440.2603164847144 
438.9225178769168 
438.62522929740624 
442.04404796177784 
445.6858330607824 
444.3480344529848 
438.62522929740624 
433.4226791559712 
436.8414978203428 
434.2402227496253 
429.55792762233375 
433.05106843158296 
429.11199475306785 
435.87530993693343 
438.99684002179447 
455.1247454602431 
467.7595100894425 
467.0906107855437 
476.15791246061616 
484.85360341130047 
451.3343160714833 
413.5043443287627 
422.72029029359055 
434.6861556188911 
431.9362362584183 
438.3279407178957 
443.23320227982015 
442.1183701066555 
436.0982763715663 
436.46988709595456 
479.948341849376 
490.1304756976132 
480.0969861391313 
484.110381962524 
473.5918311551626 
476.1896240141811 
477.94488945946387 
473.5918311551626 
472.53867188799296 
481.80647343908595 
494.4443846451218 
513.7523045432322 
498.6570217138004 
509.11840376768566 
518.1755734653448 
534.1835943263235 
524.2838972149286 
515.086306281647 
520.2116813818727 
523.230737947759 
525.3370564820984 
510.2417736526666 
513.4714620719869 
525.1966352464758 
530.7432740535692 
541.6259198143223 
546.1896099720575 
546.4002418254915 
536.4303340962854 
534.4644367975686 
536.9920190387759 
534.0431730907009 
538.9579163374926 
549.2086665379438 
563.8124750426964 
563.6720538070738 
572.9398553581668 
550.7533001297927 
553.7021460778677 
534.7452792688139 
541.4854985786997 
540.9238136362093 
534.8857005044365 
539.2387588087379 
541.7710851813906 
540.3491103208937 
572.3481460330869 
565.7553798813285 
591.3224486161964 
579.744908057011 
584.2472849411387 
604.3471817452801 
591.1616494417633 
574.5993344751507 
581.6744981502085 
568.9713633699911 
554.4994376710092 
559.4842120784364 
564.6297856602965 
539.384315274295 
538.9019177509955 
551.4442533567798 
571.2225518120549 
592.7696411860946 
592.4480428372284 
595.3424279770247 
603.8647842219807 
605.1511776174458 
589.3928585229988 
604.9903784430127 
604.8295792685796 
605.3119767918789 
598.8800098145537 
613.1911363391024 
619.9447016652939 
635.3814224108745 
660.8564391709922 
669.8592573977759 
675.3911449800489 
660.4145712816999 
671.478346446246 
662.9781289417776 
664.1924457281302 
669.7243333104034 
667.1607756503256 
666.486155213463 
663.7876734660128 
638.1520968652353 
656.2319245731521 
648.0015552434288 
658.5256340584847 
666.216307038718 
718.5668529392531 
713.7095857938425 
741.5039477925802 
721.2653346867032 
729.360779929054 
753.9169638308514 
742.5833404915603 
730.9798689775242 
733.6783507249745 
726.6622981816038 
735.5672879481897 
758.5043828015168 
759.3139273257519 
757.6948382772817 
775.7746659851985 
796.8228236153105 
759.0440791510069 
763.0918017721823 
781.171629480099 
766.0601316943776 
777.9334513831587 
788.4575301982147 
763.9013462964174 
768.2189170923377 
763.6460477337837 
764.0096832868752 
760.0059093127293 
772.3564189215268 
808.6814471826962 
808.9236140377706 
817.8837876755257 
803.353776371058 
793.424935313005 
786.4020965158456 
775.7467548925692 
753.2252373706443 
773.5672531968991 
794.6357695883773 
793.424935313005 
792.6984347477817 
790.0345993419626 
760.2480761678037 
779.8635914288351 
781.8009262694309 
767.9974155301865 
768.7239160954099 
765.8179138345163 
770.419084080931 
768.7239160954099 
761.458910443176 
768.239582385261 
768.7239160954099 
766.3022475446652 
758.310741327208 
753.9517379358676 
746.9288991387083 
736.0313906603575 
725.6182158921556 
710.3617040224644 
721.0170456457408 
734.8205563849851 
727.3133838776769 
725.86038274723 
710.8460377326134 
710.3668519552849 
711.8618120560828 
746.1171787791486 
753.7986852564421 
759.6117171852048 
772.6910390249209 
785.977969147807 
775.8051632724723 
769.5769147773694 
779.7497206527041 
774.3519052902816 
751.7226024247412 
761.4801917337358 
744.0410959474476 
700.0281399153873 
711.8618120560828 
704.3879138619594 
687.1564263588415 
694.4227162697948 
708.9552960917015 
722.6574427809278 
677.8140536161872 
662.24343237843 
654.9771424674766 
658.5064832813682 
653.523884485286 
667.0184228913422 
656.4304004496673 
658.9216998477084 
656.2227921664972 
660.3749578298991 
657.8836584318581 
655.8679104863779 
657.1078400367072 
663.2093846843228 
663.8873340896134 
667.7855431700345 
634.057560256826 
643.2098772282495 
635.0744843647619 
623.2103697721761 
618.4647239351417 
611.5157425309128 
618.6342112864644 
605.9226599372653 
618.6342112864644 
628.6339650145011 
622.8713950695308 
624.3967812314347 
625.2442179880479 
608.1259955044598 
600.3295773436175 
586.4316145351598 
588.6349501023544 
580.1605825362216 
580.6690445901895 
575.4149366991871 
586.6011018864824 
597.2788050198099 
585.9231524811919 
570.1608288081849 
577.6182722663817 
567.9574932409903 
569.6523667542169 
566.2626197277639 
551.856194865338 
551.856194865338 
553.7205557298873 
556.4323533510498 
551.856194865338 
560.3305624314709 
554.7374798378232 
545.2623637253616 
555.3686311686331 
559.4450133802272 
587.6091086603324 
584.0885967503192 
579.2710541366171 
589.0914294645485 
584.0885967503192 
580.1975046392521 
575.7505422266039 
589.4620096656024 
598.5412245914258 
640.6020774110566 
621.7024871573018 
626.7053198715311 
629.4846713794361 
615.2173336388565 
616.6996544430726 
629.4846713794361 
631.8934426862872 
641.7138180142186 
635.4139545963004 
640.6020774110566 
598.3559344908988 
641.7138180142186 
641.7138180142186 
658.2046369611223 
689.1480837491326 
683.0335104317413 
658.2046369611223 
656.3517359558522 
677.289517315404 
685.0717015375384 
674.1395856064449 
615.5879138399106 
670.4337835959049 
630.9669921836522 
629.8552515804902 
624.6671287657339 
632.8198931889223 
603.8288322316973 
601.2923289609257 
600.3395417825983 
594.6228187126337 
591.4468614515423 
594.6228187126337 
589.3295566108147 
591.3409962095059 
600.3395417825983 
608.0677044512541 
602.5627118653624 
621.8301859159837 
612.1964488906731 
614.4196189734371 
611.0319312282728 
612.5140446167823 
590.9175352413604 
599.9160808144528 
600.7630027507439 
598.7515631520525 
615.0548104256553 
621.1949944637654 
622.1477816420929 
614.9489451836189 
604.1506904959081 
586.6829255599051 
577.0491885345945 
577.8961104708856 
562.0163241654284 
581.389663458086 
575.8846708721942 
580.2251457956859 
622.7497625806077 
618.8496342348194 
577.4400135129711 
603.775839244021 
609.840009642618 
618.3298482006539 
614.1715599273302 
607.4143414831792 
599.6175509706973 
590.607926378496 
601.3501710845821 
588.8753062646111 
591.1277124126615 
591.1277124126615 
579.5191576496329 
582.2913498318486 
548.3319955997051 
565.3116727157769 
557.3416201919065 
555.0892140438561 
564.4453626588345 
554.9159520324677 
485.43788546568436 
512.2934972308999 
520.2635497547703 
534.8175587114032 
529.2731743469716 
549.0250436452591 
541.5747771555541 
542.7876112352735 
541.5747771555541 
542.0945631897196 
545.9063274402663 
543.307397269439 
555.4357380666331 
548.5052576110936 
539.3223710075039 
536.5501788252881 
542.7876112352735 
547.1191615199857 
540.5510729803574 
535.7585320535795 
528.4870073774223 
523.7150693086941 
521.442717847395 
526.441891062253 
529.168712815812 
505.081787326041 
513.262252586718 
500.76431954957263 
505.9907279105607 
466.4518124839555 
468.2696936529948 
457.3624066387589 
465.088401607176 
458.4985823694085 
458.04411207714867 
465.3156367533059 
472.1326911372034 
471.2237505526837 
474.04146636469466 
483.5853425021511 
478.13169899503316 
484.0398127944109 
486.2212701972581 
479.9495801640725 
475.95024159218593 
492.85653646425163 
493.03832458115556 
502.8548828939679 
501.3096839002845 
498.31017997136956 
494.492629516387 
499.0373324389853 
501.5823660756404 
510.9444540961928 
506.5815392904985 
512.0351827976165 
510.7626659792889 
514.9437926680794 
519.6004075935057 
518.6705527776056 
513.1855092266808 
525.7807944176933 
540.2044274590139 
532.2815867743449 
528.8280408348737 
538.7823791309964 
532.6878862966356 
545.6894710099388 
548.7367174271192 
545.8926207710841 
542.6422245927583 
543.4548236373397 
537.1571810418335 
550.361915516282 
549.5493164717006 
557.2690073952243 
555.4406595449161 
574.7398868537255 
573.317838525708 
576.161935181743 
575.7556356594523 
579.6154811212142 
578.396582554342 
571.692640436545 
564.5823987964574 
566.4107466467657 
561.3320026181316 
556.2532585894976 
561.7383021404223 
557.8784566786604 
552.2211985854289 
547.7117523023292 
545.5485871503263 
547.4027287091859 
538.6470602367933 
536.5869029491714 
534.0117063396442 
533.805690610882 
536.9989344066959 
538.4410445080312 
535.9688557628849 
531.7455333232604 
537.101942271077 
536.2778793560283 
536.4838950847904 
536.7929186779337 
537.8229973217447 
540.9132332531773 
539.1620995586987 
542.3553433545126 
547.0937051160427 
566.1501600265442 
559.6606645705356 
573.0516869400772 
589.7389609698137 
578.4080958878939 
573.1546948044582 
580.88028463304 
595.0953699176304 
590.9750553423868 
590.4600160204814 
590.0479845629569 
588.1938430040974 
580.9832924974211 
589.0179059191461 
587.0607564959054 
587.5757958178108 
581.9103632768508 
585.3096228014268 
580.88028463304 
573.3517878905994 
574.5895036267409 
580.3195960486149 
591.9773702862207 
586.2472778643466 
578.5412915038954 
581.9003111994767 
581.9003111994767 
570.4401263557288 
566.0931596908588 
571.4280733250174 
570.0449475680133 
569.4521793864401 
562.1413718137044 
559.7702990874117 
564.9076233277125 
573.0087884758791 
574.1943248390255 
584.0737945319117 
580.5171854424727 
575.3798612021719 
576.3678081714604 
575.1822718083141 
573.7991460513101 
571.4280733250174 
572.6136096881637 
565.8955702970011 
562.1413718137044 
568.6618218110093 
566.0931596908588 
571.2304839311596 
575.1822718083141 
572.8111990820214 
575.7750399898873 
571.6256627188751 
574.1943248390255 
571.6256627188751 
574.3919142328832 
574.3919142328832 
580.1220066547572 
575.3942305341906 
575.7987758933557 
575.7987758933557 
565.053383113471 
551.7211365162068 
540.776754981139 
537.7919236533933 
537.7919236533933 
537.7919236533933 
537.7919236533933 
540.0802943379983 
518.987486288595 
516.500126848807 
516.4006324712154 
509.03804852944256 
507.0481609776121 
505.7547340689223 
508.3415878863019 
505.7547340689223 
502.17293647562735 
501.9739477204443 
505.7547340689223 
509.5355204174002 
494.90984691144604 
487.3482742144902 
474.811982637958 
456.7040059163005 
440.2874336136989 
457.5994553146242 
455.21159025242764 
454.2166464765124 
445.75962438123275 
448.0479950658378 
432.6263665391515 
406.757828365355 
415.8118167261838 
411.8320416225228 
398.00232313730083 
398.6987837804415 
381.8842339674738 
400.1824013062281 
405.79344383793045 
403.57673567725794 
391.17702440349586 
396.9266111952403 
398.8662308358288 
405.7241717079095 
400.0438570461861 
414.1060994404525 
429.3459680450763 
429.4152401750973 
422.90365995312175 
435.7882761370309 
434.74919418671567 
426.22872219413057 
425.1896402438153 
426.4365385841936 
422.62657143303767 
413.41337814024234 
416.73844038125117 
419.78641410217597 
420.34059114234407 
415.4915420408729 
407.80233560854 
408.84141755885526 
415.28372565080986 
419.02442067194477 
418.95514854192373 
421.37967309265935 
407.59451921847693 
409.3263224690024 
399.62822426606 
405.1310006930312 
405.44991892239716 
385.75671825904726 
397.1580449588814 
396.99858584419843 
398.19452920432093 
401.5431706126638 
400.10803858051685 
398.35398831900386 
404.0147868902502 
399.2310134497603 
404.0147868902502 
404.0147868902502 
401.1445228259563 
403.53640954620124 
402.2607366287373 
396.3607493854664 
392.45400107573306 
396.12156071344197 
394.76615823863654 
392.85264886244056 
391.0188690435861 
390.14184391282964 
389.74319612612214 
389.18508922473166 
384.1621271122173 
381.6107812772894 
384.6405044562663 
371.0864797082117 
378.8999763276785 
379.05943544236146 
383.44456109614384 
377.7837625248975 
391.25805771561056 
391.6567055023181 
391.7364350596596 
372.7608004123831 
365.1067629075994 
364.7081151208919 
349.55949922600735 
350.21430213454164 
364.82457315506906 
367.6594018605445 
371.5300333622514 
376.81807921669605 
443.70913347858846 
469.1680758912239 
453.6855498843963 
470.85806992718045 
456.1387670333655 
455.2119961104216 
454.0671614409027 
448.61556777652675 
456.24779890665303 
450.7962052422771 
467.36904998197986 
459.0826276121285 
466.49679499567975 
527.5546440366899 
560.7003335160954 
700.8062906905562 
586.3228237386622 
499.5334526017977 
571.1673933516972 
536.604289519554 
495.6083051634471 
453.6310339477526 
448.9426633963893 
388.32094184852923 
411.43569898548304 
415.7969739169838 
398.2428423176934 
389.37666313253214 
371.98524600322435 
366.8562517989878 
370.0692424211819 
370.629305006702 
359.1038065362625 
376.6426085564966 
383.186497713626 
394.1519335985455 
400.6368687993044 
400.75477671204544 
389.5535250016438 
396.8490771024975 
402.81816518501415 
418.44096362320596 
412.10341331337344 
406.28171012178314 
408.1977137038255 
410.4821795131837 
393.9750717294339 
379.31027508226333 
402.81816518501415 
404.07093675788803 
403.40770474871954 
387.4164440832119 
403.62878208510904 
395.52261308416047 
403.7859713137496 
401.54467778141134 
405.73955499735524 
399.303384249073 
397.76679912925454 
395.45896802892264 
389.3047517613709 
375.1780280563089 
384.05968107879835 
378.53487329315533 
384.5492210091718 
384.5492210091718 
384.5492210091718 
382.3343626330736 
375.1086785053004 
372.41108976426506 
370.09887084337765 
362.9695291706414 
331.2246902359577 
333.24788179173424 
337.6314634959167 
337.6314634959167 
337.6314634959167 
335.5119294851032 
333.97045020451156 
331.7545737386611 
332.04360110377206 
331.12834778092076 
339.6064838241747 
306.03113824378846 
325.25145802366524 
325.25145802366524 
336.1381554428435 
331.5137176010687 
330.1167520030325 
335.12655966495527 
338.16134699862005 
363.5475839008633 
374.86782236770796 
394.7143681053251 
385.031951374109 
390.23444394610567 
410.56270195890767 
402.42176450828316 
389.84907412595777 
386.3325745171081 
376.55381533085506 
359.79022815442124 
371.01412416622895 
364.2701523136406 
361.52439234508677 
373.90439781733824 
383.97218436870224 
376.3432280657862 
372.90110691319614 
388.0968124892645 
395.9045507134322 
410.0088520216061 
419.83149043265587 
420.25126130492293 
412.191660557395 
418.40426946694777 
420.1673071304695 
433.3481125196559 
427.38736613346333 
415.9695984077987 
422.26616149180495 
421.5105739217242 
415.5498275355316 
401.86529709962474 
420.0833529560161 
434.4395167875503 
426.2959618655689 
433.2641583452025 
431.4171665072273 
435.61487522989813 
437.0420961956062 
435.61487522989813 
433.9357917408298 
423.94524498087327 
428.8145870991714 
429.1504037969851 
433.2641583452025 
441.6595757905441 
445.1016969431342 
424.54126672836264 
424.3585816226793 
439.5823404296238 
435.9895333511849 
441.04382127509047 
442.07903687396265 
439.0342851125738 
443.1142524728349 
423.079785882896 
428.37765394771264 
422.22725538970707 
429.53465961704046 
426.5508028908793 
418.75623838172373 
419.5478738396848 
420.46129936810155 
417.9037078885349 
418.75623838172373 
411.7533093305293 
406.9426015475348 
404.14142992705706 
417.78191781807925 
412.7885249294015 
412.30136464757925 
403.6542696452348 
402.25368383499597 
399.0262469679237 
398.2346115099626 
384.6550186541681 
388.0042455916959 
384.1765054673482 
382.43272437282087 
383.36721491086735 
386.9220561913377 
380.72175163237773 
353.3577408455012 
344.5946437355045 
367.1637523301187 
357.90463085540523 
354.9284846671044 
349.36134776934006 
356.4631092007438 
344.837623021939 
349.1667789630002 
344.886265223524 
345.56725604571335 
344.98354962669384 
345.7618248520532 
349.5559165756799 
350.528760607379 
355.19841195953495 
381.6597696217518 
402.1867786906039 
412.6934942329547 
389.7343750848548 
387.3995494087768 
377.08740267276585 
386.13485216756794 
379.90865036469336 
365.8996963082256 
364.44043026067686 
348.48578814081077 
347.0265220932621 
327.08321944342947 
346.24824686790276 
347.31837530277187 
354.1282835246659 
342.84329275695575 
355.19841195953495 
354.61470554051544 
353.2527238961367 
344.886265223524 
335.1578249065325 
349.8477697851896 
340.8003202903875 
333.406705649474 
328.4452010878083 
332.7257148272846 
343.32971477280535 
347.2210908996019 
349.54730009609113 
348.0840282201766 
346.3071980851375 
352.26480500850386 
352.891921526753 
344.32132911068203 
344.73940678951476 
337.8411250887748 
347.24787286251114 
346.620756344262 
341.49930477856117 
340.55863000118745 
340.55863000118745 
340.55863000118745 
335.75073669461113 
336.79593089169293 
333.34679004132295 
340.55863000118745 
340.55863000118745 
344.4258485303902 
340.55863000118745 
341.6038241982693 
350.1744166143402 
366.4794460888166 
362.4031887201975 
362.9257858187384 
367.21108202677385 
366.06136840998386 
368.36079564356385 
371.6008976545175 
375.67715502313655 
375.0500385048875 
368.168082737506 
357.5959434340234 
352.8281159050018 
357.18134973584756 
352.6208190559139 
355.3156780940566 
360.7053961703418 
358.73607610400677 
360.60174774579787 
362.5710678121328 
355.8339202167763 
348.5785304987 
352.8281159050018 
359.04702137763866 
354.69378754679286 
382.3679169000267 
379.880354710972 
374.1796913610549 
373.97239451196697 
384.9591275136254 
374.80158190831855 
376.4599567010217 
374.80158190831855 
380.5022452582357 
381.2277842300433 
381.4350810791312 
387.3430412781362 
388.0685802499438 
391.6962751089819 
395.22032154347613 
390.34884558991064 
385.4773696363451 
391.07438456171826 
391.07438456171826 
393.04370462805326 
404.75597660151925 
407.13989036603004 
406.5179998187663 
405.89610927150267 
401.23193016702504 
396.44192187515114 
401.01378452232996 
400.193193790785 
405.4684199221452 
397.49696710142314 
396.67637636987826 
396.09024013306043 
396.09024013306043 
398.9036940697859 
393.62846793842573 
398.083103338241 
395.8557856383334 
401.4826935117842 
402.5377387380562 
401.9516025012384 
398.9036940697859 
394.3318314226071 
393.86292243315285 
395.6213311436062 
391.7528319806088 
392.45619546479014 
401.4826935117842 
406.054556158963 
403.59278396432825 
412.26760026923165 
405.23396542741807 
405.7028744168723 
403.0066477275104 
403.59278396432825 
402.5377387380562 
403.82723845905537 
406.17178340632654 
407.3440558799622 
400.5448755328757 
401.5999207591477 
400.5448755328757 
404.8822836853274 
404.0616929537825 
400.77933002760284 
404.76505643796384 
404.0280229437948 
402.9698951758287 
401.62318710750833 
400.4688659060908 
400.4688659060908 
402.5851214420229 
401.14221994025104 
404.3166032441492 
402.87370174237725 
400.75744620644514 
400.9498330733481 
404.1242163772462 
401.23841337370243 
403.2584754761831 
405.75950474592105 
409.2224683501736 
410.4729829850425 
411.9158844868144 
419.7075525963826 
421.92000156576614 
421.2466475316059 
422.7857424668292 
422.7857424668292 
420.7656803643486 
422.5933555999263 
421.34284096505735 
424.22864396860115 
422.7857424668292 
419.32277886257674 
418.1684576611592 
415.95600869177565 
416.53316929248444 
409.3708120916364 
408.0879623926396 
407.6214715930044 
406.10537649419 
407.1549807933692 
406.5718672938252 
409.3708120916364 
407.7380942929132 
407.1549807933692 
407.7380942929132 
425.34812197914215 
423.48215878060137 
425.1148765793246 
424.7650084795982 
430.9460115747646 
429.1966710761326 
427.3307078775918 
429.54653917585904 
426.5143489782302 
421.1497047824253 
422.66579988123976 
423.132290680875 
425.46474467905097 
423.9486495802366 
423.132290680875 
424.18189498005415 
426.28110357841257 
425.81461277877736 
444.25569382455643 
442.51191273002905 
438.53013669026166 
434.3387934905064 
433.60530843054926 
434.12922633051863 
430.9857189307022 
432.13833831063494 
432.033554730641 
435.7009800304269 
435.2818457104513 
434.3387934905064 
435.14649256883007 
433.5930607272055 
433.6966228499805 
431.93606676280604 
429.5541379389818 
436.4928001649047 
432.143191008356 
432.4538773766809 
433.0752501133307 
434.31799558663033 
433.38593648165556 
431.4182561489312 
433.6966228499805 
429.65770006175677 
421.78697873085923 
423.1332863269338 
420.12998476645976 
418.0587423109604 
415.88393773268604 
418.8872392931601 
421.37273023975933 
424.9974045368832 
425.82590151908295 
426.75796062405766 
435.14649256883007 
434.4215577094053 
436.4928001649047 
440.7388471986783 
440.7388471986783 
440.7388471986783 
441.67090630365306 
440.22103658480347 
440.22103658480347 
440.22103658480347 
449.23094126622567 
450.1630003712004 
448.091757915701 
447.67750942460117 
447.67750942460117 
453.89123679109923 
458.8473036673756 
460.3610331941838 
468.3081132099266 
464.9022217746083 
456.70285350439747 
462.253195102694 
464.7760776473742 
466.79438368311844 
465.0283659018423 
462.82084367524703 
460.5502493850348 
454.6214754050362 
457.64893445865255 
459.16266398546065 
461.5594024029069 
457.39664620418455 
458.91037573099266 
454.24304302333417 
452.350881114824 
455.1260519139723 
454.1799709597172 
454.24304302333417 
450.1433588882288 
451.1525119061009 
451.5309442878029 
451.9093766695049 
455.37834016844033 
463.07313192971503 
464.39764526567217 
461.937834784609 
458.4057992220566 
457.8381506495035 
459.8791979485055 
461.02028152146636 
461.59082330794683 
459.4988367575186 
457.7872113980772 
459.02338526878486 
457.9773919935707 
455.02959276342176 
454.7443218701815 
459.4988367575186 
459.02338526878486 
454.07868978595434 
455.8854054431424 
454.7443218701815 
456.0755860386359 
459.4988367575186 
461.6859136056936 
469.2931374254328 
476.61509035193177 
478.2316254136264 
472.4311172510752 
475.56909707671764 
474.2378329082633 
474.5231038015035 
476.04454856545135 
477.4709030316525 
478.9923477956003 
480.03834107081445 
480.13343136856116 
481.5597858347623 
481.27451494152206 
480.9892440482819 
481.84505672800253 
484.79285595815145 
490.7835447161961 
496.39387228325376 
503.43055431651254 
490.02282233422216 
491.2589962049298 
486.1241201266058 
490.0937444818936 
490.0937444818936 
493.91858383864064 
497.24761068617977 
494.2019052724738 
493.7060927632658 
493.989414197099 
492.1478248771837 
492.1478248771837 
492.1478248771837 
483.6481818621903 
486.5522265589798 
482.65655684377447 
482.65655684377447 
479.6816817885268 
483.36486042835725 
486.2689051251466 
490.3770659157268 
492.5019766694751 
491.2270302172261 
494.06024455555723 
492.78529810330826 
491.29786057568435 
494.2019052724738 
491.1561998587678 
485.5606015405639 
485.4189408236473 
485.4189408236473 
481.59410146690027 
487.4021908604791 
488.1104944450619 
486.5522265589798 
486.2689051251466 
485.20644974827246 
485.34811046518905 
481.2399496746089 
474.58189597953077 
475.4318602810301 
