0,1
998.2562189054727 
998.6545796314446 
998.5105463905932 
1006.6489587024911 
1012.5532970464171 
1011.4362600624311 
1009.3617628064571 
1014.149064166397 
1011.1171066384351 
1010.3192230784451 
1010.3192230784451 
1019.893825798325 
1023.723666886277 
1028.989698382211 
1048.7772106699626 
1046.7069356226875 
1048.3813472524819 
1042.0378533283783 
1051.4736673992436 
1060.649963905471 
1059.7760309048776 
1056.2802989025054 
1057.591198403395 
1055.843332402209 
1042.734337393313 
1044.9191698947957 
1033.9950073873822 
1023.5078113802654 
1022.1969118793758 
1021.7599453790792 
1019.5751128775966 
1027.0035433826376 
1034.8689403879753 
1032.247141386196 
1027.4405098829343 
1026.566576882341 
1016.9533138758173 
1015.6424143749277 
992.0462233589149 
984.1808263535772 
980.2481278509085 
968.0130658426056 
950.9713723310407 
960.5846353375645 
960.5846353375645 
961.8955348384541 
964.5173338402333 
961.8955348384541 
961.4585683381575 
942.23204232511 
938.2993438224412 
916.887985307911 
914.7031528064283 
914.7031528064283 
903.3420237987184 
897.224492794567 
879.7458327827056 
865.7629047732165 
853.090876264617 
870.5695362764784 
870.0451764761225 
860.0823402693616 
867.4233774743434 
883.9234721269967 
874.3405025982534 
869.0060835614585 
890.3795121447529 
895.1291629410406 
880.2016890098508 
871.3809089596023 
871.0416481884389 
883.9335574926482 
916.5025915243351 
942.9649316750806 
950.767929411839 
992.1577434937743 
993.1755258072645 
1147.8784374577772 
1366.3623740870098 
1346.685249359532 
1289.350179032917 
1288.3323967194265 
1380.2720657047093 
1249.6566688067983 
1260.173752712864 
1316.1517799548255 
1308.3487822180673 
1277.1367912710343 
1289.0109182617534 
1331.418514657179 
1422.3404013289714 
1435.571571404344 
1383.3254126451798 
1389.432106526121 
1456.6057392164753 
1454.5871568973055 
1450.3855127917732 
1428.26318579072 
1410.8335363571014 
1430.0259690512607 
1425.5338378828944 
1426.1238496550513 
1421.0627041446191 
1363.0703675843693 
1366.7040227672219 
1353.5309263525055 
1364.8463025224682 
1342.1775000907821 
1312.4826103182618 
1287.7368688411614 
1312.9775251478038 
1332.279203499942 
1373.8520491814706 
1370.3876453746766 
1384.7401754313946 
1399.0927054881129 
1454.0282515672757 
1465.9062074762837 
1467.3909519649098 
1445.6146994650614 
1333.269033159026 
1343.6622445794083 
1232.3064079324568 
1229.8318337847468 
1249.628426966427 
1285.2622946934514 
1305.0588878751316 
1300.6046544092537 
1296.6453357729176 
1309.5131213410098 
1292.6860171365815 
1254.577575261847 
1253.587745602763 
1242.2047045232969 
1260.5165532163512 
1259.4399173120464 
1256.4135728497276 
1247.566797501078 
1238.8025963350456 
1233.592014287283 
1239.806668350605 
1205.3153382991693 
1205.9368037055015 
1205.6260710023355 
1190.7109012503633 
1241.0495991632692 
1249.7501148519195 
1251.9252437740822 
1220.2305080511414 
1207.801199924498 
1229.5524891461241 
1204.3831401896712 
1164.609354184412 
1175.7957314983912 
1145.654659291281 
1130.7394895393088 
1149.383451729274 
1145.965391994447 
1151.2478479482704 
1141.3044014469558 
1153.733709573599 
1153.112244167267 
1141.6151341501218 
1148.4512536197756 
1113.6491908651742 
1119.8638449284958 
1145.965391994447 
1145.6683823658611 
1147.7007128885218 
1148.4362296568397 
1153.1342280515305 
1141.3757522426986 
1138.9222740955959 
1141.3757522426986 
1131.834448337299 
1124.8571257463182 
1124.0671645095572 
1110.3282060914512 
1114.0518687095507 
1113.2830645433746 
1105.2106207985248 
1104.0574145492606 
1111.7454562110222 
1114.8206728757268 
1116.7426832911672 
1114.4362707926389 
1113.2830645433746 
1103.2886103830847 
1087.9125270595614 
1083.6841041455928 
1083.2997020625048 
1051.3943291661944 
1048.703514584578 
1031.0210187625264 
1015.6449354390035 
1048.3191125014898 
1047.9347104184017 
1027.5614000147339 
981.4331500441648 
1000.2688521154804 
1015.2605333559154 
1032.1742250117907 
1028.33020418091 
1024.486183350029 
1010.0711052342264 
1000.6532541985686 
1018.527951062164 
950.737741659776 
960.3116140152177 
974.0110135525772 
977.8619293611889 
973.6761513083501 
927.9674549713501 
913.4009473474711 
902.51792441009 
911.0569116378813 
879.4124295584197 
871.0408734527422 
861.9995928586103 
854.4651923635004 
862.6693173470645 
852.7908811423648 
842.7450138155517 
863.5064729576322 
844.9216184030279 
860.1578505153611 
848.7725342116396 
859.3206949047934 
839.0615291290535 
829.3505240464674 
843.5821694261194 
756.5179859270719 
759.3643150030023 
781.6326542441049 
776.6097205806983 
785.6510011748302 
796.3665929900975 
798.2083353333466 
781.6326542441049 
801.2855659689569 
800.4159769752298 
789.9455817382789 
786.4362768606165 
809.5392006385606 
777.370572593322 
785.8513927143395 
786.4362768606165 
796.9641914936037 
786.143834787478 
799.8886122249891 
788.1909292994477 
782.0496457635385 
770.0595207648587 
761.5787006438412 
758.6542799124559 
756.6071854004862 
749.2961335720229 
758.6542799124559 
759.5316061318715 
767.1351000334733 
764.5031213752266 
763.0409110095339 
765.9653317409193 
748.1263652794687 
760.9938164975642 
750.1734597914385 
746.079270767499 
750.7583439377155 
751.6356701571311 
745.2019445480835 
747.5414811331917 
741.9850817435596 
743.4472921092522 
745.7868286943605 
759.5316061318715 
751.9281122302697 
764.210679302088 
780.2949933247073 
792.2851183233872 
787.0168253633942 
786.2972944153346 
780.4649128181494 
774.524194823539 
758.1360072522 
765.5106916593026 
776.1630135806729 
766.3301010378694 
759.3651213200503 
750.966175189739 
811.6024692036938 
795.8288386662798 
783.5376979877756 
813.0364356161859 
815.289811407245 
805.2520465197998 
810.7830598251268 
798.082214457339 
800.9501472823233 
794.8045769430712 
818.9771536107963 
826.5566903625406 
824.713019260765 
824.3033145714816 
829.6294755321667 
823.0742005036311 
820.0014153340051 
815.6995160965286 
820.2062676786468 
811.8073215483355 
809.1442410679929 
807.0957176215754 
808.3248316894259 
805.4568988644415 
804.6374894858747 
810.7830598251268 
794.5997245984295 
796.8531003894885 
794.1900199091459 
794.8045769430712 
796.2478886264801 
792.6964321422481 
788.7351836273735 
784.4903269301966 
779.3358580836247 
781.1550823824148 
783.2775107310032 
781.7614904820115 
781.4582864322131 
778.4262459342295 
780.2454702330197 
775.394205436246 
759.9307988965301 
759.0211867471351 
760.2340029463285 
757.8083705479416 
755.6859421993531 
754.4731260001597 
751.1378814523779 
755.9891462491515 
756.2923502989498 
751.1378814523779 
755.9891462491515 
764.7820636933037 
766.9044920418922 
786.6127552787851 
773.5749811374559 
774.7877973366493 
782.3678985816082 
767.2076960916905 
766.9044920418922 
727.184761518308 
730.4341447158599 
736.1819110680044 
741.2646255134441 
739.0863193225414 
748.767680170998 
729.0419074422678 
740.1754724179928 
735.9398770467931 
728.3158053786335 
733.882587866496 
749.9778502770552 
734.4876729195246 
741.6276765452612 
744.1690337679812 
768.2514188785169 
761.7165003058087 
759.4171771043003 
759.0541260724832 
764.1368405179229 
766.19412969822 
773.8182013663795 
774.5443034300138 
779.384983854242 
760.5063301997517 
761.2324322633859 
766.3151467088256 
766.0731126876142 
759.7802281361174 
756.633785860369 
755.1815817331005 
739.9334383967814 
739.69140437557 
695.399178493881 
699.0296888120522 
705.806641405972 
711.3734238938345 
701.9340970665893 
702.6601991302235 
706.2907094483948 
704.112403257492 
700.2150034422255 
698.306301097595 
713.5940730573378 
710.2945539293357 
702.8156439058645 
717.9934318946739 
716.1237043888061 
720.3030952842754 
714.1439929120048 
718.3233838074741 
710.8444737840027 
703.1455958186647 
690.1674872485232 
690.2774712194566 
695.006781969593 
688.187775771722 
698.6362530103952 
693.4670063765254 
690.4974391613234 
692.1471987253245 
684.0083848762529 
685.9880963530541 
685.8781123821207 
683.3484810506525 
678.8391382423829 
684.1183688471863 
699.5161247778624 
695.2267499114598 
697.206461388261 
706.4451149466668 
709.9646020165355 
705.3452752373328 
712.0542974642702 
731.3014923776155 
711.5043776096032 
731.0815244357487 
739.660274168554 
740.9800818197549 
736.1407870986852 
740.1002100522877 
738.1562581306616 
729.9797359391187 
700.0393460286136 
669.0961679392879 
658.4952643346114 
642.8804198358312 
640.7315880240725 
639.2990334829 
635.287880767617 
634.8581144052653 
633.4255598640927 
639.2990334829 
634.8581144052653 
633.2823044099755 
614.6590953747332 
623.3976780758853 
621.3921017182438 
611.0777090218019 
605.6340017653465 
601.0498272335944 
620.389313539423 
637.5799680334931 
635.5743916758515 
622.3948898970646 
637.2934571252586 
646.175295280528 
642.0208871111276 
638.8692671205482 
625.9762762499959 
621.1055908100093 
612.3670081088571 
607.6395781229879 
601.1551875408127 
596.9902313172211 
584.9033488738144 
570.9327964392273 
566.0666489620116 
563.7120614730363 
559.7877489914108 
572.8164664304077 
572.5025214318775 
539.3813240869579 
524.7828816553108 
525.0968266538407 
514.8936142016144 
507.8298517346883 
511.9111367155789 
510.1844392236636 
516.4633391942646 
521.3294866714803 
503.27764925600263 
499.19636427511205 
501.86489676261743 
506.10315424277303 
503.9055392530627 
505.789209244243 
505.3182917464479 
503.7485667537977 
502.49278675967753 
514.4226967038193 
514.5796692030842 
503.27764925600263 
504.06251175232774 
513.9517792060242 
518.9748991825049 
532.6315066185618 
518.8179266832399 
522.4282941663354 
533.1024241163569 
534.3582041104771 
534.044259111947 
538.1255440928376 
543.3422375607199 
533.2034863787966 
526.1904050401133 
543.2735518907521 
543.2735518907521 
553.3436174027074 
549.3875202372964 
551.0059236231464 
542.3744388986131 
543.8130196860354 
543.8130196860354 
550.2866332294352 
547.9489394498742 
540.5762129143354 
536.2604705520688 
518.458033307719 
540.935858111191 
539.1376321269131 
550.1068106310074 
545.4314230718853 
545.7910682687409 
548.4884072451575 
545.0717778750297 
542.1946163001853 
530.3263248039522 
531.0456151976632 
537.8788739379188 
543.0937292923243 
537.5192287410632 
536.9797609457798 
525.4711146464023 
522.0544852762746 
538.9578095284854 
542.1946163001853 
541.2955033080465 
540.7560355127632 
544.3524874813187 
531.9447281898022 
524.2123564574079 
512.1642423627468 
496.92189809464014 
495.4075218821429 
501.8635467880523 
505.4502272913353 
506.48637943672816 
509.0369077946183 
512.5438842867172 
514.775596599871 
505.13141124659904 
508.08045966040953 
509.5151318617227 
501.3853227209479 
505.13141124659904 
507.3631235597529 
507.522531582121 
506.4066754255441 
507.522531582121 
506.8051954814644 
508.0007556492254 
516.3696768235525 
518.9202051814426 
515.7320447340799 
517.007308913025 
519.398429248547 
517.087012924209 
513.9785564880304 
510.39187598474746 
506.96460350383256 
497.40012216174455 
495.6466339156951 
505.13141124659904 
507.9210516380414 
512.1008726547138 
514.4527312128762 
520.0119000168211 
512.7422177347394 
540.7518759392306 
530.0611667008751 
515.5218021367118 
509.5350049632328 
508.8935624089315 
505.6863496374248 
514.4527312128762 
512.1007751804381 
513.811288658575 
520.4395283863553 
529.847352516108 
517.87375816915 
519.3704574625197 
518.7290149082185 
514.025102843342 
515.3079879519447 
515.949430506246 
510.1764475175341 
506.9692347460275 
514.8803595824104 
537.3308489829568 
522.1500418644921 
527.709210668437 
522.7914844187935 
523.4329269730947 
514.6665453976434 
509.962633332767 
516.1632446910131 
514.2389170281092 
512.3145893652052 
510.8178900718354 
514.2389170281092 
525.3572546359987 
519.5842716472869 
518.087572353917 
517.87375816915 
534.1113223851669 
538.5645981653207 
536.3670497310425 
527.7338237392353 
541.2330498355157 
544.3724047416274 
547.3547919024336 
544.8433079775441 
540.9191143449045 
540.9191143449045 
539.3494368918487 
545.6281467040722 
541.2330498355157 
540.9191143449045 
540.9191143449045 
539.6633723824598 
539.6633723824598 
539.8203401277653 
530.0883399188191 
534.9543400232922 
534.7973722779866 
536.3670497310425 
525.5362753049571 
520.1993719645671 
548.2965983742671 
529.7744044282078 
530.5592431547359 
522.553888144151 
500.57840380136884 
503.0898877262582 
502.3050489997303 
511.09524273684315 
514.8624686241772 
511.5661459727599 
509.36859753848165 
508.2698233213426 
510.78130724623196 
504.6595651793141 
509.5255652837873 
511.5661459727599 
504.6392899282421 
502.8955088337147 
500.9437142561904 
505.4328417844963 
509.53161039729736 
511.48340497482167 
512.4593022635838 
503.481047206972 
506.40873907325846 
503.87140612247686 
495.4786894391224 
494.69797160811265 
491.9654591995786 
497.2353045588942 
502.8955088337147 
502.3099704604574 
487.4763316712727 
490.98956191081646 
493.7220743193505 
494.3076126926078 
497.04012510114177 
493.52689486159807 
494.5027921503602 
495.86904835462724 
498.4063813054088 
498.0160223899039 
499.5774580519234 
496.45458672788453 
503.28586774921956 
505.82320070000117 
507.3846363620206 
508.94607202404006 
501.32543745658705 
498.66527377399535 
503.3391189996225 
498.49835073022297 
508.5137333565668 
502.8383498683053 
497.663735511361 
499.33296594908495 
500.66835029926415 
499.6668120366298 
502.8383498683053 
502.5045037807605 
513.0206555384216 
517.026808588959 
520.6991155519518 
531.7160364409299 
540.2291116733222 
546.4052642929009 
552.2475708249349 
554.5844934377483 
554.918339525293 
555.4191086566104 
560.2598769260098 
565.1006451954095 
567.6044908519953 
621.0198648591625 
649.7306283880146 
644.5560140310704 
621.0198648591625 
622.8560183406587 
647.5606288189736 
648.7290901253803 
649.5637053442422 
651.2329357819663 
660.0798571019031 
628.3644787851479 
628.5314018289203 
649.2298592566974 
646.559090556339 
649.7306283880146 
646.0251676830742 
643.1165000802623 
642.5857606113759 
641.7365774611575 
645.8763453184722 
647.7870074064637 
644.8148663806992 
660.1001630846306 
658.7202404655256 
657.446465740198 
691.3076438551572 
689.2908338733885 
667.7428114365963 
665.5137056672729 
678.2514529205491 
676.6592345138896 
690.2461649173841 
693.4306017307032 
693.006010155594 
698.6318485257909 
692.6875664742621 
692.6875664742621 
692.6875664742621 
697.3580738004633 
701.81628533911 
703.939243214656 
703.0900600644376 
703.7269474271014 
700.9671021888915 
700.5425106137824 
700.1179190386732 
716.7831383617095 
609.0430261777487 
617.4287097861554 
604.584814639102 
618.5963366177058 
621.4623297496929 
625.8143933945623 
625.708245500785 
626.4512807572261 
691.5469177121773 
665.0219883130148 
664.2550653903894 
663.6415270522891 
657.6595282558108 
662.4144503760883 
663.6415270522891 
663.6415270522891 
660.2670661927373 
657.3527590867607 
660.2670661927373 
681.587523441724 
686.0356763929514 
687.7229068227273 
682.5078309488745 
686.6492147310516 
682.5078309488745 
676.6792167369213 
651.8309140438575 
658.8866049320114 
661.800912037988 
667.9362954189914 
665.1753728975399 
668.7032183416168 
678.6732163357474 
685.4221380548511 
684.1950613786503 
670.5438333559179 
678.3664471666971 
677.5995242440717 
666.7092187427907 
661.800912037988 
654.831931687029 
653.3015836417558 
648.6080692144413 
658.208439633948 
652.4482173822439 
648.6080692144413 
646.901336695418 
647.7547029549296 
641.9944807032257 
646.901336695418 
637.0876247110334 
631.5407440242074 
630.9007193295736 
634.9542090622542 
604.019682154955 
610.8466122310485 
598.55813809408 
585.3309610716487 
573.0424869346803 
533.275619241435 
514.7575714100312 
519.5364224632967 
511.85612612769137 
505.28520592945125 
513.3921853948125 
515.0135812878847 
509.2106907232051 
487.6205243575591 
648.6080692144413 
461.6781900684034 
470.1265160375692 
458.2647250303566 
445.03754800792524 
464.494298724792 
467.3957440071318 
457.5820320227472 
469.3584864040087 
461.8488633203057 
461.76352669435454 
459.459437793673 
466.3058121406423 
472.5204803395072 
470.09111004358726 
469.5826371909529 
467.8312306985455 
465.34536341899957 
463.2549750248359 
467.8312306985455 
469.5826371909529 
465.5148543698777 
468.00072164942367 
463.0289870903317 
459.2436891873868 
458.79171331837847 
459.6956650563951 
467.7182367312934 
472.2379954213769 
474.7238627009229 
476.7012571278344 
493.0288853957612 
494.04583110103 
506.75765241689 
496.75768631508015 
504.83675497360446 
518.6785159619853 
513.7632783865195 
517.3225883549602 
543.932667642827 
553.9891307282629 
569.412807258173 
572.6896323084836 
563.9325998464467 
562.4636782721695 
551.7292513832211 
549.2998810873012 
556.8139799095652 
554.2716156463932 
562.3224358131044 
548.6219172837887 
559.2151017136721 
552.4182304036312 
576.2712509277968 
549.5444552812622 
571.235767690044 
558.0660422989979 
533.8569882713397 
526.3037634147104 
514.8770899136557 
505.7744855992562 
538.6987990768714 
509.84160667590277 
507.13019262480503 
497.64024344596305 
496.4782088526354 
491.15221696655067 
491.83007047932506 
497.4465710137418 
514.9739261297664 
550.9969985229218 
529.5961947624719 
529.2088498980293 
543.540609882403 
545.2836617723945 
524.7543839569403 
535.2126952968886 
527.465798008038 
542.3785752890753 
526.8847807113741 
536.1810574579949 
523.0113320669489 
525.1417288213827 
528.6278326013655 
536.9503698439707 
532.5283348852588 
531.2357771561858 
528.4352354098611 
527.7889565453246 
530.5894982916493 
525.6346936635364 
534.8980240552258 
535.3288766315834 
540.4991075478753 
542.2225178533058 
532.9591874616165 
526.9272513926094 
532.5283348852588 
528.0043828335034 
524.3421359344634 
517.8793472890986 
524.772988510821 
522.1878730526752 
528.0043828335034 
531.2357771561858 
503.876638557475 
498.2755550648256 
510.77027977919744 
492.0281927076397 
493.1053241485338 
490.73563497856674 
490.08935611403024 
490.73563497856674 
491.597340131282 
494.8287344539644 
491.3819138431032 
490.43403817511637 
492.84681260271924 
490.73563497856674 
490.73563497856674 
485.26380725882456 
463.548837410399 
474.0616402735257 
471.64886584592284 
476.9490073517514 
480.4101177824733 
483.60498894929344 
480.85384988897613 
489.10726706992824 
496.91695214437766 
489.37350633382994 
462.5720871010605 
461.9508621519566 
462.5720871010605 
459.99844088334424 
455.20613413311395 
453.6974449710044 
454.31866992010833 
453.786191392305 
456.00485192481904 
457.6022875082291 
456.6260768739229 
457.0698089804257 
459.0222302490381 
459.64345519814196 
458.9334838277375 
463.9032834205689 
465.23447974007735 
468.1631116429959 
464.79074763357454 
460.70841225374875 
460.17593372594536 
460.17593372594536 
452.01126296629377 
437.9893284008051 
430.8896146967602 
438.4330605073079 
429.64716479855235 
418.4651157146817 
420.8612690897968 
421.3050011962996 
419.9738048767912 
421.5712404602013 
419.17508708508615 
414.30370461108447 
412.1082352961091 
411.82186973328623 
412.6809664217548 
409.1491244802727 
404.1854547246761 
403.5172684114227 
401.417254284055 
402.0854405973084 
412.6809664217548 
407.7172966661583 
403.5172684114227 
422.6083059329479 
421.0810229312259 
424.4219544974928 
439.2175085766748 
440.17206045275105 
441.22206751643495 
440.0766052651434 
442.3675297677264 
445.70846133399334 
447.7130202737535 
448.85848252504496 
447.6175650861459 
445.2311853959552 
438.74023263863666 
440.93570195361207 
440.45842601557393 
436.16294257323074 
435.87657701040786 
432.535645444141 
431.77200394327997 
428.5265275646207 
428.0492516265826 
422.7992163081632 
412.87187679697007 
404.471820287499 
399.22178496907964 
401.70361984687787 
404.0899995370685 
402.25019052380793 
405.39826547597465 
407.1471960049562 
402.54167894530485 
403.35784652549626 
403.59103726269376 
404.52380021148394 
403.474441894095 
402.89146505110114 
399.3936039931381 
400.2097715733295 
386.80130418447106 
386.1017319728785 
376.30772101058193 
383.82812228520254 
385.57705281418407 
382.837061652113 
382.60387091491543 
377.4736746965696 
378.6396283825573 
378.3481399610604 
376.54091174777943 
378.5230330139585 
378.3481399610604 
386.7430065001717 
384.9357782868908 
381.3796195446283 
381.96259638762217 
381.2047264917302 
380.8549403859339 
381.78770333472403 
375.7247441675881 
379.10600985695237 
379.33920059414993 
376.8324001692764 
378.28984227676096 
376.30772101058193 
381.08813112313146 
380.38855891153884 
382.25408480911915 
378.4237129981482 
375.86110294319855 
369.2715342304708 
371.37653534703657 
377.23392975835014 
379.15588729956244 
379.9795833886534 
383.64045489572436 
380.2541487516837 
390.5961107591592 
393.0671990264321 
392.8841554510786 
394.71459120461407 
396.9111141088566 
401.6702470680489 
399.38220237612956 
393.524807964816 
389.4063275193611 
388.2165442795631 
386.7521956767347 
389.4978493070379 
384.4641509848153 
385.3793688615831 
387.3928481904721 
390.3215453961289 
383.7319766834011 
389.4978493070379 
400.75502919128115 
395.81285265673534 
396.1789398074424 
401.85329064340243 
405.2395967874431 
407.1462537161916 
395.57899246855675 
396.84131390924415 
398.1825304399746 
402.44286530229476 
405.04640327371266 
405.2830885438416 
400.4704880512206 
397.1958266294996 
401.90244243385257 
403.52275279272817 
404.68011733478215 
401.6709695254417 
393.4922600949268 
400.6679202556616 
398.6618217161014 
395.4212009983502 
398.5075064438275 
409.38673313913506 
412.47303858461237 
420.49743274285345 
420.1888021983057 
407.149161691164 
414.17050657962494 
414.09334894348797 
426.51572836153423 
432.7654968886258 
433.76854615840597 
432.14823579953037 
431.7624476188457 
430.45076780451785 
430.9137136213394 
427.05583181449276 
419.4943834730733 
417.9512307503347 
424.89541800265863 
422.6578465546876 
415.250713485542 
419.6486987453472 
418.87712238397785 
420.90465222855147 
419.01883664760027 
401.7893397489097 
381.47396280866263 
382.50258948918145 
381.30252502857616 
390.9030407134187 
387.13140955151624 
346.07206122080595 
326.7853109610777 
335.1514746292976 
337.2430155463526 
340.87749648418577 
345.7806169946589 
345.677754326607 
344.64912764608823 
347.7350076876447 
344.3748271979498 
343.31191296141367 
349.48367304452677 
359.15276384140384 
355.4154202355187 
358.22699982893687 
362.82153233525435 
358.43272516504067 
356.2040340239165 
354.4210811110172 
356.44404691603756 
359.5642145136113 
366.90175150131245 
372.2848977960277 
362.82153233525435 
373.00493647239085 
368.718991970229 
363.3701332315311 
356.6840598081586 
362.30721899499497 
364.02159679585964 
363.8501590157732 
363.30155811949646 
361.6203175271447 
359.28630855963655 
356.7066144376539 
359.5319937141111 
360.82184077510243 
363.3401136084665 
362.54163685642425 
350.1959578440785 
337.54317238863973 
342.9482457870796 
344.54519929116407 
340.4913942423342 
341.7812413033255 
340.3685516650969 
342.14976903503737 
345.5279399090623 
349.2132172261804 
349.5203236692736 
348.59900433999405 
332.3223628560557 
330.72540935197117 
329.9883538885475 
332.50662672191163 
332.07667770158116 
329.37414100236117 
326.91728945761577 
330.90967321782705 
331.15535837230163 
333.0594183194793 
330.418302908878 
334.0421589373775 
328.45282167308164 
338.72144767885527 
318.4871892018483 
321.5118979432566 
314.10657654187776 
305.6582521262202 
319.2172913118434 
334.5494356217405 
344.66656486024397 
346.12676908023417 
347.4826729987965 
340.9117540088406 
347.3783726973686 
349.67297932878176 
352.69768807019005 
354.6793937973196 
351.44608445305556 
347.3783726973686 
339.8687509945619 
339.97305129598976 
347.065471793085 
344.87516546309973 
344.77086516167185 
337.4698440617209 
339.6601503917061 
342.2676579274029 
340.4945528031291 
340.18165189884553 
339.2429491859947 
340.2859522002734 
339.5558500902783 
323.9108048760976 
342.6848591331144 
332.46342959318304 
317.96568769470895 
327.8742163303567 
336.8440422531536 
339.2429491859947 
339.5558500902783 
341.22465491312425 
341.3289552145521 
335.6474205399168 
334.847346933145 
335.1140381354023 
336.514166947253 
337.6476045568464 
336.5808397478173 
332.9805085173441 
333.91392772524455 
331.3136885032361 
325.91319165752634 
326.17988285978356 
317.2457275841649 
302.8444026622721 
298.71068902728433 
311.9785763395837 
306.2447154910524 
314.64548836215647 
312.6453043452269 
314.5121427610278 
315.37888916836397 
316.24563557570013 
316.71234517965036 
315.84559877231425 
313.44537795199875 
312.9786683480485 
311.3118483339406 
309.6450283198326 
307.51149870177437 
306.8447706961312 
303.64447626904393 
312.84532274691986 
319.24591160109446 
311.3815674147627 
312.733503387075 
314.8579742007087 
301.4351813327504 
308.00172748398177 
308.77426232530314 
307.1326257874953 
310.415898863111 
315.7270758971953 
312.733503387075 
310.99529999410197 
310.7055994286065 
311.1884337044323 
311.57470112509304 
312.2506691112492 
312.6369365319099 
312.6369365319099 
313.5060382283964 
316.1133433178559 
311.96096854575364 
303.2699515808886 
298.4416088226302 
302.11114931890654 
298.8278762432908 
297.6690739813088 
300.37294592593355 
285.115382809837 
297.28280656064817 
293.90296662986725 
293.13043178854593 
290.90939411974705 
287.5295541889662 
277.679734962119 
252.47578576401023 
240.30836201319906 
249.86848067455068 
242.72253339232824 
246.00580646794396 
246.1989401782743 
246.1989401782743 
245.15717694475245 
245.15717694475245 
245.15717694475245 
245.15717694475245 
245.15717694475245 
245.15717694475245 
245.15717694475245 
245.15717694475245 
245.15717694475245 
245.15717694475245 
245.15717694475245 
245.15717694475245 
245.15717694475245 
245.15717694475245 
245.15717694475245 
245.15717694475245 
245.15717694475245 
245.15717694475245 
245.15717694475245 
245.15717694475245 
245.15717694475245 
245.15717694475245 
245.15717694475245 
245.15717694475245 
245.15717694475245 
245.15717694475245 
245.15717694475245 
245.15717694475245 
245.15717694475245 
245.15717694475245 
245.15717694475245 
245.15717694475245 
245.15717694475245 
245.15717694475245 
245.15717694475245 
245.15717694475245 
245.15717694475245 
245.15717694475245 
245.15717694475245 
245.15717694475245 
245.15717694475245 
245.15717694475245 
245.15717694475245 
245.15717694475245 
245.15717694475245 
245.15717694475245 
245.15717694475245 
245.15717694475245 
245.15717694475245 
245.15717694475245 
245.15717694475245 
245.15717694475245 
245.15717694475245 
245.15717694475245 
245.15717694475245 
245.15717694475245 
245.15717694475245 
245.15717694475245 
245.15717694475245 
245.15717694475245 
245.15717694475245 
245.15717694475245 
245.15717694475245 
245.15717694475245 
245.15717694475245 
245.15717694475245 
245.15717694475245 
245.15717694475245 
245.15717694475245 
245.15717694475245 
245.15717694475245 
245.15717694475245 
245.15717694475245 
245.15717694475245 
245.15717694475245 
245.15717694475245 
245.15717694475245 
245.15717694475245 
245.15717694475245 
245.15717694475245 
245.15717694475245 
245.15717694475245 
245.15717694475245 
245.15717694475245 
245.15717694475245 
245.15717694475245 
245.15717694475245 
245.15717694475245 
245.15717694475245 
245.15717694475245 
245.15717694475245 
245.15717694475245 
245.15717694475245 
245.15717694475245 
245.15717694475245 
245.15717694475245 
245.15717694475245 
245.15717694475245 
245.15717694475245 
245.15717694475245 
245.15717694475245 
245.15717694475245 
245.15717694475245 
245.15717694475245 
245.15717694475245 
245.15717694475245 
245.15717694475245 
245.15717694475245 
245.15717694475245 
245.15717694475245 
245.15717694475245 
245.15717694475245 
245.15717694475245 
245.15717694475245 
245.15717694475245 
245.15717694475245 
245.15717694475245 
245.15717694475245 
245.15717694475245 
245.15717694475245 
245.15717694475245 
245.15717694475245 
245.15717694475245 
245.15717694475245 
245.15717694475245 
245.15717694475245 
245.15717694475245 
245.15717694475245 
245.15717694475245 
245.15717694475245 
245.15717694475245 
245.15717694475245 
245.15717694475245 
245.15717694475245 
245.15717694475245 
245.15717694475245 
245.15717694475245 
245.15717694475245 
245.15717694475245 
245.15717694475245 
245.15717694475245 
245.15717694475245 
245.15717694475245 
245.15717694475245 
245.15717694475245 
245.15717694475245 
245.15717694475245 
245.15717694475245 
245.15717694475245 
245.15717694475245 
245.15717694475245 
245.15717694475245 
245.15717694475245 
245.15717694475245 
245.15717694475245 
245.15717694475245 
245.15717694475245 
245.15717694475245 
245.15717694475245 
245.15717694475245 
245.15717694475245 
245.15717694475245 
245.15717694475245 
245.15717694475245 
245.15717694475245 
245.15717694475245 
245.15717694475245 
245.15717694475245 
245.15717694475245 
245.15717694475245 
245.15717694475245 
245.15717694475245 
245.15717694475245 
245.15717694475245 
245.15717694475245 
245.15717694475245 
245.15717694475245 
245.15717694475245 
245.15717694475245 
245.15717694475245 
245.15717694475245 
245.15717694475245 
245.15717694475245 
245.15717694475245 
245.15717694475245 
245.15717694475245 
245.15717694475245 
245.15717694475245 
245.15717694475245 
245.15717694475245 
245.15717694475245 
245.15717694475245 
245.15717694475245 
245.15717694475245 
245.15717694475245 
245.15717694475245 
245.15717694475245 
245.15717694475245 
245.15717694475245 
245.15717694475245 
245.15717694475245 
245.15717694475245 
245.15717694475245 
245.15717694475245 
245.15717694475245 
245.15717694475245 
245.15717694475245 
245.15717694475245 
245.15717694475245 
245.15717694475245 
245.15717694475245 
245.15717694475245 
245.15717694475245 
245.15717694475245 
245.15717694475245 
245.15717694475245 
245.15717694475245 
245.15717694475245 
245.15717694475245 
245.15717694475245 
245.15717694475245 
245.15717694475245 
245.15717694475245 
245.15717694475245 
245.15717694475245 
245.15717694475245 
245.15717694475245 
245.15717694475245 
245.15717694475245 
245.15717694475245 
245.15717694475245 
245.15717694475245 
245.15717694475245 
245.15717694475245 
245.15717694475245 
245.15717694475245 
245.15717694475245 
245.15717694475245 
245.15717694475245 
245.15717694475245 
245.15717694475245 
245.15717694475245 
245.15717694475245 
245.15717694475245 
245.15717694475245 
245.15717694475245 
245.15717694475245 
245.15717694475245 
245.15717694475245 
245.15717694475245 
245.15717694475245 
245.15717694475245 
245.15717694475245 
245.15717694475245 
245.15717694475245 
245.15717694475245 
245.15717694475245 
245.15717694475245 
245.15717694475245 
245.15717694475245 
245.15717694475245 
245.15717694475245 
245.15717694475245 
245.15717694475245 
245.15717694475245 
245.15717694475245 
245.15717694475245 
245.15717694475245 
245.15717694475245 
245.15717694475245 
245.15717694475245 
245.15717694475245 
245.15717694475245 
245.15717694475245 
245.15717694475245 
245.15717694475245 
245.15717694475245 
245.15717694475245 
245.15717694475245 
245.15717694475245 
245.15717694475245 
245.15717694475245 
245.15717694475245 
245.15717694475245 
245.15717694475245 
245.15717694475245 
245.15717694475245 
245.15717694475245 
245.15717694475245 
245.15717694475245 
245.15717694475245 
245.15717694475245 
245.15717694475245 
245.15717694475245 
245.15717694475245 
245.15717694475245 
245.15717694475245 
245.15717694475245 
245.15717694475245 
245.15717694475245 
245.15717694475245 
245.15717694475245 
245.15717694475245 
245.15717694475245 
245.15717694475245 
245.15717694475245 
245.15717694475245 
245.15717694475245 
245.15717694475245 
245.15717694475245 
245.15717694475245 
245.15717694475245 
245.15717694475245 
245.15717694475245 
245.15717694475245 
245.15717694475245 
245.15717694475245 
245.15717694475245 
245.15717694475245 
245.15717694475245 
245.15717694475245 
245.15717694475245 
245.15717694475245 
245.15717694475245 
245.15717694475245 
245.15717694475245 
245.15717694475245 
245.15717694475245 
245.15717694475245 
245.15717694475245 
245.15717694475245 
245.15717694475245 
245.15717694475245 
245.15717694475245 
245.15717694475245 
245.15717694475245 
245.15717694475245 
245.15717694475245 
245.15717694475245 
245.15717694475245 
245.15717694475245 
245.15717694475245 
245.15717694475245 
245.15717694475245 
245.15717694475245 
245.15717694475245 
245.15717694475245 
245.15717694475245 
245.15717694475245 
245.15717694475245 
245.15717694475245 
245.15717694475245 
245.15717694475245 
245.15717694475245 
245.15717694475245 
245.15717694475245 
245.15717694475245 
245.15717694475245 
245.15717694475245 
245.15717694475245 
245.15717694475245 
245.15717694475245 
245.15717694475245 
245.15717694475245 
245.15717694475245 
245.15717694475245 
245.15717694475245 
245.15717694475245 
245.15717694475245 
245.15717694475245 
245.15717694475245 
245.15717694475245 
245.15717694475245 
245.15717694475245 
245.15717694475245 
245.15717694475245 
245.15717694475245 
245.15717694475245 
245.15717694475245 
245.15717694475245 
245.15717694475245 
245.15717694475245 
245.15717694475245 
245.15717694475245 
245.15717694475245 
245.15717694475245 
245.15717694475245 
245.15717694475245 
245.15717694475245 
245.15717694475245 
245.15717694475245 
245.15717694475245 
245.15717694475245 
245.15717694475245 
245.15717694475245 
245.15717694475245 
245.15717694475245 
245.15717694475245 
245.15717694475245 
245.15717694475245 
245.15717694475245 
245.15717694475245 
245.15717694475245 
245.15717694475245 
245.15717694475245 
245.15717694475245 
245.15717694475245 
245.15717694475245 
245.15717694475245 
245.15717694475245 
245.15717694475245 
245.15717694475245 
245.15717694475245 
245.15717694475245 
245.15717694475245 
245.15717694475245 
245.15717694475245 
245.15717694475245 
245.15717694475245 
245.15717694475245 
245.15717694475245 
245.15717694475245 
245.15717694475245 
245.15717694475245 
245.15717694475245 
245.15717694475245 
245.15717694475245 
245.15717694475245 
245.15717694475245 
245.15717694475245 
245.15717694475245 
245.15717694475245 
245.15717694475245 
245.15717694475245 
245.15717694475245 
245.15717694475245 
245.15717694475245 
245.15717694475245 
245.15717694475245 
245.15717694475245 
245.15717694475245 
245.15717694475245 
245.15717694475245 
245.15717694475245 
245.15717694475245 
245.15717694475245 
245.15717694475245 
245.15717694475245 
245.15717694475245 
245.15717694475245 
245.15717694475245 
245.15717694475245 
245.15717694475245 
245.15717694475245 
245.15717694475245 
245.15717694475245 
245.15717694475245 
245.15717694475245 
245.15717694475245 
245.15717694475245 
245.15717694475245 
245.15717694475245 
245.15717694475245 
245.15717694475245 
245.15717694475245 
245.15717694475245 
245.15717694475245 
245.15717694475245 
245.15717694475245 
245.15717694475245 
245.15717694475245 
245.15717694475245 
245.15717694475245 
245.15717694475245 
245.15717694475245 
245.15717694475245 
245.15717694475245 
245.15717694475245 
245.15717694475245 
245.15717694475245 
245.15717694475245 
245.15717694475245 
245.15717694475245 
245.15717694475245 
245.15717694475245 
245.15717694475245 
245.15717694475245 
245.15717694475245 
245.15717694475245 
245.15717694475245 
245.15717694475245 
245.15717694475245 
245.15717694475245 
245.15717694475245 
245.15717694475245 
245.15717694475245 
245.15717694475245 
245.15717694475245 
245.15717694475245 
245.15717694475245 
245.15717694475245 
245.15717694475245 
245.15717694475245 
245.15717694475245 
245.15717694475245 
245.15717694475245 
245.15717694475245 
245.15717694475245 
245.15717694475245 
245.15717694475245 
245.15717694475245 
245.15717694475245 
245.15717694475245 
245.15717694475245 
245.15717694475245 
245.15717694475245 
245.15717694475245 
245.15717694475245 
245.15717694475245 
245.15717694475245 
245.15717694475245 
245.15717694475245 
245.15717694475245 
245.15717694475245 
245.15717694475245 
245.15717694475245 
245.15717694475245 
245.15717694475245 
245.15717694475245 
245.15717694475245 
245.15717694475245 
245.15717694475245 
245.15717694475245 
245.15717694475245 
245.15717694475245 
245.15717694475245 
245.15717694475245 
245.15717694475245 
245.15717694475245 
245.15717694475245 
245.15717694475245 
245.15717694475245 
245.15717694475245 
245.15717694475245 
245.15717694475245 
245.15717694475245 
245.15717694475245 
245.15717694475245 
245.15717694475245 
245.15717694475245 
245.15717694475245 
245.15717694475245 
245.15717694475245 
245.15717694475245 
245.15717694475245 
245.15717694475245 
245.15717694475245 
245.15717694475245 
245.15717694475245 
245.15717694475245 
245.15717694475245 
245.15717694475245 
245.15717694475245 
245.15717694475245 
245.15717694475245 
245.15717694475245 
245.15717694475245 
245.15717694475245 
245.15717694475245 
245.15717694475245 
245.15717694475245 
245.15717694475245 
245.15717694475245 
245.15717694475245 
245.15717694475245 
245.15717694475245 
245.15717694475245 
245.15717694475245 
245.15717694475245 
245.15717694475245 
245.15717694475245 
245.15717694475245 
245.15717694475245 
245.15717694475245 
245.15717694475245 
245.15717694475245 
245.15717694475245 
245.15717694475245 
245.15717694475245 
245.15717694475245 
245.15717694475245 
245.15717694475245 
245.15717694475245 
245.15717694475245 
245.15717694475245 
245.15717694475245 
245.15717694475245 
245.15717694475245 
245.15717694475245 
245.15717694475245 
245.15717694475245 
245.15717694475245 
245.15717694475245 
245.15717694475245 
245.15717694475245 
245.15717694475245 
245.15717694475245 
245.15717694475245 
245.15717694475245 
245.15717694475245 
245.15717694475245 
245.15717694475245 
245.15717694475245 
245.15717694475245 
245.15717694475245 
245.15717694475245 
245.15717694475245 
245.15717694475245 
245.15717694475245 
245.15717694475245 
245.15717694475245 
245.15717694475245 
245.15717694475245 
245.15717694475245 
245.15717694475245 
245.15717694475245 
245.15717694475245 
245.15717694475245 
245.15717694475245 
245.15717694475245 
245.15717694475245 
245.15717694475245 
245.15717694475245 
245.15717694475245 
245.15717694475245 
245.15717694475245 
245.15717694475245 
245.15717694475245 
245.15717694475245 
245.15717694475245 
245.15717694475245 
245.15717694475245 
245.15717694475245 
245.15717694475245 
245.15717694475245 
245.15717694475245 
245.15717694475245 
245.15717694475245 
245.15717694475245 
245.15717694475245 
245.15717694475245 
245.15717694475245 
245.15717694475245 
245.15717694475245 
245.15717694475245 
245.15717694475245 
245.15717694475245 
245.15717694475245 
245.15717694475245 
245.15717694475245 
245.15717694475245 
245.15717694475245 
245.15717694475245 
245.15717694475245 
245.15717694475245 
245.15717694475245 
245.15717694475245 
245.15717694475245 
245.15717694475245 
245.15717694475245 
245.15717694475245 
245.15717694475245 
245.15717694475245 
245.15717694475245 
245.15717694475245 
245.15717694475245 
245.15717694475245 
245.15717694475245 
245.15717694475245 
245.15717694475245 
245.15717694475245 
245.15717694475245 
245.15717694475245 
245.15717694475245 
245.15717694475245 
245.15717694475245 
245.15717694475245 
245.15717694475245 
245.15717694475245 
245.15717694475245 
245.15717694475245 
245.15717694475245 
245.15717694475245 
245.15717694475245 
245.15717694475245 
245.15717694475245 
245.15717694475245 
245.15717694475245 
245.15717694475245 
245.15717694475245 
245.15717694475245 
245.15717694475245 
245.15717694475245 
245.15717694475245 
245.15717694475245 
245.15717694475245 
245.15717694475245 
245.15717694475245 
245.15717694475245 
245.15717694475245 
245.15717694475245 
245.15717694475245 
245.15717694475245 
245.15717694475245 
245.15717694475245 
245.15717694475245 
245.15717694475245 
245.15717694475245 
245.15717694475245 
245.15717694475245 
245.15717694475245 
245.15717694475245 
245.15717694475245 
245.15717694475245 
245.15717694475245 
245.15717694475245 
245.15717694475245 
245.15717694475245 
245.15717694475245 
245.15717694475245 
245.15717694475245 
245.15717694475245 
245.15717694475245 
245.15717694475245 
245.15717694475245 
245.15717694475245 
245.15717694475245 
245.15717694475245 
245.15717694475245 
245.15717694475245 
245.15717694475245 
245.15717694475245 
245.15717694475245 
245.15717694475245 
245.15717694475245 
245.15717694475245 
245.15717694475245 
245.15717694475245 
245.15717694475245 
245.15717694475245 
245.15717694475245 
245.15717694475245 
245.15717694475245 
245.15717694475245 
245.15717694475245 
245.15717694475245 
245.15717694475245 
245.15717694475245 
245.15717694475245 
245.15717694475245 
245.15717694475245 
245.15717694475245 
245.15717694475245 
245.15717694475245 
245.15717694475245 
245.15717694475245 
245.15717694475245 
245.15717694475245 
245.15717694475245 
245.15717694475245 
245.15717694475245 
245.15717694475245 
245.15717694475245 
245.15717694475245 
245.15717694475245 
245.15717694475245 
245.15717694475245 
245.15717694475245 
245.15717694475245 
245.15717694475245 
245.15717694475245 
245.15717694475245 
245.15717694475245 
245.15717694475245 
245.15717694475245 
245.15717694475245 
245.15717694475245 
245.15717694475245 
245.15717694475245 
245.15717694475245 
245.15717694475245 
245.15717694475245 
245.15717694475245 
245.15717694475245 
245.15717694475245 
245.15717694475245 
245.15717694475245 
245.15717694475245 
245.15717694475245 
245.15717694475245 
245.15717694475245 
245.15717694475245 
245.15717694475245 
245.15717694475245 
245.15717694475245 
245.15717694475245 
245.15717694475245 
245.15717694475245 
245.15717694475245 
245.15717694475245 
245.15717694475245 
245.15717694475245 
245.15717694475245 
245.15717694475245 
245.15717694475245 
245.15717694475245 
245.15717694475245 
245.15717694475245 
245.15717694475245 
245.15717694475245 
245.15717694475245 
245.15717694475245 
245.15717694475245 
245.15717694475245 
245.15717694475245 
245.15717694475245 
245.15717694475245 
245.15717694475245 
245.15717694475245 
245.15717694475245 
245.15717694475245 
245.15717694475245 
245.15717694475245 
245.15717694475245 
245.15717694475245 
245.15717694475245 
245.15717694475245 
245.15717694475245 
245.15717694475245 
245.15717694475245 
245.15717694475245 
245.15717694475245 
245.15717694475245 
245.15717694475245 
245.15717694475245 
245.15717694475245 
245.15717694475245 
245.15717694475245 
245.15717694475245 
245.15717694475245 
245.15717694475245 
245.15717694475245 
245.15717694475245 
245.15717694475245 
245.15717694475245 
245.15717694475245 
245.15717694475245 
245.15717694475245 
245.15717694475245 
245.15717694475245 
245.15717694475245 
245.15717694475245 
245.15717694475245 
245.15717694475245 
245.15717694475245 
245.15717694475245 
245.15717694475245 
245.15717694475245 
245.15717694475245 
245.15717694475245 
245.15717694475245 
245.15717694475245 
245.15717694475245 
245.15717694475245 
245.15717694475245 
245.15717694475245 
245.15717694475245 
245.15717694475245 
245.15717694475245 
245.15717694475245 
245.15717694475245 
245.15717694475245 
245.15717694475245 
245.15717694475245 
245.15717694475245 
245.15717694475245 
245.15717694475245 
245.15717694475245 
245.15717694475245 
245.15717694475245 
245.15717694475245 
245.15717694475245 
245.15717694475245 
245.15717694475245 
245.15717694475245 
245.15717694475245 
245.15717694475245 
245.15717694475245 
245.15717694475245 
245.15717694475245 
245.15717694475245 
245.15717694475245 
245.15717694475245 
245.15717694475245 
245.15717694475245 
245.15717694475245 
245.15717694475245 
245.15717694475245 
245.15717694475245 
245.15717694475245 
245.15717694475245 
245.15717694475245 
245.15717694475245 
245.15717694475245 
245.15717694475245 
245.15717694475245 
245.15717694475245 
245.15717694475245 
245.15717694475245 
245.15717694475245 
245.15717694475245 
245.15717694475245 
245.15717694475245 
245.15717694475245 
245.15717694475245 
245.15717694475245 
245.15717694475245 
245.15717694475245 
245.15717694475245 
245.15717694475245 
245.15717694475245 
245.15717694475245 
245.15717694475245 
245.15717694475245 
245.15717694475245 
245.15717694475245 
245.15717694475245 
245.15717694475245 
245.15717694475245 
245.15717694475245 
245.15717694475245 
245.15717694475245 
245.15717694475245 
245.15717694475245 
245.15717694475245 
245.15717694475245 
245.15717694475245 
245.15717694475245 
245.15717694475245 
245.15717694475245 
245.15717694475245 
245.15717694475245 
245.15717694475245 
245.15717694475245 
245.15717694475245 
245.15717694475245 
245.15717694475245 
245.15717694475245 
245.15717694475245 
245.15717694475245 
245.15717694475245 
245.15717694475245 
245.15717694475245 
245.15717694475245 
245.15717694475245 
245.15717694475245 
245.15717694475245 
245.15717694475245 
245.15717694475245 
245.15717694475245 
245.15717694475245 
245.15717694475245 
245.15717694475245 
245.15717694475245 
245.15717694475245 
245.15717694475245 
245.15717694475245 
245.15717694475245 
245.15717694475245 
245.15717694475245 
245.15717694475245 
245.15717694475245 
245.15717694475245 
245.15717694475245 
245.15717694475245 
245.15717694475245 
245.15717694475245 
245.15717694475245 
245.15717694475245 
245.15717694475245 
245.15717694475245 
245.15717694475245 
245.15717694475245 
245.15717694475245 
245.15717694475245 
245.15717694475245 
245.15717694475245 
245.15717694475245 
245.15717694475245 
245.15717694475245 
245.15717694475245 
245.15717694475245 
245.15717694475245 
245.15717694475245 
245.15717694475245 
245.15717694475245 
245.15717694475245 
245.15717694475245 
245.15717694475245 
245.15717694475245 
245.15717694475245 
245.15717694475245 
245.15717694475245 
245.15717694475245 
245.15717694475245 
245.15717694475245 
245.15717694475245 
245.15717694475245 
245.15717694475245 
245.15717694475245 
245.15717694475245 
245.15717694475245 
245.15717694475245 
245.15717694475245 
245.15717694475245 
245.15717694475245 
245.15717694475245 
245.15717694475245 
245.15717694475245 
245.15717694475245 
245.15717694475245 
245.15717694475245 
245.15717694475245 
245.15717694475245 
245.15717694475245 
245.15717694475245 
245.15717694475245 
245.15717694475245 
245.15717694475245 
245.15717694475245 
245.15717694475245 
245.15717694475245 
245.15717694475245 
245.15717694475245 
245.15717694475245 
245.15717694475245 
245.15717694475245 
245.15717694475245 
245.15717694475245 
245.15717694475245 
245.15717694475245 
245.15717694475245 
245.15717694475245 
245.15717694475245 
245.15717694475245 
245.15717694475245 
245.15717694475245 
245.15717694475245 
245.15717694475245 
245.15717694475245 
245.15717694475245 
245.15717694475245 
245.15717694475245 
245.15717694475245 
245.15717694475245 
245.15717694475245 
245.15717694475245 
245.15717694475245 
245.15717694475245 
245.15717694475245 
245.15717694475245 
245.15717694475245 
245.15717694475245 
245.15717694475245 
245.15717694475245 
245.15717694475245 
245.15717694475245 
245.15717694475245 
245.15717694475245 
245.15717694475245 
245.15717694475245 
245.15717694475245 
245.15717694475245 
245.15717694475245 
245.15717694475245 
245.15717694475245 
245.15717694475245 
245.15717694475245 
245.15717694475245 
245.15717694475245 
245.15717694475245 
245.15717694475245 
245.15717694475245 
245.15717694475245 
245.15717694475245 
245.15717694475245 
245.15717694475245 
245.15717694475245 
245.15717694475245 
245.15717694475245 
245.15717694475245 
245.15717694475245 
245.15717694475245 
245.15717694475245 
245.15717694475245 
245.15717694475245 
245.15717694475245 
245.15717694475245 
245.15717694475245 
245.15717694475245 
245.15717694475245 
245.15717694475245 
245.15717694475245 
245.15717694475245 
245.15717694475245 
245.15717694475245 
245.15717694475245 
245.15717694475245 
245.15717694475245 
245.15717694475245 
245.15717694475245 
245.15717694475245 
245.15717694475245 
245.15717694475245 
245.15717694475245 
245.15717694475245 
245.15717694475245 
245.15717694475245 
245.15717694475245 
245.15717694475245 
245.15717694475245 
245.15717694475245 
245.15717694475245 
245.15717694475245 
245.15717694475245 
245.15717694475245 
245.15717694475245 
245.15717694475245 
245.15717694475245 
245.15717694475245 
245.15717694475245 
245.15717694475245 
245.15717694475245 
245.15717694475245 
245.15717694475245 
245.15717694475245 
245.15717694475245 
245.15717694475245 
245.15717694475245 
245.15717694475245 
245.15717694475245 
245.15717694475245 
245.15717694475245 
245.15717694475245 
245.15717694475245 
245.15717694475245 
245.15717694475245 
245.15717694475245 
245.15717694475245 
245.15717694475245 
245.15717694475245 
245.15717694475245 
245.15717694475245 
245.15717694475245 
245.15717694475245 
245.15717694475245 
245.15717694475245 
245.15717694475245 
245.15717694475245 
245.15717694475245 
245.15717694475245 
245.15717694475245 
245.15717694475245 
245.15717694475245 
245.15717694475245 
245.15717694475245 
245.15717694475245 
245.15717694475245 
245.15717694475245 
245.15717694475245 
245.15717694475245 
245.15717694475245 
245.15717694475245 
245.15717694475245 
245.15717694475245 
245.15717694475245 
245.15717694475245 
245.15717694475245 
245.15717694475245 
245.15717694475245 
245.15717694475245 
245.15717694475245 
245.15717694475245 
245.15717694475245 
245.15717694475245 
245.15717694475245 
245.15717694475245 
245.15717694475245 
245.15717694475245 
245.15717694475245 
245.15717694475245 
245.15717694475245 
245.15717694475245 
245.15717694475245 
245.15717694475245 
245.15717694475245 
245.15717694475245 
245.15717694475245 
245.15717694475245 
245.15717694475245 
245.15717694475245 
245.15717694475245 
245.15717694475245 
245.15717694475245 
245.15717694475245 
245.15717694475245 
245.15717694475245 
245.15717694475245 
245.15717694475245 
245.15717694475245 
245.15717694475245 
245.15717694475245 
245.15717694475245 
245.15717694475245 
245.15717694475245 
245.15717694475245 
245.15717694475245 
245.15717694475245 
245.15717694475245 
245.15717694475245 
245.15717694475245 
245.15717694475245 
245.15717694475245 
245.15717694475245 
245.15717694475245 
245.15717694475245 
245.15717694475245 
245.15717694475245 
245.15717694475245 
245.15717694475245 
245.15717694475245 
245.15717694475245 
245.15717694475245 
245.15717694475245 
245.15717694475245 
245.15717694475245 
245.15717694475245 
245.15717694475245 
245.15717694475245 
245.15717694475245 
245.15717694475245 
245.15717694475245 
245.15717694475245 
245.15717694475245 
245.15717694475245 
245.15717694475245 
245.15717694475245 
245.15717694475245 
245.15717694475245 
245.15717694475245 
245.15717694475245 
245.15717694475245 
245.15717694475245 
245.15717694475245 
245.15717694475245 
245.15717694475245 
245.15717694475245 
245.15717694475245 
245.15717694475245 
245.15717694475245 
245.15717694475245 
245.15717694475245 
245.15717694475245 
245.15717694475245 
245.15717694475245 
245.15717694475245 
245.15717694475245 
245.15717694475245 
245.15717694475245 
245.15717694475245 
245.15717694475245 
245.15717694475245 
245.15717694475245 
245.15717694475245 
245.15717694475245 
245.15717694475245 
245.15717694475245 
245.15717694475245 
245.15717694475245 
245.15717694475245 
245.15717694475245 
245.15717694475245 
245.15717694475245 
245.15717694475245 
245.15717694475245 
245.15717694475245 
245.15717694475245 
245.15717694475245 
245.15717694475245 
245.15717694475245 
245.15717694475245 
245.15717694475245 
245.15717694475245 
245.15717694475245 
245.15717694475245 
245.15717694475245 
245.15717694475245 
245.15717694475245 
245.15717694475245 
245.15717694475245 
245.15717694475245 
245.15717694475245 
245.15717694475245 
245.15717694475245 
245.15717694475245 
245.15717694475245 
245.15717694475245 
245.15717694475245 
245.15717694475245 
245.15717694475245 
245.15717694475245 
245.15717694475245 
245.15717694475245 
245.15717694475245 
245.15717694475245 
245.15717694475245 
245.15717694475245 
245.15717694475245 
245.15717694475245 
245.15717694475245 
245.15717694475245 
245.15717694475245 
245.15717694475245 
245.15717694475245 
245.15717694475245 
245.15717694475245 
245.15717694475245 
245.15717694475245 
245.15717694475245 
245.15717694475245 
245.15717694475245 
245.15717694475245 
245.15717694475245 
245.15717694475245 
245.15717694475245 
245.15717694475245 
245.15717694475245 
245.15717694475245 
245.15717694475245 
245.15717694475245 
245.15717694475245 
245.15717694475245 
245.15717694475245 
245.15717694475245 
245.15717694475245 
245.15717694475245 
245.15717694475245 
245.15717694475245 
245.15717694475245 
245.15717694475245 
245.15717694475245 
245.15717694475245 
245.15717694475245 
245.15717694475245 
245.15717694475245 
245.15717694475245 
245.15717694475245 
245.15717694475245 
245.15717694475245 
245.15717694475245 
245.15717694475245 
245.15717694475245 
245.15717694475245 
245.15717694475245 
245.15717694475245 
245.15717694475245 
245.15717694475245 
245.15717694475245 
245.15717694475245 
245.15717694475245 
245.15717694475245 
245.15717694475245 
245.15717694475245 
245.15717694475245 
245.15717694475245 
245.15717694475245 
245.15717694475245 
245.15717694475245 
245.15717694475245 
245.15717694475245 
245.15717694475245 
245.15717694475245 
245.15717694475245 
245.15717694475245 
245.15717694475245 
245.15717694475245 
245.15717694475245 
245.15717694475245 
245.15717694475245 
245.15717694475245 
245.15717694475245 
245.15717694475245 
245.15717694475245 
245.15717694475245 
245.15717694475245 
245.15717694475245 
245.15717694475245 
245.15717694475245 
245.15717694475245 
245.15717694475245 
245.15717694475245 
245.15717694475245 
245.15717694475245 
245.15717694475245 
245.15717694475245 
245.15717694475245 
245.15717694475245 
245.15717694475245 
245.15717694475245 
245.15717694475245 
245.15717694475245 
245.15717694475245 
245.15717694475245 
245.15717694475245 
245.15717694475245 
245.15717694475245 
245.15717694475245 
245.15717694475245 
245.15717694475245 
245.15717694475245 
245.15717694475245 
245.15717694475245 
245.15717694475245 
245.15717694475245 
245.15717694475245 
245.15717694475245 
245.15717694475245 
245.15717694475245 
245.15717694475245 
245.15717694475245 
245.15717694475245 
245.15717694475245 
245.15717694475245 
245.15717694475245 
245.15717694475245 
245.15717694475245 
245.15717694475245 
245.15717694475245 
245.15717694475245 
245.15717694475245 
245.15717694475245 
245.15717694475245 
245.15717694475245 
245.15717694475245 
245.15717694475245 
245.15717694475245 
245.15717694475245 
245.15717694475245 
245.15717694475245 
245.15717694475245 
245.15717694475245 
245.15717694475245 
245.15717694475245 
245.15717694475245 
245.15717694475245 
245.15717694475245 
245.15717694475245 
245.15717694475245 
245.15717694475245 
245.15717694475245 
245.15717694475245 
245.15717694475245 
245.15717694475245 
245.15717694475245 
245.15717694475245 
245.15717694475245 
245.15717694475245 
245.15717694475245 
245.15717694475245 
245.15717694475245 
245.15717694475245 
245.15717694475245 
245.15717694475245 
245.15717694475245 
245.15717694475245 
245.15717694475245 
245.15717694475245 
245.15717694475245 
245.15717694475245 
245.15717694475245 
245.15717694475245 
245.15717694475245 
245.15717694475245 
245.15717694475245 
245.15717694475245 
245.15717694475245 
245.15717694475245 
245.15717694475245 
245.15717694475245 
245.15717694475245 
245.15717694475245 
245.15717694475245 
245.15717694475245 
245.15717694475245 
245.15717694475245 
245.15717694475245 
245.15717694475245 
245.15717694475245 
245.15717694475245 
245.15717694475245 
245.15717694475245 
245.15717694475245 
245.15717694475245 
245.15717694475245 
245.15717694475245 
245.15717694475245 
245.15717694475245 
245.15717694475245 
245.15717694475245 
245.15717694475245 
245.15717694475245 
245.15717694475245 
245.15717694475245 
245.15717694475245 
245.15717694475245 
245.15717694475245 
245.15717694475245 
245.15717694475245 
245.15717694475245 
245.15717694475245 
245.15717694475245 
245.15717694475245 
245.15717694475245 
245.15717694475245 
245.15717694475245 
245.15717694475245 
245.15717694475245 
245.15717694475245 
245.15717694475245 
245.15717694475245 
245.15717694475245 
245.15717694475245 
245.15717694475245 
245.15717694475245 
245.15717694475245 
245.15717694475245 
245.15717694475245 
245.15717694475245 
245.15717694475245 
245.15717694475245 
245.15717694475245 
245.15717694475245 
245.15717694475245 
245.15717694475245 
245.15717694475245 
245.15717694475245 
245.15717694475245 
245.15717694475245 
245.15717694475245 
245.15717694475245 
245.15717694475245 
245.15717694475245 
245.15717694475245 
245.15717694475245 
245.15717694475245 
245.15717694475245 
245.15717694475245 
245.15717694475245 
245.15717694475245 
245.15717694475245 
245.15717694475245 
245.15717694475245 
245.15717694475245 
245.15717694475245 
245.15717694475245 
245.15717694475245 
245.15717694475245 
245.15717694475245 
245.15717694475245 
245.15717694475245 
245.15717694475245 
245.15717694475245 
245.15717694475245 
245.15717694475245 
245.15717694475245 
245.15717694475245 
245.15717694475245 
245.15717694475245 
245.15717694475245 
245.15717694475245 
245.15717694475245 
245.15717694475245 
245.15717694475245 
245.15717694475245 
245.15717694475245 
245.15717694475245 
245.15717694475245 
245.15717694475245 
245.15717694475245 
245.15717694475245 
245.15717694475245 
245.15717694475245 
245.15717694475245 
245.15717694475245 
245.15717694475245 
245.15717694475245 
245.15717694475245 
245.15717694475245 
245.15717694475245 
245.15717694475245 
245.15717694475245 
245.15717694475245 
245.15717694475245 
245.15717694475245 
245.15717694475245 
245.15717694475245 
245.15717694475245 
245.15717694475245 
245.15717694475245 
245.15717694475245 
245.15717694475245 
245.15717694475245 
245.15717694475245 
245.15717694475245 
245.15717694475245 
245.15717694475245 
245.15717694475245 
245.15717694475245 
245.15717694475245 
245.15717694475245 
245.15717694475245 
245.15717694475245 
245.15717694475245 
245.15717694475245 
245.15717694475245 
245.15717694475245 
245.15717694475245 
245.15717694475245 
245.15717694475245 
245.15717694475245 
245.15717694475245 
245.15717694475245 
245.15717694475245 
245.15717694475245 
245.15717694475245 
245.15717694475245 
245.15717694475245 
245.15717694475245 
245.15717694475245 
245.15717694475245 
245.15717694475245 
245.15717694475245 
245.15717694475245 
245.15717694475245 
245.15717694475245 
245.15717694475245 
245.15717694475245 
245.15717694475245 
245.15717694475245 
245.15717694475245 
245.15717694475245 
245.15717694475245 
245.15717694475245 
245.15717694475245 
245.15717694475245 
245.15717694475245 
245.15717694475245 
245.15717694475245 
245.15717694475245 
245.15717694475245 
245.15717694475245 
245.15717694475245 
245.15717694475245 
245.15717694475245 
245.15717694475245 
245.15717694475245 
245.15717694475245 
245.15717694475245 
245.15717694475245 
245.15717694475245 
245.15717694475245 
245.15717694475245 
245.15717694475245 
245.15717694475245 
245.15717694475245 
245.15717694475245 
245.15717694475245 
245.15717694475245 
245.15717694475245 
245.15717694475245 
245.15717694475245 
245.15717694475245 
245.15717694475245 
245.15717694475245 
245.15717694475245 
245.15717694475245 
245.15717694475245 
245.15717694475245 
245.15717694475245 
245.15717694475245 
245.15717694475245 
245.15717694475245 
245.15717694475245 
245.15717694475245 
245.15717694475245 
245.15717694475245 
245.15717694475245 
245.15717694475245 
245.15717694475245 
245.15717694475245 
245.15717694475245 
245.15717694475245 
245.15717694475245 
245.15717694475245 
245.15717694475245 
245.15717694475245 
245.15717694475245 
245.15717694475245 
245.15717694475245 
245.15717694475245 
245.15717694475245 
245.15717694475245 
245.15717694475245 
245.15717694475245 
245.15717694475245 
245.15717694475245 
245.15717694475245 
245.15717694475245 
245.15717694475245 
245.15717694475245 
245.15717694475245 
245.15717694475245 
245.15717694475245 
245.15717694475245 
245.15717694475245 
245.15717694475245 
245.15717694475245 
245.15717694475245 
245.15717694475245 
245.15717694475245 
245.15717694475245 
245.15717694475245 
245.15717694475245 
245.15717694475245 
245.15717694475245 
245.15717694475245 
245.15717694475245 
245.15717694475245 
245.15717694475245 
245.15717694475245 
245.15717694475245 
245.15717694475245 
245.15717694475245 
245.15717694475245 
245.15717694475245 
245.15717694475245 
245.15717694475245 
245.15717694475245 
245.15717694475245 
245.15717694475245 
245.15717694475245 
245.15717694475245 
245.15717694475245 
245.15717694475245 
245.15717694475245 
245.15717694475245 
245.15717694475245 
245.15717694475245 
245.15717694475245 
245.15717694475245 
245.15717694475245 
245.15717694475245 
245.15717694475245 
245.15717694475245 
245.15717694475245 
245.15717694475245 
245.15717694475245 
245.15717694475245 
245.15717694475245 
245.15717694475245 
245.15717694475245 
245.15717694475245 
245.15717694475245 
245.15717694475245 
245.15717694475245 
245.15717694475245 
245.15717694475245 
245.15717694475245 
245.15717694475245 
245.15717694475245 
245.15717694475245 
245.15717694475245 
245.15717694475245 
245.15717694475245 
245.15717694475245 
245.15717694475245 
245.15717694475245 
245.15717694475245 
245.15717694475245 
245.15717694475245 
245.15717694475245 
245.15717694475245 
245.15717694475245 
245.15717694475245 
245.15717694475245 
245.15717694475245 
245.15717694475245 
245.15717694475245 
245.15717694475245 
245.15717694475245 
245.15717694475245 
245.15717694475245 
245.15717694475245 
245.15717694475245 
245.15717694475245 
245.15717694475245 
245.15717694475245 
245.15717694475245 
245.15717694475245 
245.15717694475245 
245.15717694475245 
245.15717694475245 
245.15717694475245 
245.15717694475245 
245.15717694475245 
245.15717694475245 
245.15717694475245 
245.15717694475245 
245.15717694475245 
245.15717694475245 
245.15717694475245 
245.15717694475245 
245.15717694475245 
245.15717694475245 
245.15717694475245 
245.15717694475245 
245.15717694475245 
245.15717694475245 
245.15717694475245 
245.15717694475245 
245.15717694475245 
245.15717694475245 
245.15717694475245 
245.15717694475245 
245.15717694475245 
245.15717694475245 
245.15717694475245 
245.15717694475245 
245.15717694475245 
245.15717694475245 
245.15717694475245 
245.15717694475245 
245.15717694475245 
245.15717694475245 
245.15717694475245 
245.15717694475245 
245.15717694475245 
245.15717694475245 
245.15717694475245 
245.15717694475245 
245.15717694475245 
245.15717694475245 
245.15717694475245 
245.15717694475245 
245.15717694475245 
245.15717694475245 
245.15717694475245 
245.15717694475245 
245.15717694475245 
245.15717694475245 
245.15717694475245 
245.15717694475245 
245.15717694475245 
245.15717694475245 
245.15717694475245 
245.15717694475245 
245.15717694475245 
245.15717694475245 
245.15717694475245 
245.15717694475245 
245.15717694475245 
245.15717694475245 
245.15717694475245 
245.15717694475245 
245.15717694475245 
245.15717694475245 
245.15717694475245 
245.15717694475245 
245.15717694475245 
245.15717694475245 
245.15717694475245 
245.15717694475245 
245.15717694475245 
245.15717694475245 
245.15717694475245 
245.15717694475245 
245.15717694475245 
245.15717694475245 
245.15717694475245 
245.15717694475245 
245.15717694475245 
245.15717694475245 
245.15717694475245 
245.15717694475245 
245.15717694475245 
245.15717694475245 
245.15717694475245 
245.15717694475245 
245.15717694475245 
245.15717694475245 
245.15717694475245 
245.15717694475245 
245.15717694475245 
245.15717694475245 
245.15717694475245 
245.15717694475245 
245.15717694475245 
245.15717694475245 
245.15717694475245 
245.15717694475245 
245.15717694475245 
245.15717694475245 
245.15717694475245 
245.15717694475245 
245.15717694475245 
245.15717694475245 
245.15717694475245 
245.15717694475245 
245.15717694475245 
245.15717694475245 
245.15717694475245 
245.15717694475245 
245.15717694475245 
245.15717694475245 
245.15717694475245 
245.15717694475245 
245.15717694475245 
245.15717694475245 
245.15717694475245 
245.15717694475245 
245.15717694475245 
245.15717694475245 
245.15717694475245 
245.15717694475245 
245.15717694475245 
245.15717694475245 
245.15717694475245 
245.15717694475245 
245.15717694475245 
245.15717694475245 
245.15717694475245 
245.15717694475245 
245.15717694475245 
245.15717694475245 
245.15717694475245 
245.15717694475245 
245.15717694475245 
245.15717694475245 
245.15717694475245 
245.15717694475245 
245.15717694475245 
245.15717694475245 
245.15717694475245 
245.15717694475245 
245.15717694475245 
245.15717694475245 
245.15717694475245 
245.15717694475245 
245.15717694475245 
245.15717694475245 
245.15717694475245 
245.15717694475245 
245.15717694475245 
245.15717694475245 
245.15717694475245 
245.15717694475245 
245.15717694475245 
245.15717694475245 
245.15717694475245 
245.15717694475245 
245.15717694475245 
245.15717694475245 
245.15717694475245 
245.15717694475245 
245.15717694475245 
245.15717694475245 
245.15717694475245 
245.15717694475245 
245.15717694475245 
245.15717694475245 
245.15717694475245 
245.15717694475245 
245.15717694475245 
245.15717694475245 
245.15717694475245 
245.15717694475245 
245.15717694475245 
245.15717694475245 
245.15717694475245 
245.15717694475245 
245.15717694475245 
245.15717694475245 
245.15717694475245 
245.15717694475245 
245.15717694475245 
245.15717694475245 
245.15717694475245 
245.15717694475245 
245.15717694475245 
245.15717694475245 
245.15717694475245 
245.15717694475245 
245.15717694475245 
245.15717694475245 
245.15717694475245 
245.15717694475245 
245.15717694475245 
245.15717694475245 
245.15717694475245 
245.15717694475245 
245.15717694475245 
245.15717694475245 
245.15717694475245 
245.15717694475245 
245.15717694475245 
245.15717694475245 
245.15717694475245 
245.15717694475245 
245.15717694475245 
245.15717694475245 
245.15717694475245 
245.15717694475245 
245.15717694475245 
245.15717694475245 
245.15717694475245 
245.15717694475245 
245.15717694475245 
245.15717694475245 
245.15717694475245 
245.15717694475245 
245.15717694475245 
245.15717694475245 
245.15717694475245 
245.15717694475245 
245.15717694475245 
245.15717694475245 
245.15717694475245 
245.15717694475245 
245.15717694475245 
245.15717694475245 
245.15717694475245 
245.15717694475245 
245.15717694475245 
245.15717694475245 
245.15717694475245 
245.15717694475245 
245.15717694475245 
245.15717694475245 
245.15717694475245 
245.15717694475245 
245.15717694475245 
245.15717694475245 
245.15717694475245 
245.15717694475245 
245.15717694475245 
245.15717694475245 
245.15717694475245 
245.15717694475245 
245.15717694475245 
245.15717694475245 
245.15717694475245 
245.15717694475245 
245.15717694475245 
245.15717694475245 
245.15717694475245 
245.15717694475245 
245.15717694475245 
245.15717694475245 
245.15717694475245 
245.15717694475245 
245.15717694475245 
245.15717694475245 
245.15717694475245 
245.15717694475245 
245.15717694475245 
245.15717694475245 
245.15717694475245 
245.15717694475245 
245.15717694475245 
245.15717694475245 
245.15717694475245 
245.15717694475245 
245.15717694475245 
245.15717694475245 
245.15717694475245 
245.15717694475245 
245.15717694475245 
245.15717694475245 
245.15717694475245 
245.15717694475245 
245.15717694475245 
245.15717694475245 
245.15717694475245 
245.15717694475245 
245.15717694475245 
245.15717694475245 
245.15717694475245 
245.15717694475245 
245.15717694475245 
245.15717694475245 
245.15717694475245 
245.15717694475245 
245.15717694475245 
245.15717694475245 
245.15717694475245 
245.15717694475245 
245.15717694475245 
245.15717694475245 
245.15717694475245 
245.15717694475245 
245.15717694475245 
245.15717694475245 
245.15717694475245 
245.15717694475245 
245.15717694475245 
245.15717694475245 
245.15717694475245 
245.15717694475245 
245.15717694475245 
245.15717694475245 
245.15717694475245 
245.15717694475245 
245.15717694475245 
245.15717694475245 
245.15717694475245 
245.15717694475245 
245.15717694475245 
245.15717694475245 
245.15717694475245 
245.15717694475245 
245.15717694475245 
245.15717694475245 
245.15717694475245 
245.15717694475245 
245.15717694475245 
245.15717694475245 
245.15717694475245 
245.15717694475245 
245.15717694475245 
245.15717694475245 
245.15717694475245 
245.15717694475245 
245.15717694475245 
245.15717694475245 
245.15717694475245 
245.15717694475245 
245.15717694475245 
245.15717694475245 
245.15717694475245 
245.15717694475245 
245.15717694475245 
245.15717694475245 
245.15717694475245 
245.15717694475245 
245.15717694475245 
245.15717694475245 
245.15717694475245 
245.15717694475245 
245.15717694475245 
245.15717694475245 
245.15717694475245 
245.15717694475245 
245.15717694475245 
245.15717694475245 
245.15717694475245 
245.15717694475245 
245.15717694475245 
245.15717694475245 
245.15717694475245 
245.15717694475245 
245.15717694475245 
245.15717694475245 
245.15717694475245 
245.15717694475245 
245.15717694475245 
245.15717694475245 
245.15717694475245 
245.15717694475245 
245.15717694475245 
245.15717694475245 
245.15717694475245 
245.15717694475245 
245.15717694475245 
245.15717694475245 
245.15717694475245 
245.15717694475245 
245.15717694475245 
245.15717694475245 
245.15717694475245 
245.15717694475245 
245.15717694475245 
245.15717694475245 
245.15717694475245 
245.15717694475245 
245.15717694475245 
245.15717694475245 
245.15717694475245 
245.15717694475245 
245.15717694475245 
245.15717694475245 
245.15717694475245 
245.15717694475245 
245.15717694475245 
245.15717694475245 
245.15717694475245 
245.15717694475245 
245.15717694475245 
245.15717694475245 
245.15717694475245 
245.15717694475245 
245.15717694475245 
245.15717694475245 
245.15717694475245 
245.15717694475245 
245.15717694475245 
245.15717694475245 
245.15717694475245 
245.15717694475245 
245.15717694475245 
245.15717694475245 
245.15717694475245 
245.15717694475245 
245.15717694475245 
245.15717694475245 
245.15717694475245 
245.15717694475245 
245.15717694475245 
245.15717694475245 
245.15717694475245 
245.15717694475245 
245.15717694475245 
245.15717694475245 
245.15717694475245 
245.15717694475245 
245.15717694475245 
245.15717694475245 
245.15717694475245 
245.15717694475245 
245.15717694475245 
245.15717694475245 
245.15717694475245 
245.15717694475245 
245.15717694475245 
245.15717694475245 
245.15717694475245 
245.15717694475245 
245.15717694475245 
245.15717694475245 
245.15717694475245 
245.15717694475245 
245.15717694475245 
245.15717694475245 
245.15717694475245 
245.15717694475245 
245.15717694475245 
245.15717694475245 
245.15717694475245 
245.15717694475245 
245.15717694475245 
245.15717694475245 
245.15717694475245 
245.15717694475245 
245.15717694475245 
245.15717694475245 
245.15717694475245 
245.15717694475245 
245.15717694475245 
245.15717694475245 
245.15717694475245 
245.15717694475245 
245.15717694475245 
245.15717694475245 
245.15717694475245 
245.15717694475245 
245.15717694475245 
245.15717694475245 
245.15717694475245 
245.15717694475245 
245.15717694475245 
245.15717694475245 
245.15717694475245 
245.15717694475245 
245.15717694475245 
245.15717694475245 
245.15717694475245 
245.15717694475245 
245.15717694475245 
245.15717694475245 
245.15717694475245 
245.15717694475245 
245.15717694475245 
245.15717694475245 
245.15717694475245 
245.15717694475245 
245.15717694475245 
245.15717694475245 
245.15717694475245 
245.15717694475245 
245.15717694475245 
245.15717694475245 
245.15717694475245 
245.15717694475245 
245.15717694475245 
245.15717694475245 
245.15717694475245 
245.15717694475245 
245.15717694475245 
245.15717694475245 
245.15717694475245 
245.15717694475245 
245.15717694475245 
245.15717694475245 
245.15717694475245 
245.15717694475245 
245.15717694475245 
245.15717694475245 
245.15717694475245 
245.15717694475245 
245.15717694475245 
245.15717694475245 
245.15717694475245 
245.15717694475245 
245.15717694475245 
245.15717694475245 
245.15717694475245 
245.15717694475245 
245.15717694475245 
245.15717694475245 
245.15717694475245 
245.15717694475245 
245.15717694475245 
245.15717694475245 
245.15717694475245 
245.15717694475245 
245.15717694475245 
245.15717694475245 
245.15717694475245 
245.15717694475245 
245.15717694475245 
245.15717694475245 
245.15717694475245 
245.15717694475245 
245.15717694475245 
245.15717694475245 
245.15717694475245 
245.15717694475245 
245.15717694475245 
245.15717694475245 
245.15717694475245 
245.15717694475245 
245.15717694475245 
245.15717694475245 
245.15717694475245 
245.15717694475245 
245.15717694475245 
245.15717694475245 
245.15717694475245 
245.15717694475245 
245.15717694475245 
245.15717694475245 
245.15717694475245 
245.15717694475245 
245.15717694475245 
245.15717694475245 
245.15717694475245 
245.15717694475245 
245.15717694475245 
245.15717694475245 
245.15717694475245 
245.15717694475245 
245.15717694475245 
245.15717694475245 
245.15717694475245 
245.15717694475245 
245.15717694475245 
245.15717694475245 
245.15717694475245 
245.15717694475245 
245.15717694475245 
245.15717694475245 
245.15717694475245 
245.15717694475245 
245.15717694475245 
245.15717694475245 
245.15717694475245 
245.15717694475245 
245.15717694475245 
245.15717694475245 
245.15717694475245 
245.15717694475245 
245.15717694475245 
245.15717694475245 
245.15717694475245 
245.15717694475245 
245.15717694475245 
245.15717694475245 
245.15717694475245 
245.15717694475245 
245.15717694475245 
245.15717694475245 
245.15717694475245 
245.15717694475245 
245.15717694475245 
245.15717694475245 
245.15717694475245 
245.15717694475245 
245.15717694475245 
245.15717694475245 
245.15717694475245 
245.15717694475245 
245.15717694475245 
245.15717694475245 
245.15717694475245 
245.15717694475245 
245.15717694475245 
245.15717694475245 
245.15717694475245 
245.15717694475245 
245.15717694475245 
245.15717694475245 
245.15717694475245 
245.15717694475245 
245.15717694475245 
245.15717694475245 
245.15717694475245 
245.15717694475245 
245.15717694475245 
245.15717694475245 
245.15717694475245 
245.15717694475245 
245.15717694475245 
245.15717694475245 
245.15717694475245 
245.15717694475245 
245.15717694475245 
245.15717694475245 
245.15717694475245 
245.15717694475245 
245.15717694475245 
245.15717694475245 
245.15717694475245 
245.15717694475245 
245.15717694475245 
245.15717694475245 
245.15717694475245 
245.15717694475245 
245.15717694475245 
245.15717694475245 
245.15717694475245 
245.15717694475245 
245.15717694475245 
245.15717694475245 
245.15717694475245 
245.15717694475245 
245.15717694475245 
245.15717694475245 
245.15717694475245 
245.15717694475245 
245.15717694475245 
245.15717694475245 
245.15717694475245 
245.15717694475245 
245.15717694475245 
245.15717694475245 
245.15717694475245 
245.15717694475245 
245.15717694475245 
245.15717694475245 
245.15717694475245 
245.15717694475245 
245.15717694475245 
245.15717694475245 
245.15717694475245 
245.15717694475245 
245.15717694475245 
245.15717694475245 
245.15717694475245 
245.15717694475245 
245.15717694475245 
245.15717694475245 
245.15717694475245 
245.15717694475245 
245.15717694475245 
245.15717694475245 
245.15717694475245 
245.15717694475245 
245.15717694475245 
245.15717694475245 
245.15717694475245 
245.15717694475245 
245.15717694475245 
245.15717694475245 
245.15717694475245 
245.15717694475245 
245.15717694475245 
245.15717694475245 
245.15717694475245 
245.15717694475245 
245.15717694475245 
245.15717694475245 
245.15717694475245 
245.15717694475245 
245.15717694475245 
245.15717694475245 
245.15717694475245 
245.15717694475245 
245.15717694475245 
245.15717694475245 
245.15717694475245 
245.15717694475245 
245.15717694475245 
245.15717694475245 
245.15717694475245 
245.15717694475245 
245.15717694475245 
245.15717694475245 
245.15717694475245 
245.15717694475245 
245.15717694475245 
245.15717694475245 
245.15717694475245 
245.15717694475245 
245.15717694475245 
245.15717694475245 
245.15717694475245 
245.15717694475245 
245.15717694475245 
245.15717694475245 
245.15717694475245 
245.15717694475245 
245.15717694475245 
245.15717694475245 
245.15717694475245 
245.15717694475245 
245.15717694475245 
245.15717694475245 
245.15717694475245 
245.15717694475245 
245.15717694475245 
245.15717694475245 
245.15717694475245 
245.15717694475245 
245.15717694475245 
245.15717694475245 
245.15717694475245 
245.15717694475245 
245.15717694475245 
245.15717694475245 
245.15717694475245 
245.15717694475245 
245.15717694475245 
245.15717694475245 
245.15717694475245 
245.15717694475245 
245.15717694475245 
245.15717694475245 
245.15717694475245 
245.15717694475245 
245.15717694475245 
245.15717694475245 
245.15717694475245 
245.15717694475245 
245.15717694475245 
245.15717694475245 
245.15717694475245 
245.15717694475245 
245.15717694475245 
245.15717694475245 
245.15717694475245 
245.15717694475245 
245.15717694475245 
245.15717694475245 
245.15717694475245 
245.15717694475245 
245.15717694475245 
245.15717694475245 
245.15717694475245 
245.15717694475245 
245.15717694475245 
245.15717694475245 
245.15717694475245 
245.15717694475245 
245.15717694475245 
245.15717694475245 
245.15717694475245 
245.15717694475245 
245.15717694475245 
245.15717694475245 
245.15717694475245 
245.15717694475245 
245.15717694475245 
245.15717694475245 
245.15717694475245 
245.15717694475245 
245.15717694475245 
245.15717694475245 
245.15717694475245 
245.15717694475245 
245.15717694475245 
245.15717694475245 
245.15717694475245 
245.15717694475245 
245.15717694475245 
245.15717694475245 
245.15717694475245 
245.15717694475245 
245.15717694475245 
245.15717694475245 
245.15717694475245 
245.15717694475245 
245.15717694475245 
245.15717694475245 
245.15717694475245 
245.15717694475245 
245.15717694475245 
245.15717694475245 
245.15717694475245 
245.15717694475245 
245.15717694475245 
245.15717694475245 
245.15717694475245 
245.15717694475245 
245.15717694475245 
245.15717694475245 
245.15717694475245 
245.15717694475245 
245.15717694475245 
245.15717694475245 
245.15717694475245 
245.15717694475245 
245.15717694475245 
245.15717694475245 
245.15717694475245 
245.15717694475245 
245.15717694475245 
245.15717694475245 
245.15717694475245 
245.15717694475245 
245.15717694475245 
245.15717694475245 
245.15717694475245 
245.15717694475245 
245.15717694475245 
245.15717694475245 
245.15717694475245 
245.15717694475245 
245.15717694475245 
245.15717694475245 
245.15717694475245 
245.15717694475245 
245.15717694475245 
245.15717694475245 
245.15717694475245 
245.15717694475245 
245.15717694475245 
245.15717694475245 
245.15717694475245 
245.15717694475245 
245.15717694475245 
245.15717694475245 
245.15717694475245 
245.15717694475245 
245.15717694475245 
245.15717694475245 
245.15717694475245 
245.15717694475245 
245.15717694475245 
245.15717694475245 
245.15717694475245 
245.15717694475245 
245.15717694475245 
245.15717694475245 
245.15717694475245 
245.15717694475245 
245.15717694475245 
245.15717694475245 
245.15717694475245 
245.15717694475245 
245.15717694475245 
245.15717694475245 
245.15717694475245 
245.15717694475245 
245.15717694475245 
245.15717694475245 
245.15717694475245 
245.15717694475245 
245.15717694475245 
245.15717694475245 
245.15717694475245 
245.15717694475245 
245.15717694475245 
245.15717694475245 
245.15717694475245 
245.15717694475245 
245.15717694475245 
245.15717694475245 
245.15717694475245 
245.15717694475245 
245.15717694475245 
245.15717694475245 
245.15717694475245 
245.15717694475245 
245.15717694475245 
245.15717694475245 
245.15717694475245 
245.15717694475245 
245.15717694475245 
245.15717694475245 
245.15717694475245 
245.15717694475245 
245.15717694475245 
245.15717694475245 
245.15717694475245 
245.15717694475245 
245.15717694475245 
245.15717694475245 
245.15717694475245 
245.15717694475245 
245.15717694475245 
245.15717694475245 
245.15717694475245 
245.15717694475245 
245.15717694475245 
245.15717694475245 
245.15717694475245 
245.15717694475245 
245.15717694475245 
245.15717694475245 
245.15717694475245 
245.15717694475245 
245.15717694475245 
245.15717694475245 
245.15717694475245 
245.15717694475245 
245.15717694475245 
245.15717694475245 
245.15717694475245 
245.15717694475245 
245.15717694475245 
245.15717694475245 
245.15717694475245 
245.15717694475245 
245.15717694475245 
245.15717694475245 
245.15717694475245 
245.15717694475245 
245.15717694475245 
245.15717694475245 
245.15717694475245 
245.15717694475245 
245.15717694475245 
245.15717694475245 
245.15717694475245 
245.15717694475245 
245.15717694475245 
245.15717694475245 
245.15717694475245 
245.15717694475245 
245.15717694475245 
245.15717694475245 
245.15717694475245 
245.15717694475245 
245.15717694475245 
245.15717694475245 
245.15717694475245 
245.15717694475245 
245.15717694475245 
245.15717694475245 
245.15717694475245 
245.15717694475245 
245.15717694475245 
245.15717694475245 
245.15717694475245 
245.15717694475245 
245.15717694475245 
245.15717694475245 
245.15717694475245 
245.15717694475245 
245.15717694475245 
245.15717694475245 
245.15717694475245 
245.15717694475245 
245.15717694475245 
245.15717694475245 
245.15717694475245 
245.15717694475245 
245.15717694475245 
245.15717694475245 
245.15717694475245 
245.15717694475245 
245.15717694475245 
245.15717694475245 
245.15717694475245 
245.15717694475245 
245.15717694475245 
245.15717694475245 
245.15717694475245 
245.15717694475245 
245.15717694475245 
245.15717694475245 
245.15717694475245 
245.15717694475245 
245.15717694475245 
245.15717694475245 
245.15717694475245 
245.15717694475245 
245.15717694475245 
245.15717694475245 
245.15717694475245 
245.15717694475245 
245.15717694475245 
245.15717694475245 
245.15717694475245 
245.15717694475245 
245.15717694475245 
245.15717694475245 
245.15717694475245 
245.15717694475245 
245.15717694475245 
245.15717694475245 
245.15717694475245 
245.15717694475245 
245.15717694475245 
245.15717694475245 
245.15717694475245 
245.15717694475245 
245.15717694475245 
245.15717694475245 
245.15717694475245 
245.15717694475245 
245.15717694475245 
245.15717694475245 
245.15717694475245 
245.15717694475245 
245.15717694475245 
245.15717694475245 
245.15717694475245 
245.15717694475245 
245.15717694475245 
245.15717694475245 
245.15717694475245 
245.15717694475245 
245.15717694475245 
245.15717694475245 
245.15717694475245 
245.15717694475245 
245.15717694475245 
245.15717694475245 
245.15717694475245 
245.15717694475245 
245.15717694475245 
245.15717694475245 
245.15717694475245 
245.15717694475245 
245.15717694475245 
245.15717694475245 
245.15717694475245 
245.15717694475245 
245.15717694475245 
245.15717694475245 
245.15717694475245 
245.15717694475245 
245.15717694475245 
245.15717694475245 
245.15717694475245 
245.15717694475245 
245.15717694475245 
245.15717694475245 
245.15717694475245 
245.15717694475245 
245.15717694475245 
245.15717694475245 
245.15717694475245 
245.15717694475245 
245.15717694475245 
245.15717694475245 
245.15717694475245 
245.15717694475245 
245.15717694475245 
245.15717694475245 
245.15717694475245 
245.15717694475245 
245.15717694475245 
245.15717694475245 
245.15717694475245 
245.15717694475245 
245.15717694475245 
245.15717694475245 
245.15717694475245 
245.15717694475245 
245.15717694475245 
245.15717694475245 
245.15717694475245 
245.15717694475245 
245.15717694475245 
245.15717694475245 
245.15717694475245 
245.15717694475245 
245.15717694475245 
245.15717694475245 
245.15717694475245 
245.15717694475245 
245.15717694475245 
245.15717694475245 
245.15717694475245 
245.15717694475245 
245.15717694475245 
245.15717694475245 
245.15717694475245 
245.15717694475245 
245.15717694475245 
245.15717694475245 
245.15717694475245 
245.15717694475245 
245.15717694475245 
245.15717694475245 
245.15717694475245 
245.15717694475245 
245.15717694475245 
245.15717694475245 
245.15717694475245 
245.15717694475245 
245.15717694475245 
245.15717694475245 
245.15717694475245 
245.15717694475245 
245.15717694475245 
245.15717694475245 
245.15717694475245 
245.15717694475245 
245.15717694475245 
245.15717694475245 
245.15717694475245 
245.15717694475245 
245.15717694475245 
245.15717694475245 
245.15717694475245 
245.15717694475245 
245.15717694475245 
245.15717694475245 
245.15717694475245 
245.15717694475245 
245.15717694475245 
245.15717694475245 
245.15717694475245 
245.15717694475245 
245.15717694475245 
245.15717694475245 
245.15717694475245 
245.15717694475245 
245.15717694475245 
245.15717694475245 
245.15717694475245 
245.15717694475245 
245.15717694475245 
245.15717694475245 
245.15717694475245 
245.15717694475245 
245.15717694475245 
245.15717694475245 
245.15717694475245 
245.15717694475245 
245.15717694475245 
245.15717694475245 
245.15717694475245 
245.15717694475245 
245.15717694475245 
245.15717694475245 
245.15717694475245 
245.15717694475245 
245.15717694475245 
245.15717694475245 
245.15717694475245 
245.15717694475245 
245.15717694475245 
245.15717694475245 
245.15717694475245 
245.15717694475245 
245.15717694475245 
245.15717694475245 
245.15717694475245 
245.15717694475245 
245.15717694475245 
245.15717694475245 
245.15717694475245 
245.15717694475245 
245.15717694475245 
245.15717694475245 
245.15717694475245 
245.15717694475245 
245.15717694475245 
245.15717694475245 
245.15717694475245 
245.15717694475245 
245.15717694475245 
245.15717694475245 
245.15717694475245 
245.15717694475245 
245.15717694475245 
245.15717694475245 
245.15717694475245 
245.15717694475245 
245.15717694475245 
245.15717694475245 
245.15717694475245 
245.15717694475245 
245.15717694475245 
245.15717694475245 
245.15717694475245 
245.15717694475245 
245.15717694475245 
245.15717694475245 
245.15717694475245 
245.15717694475245 
245.15717694475245 
245.15717694475245 
245.15717694475245 
245.15717694475245 
245.15717694475245 
245.15717694475245 
245.15717694475245 
245.15717694475245 
245.15717694475245 
245.15717694475245 
245.15717694475245 
245.15717694475245 
245.15717694475245 
245.15717694475245 
245.15717694475245 
245.15717694475245 
245.15717694475245 
245.15717694475245 
245.15717694475245 
245.15717694475245 
245.15717694475245 
245.15717694475245 
245.15717694475245 
245.15717694475245 
245.15717694475245 
245.15717694475245 
245.15717694475245 
245.15717694475245 
245.15717694475245 
245.15717694475245 
245.15717694475245 
245.15717694475245 
245.15717694475245 
245.15717694475245 
245.15717694475245 
245.15717694475245 
245.15717694475245 
245.15717694475245 
245.15717694475245 
245.15717694475245 
245.15717694475245 
245.15717694475245 
245.15717694475245 
245.15717694475245 
245.15717694475245 
245.15717694475245 
245.15717694475245 
245.15717694475245 
245.15717694475245 
245.15717694475245 
245.15717694475245 
245.15717694475245 
245.15717694475245 
245.15717694475245 
245.15717694475245 
245.15717694475245 
245.15717694475245 
245.15717694475245 
245.15717694475245 
245.15717694475245 
245.15717694475245 
245.15717694475245 
245.15717694475245 
245.15717694475245 
245.15717694475245 
245.15717694475245 
245.15717694475245 
245.15717694475245 
245.15717694475245 
245.15717694475245 
245.15717694475245 
245.15717694475245 
245.15717694475245 
245.15717694475245 
245.15717694475245 
245.15717694475245 
245.15717694475245 
245.15717694475245 
245.15717694475245 
245.15717694475245 
245.15717694475245 
245.15717694475245 
245.15717694475245 
245.15717694475245 
245.15717694475245 
245.15717694475245 
245.15717694475245 
245.15717694475245 
245.15717694475245 
245.15717694475245 
245.15717694475245 
245.15717694475245 
245.15717694475245 
245.15717694475245 
245.15717694475245 
245.15717694475245 
245.15717694475245 
245.15717694475245 
245.15717694475245 
245.15717694475245 
245.15717694475245 
245.15717694475245 
245.15717694475245 
245.15717694475245 
245.15717694475245 
245.15717694475245 
245.15717694475245 
245.15717694475245 
245.15717694475245 
245.15717694475245 
245.15717694475245 
245.15717694475245 
245.15717694475245 
245.15717694475245 
245.15717694475245 
245.15717694475245 
245.15717694475245 
245.15717694475245 
245.15717694475245 
245.15717694475245 
245.15717694475245 
245.15717694475245 
245.15717694475245 
245.15717694475245 
245.15717694475245 
245.15717694475245 
245.15717694475245 
245.15717694475245 
245.15717694475245 
245.15717694475245 
245.15717694475245 
245.15717694475245 
245.15717694475245 
245.15717694475245 
245.15717694475245 
245.15717694475245 
245.15717694475245 
245.15717694475245 
245.15717694475245 
245.15717694475245 
245.15717694475245 
245.15717694475245 
245.15717694475245 
245.15717694475245 
245.15717694475245 
245.15717694475245 
245.15717694475245 
245.15717694475245 
245.15717694475245 
245.15717694475245 
245.15717694475245 
245.15717694475245 
245.15717694475245 
245.15717694475245 
245.15717694475245 
245.15717694475245 
245.15717694475245 
245.15717694475245 
245.15717694475245 
245.15717694475245 
245.15717694475245 
245.15717694475245 
245.15717694475245 
245.15717694475245 
245.15717694475245 
245.15717694475245 
245.15717694475245 
245.15717694475245 
245.15717694475245 
245.15717694475245 
245.15717694475245 
245.15717694475245 
245.15717694475245 
245.15717694475245 
245.15717694475245 
245.15717694475245 
245.15717694475245 
245.15717694475245 
245.15717694475245 
245.15717694475245 
245.15717694475245 
245.15717694475245 
245.15717694475245 
245.15717694475245 
245.15717694475245 
245.15717694475245 
245.15717694475245 
245.15717694475245 
245.15717694475245 
245.15717694475245 
245.15717694475245 
245.15717694475245 
245.15717694475245 
245.15717694475245 
245.15717694475245 
245.15717694475245 
245.15717694475245 
245.15717694475245 
245.15717694475245 
245.15717694475245 
245.15717694475245 
245.15717694475245 
245.15717694475245 
245.15717694475245 
245.15717694475245 
245.15717694475245 
245.15717694475245 
245.15717694475245 
245.15717694475245 
245.15717694475245 
245.15717694475245 
245.15717694475245 
245.15717694475245 
245.15717694475245 
245.15717694475245 
245.15717694475245 
245.15717694475245 
245.15717694475245 
245.15717694475245 
245.15717694475245 
245.15717694475245 
245.15717694475245 
245.15717694475245 
245.15717694475245 
245.15717694475245 
245.15717694475245 
245.15717694475245 
245.15717694475245 
245.15717694475245 
245.15717694475245 
245.15717694475245 
245.15717694475245 
245.15717694475245 
245.15717694475245 
245.15717694475245 
245.15717694475245 
245.15717694475245 
245.15717694475245 
245.15717694475245 
245.15717694475245 
245.15717694475245 
245.15717694475245 
245.15717694475245 
245.15717694475245 
245.15717694475245 
245.15717694475245 
245.15717694475245 
245.15717694475245 
245.15717694475245 
245.15717694475245 
245.15717694475245 
245.15717694475245 
245.15717694475245 
245.15717694475245 
245.15717694475245 
245.15717694475245 
245.15717694475245 
245.15717694475245 
245.15717694475245 
245.15717694475245 
245.15717694475245 
245.15717694475245 
245.15717694475245 
245.15717694475245 
245.15717694475245 
245.15717694475245 
245.15717694475245 
245.15717694475245 
245.15717694475245 
245.15717694475245 
245.15717694475245 
245.15717694475245 
245.15717694475245 
245.15717694475245 
245.15717694475245 
245.15717694475245 
245.15717694475245 
245.15717694475245 
245.15717694475245 
245.15717694475245 
245.15717694475245 
245.15717694475245 
245.15717694475245 
245.15717694475245 
245.15717694475245 
245.15717694475245 
245.15717694475245 
245.15717694475245 
245.15717694475245 
245.15717694475245 
245.15717694475245 
245.15717694475245 
245.15717694475245 
245.15717694475245 
245.15717694475245 
245.15717694475245 
245.15717694475245 
245.15717694475245 
245.15717694475245 
245.15717694475245 
245.15717694475245 
245.15717694475245 
245.15717694475245 
245.15717694475245 
245.15717694475245 
245.15717694475245 
245.15717694475245 
245.15717694475245 
245.15717694475245 
245.15717694475245 
245.15717694475245 
245.15717694475245 
245.15717694475245 
245.15717694475245 
245.15717694475245 
245.15717694475245 
245.15717694475245 
245.15717694475245 
245.15717694475245 
245.15717694475245 
245.15717694475245 
245.15717694475245 
245.15717694475245 
245.15717694475245 
245.15717694475245 
245.15717694475245 
245.15717694475245 
245.15717694475245 
245.15717694475245 
245.15717694475245 
245.15717694475245 
245.15717694475245 
245.15717694475245 
245.15717694475245 
245.15717694475245 
245.15717694475245 
245.15717694475245 
245.15717694475245 
245.15717694475245 
245.15717694475245 
245.15717694475245 
245.15717694475245 
245.15717694475245 
245.15717694475245 
245.15717694475245 
245.15717694475245 
245.15717694475245 
245.15717694475245 
245.15717694475245 
245.15717694475245 
