,close,date,high,low,open,quoteVolume,volume,weightedAverage,avg_vol_3,avg_close_3,avg_close_13,avg_close_34,std_close,std_high
0,37.05981872,1570138821,37.05981872,37.05981872,37.05981872,0.0,0.0,37.05981872,1,1,1,1,1.0,1.0
1,37.22292245,1570140000,37.451976,37.13056134,37.13056134,0.30619942,11.41741204,37.28750382,1,1,1,1,0.9975187034246421,1.0086563372165815
2,36.66782748,1570147200,37.12986515,36.57638651,37.12986515,0.72373945,26.58470342,36.73242273,1,1,1,1,1.012600628446068,1.015132130120308
3,36.66736913,1570154400,36.75949705,36.58381072,36.75949705,0.76970058,28.17076656,36.59964314,1,1,1,1,1.0025125315010568,1.004802297151181
4,36.48357738,1570161600,36.583811,36.030351,36.583811,24.60169945,888.41876781,36.11208931,1,1,1,1,1.0027473627094186,1.0153609383377917
5,36.66599413,1570168800,36.66599413,36.39214104,36.52665922,0.82824605,30.23031069,36.4991909,1,1,1,1,0.9961998872986783,1.00752506124053
6,36.7576504,1570176000,36.7576504,36.2948376,36.57432914,4.53093646,165.78203327,36.58891152,1,1,1,1,0.9950127046205326,1.012751477361618
7,36.8507443,1570183200,36.8507443,36.62750735,36.75765911,2.07774894,76.21707631,36.68252445,1,1,1,1,0.9974739943040987,1.0060947895762282
8,36.8507443,1570190400,36.8507443,36.8507443,36.8507443,0.0,0.0,36.8507443,1,1,1,1,1.0,1.0
9,37.11733163,1570197600,37.11733163,37.02477419,37.02477419,10.02781921,372.20331566,37.11707479,1,1,1,1,0.9975063552271848,1.0024998785819739
10,37.4,1570204800,37.49634953,37.11733613,37.11733613,91.97572959,3439.8799981,37.39986639,1,1,1,1,0.9924421425133689,1.0102112230972757
11,37.30000001,1570212000,37.55001532,37.30000001,37.4,29.38898462,1096.25660035,37.30161536,1,1,1,1,1.002680964878638,1.0067028233225999
12,37.20873411,1570219200,37.46691988,37.20873411,37.30222222,0.7496458,28.00858548,37.36242567,1,1,1,1,1.0025125313245975,1.0069388485304747
13,37.11524833,1570226400,37.39501033,37.11524833,37.30175594,1.77917725,66.44272811,37.34463675,1,1,1,1,1.0050250939544232,1.0075376566933507
14,36.75231201,1570233600,37.02246021,36.75231201,37.02246021,94.61618491,3500.72365474,36.99920534,1,1,1,1,1.0073505089945496,1.0073505089945496
15,36.75543917,1570240800,36.75543917,36.75543917,36.75543917,2.49525,91.71400958,36.75543917,1,1,1,1,1.0,1.0
16,36.75543917,1570248000,36.75543917,36.75543917,36.75543917,0.0,0.0,36.75543917,1,1,1,1,1.0,1.0
17,37.02234879,1570255200,37.02234879,37.02234879,37.02234879,0.64949036,24.04565864,37.02234879,1,1,1,1,1.0,1.0
18,36.7,1570262400,36.74448122,36.7,36.74448122,22.3,818.51472494,36.70469618,1,1,1,1,1.001212022343324,1.001212022343324
19,36.7,1570269600,36.7,36.7,36.7,0.0,0.0,36.7,1,1,1,1,1.0,1.0
20,36.68412823,1570276800,36.68412823,36.50069991,36.6142178,2.63052496,96.03169812,36.50666676,1,1,1,1,0.9980942594693356,1.0050253370607216
21,36.5,1570284000,36.5,36.5,36.5,0.33308892,12.15774558,36.5,1,1,1,1,1.0,1.0
22,36.46385926,1570291200,36.74350802,36.46385926,36.74350802,24.91403196,909.31224244,36.49799614,1,1,1,1,1.0076692035806196,1.0076692035806196
23,36.91354539,1570298400,36.91354539,36.6132696,36.74,20.94536363,767.3646409,36.6364917,1,1,1,1,0.9952985987076979,1.00820128312168
24,36.92630238,1570305600,36.92630238,36.869679,36.869679,8.05416193,296.9574318,36.87005977,1,1,1,1,0.9984665840782728,1.0015357708972732
25,36.92630238,1570312800,36.92630238,36.92630238,36.92630238,0.0,0.0,36.92630238,1,1,1,1,1.0,1.0
26,36.56881369,1570320000,36.74167087,36.56881369,36.74167087,0.08479411,3.11022933,36.67978043,1,1,1,1,1.0047269014922207,1.0047269014922207
27,36.68129417,1570327200,36.68129417,36.52002277,36.55796252,0.45948304,16.84278917,36.65595398,1,1,1,1,0.9966377508539251,1.0044159720549923
28,36.51327531,1570334400,36.74075233,36.44276001,36.44276001,2.6129634,95.23685215,36.44783243,1,1,1,1,0.9980687763723929,1.0081769964711298
29,36.37426328,1570341600,36.74075221,36.06659125,36.74075221,12.14942178,441.26302168,36.31967262,1,1,1,1,1.0100755011085407,1.0186921174592565
30,36.37426333,1570348800,36.37426333,36.06659123,36.06659123,16.65713119,600.78285871,36.06760683,1,1,1,1,0.9915414891785247,1.0085306675653916
31,36.37335397,1570356000,36.37335397,36.07345201,36.19239201,18.27340171,659.20774249,36.0747141,1,1,1,1,0.9950248756232584,1.0083136473858079
32,36.07460687,1570363200,36.1914872,36.07460687,36.1914872,2.08698152,75.29349687,36.07770176,1,1,1,1,1.0032399612952456,1.0032399612952456
33,36.59838642,1570370400,36.59838642,36.0,36.06739339,71.03200401,2557.35315628,36.00282987,1,1,1,1,0.9854913540748391,1.016621845
34,36.45417244,1570377600,36.45417244,36.37062604,36.37062604,39.24966702,1429.24999609,36.41432156,1,1,1,1,0.9977081800406383,1.0022970844633832
35,35.37225301,1570384800,36.375,35.34372011,36.375,33.65205094,1205.25983489,35.8153456,1,1,1,1,1.028348406015204,1.0291785892031273
36,35.84057744,1570392000,35.84057744,35.553349,35.553349,16.81636117,602.28699929,35.81553661,1,1,1,1,0.9919859427354137,1.0080788012403556
37,35.3311594,1570399200,35.46952093,35.3311594,35.46952093,0.13776416,4.87516921,35.38779034,1,1,1,1,1.003916133304134,1.003916133304134
38,35.40346218,1570406400,35.40346218,35.21561505,35.3240783,5.01823146,176.80956555,35.23344169,1,1,1,1,0.9977577368112646,1.0053341998921017
39,36.182466,1570413600,36.49999999,35.46863419,35.46863419,148.99882774,5382.48270861,36.12432923,1,1,1,1,0.9802713333579863,1.0290782496578563
40,36.00000327,1570420800,36.49998507,36.00000327,36.1825433,1.09175861,39.48226992,36.16391899,1,1,1,1,1.0050705559283133,1.0138883820718052
41,36.1816289,1570428000,36.53033368,36.1816289,36.36335093,2.63692608,96.17889025,36.47386666,1,1,1,1,1.005022494440542,1.009637619714794
42,36.3624606,1570435200,36.54516931,36.3624606,36.53033369,0.57254262,20.84639325,36.4102034,1,1,1,1,1.004616659247752,1.0050246519895851
43,37.00091634,1570442400,37.06179803,36.63279996,36.72697696,47.24432537,1741.76554361,36.8671905,1,1,1,1,0.992596416329726,1.0117107638637621
44,37.58,1570449600,37.58,37.00095109,37.00095109,17.24174727,647.50861146,37.55469798,1,1,1,1,0.9845915670569453,1.0156495682662734
45,37.1822809,1570456800,37.5807542,37.1822809,37.37095133,6.43134042,239.24835243,37.20038698,1,1,1,1,1.0050742026963708,1.010716752451838
46,37.87821952,1570464000,37.87821952,37.20990842,37.20990842,22.00934032,819.72121589,37.24424285,1,1,1,1,0.982356322222402,1.0179605682566204
47,37.74276427,1570471200,37.93242632,37.507216,37.87821953,37.42330339,1404.14805314,37.520687,1,1,1,1,1.0035889067115222,1.0113367603716574
48,37.3,1570478400,37.55410001,37.3,37.55410001,93.67136628,3494.21516243,37.30291658,1,1,1,1,1.006812332707775,1.006812332707775
49,37.43991871,1570485600,37.5531116,37.43991871,37.5531116,0.1414579,5.30236581,37.48370235,1,1,1,1,1.0030233209339146,1.0030233209339146
50,37.36534615,1570492800,37.36534615,37.36534615,37.36534615,2.00863576,75.05337046,37.36534615,1,1,1,1,1.0,1.0
51,37.55217277,1570500000,37.74087715,37.55217277,37.74087715,0.10625218,4.00000022,37.64628848,1,1,1,1,1.005025125474251,1.005025125474251
52,37.10195655,1570507200,37.6410631,37.10195655,37.6410631,5.75167382,214.11409904,37.22639804,1,1,1,1,1.0145304075614847,1.0145304075614847
53,37.19870322,1570514400,37.19870322,37.19868734,37.19868734,9.603672,357.24407807,37.19869629,1,1,1,1,0.9999995731033982,1.0000004268967841
54,36.91959086,1570521600,37.19297941,36.91959086,36.99822491,23.02976775,852.12201514,37.00089485,1,1,1,1,1.0021298732777992,1.0074049723637701
55,36.90547843,1570528800,37.26464882,36.90547843,37.26464882,4.80107185,178.7424579,37.22969859,1,1,1,1,1.0097321699996722,1.0097321699996722
56,37.312,1570536000,37.312,37.02535458,37.09304968,3.18506493,118.81826015,37.30481568,1,1,1,1,0.9941319060891939,1.0077418683291919
57,36.93972845,1570543200,37.29531226,36.73264845,37.1114202,9.11170262,336.99588107,36.98495167,1,1,1,1,1.0046478887962698,1.0153178121845992
58,36.78125926,1570550400,37.1766,36.77127558,37.17659999,75.21650877,2791.72037844,37.11579311,1,1,1,1,1.0107484283560118,1.011022854486464
59,36.23401461,1570557600,36.66816255,36.08927384,36.58272672,0.87863849,31.9613557,36.37600227,1,1,1,1,1.0096238883202238,1.0160404643375889
60,36.31834883,1570564800,36.44173268,36.09991035,36.33037918,18.5095914,671.61097991,36.28448437,1,1,1,1,1.0003312471625931,1.0094687861184675
61,36.46754823,1570572000,36.71583738,36.45656583,36.5001,7.24848836,265.30975242,36.60208022,1,1,1,1,1.0008926229368287,1.0071117930089468
62,36.63966266,1570579200,36.71583742,36.63966266,36.71149995,1.86066614,68.22517784,36.6670712,1,1,1,1,1.0019606427784724,1.0020790245998406
63,36.39304197,1570586400,36.44321019,36.39304197,36.4348263,0.10993366,4.00360012,36.41832835,1,1,1,1,1.001148140626289,1.0013785113110731
64,36.48217029,1570593600,36.48217029,36.28114768,36.33611139,0.16703293,6.08415483,36.42488244,1,1,1,1,0.9959964306169571,1.0055406904922917
65,36.6583,1570600800,36.6583,36.36166949,36.48217012,27.26563123,997.057945,36.56830595,1,1,1,1,0.9951953614870303,1.008157780271381
66,36.92609629,1570608000,37.0049311,36.53755336,36.53755336,4.01674453,148.19827266,36.8951203,1,1,1,1,0.989477822758502,1.012791708722119
67,36.92133106,1570615200,37.10129567,36.67017133,37.0667,1.20645782,44.59288101,36.9618235,1,1,1,1,1.0039372616269917,1.011756812808979
68,36.96355728,1570622400,36.96355728,36.77537512,36.77537512,0.50025,18.44392694,36.86941917,1,1,1,1,0.9949089813360084,1.0051170697616532
69,37.6,1570629600,38.5,37.19766023,37.19766023,865.05313353,32783.46148479,37.89762757,1,1,1,1,0.9892994742021275,1.0350113357116388
70,37.58281313,1570636800,38.21955388,37.58281313,37.84423327,210.86926388,8007.45740068,37.97356358,1,1,1,1,1.0069558427969652,1.016942338717368
71,37.94950413,1570644000,37.94950413,37.94950376,37.94950376,3.71135349,140.84402457,37.94950412,1,1,1,1,0.9999999902502019,1.000000009749798
72,37.99093045,1570651200,37.99093045,37.87501201,37.9,142.43955527,5398.52572061,37.90046739,1,1,1,1,0.9976065221640287,1.0030605519007993
73,38.27447868,1570658400,38.27447868,37.97720366,37.97720366,21.70408888,825.22912621,38.02182762,1,1,1,1,0.9922330746164979,1.007827722721805
74,37.50187649,1570665600,37.84515228,37.50187649,37.84515228,279.98990146,10504.70407087,37.51815339,1,1,1,1,1.0091535630248138,1.0091535630248138
75,37.65000159,1570672800,37.95153914,37.5,37.5,142.91162586,5370.05468577,37.576052,1,1,1,1,0.9960158941921574,1.0120410437333334
76,37.52004342,1570680000,37.52004342,37.52004342,37.52004342,3.58193995,134.39454245,37.52004342,1,1,1,1,1.0,1.0
77,37.65359728,1570687200,37.65359728,37.49097367,37.52,7.83735468,294.05279832,37.51939402,1,1,1,1,0.9964519384693435,1.0043376736873102
78,37.70019026,1570694400,37.70019026,37.16484044,37.44963526,1965.64794372,73610.0168208,37.44822009,1,1,1,1,0.993354012320043,1.0144047388247042
79,37.3053218,1570701600,37.70019026,37.16236015,37.70019026,326.44815967,12225.87573401,37.45120127,1,1,1,1,1.0105847756016408,1.0144724422192006
80,37.46500206,1570708800,37.8213927,37.305322,37.81382823,402.98349782,15220.61321467,37.76981761,1,1,1,1,1.0093107206945124,1.0138337017972932
81,37.43638121,1570716000,37.52109864,37.43638121,37.47,15.9653026,598.88049012,37.51137733,1,1,1,1,1.0008980245663013,1.0022629705987012
82,37.44381327,1570723200,38.12569288,37.44381325,37.6490031,44.02385516,1661.80494624,37.74782876,1,1,1,1,1.0054799394634413,1.018210742197845
83,37.57593001,1570730400,37.88757127,37.5759299,37.88757127,15.3645269,577.65114387,37.59641592,1,1,1,1,1.0082936406342322,1.008293643585917
84,37.57593001,1570737600,37.57593001,37.57593001,37.57593001,0.0,0.0,37.57593001,1,1,1,1,1.0,1.0
85,37.38494977,1570744800,37.79530345,37.38494977,37.5759299,14.45503322,543.08329636,37.57053256,1,1,1,1,1.0051084763032971,1.0109764405870432
86,37.54562888,1570752000,37.6,37.5,37.6,49.88224064,1873.27135165,37.55387343,1,1,1,1,1.0014481344865411,1.0026666666666666
87,37.5825,1570759200,37.5825,37.36198284,37.36198284,28.42993728,1062.20473108,37.36219044,1,1,1,1,0.9941324510077829,1.0059021803244317
88,37.27640789,1570766400,38.22743251,37.09535072,38.0,38.13350971,1429.54102768,37.48779062,1,1,1,1,1.0194115299986861,1.0305181584221992
89,36.59109841,1570773600,37.24311914,36.29148371,37.24311914,214.06838296,7895.54532434,36.88328568,1,1,1,1,1.0178191078795766,1.0262220039721819
90,36.36864,1570780800,36.55952021,36.2,36.55952021,112.8378578,4106.67706055,36.39449685,1,1,1,1,1.005248483583659,1.009931497513812
91,36.312027,1570788000,36.76533866,36.2236291,36.53925679,32.80617116,1196.55706997,36.47353615,1,1,1,1,1.0062577005133864,1.0149545910627713
92,36.312027,1570795200,36.312027,36.312027,36.312027,0.0,0.0,36.312027,1,1,1,1,1.0,1.0
93,36.68554093,1570802400,36.68554093,36.68554093,36.68554093,4.08880429,149.99999713,36.68554093,1,1,1,1,1.0,1.0
94,36.42112253,1570809600,36.448855,36.31202986,36.448855,147.82159777,5380.89273529,36.40126217,1,1,1,1,1.000761439188953,1.0037680388710717
95,36.22362906,1570816800,36.37018702,36.22362906,36.37018702,5.05292849,183.59486435,36.33434843,1,1,1,1,1.0040459215104387,1.0040459215104387
96,36.22362906,1570824000,36.22362906,36.22362906,36.22362906,0.0,0.0,36.22362906,1,1,1,1,1.0,1.0
97,36.07101793,1570831200,36.07101793,35.66602043,36.01967563,59.9684941,2144.21832075,35.75574729,1,1,1,1,0.9985766329051309,1.0113552758372597
98,36.31706175,1570838400,36.31706175,36.12421734,36.12421734,41.64669261,1504.54495227,36.12639703,1,1,1,1,0.994689977638403,1.0053383692215379
99,36.53094384,1570845600,36.53094384,36.53094379,36.53094379,0.22758789,8.31400042,36.53094382,1,1,1,1,0.9999999986312974,1.0000000013687025
100,36.367485,1570852800,36.36748522,36.367485,36.36748522,8.334303,303.09763939,36.367485,1,1,1,1,1.0000000060493597,1.0000000060493597
101,36.41059643,1570860000,36.41059643,36.15927794,36.4,107.24989632,3902.68776391,36.38873227,1,1,1,1,0.9997089740064992,1.0069503182673343
102,36.22861003,1570867200,36.24385288,35.9890756,36.24385287,37.06582597,1334.09983254,35.99271829,1,1,1,1,1.0004207404034373,1.007079294918039
103,36.09827311,1570874400,36.22860963,35.88121518,36.22860963,1.20444504,43.5122405,36.12638108,1,1,1,1,1.0036106026347253,1.0096817916633336
104,36.17658314,1570881600,36.17658314,35.92539152,36.04054378,15.91847821,573.80296419,36.04634542,1,1,1,1,0.9962395741058923,1.0069920356987665
105,36.52492869,1570888800,36.52492869,35.90890963,36.13314362,10.60647207,383.75323746,36.18104445,1,1,1,1,0.9892734884351118,1.0171550477680156
106,35.96181549,1570896000,36.3,35.96181549,36.2094555,30.82863195,1114.56912468,36.15370044,1,1,1,1,1.0068861932198294,1.0094039887973407
107,37.10454954,1570903200,37.10455842,36.18576899,36.18576899,44.47757158,1619.99438512,36.4227256,1,1,1,1,0.9752380621408832,1.0253909051996077
108,36.6,1570910400,36.6253494,36.6,36.6253494,83.65995987,3061.98915861,36.6004139,1,1,1,1,1.000692606557377,1.000692606557377
109,36.72417347,1570917600,36.72417491,36.72417347,36.72417491,0.13197214,4.8465678,36.72417381,1,1,1,1,1.0000000392112298,1.0000000392112298
110,36.72417347,1570924800,36.72417347,36.72417347,36.72417347,0.0,0.0,36.72417347,1,1,1,1,1.0,1.0
111,36.72417347,1570932000,36.72417347,36.72417347,36.72417347,0.0,0.0,36.72417347,1,1,1,1,1.0,1.0
112,36.72417347,1570939200,36.72417347,36.72417347,36.72417347,0.0,0.0,36.72417347,1,1,1,1,1.0,1.0
113,36.90793463,1570946400,36.90793463,36.90793463,36.90793463,1.0,36.90793463,36.90793463,1,1,1,1,1.0,1.0
114,36.90793463,1570953600,36.90793463,36.90793463,36.90793463,0.0,0.0,36.90793463,1,1,1,1,1.0,1.0
115,36.83293514,1570960800,36.83293514,36.41104189,36.41104189,14.64245944,533.56910469,36.4398554,1,1,1,1,0.9885457607872844,1.0115869590129984
116,37.07551968,1570968000,37.07551968,37.07551968,37.07551968,0.03,1.11226559,37.07551968,1,1,1,1,1.0,1.0
117,37.07551968,1570975200,37.07551968,37.07551968,37.07551968,0.0,0.0,37.07551968,1,1,1,1,1.0,1.0
118,37.15,1570982400,37.17472246,37.0,37.0,140.58759951,5202.25168084,37.00363118,1,1,1,1,0.9959623149394348,1.0047222286486486
119,37.42802169,1570989600,37.42802169,37.2,37.2,172.94078709,6440.62905912,37.2418165,1,1,1,1,0.9939077279614562,1.0061296153225805
120,36.86187561,1570996800,36.86187561,36.66356194,36.66356194,3.12110191,114.83363103,36.79265667,1,1,1,1,0.9946200873743332,1.0054090126410669
121,37.04661168,1571004000,37.04661168,37.04661168,37.04661168,15.00022,555.70732545,37.04661168,1,1,1,1,1.0,1.0
122,37.08252613,1571011200,37.08252613,37.08252613,37.08252613,2.0,74.16505226,37.08252613,1,1,1,1,1.0,1.0
123,37.08252613,1571018400,37.08252613,37.08252613,37.08252613,0.0,0.0,37.08252613,1,1,1,1,1.0,1.0
124,37.08252613,1571025600,37.08252613,37.08252613,37.08252613,0.0,0.0,37.08252613,1,1,1,1,1.0,1.0
125,37.02663202,1571032800,37.1,37.02663202,37.1,170.59100768,6328.85117298,37.0995591,1,1,1,1,1.0019814921314034,1.0019814921314034
126,37.02663202,1571040000,37.02663202,37.02663202,37.02663202,0.0,0.0,37.02663202,1,1,1,1,1.0,1.0
127,37.03507696,1571047200,37.03507696,37.03507696,37.03507696,0.77749659,28.79464604,37.03507696,1,1,1,1,1.0,1.0
128,36.70177527,1571054400,36.97117212,36.53149171,36.83342438,3.07578879,112.94854491,36.72181434,1,1,1,1,1.003586995697933,1.01203565442907
129,36.73969531,1571061600,36.73969531,36.70114711,36.70114711,0.17074098,6.2719203,36.73353819,1,1,1,1,0.9989507751854025,1.001050326843585
130,37.26590038,1571068800,37.26590038,36.70299407,36.83644805,13.16258304,488.27505538,37.0956866,1,1,1,1,0.9884759974770265,1.0153367953831347
131,37.26590038,1571076000,37.26590038,37.26590038,37.26590038,0.0,0.0,37.26590038,1,1,1,1,1.0,1.0
132,36.92219679,1571083200,37.0011977,36.73159174,36.86372424,30.72925831,1128.93864013,36.73823262,1,1,1,1,0.9984163306876737,1.0073398931880866
133,36.92219679,1571090400,36.92219679,36.92219679,36.92219679,0.0,0.0,36.92219679,1,1,1,1,1.0,1.0
134,36.92219679,1571097600,36.92219679,36.92219679,36.92219679,0.0,0.0,36.92219679,1,1,1,1,1.0,1.0
135,36.85,1571104800,36.85,36.85,36.85,0.22701893,8.36564757,36.85,1,1,1,1,1.0,1.0
136,36.85,1571112000,36.85,36.85,36.85,0.0,0.0,36.85,1,1,1,1,1.0,1.0
137,36.8511689,1571119200,36.8511689,36.66595633,36.66595633,9.33618157,342.32672701,36.6666741,1,1,1,1,0.9949740381233878,1.0050513497679714
138,36.64120351,1571126400,36.71161693,36.6,36.6881769,28.36686867,1038.56578119,36.61192898,1,1,1,1,1.001281982727101,1.0030496428961748
139,36.84617427,1571133600,36.9048,36.7905347,36.7905347,28.14842365,1037.1529918,36.84586407,1,1,1,1,0.9984899498766878,1.003105834175332
140,36.84617427,1571140800,36.84617427,36.84617427,36.84617427,0.0,0.0,36.84617427,1,1,1,1,1.0,1.0
141,37.56748499,1571148000,37.567485,36.840098,36.9,207.94665825,7738.4628534,37.21369181,1,1,1,1,0.9822323748800944,1.0197444371619206
142,36.81001069,1571155200,37.49591996,36.69479256,37.49591991,230.37009268,8519.4535456,36.98159533,1,1,1,1,1.0186337685630267,1.021832182282815
143,36.77774048,1571162400,36.80342575,36.62763901,36.80342575,8.08291357,296.07507683,36.62974672,1,1,1,1,1.0006983917354566,1.0047992921397966
144,36.76072361,1571169600,36.79520736,36.75233938,36.79520736,0.16335956,6.00539982,36.76185114,1,1,1,1,1.0009380596085606,1.0011664013971129
145,36.88433868,1571176800,36.88433893,36.88433867,36.88433893,9.0667667,334.42169494,36.88433881,1,1,1,1,1.0000000067779444,1.0000000070490622
146,36.82054037,1571184000,36.8960652,36.82054037,36.8843333,61.87783726,2279.17734748,36.83350046,1,1,1,1,1.0017325364961773,1.0020511602828495
147,36.72546739,1571191200,36.82054035,36.62030401,36.82054035,42.17816102,1550.67420363,36.76486044,1,1,1,1,1.0025887474484774,1.0054679049072155
148,36.81076699,1571198400,36.81076699,36.71180447,36.72331477,10.6406789,391.60997107,36.80310013,1,1,1,1,0.9976242760705379,1.0026956593779222
149,36.5,1571205600,36.87425126,36.5,36.810766,50.25212573,1842.67843682,36.66866645,1,1,1,1,1.0085141369863013,1.0102534591780823
150,36.7473,1571212800,36.7473,36.48114442,36.5167005,136.64538271,5000.13555762,36.59205644,1,1,1,1,0.9937247226326831,1.0072957025946283
151,36.3486659,1571220000,36.72397863,36.19778864,36.72397863,22.37727443,812.49557545,36.30896059,1,1,1,1,1.0103253508954781,1.0145365230797148
152,35.79675563,1571227200,36.26643315,35.3097658,36.26643315,117.72067312,4187.1627124,35.568627,1,1,1,1,1.013120672858028,1.027093562597348
153,35.81053,1571234400,35.97829951,35.55641228,35.82868238,29.99620896,1073.49764788,35.78777735,1,1,1,1,1.0005069006239224,1.0118652924450788
154,35.67691298,1571241600,35.9772,35.48548222,35.74728339,10.24722673,363.82198085,35.50443358,1,1,1,1,1.0019724355086286,1.013856871859638
155,35.6166013,1571248800,35.65312112,35.50349511,35.65312112,3.10479448,110.61060043,35.62573985,1,1,1,1,1.0010253594859428,1.0042144022591695
156,35.6548703,1571256000,35.6949995,35.55462762,35.62481453,99.01339777,3533.66764366,35.68878276,1,1,1,1,0.9991570360585494,1.0039480621622667
157,35.9783,1571263200,35.9783,35.58140044,35.65656785,1.39398539,50.03855035,35.89603644,1,1,1,1,0.9910576055566829,1.011154691920271
158,35.73722742,1571270400,35.73722742,35.63087768,35.65385914,1.62145464,57.85648054,35.68183723,1,1,1,1,0.9976671866840642,1.0029847634109699
159,35.73722742,1571277600,35.73722742,35.73722742,35.73722742,0.0,0.0,35.73722742,1,1,1,1,1.0,1.0
160,35.87609798,1571284800,35.87609798,35.52312101,35.65742213,8.85203514,314.47449539,35.52567182,1,1,1,1,0.9939046924745857,1.009936541609073
161,36.0,1571292000,36.0081,35.67702154,35.67702154,35.75024107,1286.82220811,35.99478407,1,1,1,1,0.991028376111111,1.0092798794772935
162,36.23358281,1571299200,36.54700385,36.07595831,36.07595831,55.85461003,2032.33749903,36.38620872,1,1,1,1,0.995649767763057,1.0130570485737986
163,36.23358281,1571306400,36.23358281,36.23358281,36.23358281,0.0,0.0,36.23358281,1,1,1,1,1.0,1.0
164,36.20254814,1571313600,36.37926979,36.1367039,36.37926979,0.94592456,34.31504029,36.27671987,1,1,1,1,1.004881469926277,1.0067124519898452
165,36.61030267,1571320800,36.6517,36.20195317,36.38387254,13.83139065,505.0224389,36.51277385,1,1,1,1,0.9938151254295543,1.0124232752826356
166,36.76393417,1571328000,36.76393417,36.58834469,36.58834469,5.70033192,208.68425437,36.60914088,1,1,1,1,0.995223865890194,1.0047990550402788
167,36.26170802,1571335200,36.67129656,36.26170802,36.50426792,11.51674344,420.92443935,36.54891172,1,1,1,1,1.0066891471263906,1.0112953460375913
168,36.2,1571342400,36.2,36.2,36.2,3.01,108.962,36.2,1,1,1,1,1.0,1.0
169,36.2,1571349600,36.2,36.2,36.2,0.0,0.0,36.2,1,1,1,1,1.0,1.0
170,36.25964168,1571356800,36.60627313,36.20647292,36.20647292,86.06027038,3121.87509949,36.27545074,1,1,1,1,0.9985336655979884,1.0110422302355542
171,36.80143726,1571364000,36.80143726,36.68376913,36.68376913,1.64055317,60.2456213,36.7227484,1,1,1,1,0.9968026213441427,1.0032076346785141
172,35.92032118,1571371200,36.25581573,35.74918828,36.220465,91.62212249,3298.82515414,36.00467948,1,1,1,1,1.0083558222794264,1.0141717189781183
173,35.9781826,1571378400,35.9781826,35.65230937,35.82510226,4.30372728,154.35488539,35.86539651,1,1,1,1,0.9957451897528589,1.0091403119673983
174,35.57753368,1571385600,36.02439428,35.45855156,35.9901821,48.91810502,1753.59065648,35.84747724,1,1,1,1,1.0115985673349799,1.0159578633391873
175,36.0617,1571392800,36.0617,35.50000001,35.57355997,0.75505033,26.9635239,35.71089612,1,1,1,1,0.9864637543432505,1.0158225349251204
176,36.0,1571400000,36.2078,35.917612,36.0627,6.18818618,222.78870704,36.00226311,1,1,1,1,1.0017416666666668,1.0080792676305985
177,36.1,1571407200,36.1,35.9,36.019107,23.00513835,828.48213443,36.01291684,1,1,1,1,0.9977591966759002,1.0055710306406687
178,36.219613,1571414400,36.219613,36.219613,36.219613,4.9914084,180.78688057,36.219613,1,1,1,1,1.0,1.0
179,36.32342903,1571421600,36.698569,36.1182052,36.12257369,401.59027339,14535.47183482,36.19478059,1,1,1,1,0.9944703640222373,1.0160684562476543
180,35.70387409,1571428800,35.70387409,35.69671066,35.69671066,1.84203851,65.76409275,35.70180123,1,1,1,1,0.9997993654699223,1.0002006747923704
181,36.07941994,1571436000,36.07941994,35.78912402,35.78912405,16.96673993,607.48393528,35.80439953,1,1,1,1,0.9919539756880026,1.0081112887769417
182,35.68954818,1571443200,35.76098532,35.57183124,35.69105521,0.47416743,16.9001579,35.6417519,1,1,1,1,1.0000422260879402,1.0053175243839372
183,35.9482,1571450400,35.9482,35.612779,35.68558582,26.18767888,933.85611499,35.66013312,1,1,1,1,0.9926946500798371,1.0094185573105654
184,35.99969773,1571457600,36.18060074,35.99969773,36.0934,2.57304469,92.86221362,36.09040059,1,1,1,1,1.0026028626879808,1.0050251258040217
185,35.99969773,1571464800,35.99969773,35.99969773,35.99969773,0.0,0.0,35.99969773,1,1,1,1,1.0,1.0
186,36.05279139,1571472000,36.05279139,35.98802753,35.98802753,1.22205477,44.04583,36.04243531,1,1,1,1,0.9982036381233446,1.001799594599788
187,36.02687617,1571479200,36.02687617,35.725123,35.725123,11.05702506,397.7081033,35.9688163,1,1,1,1,0.991624220524252,1.0084465257124517
188,35.87983172,1571486400,36.47216176,35.76388485,35.76388485,49.4577296,1793.24276437,36.25808905,1,1,1,1,0.9967684667279146,1.019804249817117
189,35.70266309,1571493600,36.1157504,35.70266309,36.1157504,0.52405012,18.83391106,35.93914083,1,1,1,1,1.0115702100137092,1.0115702100137092
190,35.79646671,1571500800,35.9748547,35.77791181,35.9748547,3.25519045,117.00110859,35.94293802,1,1,1,1,1.0049833965861823,1.0055045943163445
191,35.791133,1571508000,35.817565,35.69407837,35.817565,9.07425806,324.95764754,35.81093301,1,1,1,1,1.0007385069368997,1.0034595830916253
192,35.8687,1571515200,36.18987099,35.5,35.77000226,92.39994522,3284.10258942,35.54225688,1,1,1,1,0.9972483602695387,1.019432985633803
193,35.8687,1571522400,35.8687,35.8687,35.8687,0.0,0.0,35.8687,1,1,1,1,1.0,1.0
194,35.65953113,1571529600,35.700372,35.65953113,35.69120221,4.40731823,157.33717598,35.69907317,1,1,1,1,1.000888151890852,1.0011453002522976
195,35.60203476,1571536800,35.6781957,35.57690607,35.61924066,0.55910075,19.92775251,35.64250721,1,1,1,1,1.0004832841750757,1.0028470612312579
196,35.66771788,1571544000,35.694162,35.500002,35.62838473,24.48324575,873.63070442,35.68279767,1,1,1,1,0.9988972339039932,1.0054692954665185
197,36.05894693,1571551200,36.05894693,35.72338543,35.723391,2.08265421,74.90981747,35.96843735,1,1,1,1,0.9906942393339605,1.0093933286546297
198,36.0579,1571558400,36.0579,35.57096306,35.71282408,0.59922691,21.4259588,35.75600234,1,1,1,1,0.9904299496088236,1.0136891694267218
199,35.61152009,1571565600,35.882618,35.61152009,35.882618,22.54730213,808.38615045,35.85289919,1,1,1,1,1.0076126463940562,1.0076126463940562
200,35.91406406,1571572800,35.91406406,35.91406406,35.91406406,0.25,8.97851601,35.91406406,1,1,1,1,1.0,1.0
201,36.195,1571580000,36.195,36.0822,36.0822,0.27962411,10.10580948,36.14069433,1,1,1,1,0.9968835474513055,1.003126195187655
202,36.47147851,1571587200,36.6,36.21847805,36.21847805,14.6966741,535.01066476,36.40351967,1,1,1,1,0.9930630599488687,1.0105339034255747
203,36.53589691,1571594400,36.69999515,36.36974902,36.49,10.99128319,402.16046085,36.58903641,1,1,1,1,0.9987437858686471,1.009080242203992
204,36.34012703,1571601600,36.50171771,36.34012703,36.50171771,5.67889405,207.25711785,36.49603532,1,1,1,1,1.0044466184685212,1.0044466184685212
205,36.2,1571608800,36.3,36.2,36.3,5.03330387,182.35650009,36.2299803,1,1,1,1,1.0027624309392265,1.0027624309392265
206,36.2,1571616000,36.2,36.2,36.2,0.0,0.0,36.2,1,1,1,1,1.0,1.0
207,36.40506527,1571623200,36.40506527,36.16249037,36.16249037,8.97992526,326.33303679,36.34028428,1,1,1,1,0.9933367816208835,1.0067079146794944
208,36.40506527,1571630400,36.40506527,36.40506527,36.40506527,0.0,0.0,36.40506527,1,1,1,1,1.0,1.0
209,36.44875156,1571637600,36.44875156,36.44875156,36.44875156,4.0934901,149.20260366,36.44875156,1,1,1,1,1.0,1.0
210,35.930415,1571644800,36.0,35.930415,36.0,3.1454705,113.08874696,35.95288748,1,1,1,1,1.001936660069192,1.001936660069192
211,36.16245051,1571652000,36.55913284,36.16245051,36.55913284,24.93733832,908.490049,36.43091485,1,1,1,1,1.0109694537954583,1.0109694537954583
212,36.16245051,1571659200,36.16245051,36.16245051,36.16245051,0.0,0.0,36.16245051,1,1,1,1,1.0,1.0
213,36.39493038,1571666400,36.83558908,36.16004957,36.5,121.38956251,4396.40793299,36.2173472,1,1,1,1,1.0028869300999608,1.0186819298655072
214,36.40222762,1571673600,36.40222762,36.07925274,36.07925274,21.72421098,789.9781512,36.36395135,1,1,1,1,0.9911276067121082,1.0089518173319019
215,36.64,1571680800,36.64,36.33298301,36.33298301,11.03915513,402.92753772,36.49985284,1,1,1,1,0.9916207153384279,1.0084500903742337
216,36.8893318,1571688000,36.8893318,36.79118764,36.79118764,6.51317635,240.01592855,36.85082602,1,1,1,1,0.9973394974858286,1.0026675996697998
217,36.7,1571695200,36.87457688,36.7,36.87457688,13.06784328,480.5999997,36.77730053,1,1,1,1,1.0047568632152588,1.0047568632152588
218,36.6,1571702400,36.6,36.43000001,36.49030906,143.0816021,5234.65745328,36.58511909,1,1,1,1,0.9970029797814207,1.0046664833915273
219,36.38136339,1571709600,36.43,36.35,36.43,6.36572125,231.88654884,36.42738029,1,1,1,1,1.001336855067212,1.002200825309491
220,36.35000001,1571716800,36.35000001,36.35000001,36.35000001,0.25,9.0875,36.35000001,1,1,1,1,1.0,1.0
221,36.20059709,1571724000,36.48041146,36.20059709,36.3501,15.5575143,565.43372893,36.34473464,1,1,1,1,1.0041298465223738,1.0077295512365263
222,36.70156966,1571731200,36.8,36.5,36.5,15.46285261,566.61441625,36.64358902,1,1,1,1,0.9945078735904943,1.0082191780821916
223,36.82424532,1571738400,36.86635831,36.43754902,36.86635831,15.52131212,568.04716666,36.5978831,1,1,1,1,1.0011436212645783,1.0117683351798619
224,36.57513542,1571745600,36.575172,36.57513542,36.575172,3.08575066,112.86186001,36.57517163,1,1,1,1,1.0000010001330024,1.0000010001330024
225,36.6,1571752800,36.6,36.4,36.40000032,39.09498626,1427.95250855,36.52520809,1,1,1,1,0.9945355278688524,1.0054945054945055
226,36.53428943,1571760000,36.69122944,36.53428943,36.69122944,0.1785537,6.52889271,36.56542941,1,1,1,1,1.00429569077293,1.00429569077293
227,36.52591487,1571767200,36.57150037,36.4,36.571112,24.55192338,895.48287397,36.47302331,1,1,1,1,1.001237398985374,1.0047115486263738
228,36.19508771,1571774400,36.34410294,36.19508771,36.28254136,16.52984462,599.74751949,36.28270762,1,1,1,1,1.002416174556633,1.004117001489095
229,35.87903083,1571781600,36.21867246,35.87903083,36.17220714,45.04974771,1621.24142034,35.98780243,1,1,1,1,1.008171243849621,1.0094662988977956
230,35.77955999,1571788800,35.94954667,35.75,35.82083397,41.63718427,1488.96941375,35.7605693,1,1,1,1,1.0011535630961235,1.005581725034965
231,34.7293055,1571796000,35.78485975,34.604704,35.77955891,270.80197625,9504.993957,35.09942611,1,1,1,1,1.0302411290660562,1.0341039111330068
232,34.54847635,1571803200,34.88409999,34.548476,34.67942225,41.30768796,1437.41825174,34.79783843,1,1,1,1,1.0037902076685938,1.0097145816214874
233,34.87952495,1571810400,34.99712257,34.64404959,34.64404959,111.8705151,3892.36825213,34.79351327,1,1,1,1,0.9932488942914919,1.0101914465594668
234,34.50679654,1571817600,34.90767319,34.28364528,34.84046824,77.84929178,2680.73108214,34.43488079,1,1,1,1,1.0096697385285593,1.0182019124542754
235,34.53881995,1571824800,34.68484321,34.4,34.4290785,167.3245992,5783.50018198,34.56455422,1,1,1,1,0.996822663595373,1.008280325872093
236,32.691868,1571832000,34.45613457,32.54751265,34.4125027,1470.32072504,48276.48339832,32.83398144,1,1,1,1,1.0526318869267426,1.0586410992607758
237,32.5,1571839200,32.90944202,32.5,32.70031542,336.33133002,10952.45746692,32.56448772,1,1,1,1,1.0061635513846154,1.012598216
238,32.62784309,1571846400,32.68159998,31.93555502,32.3,236.09593826,7641.69333059,32.36689875,1,1,1,1,0.9899520452793743,1.0233609517521391
239,32.91870432,1571853600,33.033,32.60787401,32.63546627,58.58401649,1919.91210447,32.77194394,1,1,1,1,0.9913958323740003,1.013037525533545
240,32.47182102,1571860800,32.91186192,32.47182102,32.90769919,58.23035438,1898.0001943,32.59468733,1,1,1,1,1.013423274590345,1.0135514697413788
241,32.9098,1571868000,32.9098,32.54603374,32.67995631,16.88549685,554.94920647,32.86543543,1,1,1,1,0.9930159499601944,1.0111769766757452
242,32.79883308,1571875200,32.9671,32.66009567,32.8220662,56.82408689,1865.10554807,32.82244643,1,1,1,1,1.0007083520301876,1.009399982569004
243,32.51805175,1571882400,32.78138972,32.37372851,32.76498501,13.87734888,451.66832448,32.54716216,1,1,1,1,1.0075937286126004,1.0125923465959157
244,32.7432,1571889600,32.7432,32.43128541,32.53902884,150.03721939,4877.96179528,32.5116782,1,1,1,1,0.9937644714016955,1.0096177066698635
245,32.6911,1571896800,32.6911,32.141763,32.55591351,4.9834392,160.86946057,32.28081132,1,1,1,1,0.9958647310735951,1.0170910662243389
246,32.8092,1571904000,32.8092,32.52037197,32.55887316,4.44050567,144.53871311,32.5500571,1,1,1,1,0.9923702242054058,1.0088814491502878
247,33.11377354,1571911200,33.11377354,32.750615,32.8,77.79853808,2554.24605955,32.83154314,1,1,1,1,0.9905243798439047,1.011088602152967
248,32.99372511,1571918400,33.0578,32.75062029,33.00946972,0.9782202,32.26505378,32.9834262,1,1,1,1,1.000477200132677,1.0093793554833461
249,32.84308427,1571925600,33.23045266,32.84308427,33.1351,18.41137008,606.79630653,32.95769428,1,1,1,1,1.008891239555925,1.0117945192605993
250,33.22067499,1571932800,33.22067499,32.88302808,32.88302813,19.95693607,657.27586914,32.93470835,1,1,1,1,0.9898362432400414,1.0102681209643634
251,33.2418,1571940000,33.2418,32.95597492,32.95597492,12.81487966,425.64354114,33.21479034,1,1,1,1,0.9914016364938122,1.008672936567461
252,33.043757,1571947200,33.0835765,32.9720272,33.0835765,17.75283262,586.908966,33.060018,1,1,1,1,1.0012050536505277,1.0033831495808059
