,close,high,low,open,startTime,time,volume
0,36.59,37.92,36.03,36.79,2020-04-08T12:00:00+00:00,1586347200000.0,3035.5252
1,35.22,37.08,35.13,36.59,2020-04-08T13:00:00+00:00,1586350800000.0,6.19416
2,36.51,36.67,35.22,35.22,2020-04-08T14:00:00+00:00,1586354400000.0,0.0
3,36.8,37.27,36.5,36.5,2020-04-08T15:00:00+00:00,1586358000000.0,8.464
4,37.97,38.26,36.45,36.8,2020-04-08T16:00:00+00:00,1586361600000.0,202.16135
5,37.82,38.35,37.59,37.97,2020-04-08T17:00:00+00:00,1586365200000.0,1175.13456
6,37.89,38.02,37.55,37.82,2020-04-08T18:00:00+00:00,1586368800000.0,37.99796
7,37.8,37.96,36.74,37.89,2020-04-08T19:00:00+00:00,1586372400000.0,28.36463
8,38.13,38.57,37.84,37.87,2020-04-08T20:00:00+00:00,1586376000000.0,977.4032
9,38.2,38.57,38.12,38.13,2020-04-08T21:00:00+00:00,1586379600000.0,0.0
10,38.89,38.98,38.07,38.22,2020-04-08T22:00:00+00:00,1586383200000.0,0.0
11,38.95,39.13,38.57,38.89,2020-04-08T23:00:00+00:00,1586386800000.0,5.0713
12,39.49,40.08,38.18,38.95,2020-04-09T00:00:00+00:00,1586390400000.0,0.0
13,38.52,39.49,38.01,39.49,2020-04-09T01:00:00+00:00,1586394000000.0,1211.0052
14,38.78,39.01,38.11,38.52,2020-04-09T02:00:00+00:00,1586397600000.0,0.0
15,37.52,38.86,37.09,38.78,2020-04-09T03:00:00+00:00,1586401200000.0,0.0
16,37.22,37.52,36.24,37.52,2020-04-09T04:00:00+00:00,1586404800000.0,646.87398
17,37.61,37.65,36.87,37.22,2020-04-09T05:00:00+00:00,1586408400000.0,0.0
18,37.7,37.97,37.46,37.61,2020-04-09T06:00:00+00:00,1586412000000.0,0.0
19,38.3,38.48,37.38,37.7,2020-04-09T07:00:00+00:00,1586415600000.0,0.0
20,38.2,38.76,37.74,38.31,2020-04-09T08:00:00+00:00,1586419200000.0,0.0
21,37.5,38.28,37.5,38.2,2020-04-09T09:00:00+00:00,1586422800000.0,250.45284
22,37.8,37.82,37.22,37.5,2020-04-09T10:00:00+00:00,1586426400000.0,0.0
23,35.7,38.4,35.25,37.8,2020-04-09T11:00:00+00:00,1586430000000.0,46.4595
24,37.47,37.5,34.15,35.53,2020-04-09T12:00:00+00:00,1586433600000.0,440.192
25,37.73,37.88,36.95,37.47,2020-04-09T13:00:00+00:00,1586437200000.0,6851.37102
26,37.74,37.86,36.86,37.73,2020-04-09T14:00:00+00:00,1586440800000.0,0.0
27,36.95,37.77,36.56,37.74,2020-04-09T15:00:00+00:00,1586444400000.0,199.9734
28,36.95,37.32,36.62,36.95,2020-04-09T16:00:00+00:00,1586448000000.0,0.0
29,36.95,37.06,36.69,36.95,2020-04-09T17:00:00+00:00,1586451600000.0,0.0
30,36.12,36.95,35.68,36.95,2020-04-09T18:00:00+00:00,1586455200000.0,0.0
31,36.14,36.59,35.91,36.12,2020-04-09T19:00:00+00:00,1586458800000.0,0.0
32,36.87,36.95,35.82,36.14,2020-04-09T20:00:00+00:00,1586462400000.0,0.0
33,37.32,37.32,36.1,36.89,2020-04-09T21:00:00+00:00,1586466000000.0,0.0
34,37.32,37.47,36.95,37.33,2020-04-09T22:00:00+00:00,1586469600000.0,0.0
35,36.63,37.38,36.62,37.32,2020-04-09T23:00:00+00:00,1586473200000.0,298.20483
36,36.71,36.81,36.17,36.6,2020-04-10T00:00:00+00:00,1586476800000.0,0.0
37,36.16,36.76,36.11,36.71,2020-04-10T01:00:00+00:00,1586480400000.0,0.0
38,35.37,36.27,34.3,36.16,2020-04-10T02:00:00+00:00,1586484000000.0,0.0
39,32.64,35.51,32.55,35.37,2020-04-10T03:00:00+00:00,1586487600000.0,251.58
40,32.26,32.76,30.62,32.6,2020-04-10T04:00:00+00:00,1586491200000.0,6014.45313
41,30.0,32.26,29.55,32.26,2020-04-10T05:00:00+00:00,1586494800000.0,2524.25064
42,30.5,31.09,29.7,30.0,2020-04-10T06:00:00+00:00,1586498400000.0,237.978
43,28.75,30.51,28.07,30.5,2020-04-10T07:00:00+00:00,1586502000000.0,446.65675
44,28.69,29.09,27.72,28.72,2020-04-10T08:00:00+00:00,1586505600000.0,1924.391
45,28.44,28.84,27.34,28.69,2020-04-10T09:00:00+00:00,1586509200000.0,56.42
46,29.15,29.28,28.15,28.44,2020-04-10T10:00:00+00:00,1586512800000.0,160.325
47,28.26,29.15,28.2,29.15,2020-04-10T11:00:00+00:00,1586516400000.0,1437.75663
48,28.58,28.77,28.01,28.26,2020-04-10T12:00:00+00:00,1586520000000.0,0.0
49,28.03,28.58,26.98,28.58,2020-04-10T13:00:00+00:00,1586523600000.0,1555.424
50,27.13,28.35,27.02,28.03,2020-04-10T14:00:00+00:00,1586527200000.0,1440.49
51,24.48,27.36,24.48,27.13,2020-04-10T15:00:00+00:00,1586530800000.0,3393.05115
52,26.0,26.0,24.26,24.42,2020-04-10T16:00:00+00:00,1586534400000.0,2625.7412
53,26.4,26.94,25.98,26.0,2020-04-10T17:00:00+00:00,1586538000000.0,44.9709
54,26.6,26.68,25.9,26.4,2020-04-10T18:00:00+00:00,1586541600000.0,595.3142
55,27.07,27.27,26.6,26.6,2020-04-10T19:00:00+00:00,1586545200000.0,905.5886
56,26.96,27.19,26.68,27.07,2020-04-10T20:00:00+00:00,1586548800000.0,0.0
57,27.05,27.62,26.91,27.0,2020-04-10T21:00:00+00:00,1586552400000.0,0.0
58,26.65,27.45,26.31,27.05,2020-04-10T22:00:00+00:00,1586556000000.0,0.0
59,26.65,26.78,26.16,26.65,2020-04-10T23:00:00+00:00,1586559600000.0,0.0
60,27.18,27.23,26.52,26.65,2020-04-11T00:00:00+00:00,1586563200000.0,392.556
61,27.45,27.58,26.89,27.18,2020-04-11T01:00:00+00:00,1586566800000.0,0.0
62,27.61,27.69,27.41,27.45,2020-04-11T02:00:00+00:00,1586570400000.0,4544.3299
63,27.67,27.69,27.61,27.61,2020-04-11T03:00:00+00:00,1586574000000.0,0.0
64,28.09,28.43,27.67,27.67,2020-04-11T04:00:00+00:00,1586577600000.0,299.6975
65,28.24,28.28,27.93,28.09,2020-04-11T05:00:00+00:00,1586581200000.0,0.0
66,28.09,28.38,28.09,28.24,2020-04-11T06:00:00+00:00,1586584800000.0,0.0
67,27.52,28.11,27.26,28.09,2020-04-11T07:00:00+00:00,1586588400000.0,9.632
68,27.52,27.74,27.39,27.52,2020-04-11T08:00:00+00:00,1586592000000.0,0.0
69,27.41,27.52,26.96,27.52,2020-04-11T09:00:00+00:00,1586595600000.0,0.0
70,26.72,27.51,26.62,27.41,2020-04-11T10:00:00+00:00,1586599200000.0,0.0
71,27.3,27.38,26.69,26.72,2020-04-11T11:00:00+00:00,1586602800000.0,98.28
72,27.32,27.63,27.08,27.3,2020-04-11T12:00:00+00:00,1586606400000.0,330.0048
73,26.76,27.4,26.67,27.34,2020-04-11T13:00:00+00:00,1586610000000.0,23024.1458
74,26.06,26.76,26.05,26.76,2020-04-11T14:00:00+00:00,1586613600000.0,108.4678
75,26.6,26.76,26.06,26.06,2020-04-11T15:00:00+00:00,1586617200000.0,50.844
76,25.95,27.18,25.7,26.6,2020-04-11T16:00:00+00:00,1586620800000.0,505.355
77,25.52,26.19,25.48,25.95,2020-04-11T17:00:00+00:00,1586624400000.0,703.248
78,26.58,26.91,25.48,25.52,2020-04-11T18:00:00+00:00,1586628000000.0,3293.618
79,25.85,26.65,25.69,26.58,2020-04-11T19:00:00+00:00,1586631600000.0,0.0
80,25.39,25.85,24.8,25.85,2020-04-11T20:00:00+00:00,1586635200000.0,792.1541
81,26.32,26.38,25.25,25.39,2020-04-11T21:00:00+00:00,1586638800000.0,41.8439
82,26.58,27.15,26.03,26.32,2020-04-11T22:00:00+00:00,1586642400000.0,0.0
83,26.99,27.08,26.14,26.58,2020-04-11T23:00:00+00:00,1586646000000.0,0.0
84,26.78,27.59,26.78,26.99,2020-04-12T00:00:00+00:00,1586649600000.0,228.582
85,26.56,27.08,26.5,26.78,2020-04-12T01:00:00+00:00,1586653200000.0,0.0
86,26.45,26.76,26.02,26.57,2020-04-12T02:00:00+00:00,1586656800000.0,0.0
87,26.0,26.52,26.0,26.45,2020-04-12T03:00:00+00:00,1586660400000.0,0.0
88,26.3,26.37,25.63,26.0,2020-04-12T04:00:00+00:00,1586664000000.0,0.0
89,26.57,26.78,26.13,26.3,2020-04-12T05:00:00+00:00,1586667600000.0,0.0
90,26.44,26.7,26.24,26.57,2020-04-12T06:00:00+00:00,1586671200000.0,0.0
91,26.59,26.63,26.16,26.44,2020-04-12T07:00:00+00:00,1586674800000.0,0.0
92,26.76,26.98,26.57,26.59,2020-04-12T08:00:00+00:00,1586678400000.0,0.0
93,27.34,27.54,26.76,26.76,2020-04-12T09:00:00+00:00,1586682000000.0,0.0
94,27.01,27.53,26.88,27.34,2020-04-12T10:00:00+00:00,1586685600000.0,0.0
95,27.36,27.64,27.01,27.01,2020-04-12T11:00:00+00:00,1586689200000.0,0.0
96,28.25,28.35,27.36,27.36,2020-04-12T12:00:00+00:00,1586692800000.0,3451.2371
97,28.25,28.33,28.02,28.25,2020-04-12T13:00:00+00:00,1586696400000.0,0.0
98,28.78,29.1,28.25,28.25,2020-04-12T14:00:00+00:00,1586700000000.0,4.9113
99,29.36,29.36,28.78,28.78,2020-04-12T15:00:00+00:00,1586703600000.0,14.47
100,30.59,30.59,29.36,29.36,2020-04-12T16:00:00+00:00,1586707200000.0,2302.8314
101,30.24,31.2,29.88,30.59,2020-04-12T17:00:00+00:00,1586710800000.0,2589.8188
102,29.89,30.46,29.7,30.24,2020-04-12T18:00:00+00:00,1586714400000.0,5.6791
103,30.22,30.53,29.89,29.89,2020-04-12T19:00:00+00:00,1586718000000.0,0.0
104,30.36,30.79,30.12,30.22,2020-04-12T20:00:00+00:00,1586721600000.0,18.666
105,30.36,30.6,29.95,30.36,2020-04-12T21:00:00+00:00,1586725200000.0,0.0
106,29.11,30.6,28.45,30.36,2020-04-12T22:00:00+00:00,1586728800000.0,322.08
107,27.68,29.28,27.59,29.11,2020-04-12T23:00:00+00:00,1586732400000.0,275.52
108,25.26,27.68,23.23,27.68,2020-04-13T00:00:00+00:00,1586736000000.0,997.153
109,24.75,25.34,24.38,25.26,2020-04-13T01:00:00+00:00,1586739600000.0,3626.4118
110,24.82,25.0,24.4,24.75,2020-04-13T02:00:00+00:00,1586743200000.0,426.599
111,24.45,24.82,24.35,24.82,2020-04-13T03:00:00+00:00,1586746800000.0,0.0
112,24.65,24.91,23.94,24.45,2020-04-13T04:00:00+00:00,1586750400000.0,279.7677
113,24.75,24.93,24.51,24.65,2020-04-13T05:00:00+00:00,1586754000000.0,123.5443
114,25.36,25.38,24.58,24.75,2020-04-13T06:00:00+00:00,1586757600000.0,2730.9128
115,24.47,25.36,24.15,25.36,2020-04-13T07:00:00+00:00,1586761200000.0,472.7281
116,24.32,24.56,24.09,24.47,2020-04-13T08:00:00+00:00,1586764800000.0,420.8392
117,23.99,24.34,23.65,24.32,2020-04-13T09:00:00+00:00,1586768400000.0,0.0
118,25.22,25.26,23.99,23.99,2020-04-13T10:00:00+00:00,1586772000000.0,1237.0
119,25.84,26.5,24.74,25.22,2020-04-13T11:00:00+00:00,1586775600000.0,4538.4502
120,24.73,25.84,24.45,25.84,2020-04-13T12:00:00+00:00,1586779200000.0,27209.4936
121,23.81,24.99,23.77,24.73,2020-04-13T13:00:00+00:00,1586782800000.0,294.41
122,24.81,25.33,23.77,23.95,2020-04-13T14:00:00+00:00,1586786400000.0,6731.74
123,25.44,25.62,24.57,24.81,2020-04-13T15:00:00+00:00,1586790000000.0,442.8145
124,25.14,25.61,25.0,25.44,2020-04-13T16:00:00+00:00,1586793600000.0,19.695
125,25.12,25.44,25.1,25.14,2020-04-13T17:00:00+00:00,1586797200000.0,584.204
126,25.24,25.4,25.12,25.12,2020-04-13T18:00:00+00:00,1586800800000.0,0.0
127,25.78,26.02,25.24,25.24,2020-04-13T19:00:00+00:00,1586804400000.0,170.148
128,26.48,26.55,25.78,25.78,2020-04-13T20:00:00+00:00,1586808000000.0,4.978
129,26.2,27.25,26.2,26.48,2020-04-13T21:00:00+00:00,1586811600000.0,0.0
130,27.09,27.13,26.2,26.2,2020-04-13T22:00:00+00:00,1586815200000.0,40.695
131,26.81,27.13,26.5,27.09,2020-04-13T23:00:00+00:00,1586818800000.0,59.092
132,26.71,27.07,26.57,26.81,2020-04-14T00:00:00+00:00,1586822400000.0,818.2683
133,27.07,27.07,26.4,26.71,2020-04-14T01:00:00+00:00,1586826000000.0,0.0
134,27.07,27.33,27.07,27.07,2020-04-14T02:00:00+00:00,1586829600000.0,0.0
135,27.42,27.57,26.94,27.07,2020-04-14T03:00:00+00:00,1586833200000.0,0.0
136,27.51,28.01,27.42,27.42,2020-04-14T04:00:00+00:00,1586836800000.0,472.374
137,27.47,27.71,27.3,27.51,2020-04-14T05:00:00+00:00,1586840400000.0,255.564
138,27.27,27.48,27.06,27.47,2020-04-14T06:00:00+00:00,1586844000000.0,0.0
139,26.41,27.5,26.27,27.27,2020-04-14T07:00:00+00:00,1586847600000.0,540.4161
140,26.26,26.44,25.69,26.41,2020-04-14T08:00:00+00:00,1586851200000.0,2989.941
141,26.91,26.98,26.16,26.26,2020-04-14T09:00:00+00:00,1586854800000.0,55.566
142,26.57,27.16,26.54,26.91,2020-04-14T10:00:00+00:00,1586858400000.0,134.15
143,26.83,26.92,26.48,26.57,2020-04-14T11:00:00+00:00,1586862000000.0,0.0
144,26.83,26.88,26.39,26.83,2020-04-14T12:00:00+00:00,1586865600000.0,2655.0
145,27.52,27.52,26.81,26.83,2020-04-14T13:00:00+00:00,1586869200000.0,0.0
146,27.57,28.49,27.29,27.55,2020-04-14T14:00:00+00:00,1586872800000.0,1947.1425
147,27.71,28.06,27.3,27.57,2020-04-14T15:00:00+00:00,1586876400000.0,4547.927
148,28.21,28.34,27.44,27.71,2020-04-14T16:00:00+00:00,1586880000000.0,2890.357
149,27.67,28.41,27.6,28.21,2020-04-14T17:00:00+00:00,1586883600000.0,1280.71
150,27.67,27.87,27.59,27.67,2020-04-14T18:00:00+00:00,1586887200000.0,0.0
151,27.67,27.69,27.24,27.67,2020-04-14T19:00:00+00:00,1586890800000.0,0.0
152,26.97,27.69,26.83,27.67,2020-04-14T20:00:00+00:00,1586894400000.0,58.5303
153,26.97,27.09,26.84,26.97,2020-04-14T21:00:00+00:00,1586898000000.0,0.0
154,27.43,27.76,26.93,26.97,2020-04-14T22:00:00+00:00,1586901600000.0,30.6249
155,27.27,27.55,26.87,27.43,2020-04-14T23:00:00+00:00,1586905200000.0,2847.1085
156,26.47,27.27,26.21,27.27,2020-04-15T00:00:00+00:00,1586908800000.0,1215.725
157,27.25,27.31,26.37,26.47,2020-04-15T01:00:00+00:00,1586912400000.0,0.0
158,27.59,27.66,27.08,27.25,2020-04-15T02:00:00+00:00,1586916000000.0,55.18
159,27.78,27.88,27.59,27.59,2020-04-15T03:00:00+00:00,1586919600000.0,0.0
160,27.68,28.14,27.65,27.78,2020-04-15T04:00:00+00:00,1586923200000.0,44.96
161,28.1,28.1,27.6,27.68,2020-04-15T05:00:00+00:00,1586926800000.0,0.0
162,27.85,28.1,27.81,28.1,2020-04-15T06:00:00+00:00,1586930400000.0,27.94
163,27.64,27.94,27.64,27.85,2020-04-15T07:00:00+00:00,1586934000000.0,101.4388
164,27.25,27.64,27.14,27.64,2020-04-15T08:00:00+00:00,1586937600000.0,0.0
165,27.31,27.49,26.92,27.25,2020-04-15T09:00:00+00:00,1586941200000.0,0.0
166,26.67,27.64,26.4,27.31,2020-04-15T10:00:00+00:00,1586944800000.0,194.7759
167,26.64,26.78,26.3,26.65,2020-04-15T11:00:00+00:00,1586948400000.0,321.608
168,25.53,26.64,25.43,26.64,2020-04-15T12:00:00+00:00,1586952000000.0,1255.9515
169,25.88,26.12,25.38,25.53,2020-04-15T13:00:00+00:00,1586955600000.0,0.0
170,25.94,26.28,25.56,25.88,2020-04-15T14:00:00+00:00,1586959200000.0,0.0
171,25.43,26.07,25.43,25.94,2020-04-15T15:00:00+00:00,1586962800000.0,0.0
172,26.1,26.34,25.23,25.43,2020-04-15T16:00:00+00:00,1586966400000.0,4001.4474
173,26.34,26.34,26.04,26.1,2020-04-15T17:00:00+00:00,1586970000000.0,0.0
174,26.4,26.7,26.34,26.34,2020-04-15T18:00:00+00:00,1586973600000.0,0.0
175,26.2,26.4,26.18,26.4,2020-04-15T19:00:00+00:00,1586977200000.0,0.0
176,26.34,26.6,26.13,26.2,2020-04-15T20:00:00+00:00,1586980800000.0,7387.4401
177,26.29,26.58,26.17,26.34,2020-04-15T21:00:00+00:00,1586984400000.0,0.0
178,25.82,26.33,25.65,26.29,2020-04-15T22:00:00+00:00,1586988000000.0,0.0
179,24.09,26.03,23.89,25.82,2020-04-15T23:00:00+00:00,1586991600000.0,5385.908
180,23.035,24.09,21.44,24.09,2020-04-16T00:00:00+00:00,1586995200000.0,6273.0798
181,23.25,23.515,22.485,23.035,2020-04-16T01:00:00+00:00,1586998800000.0,216.439
182,23.29,23.54,23.06,23.25,2020-04-16T02:00:00+00:00,1587002400000.0,0.0
183,23.44,23.44,23.015,23.29,2020-04-16T03:00:00+00:00,1587006000000.0,4.86885
184,23.235,23.675,23.185,23.44,2020-04-16T04:00:00+00:00,1587009600000.0,0.0
185,23.535,23.76,23.21,23.235,2020-04-16T05:00:00+00:00,1587013200000.0,10.1662
186,24.51,24.58,23.535,23.535,2020-04-16T06:00:00+00:00,1587016800000.0,233.19545
187,27.64,28.895,24.43,24.51,2020-04-16T07:00:00+00:00,1587020400000.0,6365.1177
188,29.71,31.085,27.64,27.64,2020-04-16T08:00:00+00:00,1587024000000.0,9635.88215
189,29.34,30.39,29.23,29.71,2020-04-16T09:00:00+00:00,1587027600000.0,2759.9658
190,28.305,29.855,28.185,29.34,2020-04-16T10:00:00+00:00,1587031200000.0,616.50295
191,29.13,29.515,28.305,28.305,2020-04-16T11:00:00+00:00,1587034800000.0,0.0
192,29.8,29.995,28.675,29.13,2020-04-16T12:00:00+00:00,1587038400000.0,5619.35475
193,28.905,30.1,28.825,29.8,2020-04-16T13:00:00+00:00,1587042000000.0,20.0226
194,29.3,29.34,28.85,28.905,2020-04-16T14:00:00+00:00,1587045600000.0,0.0
195,30.045,30.1,29.205,29.3,2020-04-16T15:00:00+00:00,1587049200000.0,5.0065
196,29.235,30.335,28.955,30.045,2020-04-16T16:00:00+00:00,1587052800000.0,1402.44265
197,29.235,29.335,29.14,29.235,2020-04-16T17:00:00+00:00,1587056400000.0,0.0
198,29.235,29.4,29.155,29.235,2020-04-16T18:00:00+00:00,1587060000000.0,0.0
199,30.1,30.225,29.235,29.235,2020-04-16T19:00:00+00:00,1587063600000.0,1023.4185
200,29.87,30.1,29.195,30.1,2020-04-16T20:00:00+00:00,1587067200000.0,2256.6563
201,30.045,30.21,29.51,29.87,2020-04-16T21:00:00+00:00,1587070800000.0,0.0
202,30.955,31.06,30.045,30.045,2020-04-16T22:00:00+00:00,1587074400000.0,2098.9858
203,30.31,31.345,29.81,30.955,2020-04-16T23:00:00+00:00,1587078000000.0,372.813
204,29.51,30.75,29.24,30.31,2020-04-17T00:00:00+00:00,1587081600000.0,663.084
205,30.21,30.43,29.38,29.54,2020-04-17T01:00:00+00:00,1587085200000.0,0.0
206,29.49,30.21,29.34,30.21,2020-04-17T02:00:00+00:00,1587088800000.0,91.543
207,29.57,29.65,29.27,29.49,2020-04-17T03:00:00+00:00,1587092400000.0,0.0
208,28.49,29.57,28.13,29.57,2020-04-17T04:00:00+00:00,1587096000000.0,1319.297
209,29.05,29.25,28.14,28.49,2020-04-17T05:00:00+00:00,1587099600000.0,0.0
210,28.65,29.05,28.16,29.05,2020-04-17T06:00:00+00:00,1587103200000.0,526.38
211,28.79,29.0,28.3,28.65,2020-04-17T07:00:00+00:00,1587106800000.0,136.1928
212,29.2,29.36,28.72,28.79,2020-04-17T08:00:00+00:00,1587110400000.0,474.4592
213,29.85,30.2,29.09,29.2,2020-04-17T09:00:00+00:00,1587114000000.0,388.773
214,29.7,29.97,29.7,29.85,2020-04-17T10:00:00+00:00,1587117600000.0,0.0
215,29.12,29.93,28.85,29.7,2020-04-17T11:00:00+00:00,1587121200000.0,0.0
216,29.48,29.7,29.12,29.12,2020-04-17T12:00:00+00:00,1587124800000.0,11.756
217,29.25,29.48,28.58,29.48,2020-04-17T13:00:00+00:00,1587128400000.0,428.608
218,28.9,29.47,28.7,29.25,2020-04-17T14:00:00+00:00,1587132000000.0,0.0
219,29.0,29.11,28.76,28.9,2020-04-17T15:00:00+00:00,1587135600000.0,0.0
220,29.18,29.26,28.96,29.0,2020-04-17T16:00:00+00:00,1587139200000.0,0.0
221,28.96,29.3,28.96,29.18,2020-04-17T17:00:00+00:00,1587142800000.0,0.0
222,28.98,29.0,28.83,28.96,2020-04-17T18:00:00+00:00,1587146400000.0,0.0
223,29.67,29.73,28.96,28.98,2020-04-17T19:00:00+00:00,1587150000000.0,233.1918
224,29.53,29.91,29.49,29.67,2020-04-17T20:00:00+00:00,1587153600000.0,1045.6536
225,29.16,29.85,29.16,29.53,2020-04-17T21:00:00+00:00,1587157200000.0,1.7496
226,29.36,29.44,29.16,29.16,2020-04-17T22:00:00+00:00,1587160800000.0,0.0
227,29.26,30.95,29.23,29.36,2020-04-17T23:00:00+00:00,1587164400000.0,3036.6291
228,29.83,29.96,29.2,29.26,2020-04-18T00:00:00+00:00,1587168000000.0,29.6
229,30.13,30.13,29.74,29.83,2020-04-18T01:00:00+00:00,1587171600000.0,0.0
230,30.48,30.71,30.13,30.13,2020-04-18T02:00:00+00:00,1587175200000.0,77.3487
231,30.39,30.68,30.32,30.48,2020-04-18T03:00:00+00:00,1587178800000.0,470.9356
232,30.37,30.62,30.37,30.39,2020-04-18T04:00:00+00:00,1587182400000.0,305.9056
233,30.5,30.56,30.37,30.37,2020-04-18T05:00:00+00:00,1587186000000.0,0.0
234,30.23,30.56,30.21,30.5,2020-04-18T06:00:00+00:00,1587189600000.0,0.0
235,30.33,30.44,30.11,30.23,2020-04-18T07:00:00+00:00,1587193200000.0,0.0
236,30.23,30.56,30.15,30.33,2020-04-18T08:00:00+00:00,1587196800000.0,0.0
237,30.19,30.51,30.19,30.23,2020-04-18T09:00:00+00:00,1587200400000.0,0.0
238,30.06,30.35,29.49,30.19,2020-04-18T10:00:00+00:00,1587204000000.0,0.0
239,30.39,30.51,29.75,30.06,2020-04-18T11:00:00+00:00,1587207600000.0,73.5566
240,31.67,31.78,29.98,30.39,2020-04-18T12:00:00+00:00,1587211200000.0,5183.6656
241,33.01,33.28,31.67,31.67,2020-04-18T13:00:00+00:00,1587214800000.0,5869.6677
242,32.93,33.37,32.73,33.01,2020-04-18T14:00:00+00:00,1587218400000.0,100.4365
243,33.28,33.36,32.84,32.93,2020-04-18T15:00:00+00:00,1587222000000.0,0.0
244,32.71,33.51,32.19,33.28,2020-04-18T16:00:00+00:00,1587225600000.0,9.8145
245,32.42,32.75,32.41,32.71,2020-04-18T17:00:00+00:00,1587229200000.0,493.1082
246,32.45,32.55,32.42,32.42,2020-04-18T18:00:00+00:00,1587232800000.0,0.0
247,32.74,32.79,32.42,32.45,2020-04-18T19:00:00+00:00,1587236400000.0,0.0
248,33.41,33.49,32.56,32.74,2020-04-18T20:00:00+00:00,1587240000000.0,0.3349
249,33.84,33.84,33.41,33.41,2020-04-18T21:00:00+00:00,1587243600000.0,0.3384
250,34.88,35.54,33.83,33.84,2020-04-18T22:00:00+00:00,1587247200000.0,398.17
251,34.5,35.17,34.08,34.88,2020-04-18T23:00:00+00:00,1587250800000.0,9.688
252,33.66,34.6,32.85,34.5,2020-04-19T00:00:00+00:00,1587254400000.0,1521.635
253,33.8,33.84,33.05,33.66,2020-04-19T01:00:00+00:00,1587258000000.0,0.0
254,34.25,34.54,33.69,33.8,2020-04-19T02:00:00+00:00,1587261600000.0,5.0625
255,34.16,34.39,33.78,34.25,2020-04-19T03:00:00+00:00,1587265200000.0,95.516
256,33.9,34.29,33.79,34.16,2020-04-19T04:00:00+00:00,1587268800000.0,0.0
257,31.27,34.06,31.27,33.9,2020-04-19T05:00:00+00:00,1587272400000.0,1203.414
258,32.24,32.35,31.02,31.27,2020-04-19T06:00:00+00:00,1587276000000.0,415.148
259,31.99,32.24,31.84,32.24,2020-04-19T07:00:00+00:00,1587279600000.0,0.0
260,32.02,32.24,31.43,31.99,2020-04-19T08:00:00+00:00,1587283200000.0,0.0
261,32.54,32.6,31.63,32.02,2020-04-19T09:00:00+00:00,1587286800000.0,0.0
262,32.54,32.76,32.19,32.54,2020-04-19T10:00:00+00:00,1587290400000.0,169.208
263,32.39,32.54,31.73,32.54,2020-04-19T11:00:00+00:00,1587294000000.0,0.0
264,31.94,32.43,31.74,32.43,2020-04-19T12:00:00+00:00,1587297600000.0,798.76835
265,30.33,31.94,29.93,31.94,2020-04-19T13:00:00+00:00,1587301200000.0,0.0
266,30.15,30.33,28.9,30.33,2020-04-19T14:00:00+00:00,1587304800000.0,427.391
267,29.92,30.37,29.58,30.15,2020-04-19T15:00:00+00:00,1587308400000.0,0.0
268,30.55,30.64,29.48,29.92,2020-04-19T16:00:00+00:00,1587312000000.0,0.0
269,31.21,31.39,30.33,30.55,2020-04-19T17:00:00+00:00,1587315600000.0,0.0
270,31.18,31.3,30.88,31.21,2020-04-19T18:00:00+00:00,1587319200000.0,1033.7862
271,30.96,31.27,30.58,31.18,2020-04-19T19:00:00+00:00,1587322800000.0,0.0
272,30.86,31.08,30.48,30.96,2020-04-19T20:00:00+00:00,1587326400000.0,0.0
273,31.6,31.76,30.86,30.86,2020-04-19T21:00:00+00:00,1587330000000.0,0.0
274,31.27,31.65,30.92,31.6,2020-04-19T22:00:00+00:00,1587333600000.0,0.0
275,30.0,31.47,29.91,31.27,2020-04-19T23:00:00+00:00,1587337200000.0,0.0
276,31.26,31.27,29.45,30.0,2020-04-20T00:00:00+00:00,1587340800000.0,0.0
277,31.27,31.27,30.79,31.26,2020-04-20T01:00:00+00:00,1587344400000.0,0.0
278,31.6,31.9,31.04,31.27,2020-04-20T02:00:00+00:00,1587348000000.0,0.0
279,31.6,31.97,31.27,31.6,2020-04-20T03:00:00+00:00,1587351600000.0,0.0
280,31.78,32.44,31.6,31.6,2020-04-20T04:00:00+00:00,1587355200000.0,386.958
281,31.79,31.98,31.32,31.78,2020-04-20T05:00:00+00:00,1587358800000.0,0.0
282,31.23,31.95,31.03,31.79,2020-04-20T06:00:00+00:00,1587362400000.0,38.7875
283,31.51,31.58,31.07,31.23,2020-04-20T07:00:00+00:00,1587366000000.0,0.0
284,30.99,31.57,30.58,31.51,2020-04-20T08:00:00+00:00,1587369600000.0,1028.28
285,30.88,31.16,30.53,30.99,2020-04-20T09:00:00+00:00,1587373200000.0,0.0
286,30.32,30.9,29.53,30.88,2020-04-20T10:00:00+00:00,1587376800000.0,0.0
287,28.24,30.4,28.2,30.32,2020-04-20T11:00:00+00:00,1587380400000.0,196.857
288,29.6,30.1,27.4,28.24,2020-04-20T12:00:00+00:00,1587384000000.0,114.4
289,29.28,29.87,29.26,29.6,2020-04-20T13:00:00+00:00,1587387600000.0,0.0
290,29.71,29.84,29.15,29.28,2020-04-20T14:00:00+00:00,1587391200000.0,0.0
291,29.61,30.03,29.34,29.71,2020-04-20T15:00:00+00:00,1587394800000.0,0.0
292,29.18,29.95,28.95,29.61,2020-04-20T16:00:00+00:00,1587398400000.0,0.0
293,27.05,29.24,26.75,29.18,2020-04-20T17:00:00+00:00,1587402000000.0,0.0
294,26.75,27.72,26.11,27.0,2020-04-20T18:00:00+00:00,1587405600000.0,82.26
295,24.27,27.05,24.27,26.75,2020-04-20T19:00:00+00:00,1587409200000.0,237.846
296,26.0,26.0,24.18,24.27,2020-04-20T20:00:00+00:00,1587412800000.0,0.0
297,25.54,26.37,25.43,26.0,2020-04-20T21:00:00+00:00,1587416400000.0,0.0
298,26.39,26.55,25.48,25.54,2020-04-20T22:00:00+00:00,1587420000000.0,0.0
299,25.41,26.47,25.17,26.39,2020-04-20T23:00:00+00:00,1587423600000.0,0.0
300,26.33,26.71,25.03,25.41,2020-04-21T00:00:00+00:00,1587427200000.0,0.0
301,26.39,26.78,26.26,26.33,2020-04-21T01:00:00+00:00,1587430800000.0,95.2973
302,25.81,26.48,25.72,26.39,2020-04-21T02:00:00+00:00,1587434400000.0,0.0
303,26.03,26.29,25.72,25.81,2020-04-21T03:00:00+00:00,1587438000000.0,1.8221
304,25.98,26.18,25.75,26.03,2020-04-21T04:00:00+00:00,1587441600000.0,0.0
305,26.65,26.79,25.94,25.98,2020-04-21T05:00:00+00:00,1587445200000.0,0.0
306,26.28,26.95,26.19,26.65,2020-04-21T06:00:00+00:00,1587448800000.0,0.0
307,26.4,26.45,26.03,26.28,2020-04-21T07:00:00+00:00,1587452400000.0,0.0
308,26.03,26.5,25.94,26.4,2020-04-21T08:00:00+00:00,1587456000000.0,0.0
309,25.47,26.12,24.79,26.03,2020-04-21T09:00:00+00:00,1587459600000.0,37.7715
310,25.36,25.85,25.35,25.46,2020-04-21T10:00:00+00:00,1587463200000.0,180.433
311,25.31,25.79,24.83,25.36,2020-04-21T11:00:00+00:00,1587466800000.0,1206.983
312,25.5,25.97,25.19,25.31,2020-04-21T12:00:00+00:00,1587470400000.0,25.5
313,25.7,25.84,25.29,25.5,2020-04-21T13:00:00+00:00,1587474000000.0,0.0
314,25.95,26.74,25.5,25.7,2020-04-21T14:00:00+00:00,1587477600000.0,69.16
315,26.09,26.29,25.38,25.95,2020-04-21T15:00:00+00:00,1587481200000.0,0.0
316,26.13,26.53,25.64,26.09,2020-04-21T16:00:00+00:00,1587484800000.0,0.0
317,26.53,26.75,25.5,26.13,2020-04-21T17:00:00+00:00,1587488400000.0,419.127
318,26.51,26.71,26.49,26.53,2020-04-21T18:00:00+00:00,1587492000000.0,0.0
319,26.33,26.66,26.33,26.51,2020-04-21T19:00:00+00:00,1587495600000.0,0.0
320,26.44,26.44,26.14,26.33,2020-04-21T20:00:00+00:00,1587499200000.0,180.9817
321,26.44,26.58,26.29,26.44,2020-04-21T21:00:00+00:00,1587502800000.0,0.0
322,26.58,26.59,26.44,26.44,2020-04-21T22:00:00+00:00,1587506400000.0,0.0
323,26.15,26.67,25.91,26.58,2020-04-21T23:00:00+00:00,1587510000000.0,62.76
324,25.89,26.15,25.69,26.15,2020-04-22T00:00:00+00:00,1587513600000.0,0.0
325,26.08,26.13,25.53,25.89,2020-04-22T01:00:00+00:00,1587517200000.0,0.0
326,26.49,26.5,25.96,26.08,2020-04-22T02:00:00+00:00,1587520800000.0,499.8663
327,26.24,26.49,26.11,26.49,2020-04-22T03:00:00+00:00,1587524400000.0,0.0
328,26.2,26.46,26.0,26.24,2020-04-22T04:00:00+00:00,1587528000000.0,0.0
329,26.9,26.96,26.19,26.2,2020-04-22T05:00:00+00:00,1587531600000.0,69.94
330,27.06,27.06,26.68,26.9,2020-04-22T06:00:00+00:00,1587535200000.0,3073.4712
331,27.23,27.49,26.98,27.06,2020-04-22T07:00:00+00:00,1587538800000.0,1833.641
332,27.24,27.26,27.11,27.23,2020-04-22T08:00:00+00:00,1587542400000.0,155.819
333,27.24,27.44,27.24,27.24,2020-04-22T09:00:00+00:00,1587546000000.0,0.0
334,27.24,27.27,27.08,27.24,2020-04-22T10:00:00+00:00,1587549600000.0,0.0
335,27.37,27.46,27.24,27.24,2020-04-22T11:00:00+00:00,1587553200000.0,0.0
336,27.36,27.51,27.24,27.37,2020-04-22T12:00:00+00:00,1587556800000.0,0.0
337,28.96,29.22,27.24,27.36,2020-04-22T13:00:00+00:00,1587560400000.0,1067.0602
338,29.22,29.72,28.84,28.96,2020-04-22T14:00:00+00:00,1587564000000.0,0.0
339,29.62,29.67,29.1,29.22,2020-04-22T15:00:00+00:00,1587567600000.0,0.0
340,29.53,30.54,29.34,29.62,2020-04-22T16:00:00+00:00,1587571200000.0,0.0
341,29.41,29.71,29.24,29.53,2020-04-22T17:00:00+00:00,1587574800000.0,249.57
342,29.49,29.51,29.25,29.41,2020-04-22T18:00:00+00:00,1587578400000.0,0.0
343,29.47,29.61,29.39,29.49,2020-04-22T19:00:00+00:00,1587582000000.0,0.0
344,29.57,29.74,29.33,29.47,2020-04-22T20:00:00+00:00,1587585600000.0,87.6967
345,29.3,29.78,29.26,29.57,2020-04-22T21:00:00+00:00,1587589200000.0,235.36
346,29.5,29.52,29.19,29.3,2020-04-22T22:00:00+00:00,1587592800000.0,0.0
347,29.68,29.77,29.42,29.5,2020-04-22T23:00:00+00:00,1587596400000.0,0.0
348,29.42,29.85,29.34,29.68,2020-04-23T00:00:00+00:00,1587600000000.0,0.0
349,29.82,29.85,29.42,29.42,2020-04-23T01:00:00+00:00,1587603600000.0,0.0
