,close,high,low,open,startTime,time,volume
0,72.375,73.175,72.225,72.525,2020-04-12T03:00:00+00:00,1586660400000.0,0.0
1,72.125,72.525,71.125,72.375,2020-04-12T04:00:00+00:00,1586664000000.0,1999.963875
2,72.775,73.125,71.85,72.125,2020-04-12T05:00:00+00:00,1586667600000.0,0.0
3,72.7,73.075,72.15,72.775,2020-04-12T06:00:00+00:00,1586671200000.0,0.0
4,73.25,73.275,72.425,72.7,2020-04-12T07:00:00+00:00,1586674800000.0,0.0
5,74.0,74.775,72.95,73.25,2020-04-12T08:00:00+00:00,1586678400000.0,1092.903675
6,74.475,74.775,74.0,74.0,2020-04-12T09:00:00+00:00,1586682000000.0,0.0
7,74.475,74.7,74.475,74.475,2020-04-12T10:00:00+00:00,1586685600000.0,0.0
8,76.325,76.575,74.475,74.475,2020-04-12T11:00:00+00:00,1586689200000.0,443.20675
9,80.125,81.275,76.275,76.35,2020-04-12T12:00:00+00:00,1586692800000.0,533.6578
10,81.65,81.65,80.125,80.125,2020-04-12T13:00:00+00:00,1586696400000.0,1316.7338
11,83.65,84.775,81.65,81.65,2020-04-12T14:00:00+00:00,1586700000000.0,1320.323275
12,84.775,84.775,83.2,83.65,2020-04-12T15:00:00+00:00,1586703600000.0,37.8311
13,89.15,89.25,85.0,85.0,2020-04-12T16:00:00+00:00,1586707200000.0,3679.297075
14,87.05,90.55,85.35,89.15,2020-04-12T17:00:00+00:00,1586710800000.0,4935.5515
15,86.4,87.7,85.1,87.05,2020-04-12T18:00:00+00:00,1586714400000.0,558.05655
16,88.4,88.925,86.025,86.4,2020-04-12T19:00:00+00:00,1586718000000.0,1402.293425
17,87.575,88.4,86.675,88.4,2020-04-12T20:00:00+00:00,1586721600000.0,762.4288
18,87.575,88.0,86.425,87.575,2020-04-12T21:00:00+00:00,1586725200000.0,1363.116
19,83.175,88.45,82.4,87.575,2020-04-12T22:00:00+00:00,1586728800000.0,2196.485775
20,80.425,84.375,80.425,83.175,2020-04-12T23:00:00+00:00,1586732400000.0,498.509
21,74.25,80.425,68.8,80.425,2020-04-13T00:00:00+00:00,1586736000000.0,6665.6468
22,72.075,74.5,71.85,74.25,2020-04-13T01:00:00+00:00,1586739600000.0,2249.2152
23,71.9,73.275,71.25,72.075,2020-04-13T02:00:00+00:00,1586743200000.0,1218.280675
24,71.525,71.85,71.175,71.775,2020-04-13T03:00:00+00:00,1586746800000.0,456.98165
25,74.4,74.7,70.6,71.525,2020-04-13T04:00:00+00:00,1586750400000.0,569.4675
26,73.825,74.7,73.55,74.4,2020-04-13T05:00:00+00:00,1586754000000.0,1341.696475
27,75.425,75.925,72.975,73.825,2020-04-13T06:00:00+00:00,1586757600000.0,0.0
28,74.25,75.55,72.9,75.425,2020-04-13T07:00:00+00:00,1586761200000.0,930.0525
29,74.525,75.15,73.65,74.25,2020-04-13T08:00:00+00:00,1586764800000.0,0.0
30,73.5,74.625,72.0,74.525,2020-04-13T09:00:00+00:00,1586768400000.0,472.8
31,86.55,86.725,73.5,73.5,2020-04-13T10:00:00+00:00,1586772000000.0,15655.5808
32,88.125,92.425,86.55,86.55,2020-04-13T11:00:00+00:00,1586775600000.0,9293.00495
33,84.1,88.125,82.05,88.125,2020-04-13T12:00:00+00:00,1586779200000.0,19218.6003
34,78.35,84.2,77.8,84.1,2020-04-13T13:00:00+00:00,1586782800000.0,3013.620075
35,83.45,83.575,77.825,78.35,2020-04-13T14:00:00+00:00,1586786400000.0,2525.97415
36,86.9,87.525,82.475,83.45,2020-04-13T15:00:00+00:00,1586790000000.0,4373.83665
37,86.1,88.0,85.3,86.9,2020-04-13T16:00:00+00:00,1586793600000.0,3641.86015
38,86.275,86.45,85.95,86.1,2020-04-13T17:00:00+00:00,1586797200000.0,549.254975
39,86.725,88.5,86.275,86.275,2020-04-13T18:00:00+00:00,1586800800000.0,4828.908175
40,89.5,89.825,86.675,86.725,2020-04-13T19:00:00+00:00,1586804400000.0,11366.79925
41,90.425,90.65,89.425,89.425,2020-04-13T20:00:00+00:00,1586808000000.0,786.99065
42,89.625,92.0,89.625,90.425,2020-04-13T21:00:00+00:00,1586811600000.0,4229.313675
43,92.3,92.3,89.325,89.625,2020-04-13T22:00:00+00:00,1586815200000.0,727.98165
44,94.0,94.0,91.15,92.3,2020-04-13T23:00:00+00:00,1586818800000.0,4657.555825
45,90.7,94.575,89.55,94.0,2020-04-14T00:00:00+00:00,1586822400000.0,4411.419075
46,97.025,97.35,89.425,90.7,2020-04-14T01:00:00+00:00,1586826000000.0,4962.730225
47,97.675,99.3,96.625,97.025,2020-04-14T02:00:00+00:00,1586829600000.0,6673.885525
48,101.375,101.85,96.375,97.675,2020-04-14T03:00:00+00:00,1586833200000.0,18969.635675
49,99.75,102.95,99.45,101.375,2020-04-14T04:00:00+00:00,1586836800000.0,9316.028875
50,100.0,100.825,98.325,99.75,2020-04-14T05:00:00+00:00,1586840400000.0,2988.615175
51,101.0,101.325,100.0,100.0,2020-04-14T06:00:00+00:00,1586844000000.0,1401.62255
52,98.35,106.425,96.075,101.0,2020-04-14T07:00:00+00:00,1586847600000.0,22516.521325
53,101.425,102.6,95.525,98.35,2020-04-14T08:00:00+00:00,1586851200000.0,11924.22745
54,101.9,102.1,98.975,101.425,2020-04-14T09:00:00+00:00,1586854800000.0,4179.906175
55,99.9,104.575,99.825,101.9,2020-04-14T10:00:00+00:00,1586858400000.0,27190.806075
56,101.675,101.775,99.225,99.9,2020-04-14T11:00:00+00:00,1586862000000.0,2343.05055
57,105.1,105.35,101.275,101.675,2020-04-14T12:00:00+00:00,1586865600000.0,5221.821775
58,108.5,108.7,105.1,105.1,2020-04-14T13:00:00+00:00,1586869200000.0,7722.288225
59,106.6,110.475,105.425,108.5,2020-04-14T14:00:00+00:00,1586872800000.0,8693.256825
60,106.025,108.8,105.7,106.6,2020-04-14T15:00:00+00:00,1586876400000.0,6436.517975
61,107.0,108.2,105.775,106.025,2020-04-14T16:00:00+00:00,1586880000000.0,4614.716775
62,103.9,107.3,103.9,107.0,2020-04-14T17:00:00+00:00,1586883600000.0,5869.5811
63,106.0,106.85,103.25,103.9,2020-04-14T18:00:00+00:00,1586887200000.0,9143.74305
64,105.275,106.0,103.925,106.0,2020-04-14T19:00:00+00:00,1586890800000.0,2855.0518
65,100.975,105.275,99.875,105.275,2020-04-14T20:00:00+00:00,1586894400000.0,10399.608425
66,102.95,103.125,100.275,100.975,2020-04-14T21:00:00+00:00,1586898000000.0,3060.362275
67,105.2,106.0,102.0,102.95,2020-04-14T22:00:00+00:00,1586901600000.0,321.2808
68,104.0,106.875,103.25,105.2,2020-04-14T23:00:00+00:00,1586905200000.0,1491.617925
69,104.875,105.2,101.7,104.0,2020-04-15T00:00:00+00:00,1586908800000.0,8085.0646
70,108.45,108.55,104.075,104.875,2020-04-15T01:00:00+00:00,1586912400000.0,7938.797775
71,107.875,108.7,105.625,108.45,2020-04-15T02:00:00+00:00,1586916000000.0,1707.4653
72,107.6,108.225,106.925,107.875,2020-04-15T03:00:00+00:00,1586919600000.0,3292.92695
73,107.375,108.9,106.575,107.6,2020-04-15T04:00:00+00:00,1586923200000.0,2718.8493
74,107.725,108.225,107.25,107.375,2020-04-15T05:00:00+00:00,1586926800000.0,4849.85995
75,105.025,107.725,105.025,107.725,2020-04-15T06:00:00+00:00,1586930400000.0,562.39
76,105.425,106.25,104.2,105.025,2020-04-15T07:00:00+00:00,1586934000000.0,1348.7048
77,101.475,106.125,101.2,105.425,2020-04-15T08:00:00+00:00,1586937600000.0,8907.13705
78,102.225,102.7,100.0,101.475,2020-04-15T09:00:00+00:00,1586941200000.0,2982.8867
79,100.15,102.875,98.6,102.225,2020-04-15T10:00:00+00:00,1586944800000.0,6312.39965
80,99.2,100.55,98.0,100.15,2020-04-15T11:00:00+00:00,1586948400000.0,9319.68665
81,92.7,99.2,90.575,99.2,2020-04-15T12:00:00+00:00,1586952000000.0,17306.42945
82,94.35,95.3,91.625,92.7,2020-04-15T13:00:00+00:00,1586955600000.0,20150.675325
83,94.075,95.875,93.0,94.35,2020-04-15T14:00:00+00:00,1586959200000.0,7390.25455
84,90.6,94.575,90.225,94.075,2020-04-15T15:00:00+00:00,1586962800000.0,6641.996225
85,93.0,93.35,89.475,90.6,2020-04-15T16:00:00+00:00,1586966400000.0,3933.22955
86,94.775,95.375,93.0,93.0,2020-04-15T17:00:00+00:00,1586970000000.0,5244.283725
87,94.4,97.9,94.4,94.775,2020-04-15T18:00:00+00:00,1586973600000.0,16683.7639
88,94.775,96.05,93.975,94.4,2020-04-15T19:00:00+00:00,1586977200000.0,1395.0062
89,95.0,96.05,92.6,94.775,2020-04-15T20:00:00+00:00,1586980800000.0,2603.2786
90,92.825,95.075,92.225,95.0,2020-04-15T21:00:00+00:00,1586984400000.0,2412.432625
91,91.775,93.025,91.0,92.825,2020-04-15T22:00:00+00:00,1586988000000.0,3469.960675
92,85.05,91.925,83.35,91.775,2020-04-15T23:00:00+00:00,1586991600000.0,22349.93175
93,81.525,85.05,76.025,85.05,2020-04-16T00:00:00+00:00,1586995200000.0,19487.514725
94,84.2,84.675,80.5,81.525,2020-04-16T01:00:00+00:00,1586998800000.0,11404.97465
95,84.125,85.525,82.1,84.2,2020-04-16T02:00:00+00:00,1587002400000.0,4669.48375
96,84.65,84.875,82.1,84.125,2020-04-16T03:00:00+00:00,1587006000000.0,3819.373675
97,84.825,86.05,84.525,84.65,2020-04-16T04:00:00+00:00,1587009600000.0,2080.180325
98,84.85,85.425,84.075,84.825,2020-04-16T05:00:00+00:00,1587013200000.0,8699.531275
99,92.8,92.8,84.175,84.85,2020-04-16T06:00:00+00:00,1587016800000.0,7262.671925
100,93.725,98.975,91.725,92.8,2020-04-16T07:00:00+00:00,1587020400000.0,24734.78555
101,99.675,101.375,92.475,93.725,2020-04-16T08:00:00+00:00,1587024000000.0,14144.01575
102,98.0,101.65,96.5,99.675,2020-04-16T09:00:00+00:00,1587027600000.0,15542.8922
103,96.15,100.95,94.875,98.0,2020-04-16T10:00:00+00:00,1587031200000.0,10466.135
104,98.575,99.8,96.1,96.15,2020-04-16T11:00:00+00:00,1587034800000.0,5728.578275
105,100.075,100.075,96.575,98.575,2020-04-16T12:00:00+00:00,1587038400000.0,19028.192925
106,97.15,100.475,97.15,100.075,2020-04-16T13:00:00+00:00,1587042000000.0,13560.851425
107,99.225,99.225,96.15,97.15,2020-04-16T14:00:00+00:00,1587045600000.0,1451.4417
108,99.425,100.0,98.275,99.225,2020-04-16T15:00:00+00:00,1587049200000.0,145.9157
109,98.175,100.4,96.125,99.425,2020-04-16T16:00:00+00:00,1587052800000.0,4003.12425
110,97.575,98.3,97.325,98.175,2020-04-16T17:00:00+00:00,1587056400000.0,710.179025
111,97.4,98.6,96.5,97.575,2020-04-16T18:00:00+00:00,1587060000000.0,1888.779825
112,99.425,99.425,97.125,97.4,2020-04-16T19:00:00+00:00,1587063600000.0,2269.161725
113,99.425,99.425,97.25,99.425,2020-04-16T20:00:00+00:00,1587067200000.0,314.0117
114,99.975,100.4,99.125,99.425,2020-04-16T21:00:00+00:00,1587070800000.0,2915.83875
115,102.375,102.375,99.65,99.975,2020-04-16T22:00:00+00:00,1587074400000.0,9526.837725
116,102.975,103.675,101.175,102.375,2020-04-16T23:00:00+00:00,1587078000000.0,4672.799325
117,101.775,103.6,100.0,102.975,2020-04-17T00:00:00+00:00,1587081600000.0,428.74065
118,102.0,102.8,101.275,101.775,2020-04-17T01:00:00+00:00,1587085200000.0,3741.42195
119,99.275,102.0,97.0,102.0,2020-04-17T02:00:00+00:00,1587088800000.0,871.0034
120,98.85,99.275,96.925,99.275,2020-04-17T03:00:00+00:00,1587092400000.0,228.92765
121,95.025,98.85,94.025,98.85,2020-04-17T04:00:00+00:00,1587096000000.0,2904.96585
122,96.5,96.6,94.35,95.025,2020-04-17T05:00:00+00:00,1587099600000.0,2157.507
123,97.8,97.8,95.25,96.5,2020-04-17T06:00:00+00:00,1587103200000.0,3381.5876
124,99.25,100.1,97.575,97.8,2020-04-17T07:00:00+00:00,1587106800000.0,6529.25505
125,102.75,105.0,99.1,99.25,2020-04-17T08:00:00+00:00,1587110400000.0,41849.4931
126,107.475,108.0,102.575,102.75,2020-04-17T09:00:00+00:00,1587114000000.0,3130.0659
127,106.4,108.0,106.4,107.475,2020-04-17T10:00:00+00:00,1587117600000.0,230.111425
128,102.65,106.4,102.0,106.4,2020-04-17T11:00:00+00:00,1587121200000.0,1399.2718
129,105.8,105.8,102.375,102.65,2020-04-17T12:00:00+00:00,1587124800000.0,4897.30965
130,102.2,105.8,100.925,105.8,2020-04-17T13:00:00+00:00,1587128400000.0,1780.681125
131,100.8,102.85,99.775,102.2,2020-04-17T14:00:00+00:00,1587132000000.0,1475.3977
132,102.125,102.7,100.175,100.8,2020-04-17T15:00:00+00:00,1587135600000.0,1120.08025
133,102.875,102.875,100.925,102.125,2020-04-17T16:00:00+00:00,1587139200000.0,234.22475
134,100.475,102.875,100.025,102.875,2020-04-17T17:00:00+00:00,1587142800000.0,2000.5
135,100.675,100.675,100.0,100.475,2020-04-17T18:00:00+00:00,1587146400000.0,750.468125
136,103.5,103.6,100.675,100.675,2020-04-17T19:00:00+00:00,1587150000000.0,858.121725
137,102.1,103.5,101.9,103.5,2020-04-17T20:00:00+00:00,1587153600000.0,17.885
138,101.075,102.825,101.075,102.1,2020-04-17T21:00:00+00:00,1587157200000.0,96.067475
139,102.9,102.9,101.075,101.075,2020-04-17T22:00:00+00:00,1587160800000.0,90.1074
140,102.9,107.0,102.725,102.9,2020-04-17T23:00:00+00:00,1587164400000.0,1983.629625
141,106.275,106.9,102.8,102.9,2020-04-18T00:00:00+00:00,1587168000000.0,176.06735
142,108.3,108.775,106.125,106.275,2020-04-18T01:00:00+00:00,1587171600000.0,2325.34365
143,111.125,113.0,107.9,108.3,2020-04-18T02:00:00+00:00,1587175200000.0,8147.0538
144,109.925,112.425,109.55,111.125,2020-04-18T03:00:00+00:00,1587178800000.0,2633.76425
145,108.675,110.975,108.675,109.925,2020-04-18T04:00:00+00:00,1587182400000.0,11128.950225
146,110.0,111.825,108.65,108.675,2020-04-18T05:00:00+00:00,1587186000000.0,1999.164075
147,107.95,110.0,107.85,110.0,2020-04-18T06:00:00+00:00,1587189600000.0,1991.898875
148,108.525,108.525,106.675,107.95,2020-04-18T07:00:00+00:00,1587193200000.0,2055.5283
149,108.4,109.45,107.875,108.525,2020-04-18T08:00:00+00:00,1587196800000.0,3375.733975
150,110.0,110.375,108.4,108.4,2020-04-18T09:00:00+00:00,1587200400000.0,343.4877
151,110.3,111.875,109.5,110.0,2020-04-18T10:00:00+00:00,1587204000000.0,4470.91975
152,111.9,112.1,110.3,110.3,2020-04-18T11:00:00+00:00,1587207600000.0,578.9366
153,112.55,113.05,111.0,111.9,2020-04-18T12:00:00+00:00,1587211200000.0,11735.56115
154,119.025,120.35,112.5,112.55,2020-04-18T13:00:00+00:00,1587214800000.0,17070.2676
155,119.6,120.75,117.55,119.025,2020-04-18T14:00:00+00:00,1587218400000.0,13744.770575
156,120.45,120.45,118.775,119.6,2020-04-18T15:00:00+00:00,1587222000000.0,458.6237
157,117.025,120.45,115.8,120.45,2020-04-18T16:00:00+00:00,1587225600000.0,4183.688475
158,118.225,118.3,116.0,117.025,2020-04-18T17:00:00+00:00,1587229200000.0,1191.9803
159,118.0,118.3,116.9,118.225,2020-04-18T18:00:00+00:00,1587232800000.0,2300.0256
160,118.85,118.85,117.425,118.0,2020-04-18T19:00:00+00:00,1587236400000.0,619.8016
161,120.0,120.025,118.775,118.85,2020-04-18T20:00:00+00:00,1587240000000.0,517.779275
162,122.15,123.025,120.0,120.0,2020-04-18T21:00:00+00:00,1587243600000.0,653.2323
163,124.375,127.575,122.15,122.15,2020-04-18T22:00:00+00:00,1587247200000.0,19567.694875
164,122.45,124.775,121.225,124.375,2020-04-18T23:00:00+00:00,1587250800000.0,1174.0112
165,119.4,123.65,117.2,122.45,2020-04-19T00:00:00+00:00,1587254400000.0,9128.04375
166,119.55,120.0,118.65,119.4,2020-04-19T01:00:00+00:00,1587258000000.0,1095.514
167,121.4,123.0,119.0,119.55,2020-04-19T02:00:00+00:00,1587261600000.0,4.9692
168,123.7,123.9,121.2,121.4,2020-04-19T03:00:00+00:00,1587265200000.0,80.727
169,122.0,123.7,121.2,123.7,2020-04-19T04:00:00+00:00,1587268800000.0,395.2624
170,108.35,122.3,108.35,122.0,2020-04-19T05:00:00+00:00,1587272400000.0,8755.80085
171,115.6,116.6,108.35,108.35,2020-04-19T06:00:00+00:00,1587276000000.0,2821.224
172,113.85,116.5,113.0,115.6,2020-04-19T07:00:00+00:00,1587279600000.0,282.5
173,114.6,114.6,111.6,113.85,2020-04-19T08:00:00+00:00,1587283200000.0,1967.0384
174,115.6,115.9,112.4,114.6,2020-04-19T09:00:00+00:00,1587286800000.0,1108.72
175,118.85,118.85,114.9,115.6,2020-04-19T10:00:00+00:00,1587290400000.0,213.34725
176,117.9,118.85,115.7,118.85,2020-04-19T11:00:00+00:00,1587294000000.0,1906.0089
177,116.6,118.25,116.6,117.85,2020-04-19T12:00:00+00:00,1587297600000.0,321.9326
178,110.1,116.9,109.6,116.6,2020-04-19T13:00:00+00:00,1587301200000.0,842.9166
179,111.9,112.0,106.3,110.1,2020-04-19T14:00:00+00:00,1587304800000.0,4918.02765
180,109.5,111.9,109.15,111.9,2020-04-19T15:00:00+00:00,1587308400000.0,0.0
181,113.2,113.35,108.6,109.5,2020-04-19T16:00:00+00:00,1587312000000.0,812.4235
182,115.45,116.35,112.55,113.2,2020-04-19T17:00:00+00:00,1587315600000.0,1203.9965
183,114.6,115.5,113.55,115.45,2020-04-19T18:00:00+00:00,1587319200000.0,992.20935
184,112.4,115.0,111.8,114.6,2020-04-19T19:00:00+00:00,1587322800000.0,27.95
185,113.05,113.85,111.25,112.4,2020-04-19T20:00:00+00:00,1587326400000.0,880.7614
186,115.3,115.65,113.05,113.05,2020-04-19T21:00:00+00:00,1587330000000.0,0.0
187,116.2,116.3,113.55,115.1,2020-04-19T22:00:00+00:00,1587333600000.0,204.2679
188,111.05,116.45,111.0,116.2,2020-04-19T23:00:00+00:00,1587337200000.0,247.09315
189,115.35,115.65,109.45,111.05,2020-04-20T00:00:00+00:00,1587340800000.0,64.3074
190,114.55,115.65,113.85,115.35,2020-04-20T01:00:00+00:00,1587344400000.0,1281.7901
191,116.45,116.45,114.3,114.55,2020-04-20T02:00:00+00:00,1587348000000.0,23.9887
192,117.45,117.8,116.45,116.45,2020-04-20T03:00:00+00:00,1587351600000.0,42.03845
193,118.5,120.05,117.45,117.45,2020-04-20T04:00:00+00:00,1587355200000.0,475.4595
194,118.15,119.7,116.5,118.55,2020-04-20T05:00:00+00:00,1587358800000.0,866.5888
195,117.65,118.35,116.5,118.15,2020-04-20T06:00:00+00:00,1587362400000.0,966.5498
196,117.8,117.8,116.2,117.65,2020-04-20T07:00:00+00:00,1587366000000.0,597.849
197,115.1,119.4,112.75,117.8,2020-04-20T08:00:00+00:00,1587369600000.0,1430.8386
198,114.9,115.85,113.6,115.1,2020-04-20T09:00:00+00:00,1587373200000.0,16.16525
199,111.8,115.25,110.65,114.9,2020-04-20T10:00:00+00:00,1587376800000.0,127.69575
200,102.95,111.8,102.95,111.8,2020-04-20T11:00:00+00:00,1587380400000.0,2704.61515
201,108.25,108.7,100.45,102.95,2020-04-20T12:00:00+00:00,1587384000000.0,20472.22585
202,106.6,108.75,104.9,108.25,2020-04-20T13:00:00+00:00,1587387600000.0,12563.3734
203,107.1,107.1,105.65,106.6,2020-04-20T14:00:00+00:00,1587391200000.0,867.3956
204,107.75,108.65,106.7,107.1,2020-04-20T15:00:00+00:00,1587394800000.0,161.625
205,105.3,108.2,104.95,107.75,2020-04-20T16:00:00+00:00,1587398400000.0,33.84195
206,97.6,105.3,95.6,105.3,2020-04-20T17:00:00+00:00,1587402000000.0,9610.899975
207,94.75,99.35,94.25,97.35,2020-04-20T18:00:00+00:00,1587405600000.0,6538.1549
208,88.15,95.1,87.75,94.75,2020-04-20T19:00:00+00:00,1587409200000.0,4302.681175
209,94.3,94.7,87.75,88.15,2020-04-20T20:00:00+00:00,1587412800000.0,5267.674
210,94.3,96.6,93.75,94.3,2020-04-20T21:00:00+00:00,1587416400000.0,2066.14505
211,95.95,96.15,94.2,94.3,2020-04-20T22:00:00+00:00,1587420000000.0,1922.916
212,89.0,96.1,88.275,95.95,2020-04-20T23:00:00+00:00,1587423600000.0,7471.17215
213,95.85,97.65,87.0,89.0,2020-04-21T00:00:00+00:00,1587427200000.0,2330.934625
214,96.75,97.65,95.85,95.85,2020-04-21T01:00:00+00:00,1587430800000.0,630.5571
215,94.05,97.6,93.225,96.75,2020-04-21T02:00:00+00:00,1587434400000.0,2178.246725
216,95.45,95.45,94.05,94.05,2020-04-21T03:00:00+00:00,1587438000000.0,274.7145
217,95.5,96.175,94.625,95.45,2020-04-21T04:00:00+00:00,1587441600000.0,95.625
218,96.875,97.275,95.35,95.5,2020-04-21T05:00:00+00:00,1587445200000.0,1.934
219,95.575,97.6,95.575,96.875,2020-04-21T06:00:00+00:00,1587448800000.0,0.0
220,95.5,96.275,94.375,95.575,2020-04-21T07:00:00+00:00,1587452400000.0,2563.897925
221,93.25,95.85,93.1,95.5,2020-04-21T08:00:00+00:00,1587456000000.0,843.31925
222,90.575,93.975,87.45,93.25,2020-04-21T09:00:00+00:00,1587459600000.0,1302.212375
223,89.35,92.0,89.075,90.575,2020-04-21T10:00:00+00:00,1587463200000.0,753.2135
224,86.575,90.425,85.95,89.35,2020-04-21T11:00:00+00:00,1587466800000.0,2821.766075
225,88.85,90.425,86.575,86.575,2020-04-21T12:00:00+00:00,1587470400000.0,312.7286
226,90.525,90.95,88.3,88.85,2020-04-21T13:00:00+00:00,1587474000000.0,15.00675
227,89.875,92.675,89.7,90.525,2020-04-21T14:00:00+00:00,1587477600000.0,33.826375
228,89.625,91.175,88.075,89.875,2020-04-21T15:00:00+00:00,1587481200000.0,282.632675
229,92.075,92.6,88.85,89.625,2020-04-21T16:00:00+00:00,1587484800000.0,1371.9889
230,95.025,95.025,90.45,92.075,2020-04-21T17:00:00+00:00,1587488400000.0,1231.86935
231,95.65,95.85,94.35,95.025,2020-04-21T18:00:00+00:00,1587492000000.0,1766.4097
232,94.025,96.525,93.8,95.65,2020-04-21T19:00:00+00:00,1587495600000.0,15.769875
233,95.675,95.875,93.85,94.025,2020-04-21T20:00:00+00:00,1587499200000.0,4.74375
234,96.375,96.425,94.875,95.675,2020-04-21T21:00:00+00:00,1587502800000.0,85.310375
235,95.025,96.425,94.775,96.375,2020-04-21T22:00:00+00:00,1587506400000.0,2580.61675
236,92.825,95.225,92.825,95.025,2020-04-21T23:00:00+00:00,1587510000000.0,2771.405675
237,92.15,93.55,91.75,92.825,2020-04-22T00:00:00+00:00,1587513600000.0,566.3045
238,92.375,92.65,90.175,92.15,2020-04-22T01:00:00+00:00,1587517200000.0,0.0
239,94.85,95.45,91.975,92.375,2020-04-22T02:00:00+00:00,1587520800000.0,65.07605
240,93.475,94.875,93.15,94.85,2020-04-22T03:00:00+00:00,1587524400000.0,0.0
241,94.5,94.575,92.075,93.475,2020-04-22T04:00:00+00:00,1587528000000.0,250.0108
242,96.7,96.7,94.45,94.5,2020-04-22T05:00:00+00:00,1587531600000.0,505.118075
243,97.825,98.625,96.575,96.7,2020-04-22T06:00:00+00:00,1587535200000.0,1246.5857
244,98.875,100.0,97.55,97.825,2020-04-22T07:00:00+00:00,1587538800000.0,2274.51845
245,97.3,99.725,96.05,98.875,2020-04-22T08:00:00+00:00,1587542400000.0,2608.00655
246,98.2,98.75,97.3,97.3,2020-04-22T09:00:00+00:00,1587546000000.0,1113.7616
247,98.15,98.65,97.725,98.2,2020-04-22T10:00:00+00:00,1587549600000.0,133.9667
248,97.15,98.225,97.0,98.225,2020-04-22T11:00:00+00:00,1587553200000.0,66.242075
249,97.525,97.9,96.725,97.15,2020-04-22T12:00:00+00:00,1587556800000.0,63294.800275
250,102.575,102.9,97.375,97.525,2020-04-22T13:00:00+00:00,1587560400000.0,149.039875
251,104.125,105.8,102.575,102.575,2020-04-22T14:00:00+00:00,1587564000000.0,3564.65065
252,105.15,105.9,104.075,104.125,2020-04-22T15:00:00+00:00,1587567600000.0,1108.026925
253,104.25,106.2,104.25,105.15,2020-04-22T16:00:00+00:00,1587571200000.0,360.9856
254,103.025,104.525,102.1,104.25,2020-04-22T17:00:00+00:00,1587574800000.0,1250.3755
255,103.3,104.0,102.75,103.025,2020-04-22T18:00:00+00:00,1587578400000.0,0.0
256,103.3,103.95,103.3,103.3,2020-04-22T19:00:00+00:00,1587582000000.0,0.0
257,103.425,103.75,103.1,103.3,2020-04-22T20:00:00+00:00,1587585600000.0,0.0
258,103.175,104.7,103.175,103.425,2020-04-22T21:00:00+00:00,1587589200000.0,16.5426
259,103.3,104.2,102.75,103.175,2020-04-22T22:00:00+00:00,1587592800000.0,421.389
260,104.5,104.65,103.3,103.3,2020-04-22T23:00:00+00:00,1587596400000.0,213.525
261,104.375,104.55,103.85,104.5,2020-04-23T00:00:00+00:00,1587600000000.0,333.0675
262,105.35,105.6,103.45,104.375,2020-04-23T01:00:00+00:00,1587603600000.0,3207.8467
263,105.8,108.1,104.575,105.35,2020-04-23T02:00:00+00:00,1587607200000.0,4147.6863
264,103.925,107.05,103.925,105.8,2020-04-23T03:00:00+00:00,1587610800000.0,9.877625
265,102.55,103.925,102.0,103.925,2020-04-23T04:00:00+00:00,1587614400000.0,1500.4946
266,102.8,103.275,102.4,102.55,2020-04-23T05:00:00+00:00,1587618000000.0,78.642
267,99.25,102.8,98.975,102.8,2020-04-23T06:00:00+00:00,1587621600000.0,323.125525
268,100.75,101.05,99.25,99.25,2020-04-23T07:00:00+00:00,1587625200000.0,599.839
269,102.0,103.625,100.625,100.75,2020-04-23T08:00:00+00:00,1587628800000.0,13727.08645
270,103.1,103.1,101.625,102.0,2020-04-23T09:00:00+00:00,1587632400000.0,409.734
271,102.0,103.7,102.0,103.1,2020-04-23T10:00:00+00:00,1587636000000.0,0.0
272,104.825,105.35,101.875,102.0,2020-04-23T11:00:00+00:00,1587639600000.0,44.8651
273,105.575,106.125,104.175,104.825,2020-04-23T12:00:00+00:00,1587643200000.0,2711.59335
274,108.85,109.0,104.725,105.575,2020-04-23T13:00:00+00:00,1587646800000.0,4196.3807
275,114.0,117.0,108.85,108.85,2020-04-23T14:00:00+00:00,1587650400000.0,15955.0948
276,113.575,114.5,111.0,114.0,2020-04-23T15:00:00+00:00,1587654000000.0,4239.310425
277,112.0,116.175,111.65,113.575,2020-04-23T16:00:00+00:00,1587657600000.0,7067.88905
278,112.85,114.3,112.0,112.0,2020-04-23T17:00:00+00:00,1587661200000.0,1569.4894
279,114.4,114.8,112.85,112.85,2020-04-23T18:00:00+00:00,1587664800000.0,531.5816
280,113.35,114.4,113.25,114.4,2020-04-23T19:00:00+00:00,1587668400000.0,0.0
281,114.0,114.3,113.3,113.35,2020-04-23T20:00:00+00:00,1587672000000.0,0.0
282,116.5,117.1,114.0,114.0,2020-04-23T21:00:00+00:00,1587675600000.0,2188.43955
283,114.25,117.0,114.15,116.5,2020-04-23T22:00:00+00:00,1587679200000.0,2098.64025
284,112.0,114.25,111.1,114.25,2020-04-23T23:00:00+00:00,1587682800000.0,599.3383
285,112.0,112.5,112.0,112.0,2020-04-24T00:00:00+00:00,1587686400000.0,0.0
286,111.55,113.85,111.3,112.0,2020-04-24T01:00:00+00:00,1587690000000.0,1265.6378
287,113.8,113.8,111.3,111.55,2020-04-24T02:00:00+00:00,1587693600000.0,82.08825
288,114.5,114.6,112.55,113.8,2020-04-24T03:00:00+00:00,1587697200000.0,157.61195
289,115.45,115.45,113.95,114.5,2020-04-24T04:00:00+00:00,1587700800000.0,11018.9705
290,114.0,115.45,113.8,115.45,2020-04-24T05:00:00+00:00,1587704400000.0,1447.1092
291,114.6,114.6,113.95,114.0,2020-04-24T06:00:00+00:00,1587708000000.0,215.5696
292,115.1,115.55,114.6,114.6,2020-04-24T07:00:00+00:00,1587711600000.0,3709.1734
293,114.3,115.85,113.95,115.1,2020-04-24T08:00:00+00:00,1587715200000.0,6495.8786
294,115.0,115.25,114.0,114.3,2020-04-24T09:00:00+00:00,1587718800000.0,608.90665
295,113.2,115.0,112.95,115.0,2020-04-24T10:00:00+00:00,1587722400000.0,96.742
296,109.4,113.3,109.25,113.2,2020-04-24T11:00:00+00:00,1587726000000.0,1781.5057
297,109.2,110.05,105.95,109.4,2020-04-24T12:00:00+00:00,1587729600000.0,4823.9611
298,109.75,111.25,108.15,109.2,2020-04-24T13:00:00+00:00,1587733200000.0,1353.5837
299,107.35,110.3,104.1,109.75,2020-04-24T14:00:00+00:00,1587736800000.0,5000.4225
300,109.05,109.5,106.9,107.35,2020-04-24T15:00:00+00:00,1587740400000.0,4253.84525
301,109.35,109.35,107.85,109.05,2020-04-24T16:00:00+00:00,1587744000000.0,1437.28685
302,109.7,109.7,108.3,109.35,2020-04-24T17:00:00+00:00,1587747600000.0,27.3825
303,110.0,111.2,108.8,109.7,2020-04-24T18:00:00+00:00,1587751200000.0,7998.9751
304,109.0,110.05,107.75,110.0,2020-04-24T19:00:00+00:00,1587754800000.0,343.93225
305,110.1,111.1,108.75,109.0,2020-04-24T20:00:00+00:00,1587758400000.0,2546.2686
306,109.65,110.65,109.55,110.1,2020-04-24T21:00:00+00:00,1587762000000.0,109.25515
307,108.05,109.65,107.0,109.65,2020-04-24T22:00:00+00:00,1587765600000.0,471.38535
308,109.15,109.5,107.95,108.05,2020-04-24T23:00:00+00:00,1587769200000.0,506.766
309,106.9,109.25,105.75,109.15,2020-04-25T00:00:00+00:00,1587772800000.0,9299.4065
310,107.0,107.1,106.2,106.9,2020-04-25T01:00:00+00:00,1587776400000.0,2476.7648
311,106.4,107.8,106.4,107.0,2020-04-25T02:00:00+00:00,1587780000000.0,3836.2456
312,107.3,107.3,106.4,106.4,2020-04-25T03:00:00+00:00,1587783600000.0,342.7162
313,109.1,109.25,107.3,107.3,2020-04-25T04:00:00+00:00,1587787200000.0,554.9138
314,114.55,114.55,109.1,109.1,2020-04-25T05:00:00+00:00,1587790800000.0,1148.54875
315,115.3,115.3,113.25,114.55,2020-04-25T06:00:00+00:00,1587794400000.0,1767.029
316,112.35,115.3,111.5,115.3,2020-04-25T07:00:00+00:00,1587798000000.0,2958.1197
317,112.05,113.8,111.6,112.35,2020-04-25T08:00:00+00:00,1587801600000.0,4739.3098
318,113.95,114.25,111.6,112.05,2020-04-25T09:00:00+00:00,1587805200000.0,69.2925
319,114.6,114.65,113.95,113.95,2020-04-25T10:00:00+00:00,1587808800000.0,0.0
320,114.1,115.4,113.65,114.6,2020-04-25T11:00:00+00:00,1587812400000.0,197.502
321,114.75,114.75,114.0,114.1,2020-04-25T12:00:00+00:00,1587816000000.0,20955.71955
322,115.2,115.2,114.75,114.75,2020-04-25T13:00:00+00:00,1587819600000.0,0.0
323,114.85,115.45,114.55,115.2,2020-04-25T14:00:00+00:00,1587823200000.0,125.3865
324,114.95,118.6,114.65,114.85,2020-04-25T15:00:00+00:00,1587826800000.0,24768.29615
325,113.8,115.7,113.25,114.95,2020-04-25T16:00:00+00:00,1587830400000.0,3338.39685
326,114.25,115.25,113.25,113.8,2020-04-25T17:00:00+00:00,1587834000000.0,733.41025
327,113.35,114.25,113.35,114.25,2020-04-25T18:00:00+00:00,1587837600000.0,496.2463
328,115.6,115.95,113.35,113.35,2020-04-25T19:00:00+00:00,1587841200000.0,37.2909
329,114.9,115.65,114.9,115.6,2020-04-25T20:00:00+00:00,1587844800000.0,19.6479
330,112.75,114.9,112.1,114.9,2020-04-25T21:00:00+00:00,1587848400000.0,615.8937
331,114.9,114.95,112.1,112.75,2020-04-25T22:00:00+00:00,1587852000000.0,27.0085
332,114.75,114.95,113.6,114.9,2020-04-25T23:00:00+00:00,1587855600000.0,844.6004
333,114.75,114.85,114.75,114.75,2020-04-26T00:00:00+00:00,1587859200000.0,0.0
334,115.45,115.45,114.75,114.75,2020-04-26T01:00:00+00:00,1587862800000.0,477.7675
335,115.65,115.75,114.6,115.45,2020-04-26T02:00:00+00:00,1587866400000.0,650.685
336,115.15,115.75,114.15,115.65,2020-04-26T03:00:00+00:00,1587870000000.0,112.2764
337,114.0,115.2,113.9,115.15,2020-04-26T04:00:00+00:00,1587873600000.0,61.9795
338,112.9,114.0,112.6,114.0,2020-04-26T05:00:00+00:00,1587877200000.0,0.0
339,113.8,114.0,112.25,112.9,2020-04-26T06:00:00+00:00,1587880800000.0,0.0
340,113.7,114.0,113.3,113.8,2020-04-26T07:00:00+00:00,1587884400000.0,0.0
341,113.4,113.9,112.5,113.7,2020-04-26T08:00:00+00:00,1587888000000.0,444.7125
342,115.2,115.2,113.2,113.4,2020-04-26T09:00:00+00:00,1587891600000.0,264.2607
343,116.55,116.55,114.05,115.2,2020-04-26T10:00:00+00:00,1587895200000.0,1245.70055
344,117.85,117.85,115.9,116.55,2020-04-26T11:00:00+00:00,1587898800000.0,1419.76905
345,117.4,118.0,117.1,117.85,2020-04-26T12:00:00+00:00,1587902400000.0,542.99985
346,119.15,119.15,117.4,117.4,2020-04-26T13:00:00+00:00,1587906000000.0,1099.98025
347,115.95,119.15,115.95,119.15,2020-04-26T14:00:00+00:00,1587909600000.0,478.32605
348,112.7,115.95,111.6,115.95,2020-04-26T15:00:00+00:00,1587913200000.0,2379.10045
349,113.25,113.25,112.55,112.7,2020-04-26T16:00:00+00:00,1587916800000.0,0.0
