,close,high,low,open,startTime,time,volume
0,4467.0,4549.0,4464.0,4544.0,2020-04-13T14:00:00+00:00,1586786400000.0,0.0
1,4382.0,4473.0,4373.0,4467.0,2020-04-13T15:00:00+00:00,1586790000000.0,23.13495
2,4350.0,4390.0,4344.0,4382.0,2020-04-13T16:00:00+00:00,1586793600000.0,0.0
3,4321.0,4372.0,4315.0,4350.0,2020-04-13T17:00:00+00:00,1586797200000.0,0.0
4,4297.0,4326.0,4281.0,4321.0,2020-04-13T18:00:00+00:00,1586800800000.0,0.0
5,4332.0,4349.0,4293.0,4294.0,2020-04-13T19:00:00+00:00,1586804400000.0,0.0
6,4327.0,4346.0,4306.0,4332.0,2020-04-13T20:00:00+00:00,1586808000000.0,365.96694
7,4342.0,4365.0,4317.0,4327.0,2020-04-13T21:00:00+00:00,1586811600000.0,0.0
8,4308.0,4346.0,4306.0,4342.0,2020-04-13T22:00:00+00:00,1586815200000.0,0.0
9,4306.0,4312.0,4288.0,4308.0,2020-04-13T23:00:00+00:00,1586818800000.0,0.0
10,4314.0,4317.0,4275.0,4306.0,2020-04-14T00:00:00+00:00,1586822400000.0,0.0
11,4273.0,4317.0,4263.0,4314.0,2020-04-14T01:00:00+00:00,1586826000000.0,0.0
12,4286.0,4306.0,4253.0,4273.0,2020-04-14T02:00:00+00:00,1586829600000.0,0.0
13,4294.0,4306.0,4272.0,4286.0,2020-04-14T03:00:00+00:00,1586833200000.0,0.0
14,4306.0,4317.0,4294.0,4294.0,2020-04-14T04:00:00+00:00,1586836800000.0,0.0
15,4315.0,4343.0,4306.0,4306.0,2020-04-14T05:00:00+00:00,1586840400000.0,0.0
16,4326.0,4350.0,4306.0,4315.0,2020-04-14T06:00:00+00:00,1586844000000.0,0.0
17,4265.0,4342.0,4250.0,4326.0,2020-04-14T07:00:00+00:00,1586847600000.0,0.0
18,4293.0,4306.0,4227.0,4265.0,2020-04-14T08:00:00+00:00,1586851200000.0,0.0
19,4287.0,4306.0,4276.0,4293.0,2020-04-14T09:00:00+00:00,1586854800000.0,0.0
20,4279.0,4306.0,4275.0,4287.0,2020-04-14T10:00:00+00:00,1586858400000.0,0.0
21,4286.0,4306.0,4270.0,4279.0,2020-04-14T11:00:00+00:00,1586862000000.0,0.0
22,4215.0,4299.0,4206.0,4286.0,2020-04-14T12:00:00+00:00,1586865600000.0,0.0
23,4160.0,4231.0,4154.0,4215.0,2020-04-14T13:00:00+00:00,1586869200000.0,12.81
24,4178.0,4196.0,4080.0,4160.0,2020-04-14T14:00:00+00:00,1586872800000.0,128687.75225
25,4169.0,4232.0,4146.0,4178.0,2020-04-14T15:00:00+00:00,1586876400000.0,0.0
26,4164.0,4196.0,4131.0,4169.0,2020-04-14T16:00:00+00:00,1586880000000.0,0.0
27,4140.0,4178.0,4123.0,4164.0,2020-04-14T17:00:00+00:00,1586883600000.0,0.0
28,4174.0,4174.0,4123.0,4140.0,2020-04-14T18:00:00+00:00,1586887200000.0,0.0
29,4211.0,4258.0,4174.0,4174.0,2020-04-14T19:00:00+00:00,1586890800000.0,0.0
30,4221.0,4237.0,4198.0,4211.0,2020-04-14T20:00:00+00:00,1586894400000.0,0.0
31,4214.0,4224.0,4207.0,4221.0,2020-04-14T21:00:00+00:00,1586898000000.0,0.0
32,4231.0,4237.0,4186.0,4214.0,2020-04-14T22:00:00+00:00,1586901600000.0,0.0
33,4228.0,4256.0,4217.0,4231.0,2020-04-14T23:00:00+00:00,1586905200000.0,0.0
34,4224.0,4254.0,4213.0,4228.0,2020-04-15T00:00:00+00:00,1586908800000.0,53.89818
35,4254.0,4254.0,4203.0,4224.0,2020-04-15T01:00:00+00:00,1586912400000.0,0.0
36,4254.0,4263.0,4254.0,4254.0,2020-04-15T02:00:00+00:00,1586916000000.0,0.0
37,4254.0,4258.0,4254.0,4254.0,2020-04-15T03:00:00+00:00,1586919600000.0,0.0
38,4250.0,4255.0,4234.0,4254.0,2020-04-15T04:00:00+00:00,1586923200000.0,0.0
39,4242.0,4254.0,4231.0,4250.0,2020-04-15T05:00:00+00:00,1586926800000.0,0.0
40,4308.0,4321.0,4225.0,4242.0,2020-04-15T06:00:00+00:00,1586930400000.0,0.0
41,4287.0,4342.0,4270.0,4308.0,2020-04-15T07:00:00+00:00,1586934000000.0,0.0
42,4285.0,4305.0,4257.0,4287.0,2020-04-15T08:00:00+00:00,1586937600000.0,0.0
43,4263.0,4301.0,4254.0,4285.0,2020-04-15T09:00:00+00:00,1586941200000.0,0.0
44,4254.0,4263.0,4254.0,4263.0,2020-04-15T10:00:00+00:00,1586944800000.0,0.0
45,4254.0,4254.0,4243.0,4254.0,2020-04-15T11:00:00+00:00,1586948400000.0,0.0
46,4277.0,4302.0,4254.0,4254.0,2020-04-15T12:00:00+00:00,1586952000000.0,0.0
47,4254.0,4287.0,4233.0,4277.0,2020-04-15T13:00:00+00:00,1586955600000.0,0.0
48,4254.0,4269.0,4247.0,4254.0,2020-04-15T14:00:00+00:00,1586959200000.0,0.0
49,4293.0,4307.0,4254.0,4254.0,2020-04-15T15:00:00+00:00,1586962800000.0,0.0
50,4296.0,4324.0,4276.0,4293.0,2020-04-15T16:00:00+00:00,1586966400000.0,0.0
51,4265.0,4313.0,4254.0,4296.0,2020-04-15T17:00:00+00:00,1586970000000.0,0.0
52,4258.0,4267.0,4254.0,4265.0,2020-04-15T18:00:00+00:00,1586973600000.0,0.0
53,4254.0,4266.0,4254.0,4258.0,2020-04-15T19:00:00+00:00,1586977200000.0,0.0
54,4277.0,4293.0,4254.0,4254.0,2020-04-15T20:00:00+00:00,1586980800000.0,0.0
55,4256.0,4277.0,4255.0,4277.0,2020-04-15T21:00:00+00:00,1586984400000.0,0.0
56,4283.0,4298.0,4254.0,4256.0,2020-04-15T22:00:00+00:00,1586988000000.0,0.0
57,4287.0,4288.0,4254.0,4283.0,2020-04-15T23:00:00+00:00,1586991600000.0,0.0
58,4278.0,4293.0,4254.0,4287.0,2020-04-16T00:00:00+00:00,1586995200000.0,0.0
59,4286.0,4314.0,4262.0,4278.0,2020-04-16T01:00:00+00:00,1586998800000.0,0.0
60,4299.0,4299.0,4286.0,4286.0,2020-04-16T02:00:00+00:00,1587002400000.0,0.0
61,4285.0,4306.0,4280.0,4299.0,2020-04-16T03:00:00+00:00,1587006000000.0,0.0
62,4298.0,4302.0,4264.0,4285.0,2020-04-16T04:00:00+00:00,1587009600000.0,0.0
63,4272.0,4303.0,4262.0,4298.0,2020-04-16T05:00:00+00:00,1587013200000.0,0.0
64,4254.0,4283.0,4254.0,4272.0,2020-04-16T06:00:00+00:00,1587016800000.0,0.0
65,4254.0,4254.0,4254.0,4254.0,2020-04-16T07:00:00+00:00,1587020400000.0,0.0
66,4254.0,4258.0,4254.0,4254.0,2020-04-16T08:00:00+00:00,1587024000000.0,0.0
67,4254.0,4261.0,4254.0,4254.0,2020-04-16T09:00:00+00:00,1587027600000.0,0.0
68,4210.0,4254.0,4201.0,4254.0,2020-04-16T10:00:00+00:00,1587031200000.0,0.0
69,4176.0,4222.0,4176.0,4210.0,2020-04-16T11:00:00+00:00,1587034800000.0,0.0
70,4224.0,4228.0,4129.0,4176.0,2020-04-16T12:00:00+00:00,1587038400000.0,52.31443
71,4220.0,4278.0,4184.0,4224.0,2020-04-16T13:00:00+00:00,1587042000000.0,0.0
72,4217.0,4220.0,4154.0,4220.0,2020-04-16T14:00:00+00:00,1587045600000.0,0.0
73,4246.0,4261.0,4199.0,4217.0,2020-04-16T15:00:00+00:00,1587049200000.0,0.0
74,4315.0,4352.0,4225.0,4246.0,2020-04-16T16:00:00+00:00,1587052800000.0,0.0
75,4318.0,4345.0,4277.0,4315.0,2020-04-16T17:00:00+00:00,1587056400000.0,0.0
76,4300.0,4332.0,4257.0,4318.0,2020-04-16T18:00:00+00:00,1587060000000.0,0.0
77,4273.0,4303.0,4268.0,4300.0,2020-04-16T19:00:00+00:00,1587063600000.0,0.0
78,4310.0,4310.0,4273.0,4273.0,2020-04-16T20:00:00+00:00,1587067200000.0,3.6635
79,4304.0,4310.0,4299.0,4310.0,2020-04-16T21:00:00+00:00,1587070800000.0,0.0
80,4362.0,4400.0,4304.0,4304.0,2020-04-16T22:00:00+00:00,1587074400000.0,0.0
81,4310.0,4362.0,4310.0,4362.0,2020-04-16T23:00:00+00:00,1587078000000.0,0.0
82,4310.0,4316.0,4310.0,4310.0,2020-04-17T00:00:00+00:00,1587081600000.0,0.0
83,4348.0,4353.0,4309.0,4310.0,2020-04-17T01:00:00+00:00,1587085200000.0,0.0
84,4359.0,4360.0,4325.0,4348.0,2020-04-17T02:00:00+00:00,1587088800000.0,0.0
85,4374.0,4389.0,4343.0,4359.0,2020-04-17T03:00:00+00:00,1587092400000.0,0.0
86,4349.0,4403.0,4339.0,4374.0,2020-04-17T04:00:00+00:00,1587096000000.0,0.0
87,4442.0,4451.0,4339.0,4349.0,2020-04-17T05:00:00+00:00,1587099600000.0,0.0
88,4384.0,4509.0,4374.0,4442.0,2020-04-17T06:00:00+00:00,1587103200000.0,0.0
89,4451.0,4488.0,4374.0,4384.0,2020-04-17T07:00:00+00:00,1587106800000.0,0.0
90,4445.0,4482.0,4310.0,4451.0,2020-04-17T08:00:00+00:00,1587110400000.0,0.0
91,4502.0,4503.0,4436.0,4445.0,2020-04-17T09:00:00+00:00,1587114000000.0,0.0
92,4535.0,4558.0,4486.0,4502.0,2020-04-17T10:00:00+00:00,1587117600000.0,0.0
93,4517.0,4558.0,4514.0,4535.0,2020-04-17T11:00:00+00:00,1587121200000.0,0.0
94,4477.0,4523.0,4434.0,4517.0,2020-04-17T12:00:00+00:00,1587124800000.0,0.0
95,4437.0,4488.0,4421.0,4477.0,2020-04-17T13:00:00+00:00,1587128400000.0,0.0
96,4551.0,4556.0,4433.0,4437.0,2020-04-17T14:00:00+00:00,1587132000000.0,2.00244
97,4546.0,4551.0,4510.0,4551.0,2020-04-17T15:00:00+00:00,1587135600000.0,0.0
98,4551.0,4551.0,4546.0,4546.0,2020-04-17T16:00:00+00:00,1587139200000.0,0.0
99,4551.0,4566.0,4551.0,4551.0,2020-04-17T17:00:00+00:00,1587142800000.0,0.0
100,4558.0,4583.0,4551.0,4551.0,2020-04-17T18:00:00+00:00,1587146400000.0,0.0
101,4562.0,4585.0,4551.0,4558.0,2020-04-17T19:00:00+00:00,1587150000000.0,0.0
102,4604.0,4607.0,4551.0,4562.0,2020-04-17T20:00:00+00:00,1587153600000.0,3.98433
103,4604.0,4604.0,4604.0,4604.0,2020-04-17T21:00:00+00:00,1587157200000.0,0.0
104,4604.0,4604.0,4604.0,4604.0,2020-04-17T22:00:00+00:00,1587160800000.0,0.0
105,4604.0,4604.0,4604.0,4604.0,2020-04-17T23:00:00+00:00,1587164400000.0,0.0
106,4601.0,4604.0,4601.0,4604.0,2020-04-18T00:00:00+00:00,1587168000000.0,0.0
107,4601.0,4601.0,4601.0,4601.0,2020-04-18T01:00:00+00:00,1587171600000.0,0.0
108,4601.0,4601.0,4601.0,4601.0,2020-04-18T02:00:00+00:00,1587175200000.0,0.0
109,4601.0,4601.0,4601.0,4601.0,2020-04-18T03:00:00+00:00,1587178800000.0,0.0
110,4602.0,4605.0,4601.0,4601.0,2020-04-18T04:00:00+00:00,1587182400000.0,0.0
111,4602.0,4602.0,4602.0,4602.0,2020-04-18T05:00:00+00:00,1587186000000.0,0.0
112,4602.0,4602.0,4602.0,4602.0,2020-04-18T06:00:00+00:00,1587189600000.0,0.0
113,4602.0,4602.0,4602.0,4602.0,2020-04-18T07:00:00+00:00,1587193200000.0,0.0
114,4602.0,4602.0,4602.0,4602.0,2020-04-18T08:00:00+00:00,1587196800000.0,0.0
115,4602.0,4602.0,4602.0,4602.0,2020-04-18T09:00:00+00:00,1587200400000.0,0.0
116,4602.0,4602.0,4602.0,4602.0,2020-04-18T10:00:00+00:00,1587204000000.0,0.0
117,4606.0,4606.0,4602.0,4602.0,2020-04-18T11:00:00+00:00,1587207600000.0,0.0
118,4606.0,4606.0,4606.0,4606.0,2020-04-18T12:00:00+00:00,1587211200000.0,0.0
119,4606.0,4606.0,4606.0,4606.0,2020-04-18T13:00:00+00:00,1587214800000.0,0.0
120,4606.0,4606.0,4606.0,4606.0,2020-04-18T14:00:00+00:00,1587218400000.0,0.0
121,4606.0,4606.0,4606.0,4606.0,2020-04-18T15:00:00+00:00,1587222000000.0,0.0
122,4606.0,4606.0,4606.0,4606.0,2020-04-18T16:00:00+00:00,1587225600000.0,0.0
123,4567.0,4606.0,4567.0,4606.0,2020-04-18T17:00:00+00:00,1587229200000.0,1.96381
124,4567.0,4567.0,4567.0,4567.0,2020-04-18T18:00:00+00:00,1587232800000.0,0.0
125,4567.0,4567.0,4567.0,4567.0,2020-04-18T19:00:00+00:00,1587236400000.0,0.0
126,4567.0,4567.0,4567.0,4567.0,2020-04-18T20:00:00+00:00,1587240000000.0,0.0
127,4567.0,4567.0,4567.0,4567.0,2020-04-18T21:00:00+00:00,1587243600000.0,0.0
128,4567.0,4568.0,4567.0,4567.0,2020-04-18T22:00:00+00:00,1587247200000.0,0.0
129,4567.0,4567.0,4567.0,4567.0,2020-04-18T23:00:00+00:00,1587250800000.0,0.0
130,4564.0,4570.0,4564.0,4567.0,2020-04-19T00:00:00+00:00,1587254400000.0,3.8818
131,4564.0,4564.0,4564.0,4564.0,2020-04-19T01:00:00+00:00,1587258000000.0,0.0
132,4564.0,4564.0,4564.0,4564.0,2020-04-19T02:00:00+00:00,1587261600000.0,0.0
133,4564.0,4564.0,4564.0,4564.0,2020-04-19T03:00:00+00:00,1587265200000.0,0.0
134,4564.0,4564.0,4564.0,4564.0,2020-04-19T04:00:00+00:00,1587268800000.0,0.0
135,4564.0,4564.0,4564.0,4564.0,2020-04-19T05:00:00+00:00,1587272400000.0,0.0
136,4564.0,4564.0,4564.0,4564.0,2020-04-19T06:00:00+00:00,1587276000000.0,0.0
137,4564.0,4564.0,4564.0,4564.0,2020-04-19T07:00:00+00:00,1587279600000.0,0.0
138,4565.0,4569.0,4564.0,4564.0,2020-04-19T08:00:00+00:00,1587283200000.0,0.0
139,4565.0,4565.0,4565.0,4565.0,2020-04-19T09:00:00+00:00,1587286800000.0,0.0
140,4565.0,4565.0,4565.0,4565.0,2020-04-19T10:00:00+00:00,1587290400000.0,0.0
141,4566.0,4570.0,4565.0,4565.0,2020-04-19T11:00:00+00:00,1587294000000.0,0.0
142,4564.0,4571.0,4564.0,4566.0,2020-04-19T12:00:00+00:00,1587297600000.0,0.0
143,4566.0,4570.0,4564.0,4564.0,2020-04-19T13:00:00+00:00,1587301200000.0,0.0
144,4566.0,4566.0,4566.0,4566.0,2020-04-19T14:00:00+00:00,1587304800000.0,0.0
145,4566.0,4566.0,4566.0,4566.0,2020-04-19T15:00:00+00:00,1587308400000.0,0.0
146,4569.0,4573.0,4566.0,4566.0,2020-04-19T16:00:00+00:00,1587312000000.0,0.0
147,4569.0,4569.0,4569.0,4569.0,2020-04-19T17:00:00+00:00,1587315600000.0,0.0
148,4569.0,4569.0,4569.0,4569.0,2020-04-19T18:00:00+00:00,1587319200000.0,0.0
149,4575.0,4579.0,4569.0,4569.0,2020-04-19T19:00:00+00:00,1587322800000.0,0.0
150,4575.0,4575.0,4575.0,4575.0,2020-04-19T20:00:00+00:00,1587326400000.0,0.0
151,4575.0,4575.0,4575.0,4575.0,2020-04-19T21:00:00+00:00,1587330000000.0,0.0
152,4650.0,4650.0,4569.0,4575.0,2020-04-19T22:00:00+00:00,1587333600000.0,698.6625
153,4650.0,4650.0,4650.0,4650.0,2020-04-19T23:00:00+00:00,1587337200000.0,0.0
154,4650.0,4666.0,4650.0,4650.0,2020-04-20T00:00:00+00:00,1587340800000.0,0.0
155,4650.0,4653.0,4641.0,4650.0,2020-04-20T01:00:00+00:00,1587344400000.0,0.0
156,4650.0,4650.0,4638.0,4650.0,2020-04-20T02:00:00+00:00,1587348000000.0,0.0
157,4633.0,4650.0,4623.0,4650.0,2020-04-20T03:00:00+00:00,1587351600000.0,0.0
158,4633.0,4633.0,4621.0,4633.0,2020-04-20T04:00:00+00:00,1587355200000.0,44.61579
159,4627.0,4633.0,4619.0,4633.0,2020-04-20T05:00:00+00:00,1587358800000.0,0.0
160,4633.0,4662.0,4603.0,4627.0,2020-04-20T06:00:00+00:00,1587362400000.0,0.0
161,4658.0,4665.0,4633.0,4633.0,2020-04-20T07:00:00+00:00,1587366000000.0,0.0
162,4633.0,4664.0,4633.0,4658.0,2020-04-20T08:00:00+00:00,1587369600000.0,0.0
163,4633.0,4633.0,4619.0,4633.0,2020-04-20T09:00:00+00:00,1587373200000.0,0.0
164,4629.0,4660.0,4615.0,4633.0,2020-04-20T10:00:00+00:00,1587376800000.0,0.0
165,4591.0,4633.0,4573.0,4629.0,2020-04-20T11:00:00+00:00,1587380400000.0,0.0
166,4574.0,4606.0,4559.0,4591.0,2020-04-20T12:00:00+00:00,1587384000000.0,43.90317
167,4559.0,4607.0,4552.0,4574.0,2020-04-20T13:00:00+00:00,1587387600000.0,0.0
168,4559.0,4591.0,4559.0,4559.0,2020-04-20T14:00:00+00:00,1587391200000.0,0.0
169,4497.0,4559.0,4497.0,4559.0,2020-04-20T15:00:00+00:00,1587394800000.0,22.5
170,4500.0,4510.0,4470.0,4497.0,2020-04-20T16:00:00+00:00,1587398400000.0,0.0
171,4515.0,4520.0,4500.0,4500.0,2020-04-20T17:00:00+00:00,1587402000000.0,0.0
172,4538.0,4560.0,4500.0,4515.0,2020-04-20T18:00:00+00:00,1587405600000.0,22.6047
173,4530.0,4550.0,4518.0,4538.0,2020-04-20T19:00:00+00:00,1587409200000.0,0.0
174,4530.0,4530.0,4515.0,4530.0,2020-04-20T20:00:00+00:00,1587412800000.0,0.0
175,4519.0,4530.0,4519.0,4530.0,2020-04-20T21:00:00+00:00,1587416400000.0,0.0
176,4532.0,4532.0,4519.0,4519.0,2020-04-20T22:00:00+00:00,1587420000000.0,0.0
177,4540.0,4548.0,4530.0,4532.0,2020-04-20T23:00:00+00:00,1587423600000.0,0.0
178,4544.0,4551.0,4530.0,4540.0,2020-04-21T00:00:00+00:00,1587427200000.0,0.0
179,4547.0,4555.0,4530.0,4544.0,2020-04-21T01:00:00+00:00,1587430800000.0,0.0
180,4556.0,4564.0,4530.0,4547.0,2020-04-21T02:00:00+00:00,1587434400000.0,0.0
181,4549.0,4566.0,4531.0,4556.0,2020-04-21T03:00:00+00:00,1587438000000.0,0.0
182,4569.0,4573.0,4530.0,4549.0,2020-04-21T04:00:00+00:00,1587441600000.0,0.0
183,4553.0,4574.0,4530.0,4569.0,2020-04-21T05:00:00+00:00,1587445200000.0,0.0
184,4530.0,4554.0,4530.0,4553.0,2020-04-21T06:00:00+00:00,1587448800000.0,0.0
185,4530.0,4530.0,4524.0,4530.0,2020-04-21T07:00:00+00:00,1587452400000.0,0.0
186,4530.0,4530.0,4530.0,4530.0,2020-04-21T08:00:00+00:00,1587456000000.0,0.0
187,4642.0,4676.0,4530.0,4530.0,2020-04-21T09:00:00+00:00,1587459600000.0,0.0
188,4629.0,4665.0,4588.0,4642.0,2020-04-21T10:00:00+00:00,1587463200000.0,0.0
189,4728.0,4790.0,4612.0,4629.0,2020-04-21T11:00:00+00:00,1587466800000.0,0.0
190,4750.0,4762.0,4686.0,4728.0,2020-04-21T12:00:00+00:00,1587470400000.0,102.84326
191,4676.0,4753.0,4632.0,4750.0,2020-04-21T13:00:00+00:00,1587474000000.0,0.0
192,4638.0,4692.0,4575.0,4676.0,2020-04-21T14:00:00+00:00,1587477600000.0,0.0
193,4684.0,4709.0,4618.0,4638.0,2020-04-21T15:00:00+00:00,1587481200000.0,0.0
194,4730.0,4747.0,4658.0,4684.0,2020-04-21T16:00:00+00:00,1587484800000.0,0.0
195,4693.0,4742.0,4689.0,4730.0,2020-04-21T17:00:00+00:00,1587488400000.0,0.0
196,4664.0,4710.0,4657.0,4693.0,2020-04-21T18:00:00+00:00,1587492000000.0,0.0
197,4625.0,4691.0,4596.0,4664.0,2020-04-21T19:00:00+00:00,1587495600000.0,0.0
198,4617.0,4667.0,4613.0,4653.0,2020-04-21T20:00:00+00:00,1587499200000.0,0.0
199,4608.0,4750.0,4605.0,4617.0,2020-04-21T21:00:00+00:00,1587502800000.0,0.0
200,4612.0,4642.0,4590.0,4608.0,2020-04-21T22:00:00+00:00,1587506400000.0,0.0
201,4600.0,4630.0,4583.0,4612.0,2020-04-21T23:00:00+00:00,1587510000000.0,0.0
202,4605.0,4632.0,4588.0,4600.0,2020-04-22T00:00:00+00:00,1587513600000.0,0.0
203,4599.0,4626.0,4570.0,4605.0,2020-04-22T01:00:00+00:00,1587517200000.0,0.0
204,4618.0,4630.0,4591.0,4599.0,2020-04-22T02:00:00+00:00,1587520800000.0,0.0
205,4645.0,4656.0,4617.0,4618.0,2020-04-22T03:00:00+00:00,1587524400000.0,0.0
206,4620.0,4670.0,4620.0,4645.0,2020-04-22T04:00:00+00:00,1587528000000.0,0.0
207,4626.0,4646.0,4607.0,4620.0,2020-04-22T05:00:00+00:00,1587531600000.0,0.0
208,4638.0,4663.0,4616.0,4626.0,2020-04-22T06:00:00+00:00,1587535200000.0,2638.07505
209,4563.0,4649.0,4508.0,4638.0,2020-04-22T07:00:00+00:00,1587538800000.0,0.0
210,4506.0,4576.0,4506.0,4563.0,2020-04-22T08:00:00+00:00,1587542400000.0,97.3296
211,4493.0,4506.0,4451.0,4506.0,2020-04-22T09:00:00+00:00,1587546000000.0,0.0
212,4445.0,4505.0,4445.0,4493.0,2020-04-22T10:00:00+00:00,1587549600000.0,2543.11505
213,4496.0,4501.0,4445.0,4445.0,2020-04-22T11:00:00+00:00,1587553200000.0,0.0
214,4450.0,4520.0,4411.0,4496.0,2020-04-22T12:00:00+00:00,1587556800000.0,22.5548
215,4429.0,4498.0,4413.0,4450.0,2020-04-22T13:00:00+00:00,1587560400000.0,0.0
216,4400.0,4464.0,4400.0,4429.0,2020-04-22T14:00:00+00:00,1587564000000.0,22.0
217,4400.0,4407.0,4400.0,4400.0,2020-04-22T15:00:00+00:00,1587567600000.0,0.0
218,4393.0,4400.0,4376.0,4400.0,2020-04-22T16:00:00+00:00,1587571200000.0,0.0
219,4352.0,4398.0,4350.0,4393.0,2020-04-22T17:00:00+00:00,1587574800000.0,21.75
220,4370.0,4370.0,4350.0,4352.0,2020-04-22T18:00:00+00:00,1587578400000.0,21.85
221,4359.0,4370.0,4359.0,4370.0,2020-04-22T19:00:00+00:00,1587582000000.0,0.0
222,4370.0,4370.0,4352.0,4359.0,2020-04-22T20:00:00+00:00,1587585600000.0,0.0
223,4370.0,4370.0,4368.0,4370.0,2020-04-22T21:00:00+00:00,1587589200000.0,0.0
224,4370.0,4370.0,4370.0,4370.0,2020-04-22T22:00:00+00:00,1587592800000.0,0.0
225,4370.0,4371.0,4370.0,4370.0,2020-04-22T23:00:00+00:00,1587596400000.0,0.0
226,4370.0,4370.0,4370.0,4370.0,2020-04-23T00:00:00+00:00,1587600000000.0,0.0
227,4370.0,4373.0,4340.0,4370.0,2020-04-23T01:00:00+00:00,1587603600000.0,0.0
228,4374.0,4387.0,4370.0,4370.0,2020-04-23T02:00:00+00:00,1587607200000.0,0.0
229,4370.0,4390.0,4370.0,4374.0,2020-04-23T03:00:00+00:00,1587610800000.0,0.0
230,4370.0,4370.0,4370.0,4370.0,2020-04-23T04:00:00+00:00,1587614400000.0,0.0
231,4368.0,4370.0,4364.0,4370.0,2020-04-23T05:00:00+00:00,1587618000000.0,0.0
232,4366.0,4370.0,4347.0,4368.0,2020-04-23T06:00:00+00:00,1587621600000.0,0.0
233,4349.0,4370.0,4347.0,4366.0,2020-04-23T07:00:00+00:00,1587625200000.0,0.0
234,4292.0,4356.0,4275.0,4349.0,2020-04-23T08:00:00+00:00,1587628800000.0,0.0
235,4287.0,4307.0,4284.0,4292.0,2020-04-23T09:00:00+00:00,1587632400000.0,21.435
236,4280.0,4287.0,4274.0,4287.0,2020-04-23T10:00:00+00:00,1587636000000.0,0.0
237,4276.0,4287.0,4246.0,4280.0,2020-04-23T11:00:00+00:00,1587639600000.0,0.0
238,4287.0,4287.0,4270.0,4276.0,2020-04-23T12:00:00+00:00,1587643200000.0,0.0
239,4270.0,4287.0,4233.0,4287.0,2020-04-23T13:00:00+00:00,1587646800000.0,0.0
240,4223.0,4270.0,4200.0,4270.0,2020-04-23T14:00:00+00:00,1587650400000.0,42.25
241,4225.0,4231.0,4187.0,4223.0,2020-04-23T15:00:00+00:00,1587654000000.0,0.0
242,4241.0,4243.0,4225.0,4225.0,2020-04-23T16:00:00+00:00,1587657600000.0,0.0
243,4263.0,4283.0,4236.0,4241.0,2020-04-23T17:00:00+00:00,1587661200000.0,0.0
244,4225.0,4272.0,4225.0,4263.0,2020-04-23T18:00:00+00:00,1587664800000.0,0.0
245,4225.0,4225.0,4225.0,4225.0,2020-04-23T19:00:00+00:00,1587668400000.0,0.0
246,4225.0,4225.0,4225.0,4225.0,2020-04-23T20:00:00+00:00,1587672000000.0,0.0
247,4225.0,4225.0,4225.0,4225.0,2020-04-23T21:00:00+00:00,1587675600000.0,0.0
248,4227.0,4227.0,4225.0,4225.0,2020-04-23T22:00:00+00:00,1587679200000.0,0.0
249,4230.0,4242.0,4225.0,4227.0,2020-04-23T23:00:00+00:00,1587682800000.0,0.0
250,4261.0,4261.0,4225.0,4230.0,2020-04-24T00:00:00+00:00,1587686400000.0,0.0
251,4258.0,4274.0,4254.0,4261.0,2020-04-24T01:00:00+00:00,1587690000000.0,0.0
252,4258.0,4268.0,4246.0,4258.0,2020-04-24T02:00:00+00:00,1587693600000.0,0.0
253,4260.0,4270.0,4258.0,4258.0,2020-04-24T03:00:00+00:00,1587697200000.0,0.0
254,4257.0,4268.0,4248.0,4260.0,2020-04-24T04:00:00+00:00,1587700800000.0,0.0
255,4253.0,4275.0,4253.0,4257.0,2020-04-24T05:00:00+00:00,1587704400000.0,0.0
256,4225.0,4270.0,4225.0,4253.0,2020-04-24T06:00:00+00:00,1587708000000.0,0.0
257,4228.0,4239.0,4225.0,4225.0,2020-04-24T07:00:00+00:00,1587711600000.0,0.0
258,4264.0,4270.0,4228.0,4228.0,2020-04-24T08:00:00+00:00,1587715200000.0,453.4313
259,4270.0,4270.0,4252.0,4264.0,2020-04-24T09:00:00+00:00,1587718800000.0,0.0
260,4236.0,4270.0,4232.0,4270.0,2020-04-24T10:00:00+00:00,1587722400000.0,0.0
261,4263.0,4270.0,4226.0,4236.0,2020-04-24T11:00:00+00:00,1587726000000.0,0.0
262,4260.0,4270.0,4236.0,4263.0,2020-04-24T12:00:00+00:00,1587729600000.0,0.0
263,4270.0,4270.0,4232.0,4260.0,2020-04-24T13:00:00+00:00,1587733200000.0,0.0
264,4270.0,4330.0,4270.0,4270.0,2020-04-24T14:00:00+00:00,1587736800000.0,0.0
265,4360.0,4363.0,4270.0,4270.0,2020-04-24T15:00:00+00:00,1587740400000.0,65.4
266,4342.0,4360.0,4327.0,4360.0,2020-04-24T16:00:00+00:00,1587744000000.0,0.0
267,4307.0,4359.0,4303.0,4342.0,2020-04-24T17:00:00+00:00,1587747600000.0,0.0
268,4306.0,4320.0,4293.0,4307.0,2020-04-24T18:00:00+00:00,1587751200000.0,0.0
269,4282.0,4315.0,4282.0,4306.0,2020-04-24T19:00:00+00:00,1587754800000.0,0.0
270,4277.0,4302.0,4275.0,4282.0,2020-04-24T20:00:00+00:00,1587758400000.0,0.0
271,4274.0,4290.0,4274.0,4277.0,2020-04-24T21:00:00+00:00,1587762000000.0,0.0
272,4274.0,4274.0,4274.0,4274.0,2020-04-24T22:00:00+00:00,1587765600000.0,0.0
273,4274.0,4274.0,4274.0,4274.0,2020-04-24T23:00:00+00:00,1587769200000.0,0.0
274,4273.0,4274.0,4273.0,4274.0,2020-04-25T00:00:00+00:00,1587772800000.0,0.0
275,4273.0,4273.0,4273.0,4273.0,2020-04-25T01:00:00+00:00,1587776400000.0,0.0
276,4274.0,4411.0,4273.0,4273.0,2020-04-25T02:00:00+00:00,1587780000000.0,19.98183
277,4232.0,4274.0,4232.0,4274.0,2020-04-25T03:00:00+00:00,1587783600000.0,19.12864
278,4237.0,4241.0,4232.0,4232.0,2020-04-25T04:00:00+00:00,1587787200000.0,0.0
279,4233.0,4237.0,4232.0,4237.0,2020-04-25T05:00:00+00:00,1587790800000.0,0.0
280,4234.0,4234.0,4232.0,4233.0,2020-04-25T06:00:00+00:00,1587794400000.0,0.0
281,4278.0,4278.0,4232.0,4234.0,2020-04-25T07:00:00+00:00,1587798000000.0,19.97826
282,4278.0,4278.0,4278.0,4278.0,2020-04-25T08:00:00+00:00,1587801600000.0,0.0
283,4275.0,4278.0,4268.0,4278.0,2020-04-25T09:00:00+00:00,1587805200000.0,0.0
284,4275.0,4275.0,4275.0,4275.0,2020-04-25T10:00:00+00:00,1587808800000.0,0.0
285,4275.0,4278.0,4275.0,4275.0,2020-04-25T11:00:00+00:00,1587812400000.0,0.0
286,4275.0,4275.0,4275.0,4275.0,2020-04-25T12:00:00+00:00,1587816000000.0,0.0
287,4275.0,4278.0,4275.0,4275.0,2020-04-25T13:00:00+00:00,1587819600000.0,0.0
288,4275.0,4278.0,4275.0,4275.0,2020-04-25T14:00:00+00:00,1587823200000.0,0.0
289,4226.0,4275.0,4226.0,4275.0,2020-04-25T15:00:00+00:00,1587826800000.0,19.69316
290,4226.0,4226.0,4226.0,4226.0,2020-04-25T16:00:00+00:00,1587830400000.0,448.42086
291,4226.0,4226.0,4226.0,4226.0,2020-04-25T17:00:00+00:00,1587834000000.0,0.0
292,4226.0,4230.0,4226.0,4226.0,2020-04-25T18:00:00+00:00,1587837600000.0,0.0
293,4226.0,4226.0,4226.0,4226.0,2020-04-25T19:00:00+00:00,1587841200000.0,0.0
294,4226.0,4277.0,4226.0,4226.0,2020-04-25T20:00:00+00:00,1587844800000.0,493.11429
295,4226.0,4226.0,4226.0,4226.0,2020-04-25T21:00:00+00:00,1587848400000.0,0.0
296,4226.0,4226.0,4226.0,4226.0,2020-04-25T22:00:00+00:00,1587852000000.0,0.0
297,4229.0,4229.0,4226.0,4226.0,2020-04-25T23:00:00+00:00,1587855600000.0,0.0
298,4229.0,4234.0,4229.0,4229.0,2020-04-26T00:00:00+00:00,1587859200000.0,448.02026
299,4230.0,4234.0,4229.0,4229.0,2020-04-26T01:00:00+00:00,1587862800000.0,0.0
300,4230.0,4230.0,4229.0,4230.0,2020-04-26T02:00:00+00:00,1587866400000.0,0.0
301,4231.0,4231.0,4230.0,4230.0,2020-04-26T03:00:00+00:00,1587870000000.0,0.0
302,4283.0,4283.0,4231.0,4231.0,2020-04-26T04:00:00+00:00,1587873600000.0,453.44121
303,4283.0,4283.0,4283.0,4283.0,2020-04-26T05:00:00+00:00,1587877200000.0,0.0
304,4283.0,4283.0,4283.0,4283.0,2020-04-26T06:00:00+00:00,1587880800000.0,0.0
305,4283.0,4283.0,4283.0,4283.0,2020-04-26T07:00:00+00:00,1587884400000.0,0.0
306,4283.0,4283.0,4283.0,4283.0,2020-04-26T08:00:00+00:00,1587888000000.0,0.0
307,4283.0,4283.0,4283.0,4283.0,2020-04-26T09:00:00+00:00,1587891600000.0,0.0
308,4283.0,4283.0,4283.0,4283.0,2020-04-26T10:00:00+00:00,1587895200000.0,0.0
309,4283.0,4283.0,4283.0,4283.0,2020-04-26T11:00:00+00:00,1587898800000.0,0.0
310,4283.0,4283.0,4283.0,4283.0,2020-04-26T12:00:00+00:00,1587902400000.0,0.0
311,4283.0,4283.0,4283.0,4283.0,2020-04-26T13:00:00+00:00,1587906000000.0,0.0
312,4283.0,4283.0,4283.0,4283.0,2020-04-26T14:00:00+00:00,1587909600000.0,0.0
313,4283.0,4283.0,4283.0,4283.0,2020-04-26T15:00:00+00:00,1587913200000.0,0.0
314,4283.0,4283.0,4283.0,4283.0,2020-04-26T16:00:00+00:00,1587916800000.0,0.0
315,4283.0,4283.0,4283.0,4283.0,2020-04-26T17:00:00+00:00,1587920400000.0,0.0
316,4283.0,4283.0,4283.0,4283.0,2020-04-26T18:00:00+00:00,1587924000000.0,0.0
317,4283.0,4283.0,4283.0,4283.0,2020-04-26T19:00:00+00:00,1587927600000.0,0.0
318,4283.0,4283.0,4283.0,4283.0,2020-04-26T20:00:00+00:00,1587931200000.0,0.0
319,4283.0,4283.0,4283.0,4283.0,2020-04-26T21:00:00+00:00,1587934800000.0,0.0
320,4295.0,4315.0,4283.0,4283.0,2020-04-26T22:00:00+00:00,1587938400000.0,0.0
321,4283.0,4295.0,4283.0,4295.0,2020-04-26T23:00:00+00:00,1587942000000.0,0.0
322,4283.0,4290.0,4283.0,4283.0,2020-04-27T00:00:00+00:00,1587945600000.0,0.0
323,4294.0,4306.0,4283.0,4283.0,2020-04-27T01:00:00+00:00,1587949200000.0,0.0
324,4288.0,4297.0,4283.0,4294.0,2020-04-27T02:00:00+00:00,1587952800000.0,0.0
325,4292.0,4295.0,4283.0,4288.0,2020-04-27T03:00:00+00:00,1587956400000.0,0.0
326,4303.0,4303.0,4283.0,4292.0,2020-04-27T04:00:00+00:00,1587960000000.0,0.0
327,4299.0,4314.0,4283.0,4303.0,2020-04-27T05:00:00+00:00,1587963600000.0,0.0
328,4358.0,4361.0,4283.0,4299.0,2020-04-27T06:00:00+00:00,1587967200000.0,0.0
329,4304.0,4371.0,4297.0,4358.0,2020-04-27T07:00:00+00:00,1587970800000.0,0.0
330,4296.0,4322.0,4291.0,4304.0,2020-04-27T08:00:00+00:00,1587974400000.0,0.0
331,4331.0,4342.0,4291.0,4296.0,2020-04-27T09:00:00+00:00,1587978000000.0,0.0
332,4336.0,4349.0,4316.0,4331.0,2020-04-27T10:00:00+00:00,1587981600000.0,0.0
333,4386.0,4386.0,4326.0,4336.0,2020-04-27T11:00:00+00:00,1587985200000.0,2193.0
334,4364.0,4386.0,4351.0,4386.0,2020-04-27T12:00:00+00:00,1587988800000.0,0.0
335,4386.0,4386.0,4342.0,4364.0,2020-04-27T13:00:00+00:00,1587992400000.0,0.0
336,4400.0,4418.0,4386.0,4386.0,2020-04-27T14:00:00+00:00,1587996000000.0,65.956
337,4400.0,4400.0,4399.0,4400.0,2020-04-27T15:00:00+00:00,1587999600000.0,0.0
338,4400.0,4400.0,4400.0,4400.0,2020-04-27T16:00:00+00:00,1588003200000.0,0.0
339,4418.0,4418.0,4400.0,4400.0,2020-04-27T17:00:00+00:00,1588006800000.0,100.99548
340,4415.0,4418.0,4415.0,4418.0,2020-04-27T18:00:00+00:00,1588010400000.0,0.0
341,4384.0,4418.0,4379.0,4415.0,2020-04-27T19:00:00+00:00,1588014000000.0,0.0
342,4410.0,4410.0,4384.0,4384.0,2020-04-27T20:00:00+00:00,1588017600000.0,0.0
343,4418.0,4418.0,4410.0,4410.0,2020-04-27T21:00:00+00:00,1588021200000.0,0.0
344,4418.0,4418.0,4411.0,4418.0,2020-04-27T22:00:00+00:00,1588024800000.0,0.0
345,4418.0,4418.0,4418.0,4418.0,2020-04-27T23:00:00+00:00,1588028400000.0,0.0
346,4418.0,4420.0,4418.0,4418.0,2020-04-28T00:00:00+00:00,1588032000000.0,0.0
347,4420.0,4446.0,4418.0,4418.0,2020-04-28T01:00:00+00:00,1588035600000.0,0.0
348,4428.0,4439.0,4418.0,4420.0,2020-04-28T02:00:00+00:00,1588039200000.0,0.0
349,4461.0,4461.0,4424.0,4428.0,2020-04-28T03:00:00+00:00,1588042800000.0,0.0
