,close,high,low,open,startTime,time,volume
0,6257.5,6262.5,6167.5,6170.0,2020-04-13T14:00:00+00:00,1586786400000.0,0.0
1,6425.0,6430.0,6250.0,6257.5,2020-04-13T15:00:00+00:00,1586790000000.0,4172.032
2,6565.0,6565.0,6415.0,6425.0,2020-04-13T16:00:00+00:00,1586793600000.0,0.0
3,6587.5,6595.0,6555.0,6565.0,2020-04-13T17:00:00+00:00,1586797200000.0,0.0
4,6640.0,6740.0,6582.5,6587.5,2020-04-13T18:00:00+00:00,1586800800000.0,0.0
5,6640.0,6642.5,6640.0,6640.0,2020-04-13T19:00:00+00:00,1586804400000.0,0.0
6,6722.5,6747.5,6640.0,6640.0,2020-04-13T20:00:00+00:00,1586808000000.0,218.956375
7,6680.0,6730.0,6665.0,6722.5,2020-04-13T21:00:00+00:00,1586811600000.0,0.0
8,6720.0,6720.0,6680.0,6680.0,2020-04-13T22:00:00+00:00,1586815200000.0,0.0
9,6720.0,6747.5,6712.5,6720.0,2020-04-13T23:00:00+00:00,1586818800000.0,0.0
10,6702.5,6747.5,6702.5,6720.0,2020-04-14T00:00:00+00:00,1586822400000.0,0.0
11,6747.5,6747.5,6695.0,6702.5,2020-04-14T01:00:00+00:00,1586826000000.0,0.0
12,6727.5,6747.5,6727.5,6747.5,2020-04-14T02:00:00+00:00,1586829600000.0,0.0
13,6747.5,6747.5,6707.5,6727.5,2020-04-14T03:00:00+00:00,1586833200000.0,0.0
14,6640.0,6747.5,6640.0,6747.5,2020-04-14T04:00:00+00:00,1586836800000.0,1058.084
15,6640.0,6640.0,6640.0,6640.0,2020-04-14T05:00:00+00:00,1586840400000.0,0.0
16,6640.0,6640.0,6640.0,6640.0,2020-04-14T06:00:00+00:00,1586844000000.0,1836.8232
17,6640.0,6640.0,6640.0,6640.0,2020-04-14T07:00:00+00:00,1586847600000.0,0.0
18,6640.0,6640.0,6640.0,6640.0,2020-04-14T08:00:00+00:00,1586851200000.0,0.0
19,6640.0,6640.0,6640.0,6640.0,2020-04-14T09:00:00+00:00,1586854800000.0,0.0
20,6640.0,6640.0,6640.0,6640.0,2020-04-14T10:00:00+00:00,1586858400000.0,0.0
21,6640.0,6640.0,6640.0,6640.0,2020-04-14T11:00:00+00:00,1586862000000.0,0.0
22,6675.0,6675.0,6640.0,6640.0,2020-04-14T12:00:00+00:00,1586865600000.0,0.0
23,6732.5,6740.0,6640.0,6675.0,2020-04-14T13:00:00+00:00,1586869200000.0,0.0
24,6707.5,6790.0,6687.5,6732.5,2020-04-14T14:00:00+00:00,1586872800000.0,0.0
25,6692.5,6840.0,6640.0,6707.5,2020-04-14T15:00:00+00:00,1586876400000.0,0.0
26,6695.0,6747.5,6665.0,6692.5,2020-04-14T16:00:00+00:00,1586880000000.0,0.0
27,6712.5,6717.5,6680.0,6695.0,2020-04-14T17:00:00+00:00,1586883600000.0,0.0
28,6665.0,6727.5,6665.0,6712.5,2020-04-14T18:00:00+00:00,1586887200000.0,0.0
29,6640.0,6665.0,6640.0,6665.0,2020-04-14T19:00:00+00:00,1586890800000.0,0.0
30,6640.0,6640.0,6640.0,6640.0,2020-04-14T20:00:00+00:00,1586894400000.0,215.468
31,6640.0,6640.0,6640.0,6640.0,2020-04-14T21:00:00+00:00,1586898000000.0,0.0
32,6640.0,6650.0,6640.0,6640.0,2020-04-14T22:00:00+00:00,1586901600000.0,0.0
33,6640.0,6640.0,6640.0,6640.0,2020-04-14T23:00:00+00:00,1586905200000.0,0.0
34,6645.0,6652.5,6640.0,6640.0,2020-04-15T00:00:00+00:00,1586908800000.0,0.0
35,6640.0,6655.0,6640.0,6645.0,2020-04-15T01:00:00+00:00,1586912400000.0,0.0
36,6640.0,6640.0,6640.0,6640.0,2020-04-15T02:00:00+00:00,1586916000000.0,0.0
37,6640.0,6640.0,6640.0,6640.0,2020-04-15T03:00:00+00:00,1586919600000.0,0.0
38,6640.0,6640.0,6640.0,6640.0,2020-04-15T04:00:00+00:00,1586923200000.0,0.0
39,6640.0,6640.0,6640.0,6640.0,2020-04-15T05:00:00+00:00,1586926800000.0,0.0
40,6640.0,6640.0,6635.0,6640.0,2020-04-15T06:00:00+00:00,1586930400000.0,0.0
41,6462.5,6640.0,6432.5,6640.0,2020-04-15T07:00:00+00:00,1586934000000.0,2551.0405
42,6465.0,6492.5,6447.5,6462.5,2020-04-15T08:00:00+00:00,1586937600000.0,0.0
43,6490.0,6492.5,6445.0,6465.0,2020-04-15T09:00:00+00:00,1586941200000.0,0.0
44,6530.0,6547.5,6490.0,6490.0,2020-04-15T10:00:00+00:00,1586944800000.0,0.0
45,6585.0,6595.0,6515.0,6530.0,2020-04-15T11:00:00+00:00,1586948400000.0,0.0
46,6495.0,6592.5,6467.5,6585.0,2020-04-15T12:00:00+00:00,1586952000000.0,0.0
47,6562.5,6572.5,6480.0,6495.0,2020-04-15T13:00:00+00:00,1586955600000.0,0.0
48,6535.0,6562.5,6502.5,6562.5,2020-04-15T14:00:00+00:00,1586959200000.0,0.0
49,6465.0,6540.0,6447.5,6535.0,2020-04-15T15:00:00+00:00,1586962800000.0,0.0
50,6475.0,6480.0,6437.5,6465.0,2020-04-15T16:00:00+00:00,1586966400000.0,0.0
51,6500.0,6500.0,6455.0,6475.0,2020-04-15T17:00:00+00:00,1586970000000.0,0.0
52,6507.5,6522.5,6492.5,6500.0,2020-04-15T18:00:00+00:00,1586973600000.0,0.0
53,6520.0,6530.0,6495.0,6507.5,2020-04-15T19:00:00+00:00,1586977200000.0,0.0
54,6485.0,6520.0,6460.0,6520.0,2020-04-15T20:00:00+00:00,1586980800000.0,0.0
55,6495.0,6502.5,6480.0,6485.0,2020-04-15T21:00:00+00:00,1586984400000.0,0.0
56,6472.5,6510.0,6455.0,6495.0,2020-04-15T22:00:00+00:00,1586988000000.0,0.0
57,6462.5,6482.5,6457.5,6472.5,2020-04-15T23:00:00+00:00,1586991600000.0,0.0
58,6465.0,6487.5,6432.5,6462.5,2020-04-16T00:00:00+00:00,1586995200000.0,0.0
59,6472.5,6490.0,6445.0,6465.0,2020-04-16T01:00:00+00:00,1586998800000.0,0.0
60,6457.5,6472.5,6450.0,6472.5,2020-04-16T02:00:00+00:00,1587002400000.0,0.0
61,6457.5,6465.0,6447.5,6457.5,2020-04-16T03:00:00+00:00,1587006000000.0,0.0
62,6455.0,6470.0,6452.5,6457.5,2020-04-16T04:00:00+00:00,1587009600000.0,0.0
63,6465.0,6475.0,6452.5,6455.0,2020-04-16T05:00:00+00:00,1587013200000.0,0.0
64,6522.5,6527.5,6462.5,6465.0,2020-04-16T06:00:00+00:00,1587016800000.0,0.0
65,6522.5,6595.0,6515.0,6522.5,2020-04-16T07:00:00+00:00,1587020400000.0,0.0
66,6562.5,6625.0,6505.0,6522.5,2020-04-16T08:00:00+00:00,1587024000000.0,0.0
67,6560.0,6590.0,6470.0,6562.5,2020-04-16T09:00:00+00:00,1587027600000.0,0.0
68,6660.0,6660.0,6547.5,6560.0,2020-04-16T10:00:00+00:00,1587031200000.0,0.0
69,6697.5,6697.5,6642.5,6660.0,2020-04-16T11:00:00+00:00,1587034800000.0,0.0
70,6745.0,6855.0,6697.5,6697.5,2020-04-16T12:00:00+00:00,1587038400000.0,486.8421
71,6737.5,6777.5,6692.5,6745.0,2020-04-16T13:00:00+00:00,1587042000000.0,0.0
72,6740.0,6800.0,6737.5,6737.5,2020-04-16T14:00:00+00:00,1587045600000.0,0.0
73,6727.5,6762.5,6712.5,6740.0,2020-04-16T15:00:00+00:00,1587049200000.0,0.0
74,6657.5,6737.5,6607.5,6727.5,2020-04-16T16:00:00+00:00,1587052800000.0,0.0
75,6617.5,6697.5,6597.5,6657.5,2020-04-16T17:00:00+00:00,1587056400000.0,0.0
76,6640.0,6680.0,6602.5,6617.5,2020-04-16T18:00:00+00:00,1587060000000.0,0.0
77,6682.5,6702.5,6635.0,6640.0,2020-04-16T19:00:00+00:00,1587063600000.0,0.0
78,6665.0,6685.0,6652.5,6682.5,2020-04-16T20:00:00+00:00,1587067200000.0,0.0
79,6720.0,6720.0,6655.0,6665.0,2020-04-16T21:00:00+00:00,1587070800000.0,0.0
80,6597.5,6720.0,6555.0,6720.0,2020-04-16T22:00:00+00:00,1587074400000.0,0.0
81,6642.5,6657.5,6585.0,6597.5,2020-04-16T23:00:00+00:00,1587078000000.0,0.0
82,6655.0,6660.0,6592.5,6642.5,2020-04-17T00:00:00+00:00,1587081600000.0,0.0
83,6590.0,6660.0,6582.5,6655.0,2020-04-17T01:00:00+00:00,1587085200000.0,0.0
84,6585.0,6625.0,6580.0,6590.0,2020-04-17T02:00:00+00:00,1587088800000.0,0.0
85,6555.0,6615.0,6545.0,6585.0,2020-04-17T03:00:00+00:00,1587092400000.0,0.0
86,6582.5,6587.5,6465.0,6555.0,2020-04-17T04:00:00+00:00,1587096000000.0,0.0
87,6430.0,6590.0,6430.0,6582.5,2020-04-17T05:00:00+00:00,1587099600000.0,499.9968
88,6430.0,6430.0,6385.0,6430.0,2020-04-17T06:00:00+00:00,1587103200000.0,0.0
89,6427.5,6430.0,6387.5,6430.0,2020-04-17T07:00:00+00:00,1587106800000.0,0.0
90,6275.0,6430.0,6272.5,6427.5,2020-04-17T08:00:00+00:00,1587110400000.0,445.47295
91,6272.5,6280.0,6272.5,6275.0,2020-04-17T09:00:00+00:00,1587114000000.0,0.0
92,6272.5,6272.5,6272.5,6272.5,2020-04-17T10:00:00+00:00,1587117600000.0,0.0
93,6272.5,6272.5,6272.5,6272.5,2020-04-17T11:00:00+00:00,1587121200000.0,0.0
94,6387.5,6387.5,6272.5,6272.5,2020-04-17T12:00:00+00:00,1587124800000.0,179.6165
95,6387.5,6387.5,6375.0,6387.5,2020-04-17T13:00:00+00:00,1587128400000.0,0.0
96,6335.0,6387.5,6300.0,6387.5,2020-04-17T14:00:00+00:00,1587132000000.0,0.0
97,6345.0,6387.5,6330.0,6335.0,2020-04-17T15:00:00+00:00,1587135600000.0,1023.685825
98,6327.5,6362.5,6315.0,6345.0,2020-04-17T16:00:00+00:00,1587139200000.0,0.0
99,6310.0,6345.0,6290.0,6327.5,2020-04-17T17:00:00+00:00,1587142800000.0,0.0
100,6287.5,6315.0,6245.0,6310.0,2020-04-17T18:00:00+00:00,1587146400000.0,0.0
101,6282.5,6292.5,6257.5,6287.5,2020-04-17T19:00:00+00:00,1587150000000.0,0.0
102,6277.5,6302.5,6270.0,6282.5,2020-04-17T20:00:00+00:00,1587153600000.0,0.0
103,6270.0,6285.0,6270.0,6277.5,2020-04-17T21:00:00+00:00,1587157200000.0,0.0
104,6272.5,6280.0,6270.0,6270.0,2020-04-17T22:00:00+00:00,1587160800000.0,0.0
105,6277.5,6312.5,6272.5,6272.5,2020-04-17T23:00:00+00:00,1587164400000.0,0.0
106,6142.5,6282.5,6142.5,6277.5,2020-04-18T00:00:00+00:00,1587168000000.0,61.05645
107,6142.5,6152.5,6142.5,6142.5,2020-04-18T01:00:00+00:00,1587171600000.0,0.0
108,6142.5,6142.5,6142.5,6142.5,2020-04-18T02:00:00+00:00,1587175200000.0,0.0
109,6260.0,6260.0,6142.5,6142.5,2020-04-18T03:00:00+00:00,1587178800000.0,99.7844
110,6257.5,6260.0,6257.5,6260.0,2020-04-18T04:00:00+00:00,1587182400000.0,0.0
111,6252.5,6260.0,6250.0,6257.5,2020-04-18T05:00:00+00:00,1587186000000.0,0.0
112,6260.0,6260.0,6250.0,6252.5,2020-04-18T06:00:00+00:00,1587189600000.0,0.0
113,6260.0,6260.0,6257.5,6260.0,2020-04-18T07:00:00+00:00,1587193200000.0,0.0
114,6175.0,6260.0,6172.5,6260.0,2020-04-18T08:00:00+00:00,1587196800000.0,0.0
115,6172.5,6245.0,6132.5,6175.0,2020-04-18T09:00:00+00:00,1587200400000.0,0.0
116,6162.5,6172.5,6162.5,6172.5,2020-04-18T10:00:00+00:00,1587204000000.0,0.0
117,6172.5,6180.0,6155.0,6162.5,2020-04-18T11:00:00+00:00,1587207600000.0,0.0
118,6172.5,6180.0,6162.5,6172.5,2020-04-18T12:00:00+00:00,1587211200000.0,0.0
119,6195.0,6220.0,6167.5,6172.5,2020-04-18T13:00:00+00:00,1587214800000.0,0.0
120,6210.0,6222.5,6185.0,6195.0,2020-04-18T14:00:00+00:00,1587218400000.0,0.0
121,6220.0,6222.5,6202.5,6210.0,2020-04-18T15:00:00+00:00,1587222000000.0,0.0
122,6190.0,6227.5,6177.5,6220.0,2020-04-18T16:00:00+00:00,1587225600000.0,0.0
123,6197.5,6205.0,6182.5,6190.0,2020-04-18T17:00:00+00:00,1587229200000.0,0.0
124,6195.0,6220.0,6195.0,6197.5,2020-04-18T18:00:00+00:00,1587232800000.0,0.0
125,6207.5,6212.5,6195.0,6195.0,2020-04-18T19:00:00+00:00,1587236400000.0,0.0
126,6212.5,6215.0,6202.5,6207.5,2020-04-18T20:00:00+00:00,1587240000000.0,0.0
127,6210.0,6217.5,6207.5,6212.5,2020-04-18T21:00:00+00:00,1587243600000.0,0.0
128,6222.5,6237.5,6210.0,6210.0,2020-04-18T22:00:00+00:00,1587247200000.0,0.0
129,6215.0,6230.0,6210.0,6222.5,2020-04-18T23:00:00+00:00,1587250800000.0,0.0
130,6200.0,6220.0,6197.5,6215.0,2020-04-19T00:00:00+00:00,1587254400000.0,158.2368
131,6200.0,6205.0,6197.5,6200.0,2020-04-19T01:00:00+00:00,1587258000000.0,0.0
132,6170.0,6220.0,6167.5,6200.0,2020-04-19T02:00:00+00:00,1587261600000.0,0.0
133,6170.0,6220.0,6167.5,6170.0,2020-04-19T03:00:00+00:00,1587265200000.0,0.0
134,6032.5,6170.0,6032.5,6170.0,2020-04-19T04:00:00+00:00,1587268800000.0,153.4668
135,6042.5,6057.5,6032.5,6032.5,2020-04-19T05:00:00+00:00,1587272400000.0,0.0
136,6042.5,6057.5,6032.5,6042.5,2020-04-19T06:00:00+00:00,1587276000000.0,0.0
137,6047.5,6057.5,6042.5,6042.5,2020-04-19T07:00:00+00:00,1587279600000.0,973.707975
138,6055.0,6060.0,6047.5,6047.5,2020-04-19T08:00:00+00:00,1587283200000.0,0.0
139,6052.5,6062.5,6047.5,6047.5,2020-04-19T09:00:00+00:00,1587286800000.0,0.0
140,6060.0,6067.5,6050.0,6052.5,2020-04-19T10:00:00+00:00,1587290400000.0,0.0
141,6057.5,6072.5,6052.5,6060.0,2020-04-19T11:00:00+00:00,1587294000000.0,0.0
142,6047.5,6075.0,6047.5,6057.5,2020-04-19T12:00:00+00:00,1587297600000.0,0.0
143,6050.0,6070.0,6047.5,6047.5,2020-04-19T13:00:00+00:00,1587301200000.0,0.0
144,6047.5,6060.0,6047.5,6050.0,2020-04-19T14:00:00+00:00,1587304800000.0,0.0
145,6047.5,6047.5,6047.5,6047.5,2020-04-19T15:00:00+00:00,1587308400000.0,0.0
146,6047.5,6047.5,6047.5,6047.5,2020-04-19T16:00:00+00:00,1587312000000.0,0.0
147,6050.0,6065.0,6047.5,6047.5,2020-04-19T17:00:00+00:00,1587315600000.0,0.0
148,6047.5,6067.5,6047.5,6050.0,2020-04-19T18:00:00+00:00,1587319200000.0,0.0
149,6047.5,6055.0,6047.5,6047.5,2020-04-19T19:00:00+00:00,1587322800000.0,0.0
150,6050.0,6080.0,6047.5,6047.5,2020-04-19T20:00:00+00:00,1587326400000.0,0.0
151,6047.5,6072.5,6047.5,6050.0,2020-04-19T21:00:00+00:00,1587330000000.0,0.0
152,6047.5,6047.5,6047.5,6047.5,2020-04-19T22:00:00+00:00,1587333600000.0,0.0
153,6047.5,6047.5,6047.5,6047.5,2020-04-19T23:00:00+00:00,1587337200000.0,0.0
154,6047.5,6047.5,6047.5,6047.5,2020-04-20T00:00:00+00:00,1587340800000.0,0.0
155,6047.5,6047.5,6047.5,6047.5,2020-04-20T01:00:00+00:00,1587344400000.0,0.0
156,6047.5,6047.5,6047.5,6047.5,2020-04-20T02:00:00+00:00,1587348000000.0,0.0
157,6050.0,6062.5,6047.5,6047.5,2020-04-20T03:00:00+00:00,1587351600000.0,0.0
158,6190.0,6192.5,6050.0,6050.0,2020-04-20T04:00:00+00:00,1587355200000.0,44.586
159,6192.5,6192.5,6182.5,6190.0,2020-04-20T05:00:00+00:00,1587358800000.0,0.0
160,6190.0,6192.5,6132.5,6192.5,2020-04-20T06:00:00+00:00,1587362400000.0,0.0
161,6042.5,6192.5,6042.5,6190.0,2020-04-20T07:00:00+00:00,1587366000000.0,77.70655
162,6082.5,6102.5,6042.5,6042.5,2020-04-20T08:00:00+00:00,1587369600000.0,0.0
163,6092.5,6127.5,6082.5,6082.5,2020-04-20T09:00:00+00:00,1587373200000.0,0.0
164,6080.0,6092.5,6042.5,6092.5,2020-04-20T10:00:00+00:00,1587376800000.0,0.0
165,6107.5,6120.0,6065.0,6080.0,2020-04-20T11:00:00+00:00,1587380400000.0,0.0
166,6097.5,6120.0,6090.0,6107.5,2020-04-20T12:00:00+00:00,1587384000000.0,0.0
167,6137.5,6152.5,6067.5,6097.5,2020-04-20T13:00:00+00:00,1587387600000.0,0.0
168,6185.0,6185.0,6062.5,6137.5,2020-04-20T14:00:00+00:00,1587391200000.0,0.0
169,6207.5,6207.5,6157.5,6185.0,2020-04-20T15:00:00+00:00,1587394800000.0,0.0
170,6227.5,6287.5,6207.5,6207.5,2020-04-20T16:00:00+00:00,1587398400000.0,0.0
171,6200.0,6255.0,6187.5,6227.5,2020-04-20T17:00:00+00:00,1587402000000.0,0.0
172,6170.0,6230.0,6142.5,6200.0,2020-04-20T18:00:00+00:00,1587405600000.0,0.0
173,6202.5,6217.5,6140.0,6170.0,2020-04-20T19:00:00+00:00,1587409200000.0,0.0
174,6200.0,6222.5,6192.5,6202.5,2020-04-20T20:00:00+00:00,1587412800000.0,0.0
175,6207.5,6222.5,6165.0,6200.0,2020-04-20T21:00:00+00:00,1587416400000.0,0.0
176,6177.5,6207.5,6165.0,6207.5,2020-04-20T22:00:00+00:00,1587420000000.0,0.0
177,6165.0,6182.5,6042.5,6177.5,2020-04-20T23:00:00+00:00,1587423600000.0,0.0
178,6300.0,6305.0,6165.0,6165.0,2020-04-21T00:00:00+00:00,1587427200000.0,51.0705
179,6297.5,6305.0,6292.5,6300.0,2020-04-21T01:00:00+00:00,1587430800000.0,0.0
180,6290.0,6305.0,6282.5,6297.5,2020-04-21T02:00:00+00:00,1587434400000.0,0.0
181,6305.0,6305.0,6280.0,6290.0,2020-04-21T03:00:00+00:00,1587438000000.0,0.0
182,6292.5,6305.0,6290.0,6305.0,2020-04-21T04:00:00+00:00,1587441600000.0,0.0
183,6305.0,6305.0,6287.5,6292.5,2020-04-21T05:00:00+00:00,1587445200000.0,0.0
184,6305.0,6305.0,6300.0,6305.0,2020-04-21T06:00:00+00:00,1587448800000.0,0.0
185,6305.0,6305.0,6305.0,6305.0,2020-04-21T07:00:00+00:00,1587452400000.0,0.0
186,6305.0,6305.0,6305.0,6305.0,2020-04-21T08:00:00+00:00,1587456000000.0,0.0
187,6172.5,6305.0,6152.5,6305.0,2020-04-21T09:00:00+00:00,1587459600000.0,0.0
188,6172.5,6290.0,6132.5,6172.5,2020-04-21T10:00:00+00:00,1587463200000.0,2695.834275
189,6080.0,6200.0,6005.0,6172.5,2020-04-21T11:00:00+00:00,1587466800000.0,0.0
190,6067.5,6142.5,6040.0,6080.0,2020-04-21T12:00:00+00:00,1587470400000.0,0.0
191,6160.0,6212.5,6050.0,6067.5,2020-04-21T13:00:00+00:00,1587474000000.0,0.0
192,6187.5,6250.0,6125.0,6160.0,2020-04-21T14:00:00+00:00,1587477600000.0,0.0
193,6147.5,6205.0,6120.0,6187.5,2020-04-21T15:00:00+00:00,1587481200000.0,0.0
194,6007.5,6150.0,5997.5,6147.5,2020-04-21T16:00:00+00:00,1587484800000.0,43.1905
195,6007.5,6007.5,6007.5,6007.5,2020-04-21T17:00:00+00:00,1587488400000.0,0.0
196,6007.5,6007.5,6007.5,6007.5,2020-04-21T18:00:00+00:00,1587492000000.0,0.0
197,6035.0,6062.5,6007.5,6007.5,2020-04-21T19:00:00+00:00,1587495600000.0,0.0
198,6025.0,6040.0,6007.5,6035.0,2020-04-21T20:00:00+00:00,1587499200000.0,0.0
199,6030.0,6030.0,6007.5,6025.0,2020-04-21T21:00:00+00:00,1587502800000.0,0.0
200,6030.0,6040.0,6007.5,6030.0,2020-04-21T22:00:00+00:00,1587506400000.0,0.0
201,6045.0,6050.0,6017.5,6030.0,2020-04-21T23:00:00+00:00,1587510000000.0,0.0
202,6050.0,6060.0,6045.0,6045.0,2020-04-22T00:00:00+00:00,1587513600000.0,48.9445
203,6050.0,6057.5,6050.0,6050.0,2020-04-22T01:00:00+00:00,1587517200000.0,0.0
204,6050.0,6050.0,6050.0,6050.0,2020-04-22T02:00:00+00:00,1587520800000.0,0.0
205,6050.0,6050.0,6050.0,6050.0,2020-04-22T03:00:00+00:00,1587524400000.0,0.0
206,6050.0,6050.0,6050.0,6050.0,2020-04-22T04:00:00+00:00,1587528000000.0,0.0
207,6050.0,6067.5,6050.0,6050.0,2020-04-22T05:00:00+00:00,1587531600000.0,0.0
208,6050.0,6050.0,6050.0,6050.0,2020-04-22T06:00:00+00:00,1587535200000.0,0.0
209,6147.5,6147.5,6050.0,6050.0,2020-04-22T07:00:00+00:00,1587538800000.0,165.12185
210,6147.5,6147.5,6147.5,6147.5,2020-04-22T08:00:00+00:00,1587542400000.0,1611.813025
211,6152.5,6215.0,6147.5,6147.5,2020-04-22T09:00:00+00:00,1587546000000.0,886.9613
212,6175.0,6180.0,6147.5,6152.5,2020-04-22T10:00:00+00:00,1587549600000.0,0.0
213,6167.5,6195.0,6147.5,6175.0,2020-04-22T11:00:00+00:00,1587553200000.0,0.0
214,6312.5,6312.5,6147.5,6167.5,2020-04-22T12:00:00+00:00,1587556800000.0,279.959375
215,6312.5,6312.5,6312.5,6312.5,2020-04-22T13:00:00+00:00,1587560400000.0,0.0
216,6312.5,6312.5,6312.5,6312.5,2020-04-22T14:00:00+00:00,1587564000000.0,0.0
217,6312.5,6312.5,6312.5,6312.5,2020-04-22T15:00:00+00:00,1587567600000.0,0.0
218,6320.0,6332.5,6312.5,6312.5,2020-04-22T16:00:00+00:00,1587571200000.0,0.0
219,6335.0,6360.0,6312.5,6320.0,2020-04-22T17:00:00+00:00,1587574800000.0,492.6096
220,6340.0,6350.0,6335.0,6335.0,2020-04-22T18:00:00+00:00,1587578400000.0,280.9254
221,6340.0,6362.5,6340.0,6340.0,2020-04-22T19:00:00+00:00,1587582000000.0,0.0
222,6350.0,6370.0,6340.0,6340.0,2020-04-22T20:00:00+00:00,1587585600000.0,0.0
223,6360.0,6360.0,6340.0,6350.0,2020-04-22T21:00:00+00:00,1587589200000.0,0.0
224,6345.0,6362.5,6345.0,6360.0,2020-04-22T22:00:00+00:00,1587592800000.0,0.0
225,6342.5,6362.5,6340.0,6345.0,2020-04-22T23:00:00+00:00,1587596400000.0,0.0
226,6475.0,6477.5,6342.5,6342.5,2020-04-23T00:00:00+00:00,1587600000000.0,51.0427
227,6477.5,6477.5,6452.5,6475.0,2020-04-23T01:00:00+00:00,1587603600000.0,0.0
228,6462.5,6477.5,6455.0,6477.5,2020-04-23T02:00:00+00:00,1587607200000.0,0.0
229,6472.5,6477.5,6442.5,6462.5,2020-04-23T03:00:00+00:00,1587610800000.0,0.0
230,6477.5,6477.5,6465.0,6472.5,2020-04-23T04:00:00+00:00,1587614400000.0,0.0
231,6477.5,6477.5,6477.5,6477.5,2020-04-23T05:00:00+00:00,1587618000000.0,0.0
232,6477.5,6477.5,6475.0,6477.5,2020-04-23T06:00:00+00:00,1587621600000.0,0.0
233,6477.5,6477.5,6477.5,6477.5,2020-04-23T07:00:00+00:00,1587625200000.0,0.0
234,6565.0,6565.0,6477.5,6477.5,2020-04-23T08:00:00+00:00,1587628800000.0,34.33495
235,6565.0,6565.0,6565.0,6565.0,2020-04-23T09:00:00+00:00,1587632400000.0,0.0
236,6565.0,6565.0,6565.0,6565.0,2020-04-23T10:00:00+00:00,1587636000000.0,0.0
237,6565.0,6565.0,6565.0,6565.0,2020-04-23T11:00:00+00:00,1587639600000.0,0.0
238,6565.0,6565.0,6565.0,6565.0,2020-04-23T12:00:00+00:00,1587643200000.0,0.0
239,6565.0,6572.5,6565.0,6565.0,2020-04-23T13:00:00+00:00,1587646800000.0,0.0
240,6585.0,6670.0,6565.0,6565.0,2020-04-23T14:00:00+00:00,1587650400000.0,0.0
241,6565.0,6625.0,6565.0,6585.0,2020-04-23T15:00:00+00:00,1587654000000.0,0.0
242,6565.0,6585.0,6565.0,6565.0,2020-04-23T16:00:00+00:00,1587657600000.0,0.0
243,6552.5,6565.0,6532.5,6565.0,2020-04-23T17:00:00+00:00,1587661200000.0,34.09965
244,6550.0,6565.0,6532.5,6552.5,2020-04-23T18:00:00+00:00,1587664800000.0,0.0
245,6610.0,6615.0,6532.5,6550.0,2020-04-23T19:00:00+00:00,1587668400000.0,104.36715
246,6602.5,6630.0,6592.5,6610.0,2020-04-23T20:00:00+00:00,1587672000000.0,0.0
247,6607.5,6635.0,6582.5,6602.5,2020-04-23T21:00:00+00:00,1587675600000.0,0.0
248,6730.0,6730.0,6575.0,6607.5,2020-04-23T22:00:00+00:00,1587679200000.0,0.0
249,6717.5,6730.0,6705.0,6730.0,2020-04-23T23:00:00+00:00,1587682800000.0,1999.9541
250,6672.5,6720.0,6665.0,6717.5,2020-04-24T00:00:00+00:00,1587686400000.0,61.2864
251,6665.0,6687.5,6655.0,6672.5,2020-04-24T01:00:00+00:00,1587690000000.0,0.0
252,6665.0,6695.0,6655.0,6665.0,2020-04-24T02:00:00+00:00,1587693600000.0,0.0
253,6667.5,6690.0,6652.5,6665.0,2020-04-24T03:00:00+00:00,1587697200000.0,0.0
254,6670.0,6697.5,6660.0,6667.5,2020-04-24T04:00:00+00:00,1587700800000.0,40.4202
255,6670.0,6670.0,6655.0,6670.0,2020-04-24T05:00:00+00:00,1587704400000.0,0.0
256,6670.0,6670.0,6662.5,6670.0,2020-04-24T06:00:00+00:00,1587708000000.0,0.0
257,6742.5,6767.5,6670.0,6670.0,2020-04-24T07:00:00+00:00,1587711600000.0,0.0
258,6695.0,6747.5,6670.0,6742.5,2020-04-24T08:00:00+00:00,1587715200000.0,0.0
259,6695.0,6745.0,6677.5,6695.0,2020-04-24T09:00:00+00:00,1587718800000.0,0.0
260,6710.0,6715.0,6670.0,6695.0,2020-04-24T10:00:00+00:00,1587722400000.0,0.0
261,6727.5,6760.0,6670.0,6710.0,2020-04-24T11:00:00+00:00,1587726000000.0,0.0
262,6712.5,6752.5,6690.0,6727.5,2020-04-24T12:00:00+00:00,1587729600000.0,0.0
263,6720.0,6740.0,6690.0,6712.5,2020-04-24T13:00:00+00:00,1587733200000.0,0.0
264,6670.0,6720.0,6670.0,6720.0,2020-04-24T14:00:00+00:00,1587736800000.0,0.0
265,6670.0,6670.0,6670.0,6670.0,2020-04-24T15:00:00+00:00,1587740400000.0,0.0
266,6670.0,6670.0,6670.0,6670.0,2020-04-24T16:00:00+00:00,1587744000000.0,0.0
267,6670.0,6670.0,6670.0,6670.0,2020-04-24T17:00:00+00:00,1587747600000.0,0.0
268,6670.0,6670.0,6670.0,6670.0,2020-04-24T18:00:00+00:00,1587751200000.0,0.0
269,6677.5,6677.5,6670.0,6670.0,2020-04-24T19:00:00+00:00,1587754800000.0,0.0
270,6800.0,6800.0,6670.0,6677.5,2020-04-24T20:00:00+00:00,1587758400000.0,691.4609
271,6800.0,6800.0,6782.5,6800.0,2020-04-24T21:00:00+00:00,1587762000000.0,0.0
272,6800.0,6800.0,6795.0,6800.0,2020-04-24T22:00:00+00:00,1587765600000.0,0.0
273,6800.0,6800.0,6790.0,6800.0,2020-04-24T23:00:00+00:00,1587769200000.0,0.0
274,6672.5,6800.0,6672.5,6800.0,2020-04-25T00:00:00+00:00,1587772800000.0,19.550425
275,6672.5,6672.5,6672.5,6672.5,2020-04-25T01:00:00+00:00,1587776400000.0,0.0
276,6672.5,6672.5,6672.5,6672.5,2020-04-25T02:00:00+00:00,1587780000000.0,0.0
277,6672.5,6672.5,6672.5,6672.5,2020-04-25T03:00:00+00:00,1587783600000.0,0.0
278,6672.5,6672.5,6672.5,6672.5,2020-04-25T04:00:00+00:00,1587787200000.0,0.0
279,6672.5,6672.5,6672.5,6672.5,2020-04-25T05:00:00+00:00,1587790800000.0,0.0
280,6812.5,6812.5,6672.5,6672.5,2020-04-25T06:00:00+00:00,1587794400000.0,19.960625
281,6812.5,6812.5,6812.5,6812.5,2020-04-25T07:00:00+00:00,1587798000000.0,0.0
282,6812.5,6812.5,6812.5,6812.5,2020-04-25T08:00:00+00:00,1587801600000.0,0.0
283,6812.5,6812.5,6812.5,6812.5,2020-04-25T09:00:00+00:00,1587805200000.0,0.0
284,6812.5,6812.5,6812.5,6812.5,2020-04-25T10:00:00+00:00,1587808800000.0,0.0
285,6812.5,6812.5,6812.5,6812.5,2020-04-25T11:00:00+00:00,1587812400000.0,0.0
286,6812.5,6812.5,6812.5,6812.5,2020-04-25T12:00:00+00:00,1587816000000.0,0.0
287,6812.5,6812.5,6812.5,6812.5,2020-04-25T13:00:00+00:00,1587819600000.0,0.0
288,6812.5,6812.5,6812.5,6812.5,2020-04-25T14:00:00+00:00,1587823200000.0,0.0
289,6812.5,6812.5,6812.5,6812.5,2020-04-25T15:00:00+00:00,1587826800000.0,0.0
290,6902.5,6907.5,6812.5,6812.5,2020-04-25T16:00:00+00:00,1587830400000.0,453.501675
291,6907.5,6907.5,6900.0,6902.5,2020-04-25T17:00:00+00:00,1587834000000.0,0.0
292,6902.5,6907.5,6902.5,6907.5,2020-04-25T18:00:00+00:00,1587837600000.0,0.0
293,6907.5,6907.5,6902.5,6902.5,2020-04-25T19:00:00+00:00,1587841200000.0,0.0
294,6787.5,6907.5,6787.5,6907.5,2020-04-25T20:00:00+00:00,1587844800000.0,19.8195
295,6790.0,6790.0,6787.5,6787.5,2020-04-25T21:00:00+00:00,1587848400000.0,0.0
296,6787.5,6795.0,6787.5,6790.0,2020-04-25T22:00:00+00:00,1587852000000.0,0.0
297,6792.5,6795.0,6787.5,6787.5,2020-04-25T23:00:00+00:00,1587855600000.0,0.0
298,6790.0,6795.0,6787.5,6792.5,2020-04-26T00:00:00+00:00,1587859200000.0,0.0
299,6792.5,6792.5,6787.5,6790.0,2020-04-26T01:00:00+00:00,1587862800000.0,0.0
300,6792.5,6800.0,6787.5,6792.5,2020-04-26T02:00:00+00:00,1587866400000.0,0.0
301,6800.0,6800.0,6787.5,6792.5,2020-04-26T03:00:00+00:00,1587870000000.0,0.0
302,6797.5,6800.0,6787.5,6800.0,2020-04-26T04:00:00+00:00,1587873600000.0,446.4598
303,6797.5,6797.5,6797.5,6797.5,2020-04-26T05:00:00+00:00,1587877200000.0,0.0
304,6797.5,6797.5,6797.5,6797.5,2020-04-26T06:00:00+00:00,1587880800000.0,0.0
305,6797.5,6797.5,6797.5,6797.5,2020-04-26T07:00:00+00:00,1587884400000.0,0.0
306,6797.5,6797.5,6797.5,6797.5,2020-04-26T08:00:00+00:00,1587888000000.0,0.0
307,6802.5,6802.5,6797.5,6797.5,2020-04-26T09:00:00+00:00,1587891600000.0,0.0
308,6837.5,6837.5,6797.5,6802.5,2020-04-26T10:00:00+00:00,1587895200000.0,0.0
309,6867.5,6867.5,6815.0,6837.5,2020-04-26T11:00:00+00:00,1587898800000.0,0.0
310,6875.0,6880.0,6850.0,6867.5,2020-04-26T12:00:00+00:00,1587902400000.0,0.0
311,6887.5,6890.0,6865.0,6875.0,2020-04-26T13:00:00+00:00,1587906000000.0,0.0
312,6880.0,6895.0,6865.0,6887.5,2020-04-26T14:00:00+00:00,1587909600000.0,0.0
313,6890.0,6890.0,6865.0,6880.0,2020-04-26T15:00:00+00:00,1587913200000.0,0.0
314,6890.0,6890.0,6890.0,6890.0,2020-04-26T16:00:00+00:00,1587916800000.0,0.0
315,6890.0,6890.0,6890.0,6890.0,2020-04-26T17:00:00+00:00,1587920400000.0,0.0
316,6890.0,6890.0,6890.0,6890.0,2020-04-26T18:00:00+00:00,1587924000000.0,0.0
317,6890.0,6890.0,6890.0,6890.0,2020-04-26T19:00:00+00:00,1587927600000.0,0.0
318,6890.0,6890.0,6890.0,6890.0,2020-04-26T20:00:00+00:00,1587931200000.0,0.0
319,6890.0,6907.5,6890.0,6890.0,2020-04-26T21:00:00+00:00,1587934800000.0,0.0
320,6890.0,6890.0,6890.0,6890.0,2020-04-26T22:00:00+00:00,1587938400000.0,0.0
321,6890.0,6890.0,6890.0,6890.0,2020-04-26T23:00:00+00:00,1587942000000.0,0.0
322,7037.5,7050.0,6890.0,6890.0,2020-04-27T00:00:00+00:00,1587945600000.0,453.3855
323,6847.5,7050.0,6847.5,7037.5,2020-04-27T01:00:00+00:00,1587949200000.0,100.144675
324,6847.5,6852.5,6847.5,6847.5,2020-04-27T02:00:00+00:00,1587952800000.0,0.0
325,6847.5,6862.5,6847.5,6847.5,2020-04-27T03:00:00+00:00,1587956400000.0,0.0
326,6847.5,6847.5,6847.5,6847.5,2020-04-27T04:00:00+00:00,1587960000000.0,0.0
327,6847.5,6847.5,6847.5,6847.5,2020-04-27T05:00:00+00:00,1587963600000.0,0.0
328,6847.5,6847.5,6847.5,6847.5,2020-04-27T06:00:00+00:00,1587967200000.0,0.0
329,6847.5,6847.5,6827.5,6847.5,2020-04-27T07:00:00+00:00,1587970800000.0,0.0
330,6707.5,6847.5,6687.5,6847.5,2020-04-27T08:00:00+00:00,1587974400000.0,429.834125
331,6687.5,6707.5,6687.5,6707.5,2020-04-27T09:00:00+00:00,1587978000000.0,0.0
332,6687.5,6687.5,6687.5,6687.5,2020-04-27T10:00:00+00:00,1587981600000.0,0.0
333,6687.5,6690.0,6687.5,6687.5,2020-04-27T11:00:00+00:00,1587985200000.0,0.0
334,6687.5,6687.5,6687.5,6687.5,2020-04-27T12:00:00+00:00,1587988800000.0,0.0
335,6687.5,6687.5,6687.5,6687.5,2020-04-27T13:00:00+00:00,1587992400000.0,0.0
336,6687.5,6687.5,6687.5,6687.5,2020-04-27T14:00:00+00:00,1587996000000.0,0.0
337,6617.5,6687.5,6617.5,6687.5,2020-04-27T15:00:00+00:00,1587999600000.0,81.858475
338,6617.5,6625.0,6617.5,6617.5,2020-04-27T16:00:00+00:00,1588003200000.0,0.0
339,6617.5,6617.5,6617.5,6617.5,2020-04-27T17:00:00+00:00,1588006800000.0,0.0
340,6622.5,6622.5,6617.5,6617.5,2020-04-27T18:00:00+00:00,1588010400000.0,0.0
341,6690.0,6702.5,6617.5,6622.5,2020-04-27T19:00:00+00:00,1588014000000.0,0.0
342,6672.5,6702.5,6650.0,6690.0,2020-04-27T20:00:00+00:00,1588017600000.0,0.0
343,6700.0,6715.0,6650.0,6672.5,2020-04-27T21:00:00+00:00,1588021200000.0,0.0
344,6717.5,6720.0,6677.5,6700.0,2020-04-27T22:00:00+00:00,1588024800000.0,0.0
345,6692.5,6727.5,6672.5,6717.5,2020-04-27T23:00:00+00:00,1588028400000.0,0.0
346,6627.5,6692.5,6625.0,6692.5,2020-04-28T00:00:00+00:00,1588032000000.0,0.0
347,6617.5,6632.5,6617.5,6627.5,2020-04-28T01:00:00+00:00,1588035600000.0,0.0
348,6617.5,6617.5,6617.5,6617.5,2020-04-28T02:00:00+00:00,1588039200000.0,0.0
349,6617.5,6617.5,6617.5,6617.5,2020-04-28T03:00:00+00:00,1588042800000.0,0.0
