,close,high,low,open,startTime,time,volume
0,10.97,11.145,10.97,11.14,2020-04-12T03:00:00+00:00,1586660400000.0,222.3
1,11.01,11.06,10.835,10.97,2020-04-12T04:00:00+00:00,1586664000000.0,0.0
2,11.115,11.175,10.93,11.005,2020-04-12T05:00:00+00:00,1586667600000.0,0.0
3,11.135,11.2,11.115,11.115,2020-04-12T06:00:00+00:00,1586671200000.0,222.7
4,11.135,11.17,11.055,11.135,2020-04-12T07:00:00+00:00,1586674800000.0,0.0
5,11.2,11.255,11.135,11.135,2020-04-12T08:00:00+00:00,1586678400000.0,952.275
6,11.845,11.94,11.2,11.2,2020-04-12T09:00:00+00:00,1586682000000.0,2889.7365
7,11.725,11.935,11.65,11.845,2020-04-12T10:00:00+00:00,1586685600000.0,7725.3938
8,11.78,11.93,11.645,11.725,2020-04-12T11:00:00+00:00,1586689200000.0,5422.0482
9,12.105,12.19,11.785,11.785,2020-04-12T12:00:00+00:00,1586692800000.0,5898.63055
10,12.045,12.105,11.925,12.105,2020-04-12T13:00:00+00:00,1586696400000.0,7969.9369
11,12.105,12.355,12.045,12.055,2020-04-12T14:00:00+00:00,1586700000000.0,47502.0162
12,12.18,12.24,11.955,12.105,2020-04-12T15:00:00+00:00,1586703600000.0,9678.4771
13,12.485,12.485,12.135,12.18,2020-04-12T16:00:00+00:00,1586707200000.0,30115.6541
14,12.245,12.565,12.135,12.475,2020-04-12T17:00:00+00:00,1586710800000.0,30594.99155
15,12.19,12.245,12.145,12.245,2020-04-12T18:00:00+00:00,1586714400000.0,296.87525
16,12.26,12.355,12.19,12.19,2020-04-12T19:00:00+00:00,1586718000000.0,280.0235
17,12.275,12.41,12.205,12.26,2020-04-12T20:00:00+00:00,1586721600000.0,361.8161
18,12.21,12.33,12.085,12.275,2020-04-12T21:00:00+00:00,1586725200000.0,4.884
19,11.755,12.275,11.545,12.21,2020-04-12T22:00:00+00:00,1586728800000.0,6557.05505
20,11.375,11.905,11.37,11.755,2020-04-12T23:00:00+00:00,1586732400000.0,583.817
21,10.6,11.375,9.71,11.375,2020-04-13T00:00:00+00:00,1586736000000.0,12595.2838
22,10.34,10.6,10.165,10.6,2020-04-13T01:00:00+00:00,1586739600000.0,2613.3175
23,10.325,10.415,10.145,10.34,2020-04-13T02:00:00+00:00,1586743200000.0,1230.3295
24,10.08,10.325,10.04,10.325,2020-04-13T03:00:00+00:00,1586746800000.0,103.0104
25,10.295,10.415,9.89,10.08,2020-04-13T04:00:00+00:00,1586750400000.0,231.5626
26,10.285,10.37,10.215,10.295,2020-04-13T05:00:00+00:00,1586754000000.0,0.0
27,10.555,10.565,10.25,10.285,2020-04-13T06:00:00+00:00,1586757600000.0,3055.9439
28,10.3,10.57,10.18,10.555,2020-04-13T07:00:00+00:00,1586761200000.0,4899.71825
29,10.2625,10.42,10.245,10.3,2020-04-13T08:00:00+00:00,1586764800000.0,415.52805
30,9.985,10.2625,9.94,10.2625,2020-04-13T09:00:00+00:00,1586768400000.0,1549.96885
31,10.4375,10.4375,9.985,9.985,2020-04-13T10:00:00+00:00,1586772000000.0,2490.2262
32,10.5225,10.8275,10.2325,10.4375,2020-04-13T11:00:00+00:00,1586775600000.0,0.0
33,10.225,10.55,10.0675,10.5225,2020-04-13T12:00:00+00:00,1586779200000.0,3259.742
34,9.9825,10.38,9.9575,10.225,2020-04-13T13:00:00+00:00,1586782800000.0,892.8072
35,10.205,10.5525,9.9775,9.9825,2020-04-13T14:00:00+00:00,1586786400000.0,3424.2039
36,10.4525,10.55,10.16,10.205,2020-04-13T15:00:00+00:00,1586790000000.0,5358.335275
37,10.815,10.84,10.38,10.4525,2020-04-13T16:00:00+00:00,1586793600000.0,5974.0752
38,10.725,10.95,10.7125,10.815,2020-04-13T17:00:00+00:00,1586797200000.0,4146.910075
39,10.6675,10.815,10.66,10.725,2020-04-13T18:00:00+00:00,1586800800000.0,553.1687
40,10.935,11.03,10.6675,10.6675,2020-04-13T19:00:00+00:00,1586804400000.0,2451.6661
41,11.17,11.2125,10.935,10.935,2020-04-13T20:00:00+00:00,1586808000000.0,3335.746125
42,11.055,11.415,11.055,11.17,2020-04-13T21:00:00+00:00,1586811600000.0,124.169525
43,11.255,11.3175,11.055,11.055,2020-04-13T22:00:00+00:00,1586815200000.0,830.9111
44,11.12,11.32,11.1025,11.255,2020-04-13T23:00:00+00:00,1586818800000.0,0.0
45,11.09,11.24,11.09,11.12,2020-04-14T00:00:00+00:00,1586822400000.0,63.1373
46,11.19,11.195,10.955,11.09,2020-04-14T01:00:00+00:00,1586826000000.0,162.4788
47,11.19,11.265,11.17,11.19,2020-04-14T02:00:00+00:00,1586829600000.0,0.0
48,11.19,11.19,11.005,11.19,2020-04-14T03:00:00+00:00,1586833200000.0,0.0
49,11.13,11.35,11.11,11.19,2020-04-14T04:00:00+00:00,1586836800000.0,526.24
50,11.17,11.2,11.075,11.13,2020-04-14T05:00:00+00:00,1586840400000.0,0.0
51,11.065,11.18,11.03,11.17,2020-04-14T06:00:00+00:00,1586844000000.0,0.0
52,10.64,11.2,10.585,11.065,2020-04-14T07:00:00+00:00,1586847600000.0,2091.3386
53,10.635,10.675,10.405,10.64,2020-04-14T08:00:00+00:00,1586851200000.0,1034.5285
54,10.865,10.865,10.595,10.635,2020-04-14T09:00:00+00:00,1586854800000.0,35.0869
55,10.735,10.93,10.735,10.865,2020-04-14T10:00:00+00:00,1586858400000.0,396.22885
56,10.76,10.85,10.705,10.735,2020-04-14T11:00:00+00:00,1586862000000.0,735.0161
57,10.765,10.78,10.61,10.76,2020-04-14T12:00:00+00:00,1586865600000.0,1075.6078
58,10.96,10.96,10.765,10.765,2020-04-14T13:00:00+00:00,1586869200000.0,687.97495
59,11.06,11.3,10.895,10.96,2020-04-14T14:00:00+00:00,1586872800000.0,1881.4708
60,11.08,11.185,11.02,11.06,2020-04-14T15:00:00+00:00,1586876400000.0,0.0
61,11.34,11.36,11.06,11.08,2020-04-14T16:00:00+00:00,1586880000000.0,60183.4567
62,11.07,11.39,11.07,11.34,2020-04-14T17:00:00+00:00,1586883600000.0,162.729
63,11.01,11.17,10.97,11.07,2020-04-14T18:00:00+00:00,1586887200000.0,0.0
64,11.07,11.105,10.88,11.01,2020-04-14T19:00:00+00:00,1586890800000.0,851.20335
65,10.75,11.105,10.675,11.07,2020-04-14T20:00:00+00:00,1586894400000.0,43.66075
66,10.73,10.825,10.69,10.75,2020-04-14T21:00:00+00:00,1586898000000.0,1.81815
67,10.815,10.985,10.695,10.73,2020-04-14T22:00:00+00:00,1586901600000.0,0.0
68,10.835,10.935,10.765,10.815,2020-04-14T23:00:00+00:00,1586905200000.0,0.0
69,10.685,10.835,10.615,10.835,2020-04-15T00:00:00+00:00,1586908800000.0,3796.4377
70,10.945,10.955,10.665,10.685,2020-04-15T01:00:00+00:00,1586912400000.0,227.0102
71,10.89,11.015,10.845,10.945,2020-04-15T02:00:00+00:00,1586916000000.0,0.0
72,11.125,11.14,10.875,10.89,2020-04-15T03:00:00+00:00,1586919600000.0,135.309
73,11.115,11.275,11.11,11.125,2020-04-15T04:00:00+00:00,1586923200000.0,567.37795
74,11.43,11.435,11.095,11.115,2020-04-15T05:00:00+00:00,1586926800000.0,40.2876
75,11.335,11.515,11.335,11.43,2020-04-15T06:00:00+00:00,1586930400000.0,1662.945
76,11.245,11.4,11.235,11.335,2020-04-15T07:00:00+00:00,1586934000000.0,1673.6181
77,11.02,11.255,11.0,11.245,2020-04-15T08:00:00+00:00,1586937600000.0,0.0
78,11.055,11.07,10.925,11.02,2020-04-15T09:00:00+00:00,1586941200000.0,352.1763
79,10.74,11.265,10.74,11.055,2020-04-15T10:00:00+00:00,1586944800000.0,59167.1546
80,10.68,10.755,10.55,10.74,2020-04-15T11:00:00+00:00,1586948400000.0,9253.4604
81,10.235,10.68,10.2,10.68,2020-04-15T12:00:00+00:00,1586952000000.0,3269.1613
82,10.36,10.435,10.155,10.235,2020-04-15T13:00:00+00:00,1586955600000.0,1294.027
83,10.395,10.49,10.305,10.36,2020-04-15T14:00:00+00:00,1586959200000.0,47.09205
84,10.205,10.42,10.205,10.395,2020-04-15T15:00:00+00:00,1586962800000.0,984.67665
85,10.5,10.52,10.18,10.205,2020-04-15T16:00:00+00:00,1586966400000.0,3157.6536
86,10.66,10.7,10.495,10.5,2020-04-15T17:00:00+00:00,1586970000000.0,621.372
87,10.695,10.785,10.66,10.66,2020-04-15T18:00:00+00:00,1586973600000.0,4328.3405
88,10.535,10.705,10.535,10.695,2020-04-15T19:00:00+00:00,1586977200000.0,3590.3939
89,10.75,10.75,10.5,10.535,2020-04-15T20:00:00+00:00,1586980800000.0,198.7675
90,10.565,10.79,10.51,10.75,2020-04-15T21:00:00+00:00,1586984400000.0,4285.1963
91,10.42,10.575,10.275,10.565,2020-04-15T22:00:00+00:00,1586988000000.0,597.7998
92,9.935,10.455,9.82,10.42,2020-04-15T23:00:00+00:00,1586991600000.0,6099.8984
93,9.41,9.935,8.8325,9.935,2020-04-16T00:00:00+00:00,1586995200000.0,20158.88655
94,9.5,9.585,9.19,9.41,2020-04-16T01:00:00+00:00,1586998800000.0,1218.64
95,9.53,9.5875,9.43,9.5,2020-04-16T02:00:00+00:00,1587002400000.0,63.582
96,9.52,9.535,9.3525,9.53,2020-04-16T03:00:00+00:00,1587006000000.0,260.933325
97,9.545,9.65,9.52,9.52,2020-04-16T04:00:00+00:00,1587009600000.0,390.8887
98,9.6175,9.71,9.545,9.545,2020-04-16T05:00:00+00:00,1587013200000.0,9413.808075
99,9.96,9.9725,9.6175,9.6175,2020-04-16T06:00:00+00:00,1587016800000.0,1383.47055
100,10.7325,11.1825,9.96,9.96,2020-04-16T07:00:00+00:00,1587020400000.0,15104.70525
101,11.2275,11.77,10.7325,10.7325,2020-04-16T08:00:00+00:00,1587024000000.0,27024.46805
102,11.275,11.475,11.2275,11.2275,2020-04-16T09:00:00+00:00,1587027600000.0,5445.742675
103,11.0525,11.4225,10.89,11.275,2020-04-16T10:00:00+00:00,1587031200000.0,9900.21585
104,11.255,11.3325,11.0025,11.0525,2020-04-16T11:00:00+00:00,1587034800000.0,599.48735
105,11.495,11.5025,11.0225,11.255,2020-04-16T12:00:00+00:00,1587038400000.0,66502.8315
106,11.1375,11.59,11.1,11.495,2020-04-16T13:00:00+00:00,1587042000000.0,3704.907375
107,11.2725,11.295,11.095,11.1375,2020-04-16T14:00:00+00:00,1587045600000.0,677.229
108,11.385,11.4325,11.2275,11.2725,2020-04-16T15:00:00+00:00,1587049200000.0,175.8334
109,11.185,11.4775,11.035,11.385,2020-04-16T16:00:00+00:00,1587052800000.0,65555.056175
110,11.1325,11.21,11.105,11.185,2020-04-16T17:00:00+00:00,1587056400000.0,108.7182
111,11.245,11.29,11.1,11.1325,2020-04-16T18:00:00+00:00,1587060000000.0,0.0
112,11.4375,11.475,11.185,11.245,2020-04-16T19:00:00+00:00,1587063600000.0,2464.580475
113,11.4125,11.475,11.175,11.4375,2020-04-16T20:00:00+00:00,1587067200000.0,3595.50055
114,11.4525,11.4525,11.3375,11.4125,2020-04-16T21:00:00+00:00,1587070800000.0,797.3368
115,11.745,11.7725,11.4325,11.4525,2020-04-16T22:00:00+00:00,1587074400000.0,5871.81875
116,11.445,11.8875,11.36,11.7575,2020-04-16T23:00:00+00:00,1587078000000.0,3301.264525
117,11.32,11.58,11.135,11.445,2020-04-17T00:00:00+00:00,1587081600000.0,1558.7247
118,11.535,11.61,11.3,11.32,2020-04-17T01:00:00+00:00,1587085200000.0,190.0201
119,11.17,11.54,11.17,11.535,2020-04-17T02:00:00+00:00,1587088800000.0,99.9603
120,11.28,11.29,11.09,11.17,2020-04-17T03:00:00+00:00,1587092400000.0,233.5847
121,10.83,11.285,10.705,11.28,2020-04-17T04:00:00+00:00,1587096000000.0,3872.66455
122,11.09,11.115,10.745,10.83,2020-04-17T05:00:00+00:00,1587099600000.0,1170.0467
123,10.955,11.09,10.835,11.09,2020-04-17T06:00:00+00:00,1587103200000.0,8239.99025
124,11.12,11.12,10.935,10.955,2020-04-17T07:00:00+00:00,1587106800000.0,631.67295
125,11.055,11.305,11.01,11.12,2020-04-17T08:00:00+00:00,1587110400000.0,69190.92365
126,11.26,11.395,11.055,11.055,2020-04-17T09:00:00+00:00,1587114000000.0,983.314
127,11.205,11.28,11.185,11.26,2020-04-17T10:00:00+00:00,1587117600000.0,283.9347
128,11.02,11.25,10.98,11.205,2020-04-17T11:00:00+00:00,1587121200000.0,1008.03715
129,11.18,11.18,11.02,11.02,2020-04-17T12:00:00+00:00,1587124800000.0,216.10155
130,11.085,11.2,10.845,11.18,2020-04-17T13:00:00+00:00,1587128400000.0,1254.5166
131,10.98,11.185,10.935,11.085,2020-04-17T14:00:00+00:00,1587132000000.0,914.98005
132,11.07,11.075,10.945,10.97,2020-04-17T15:00:00+00:00,1587135600000.0,109.7
133,11.07,11.15,11.03,11.07,2020-04-17T16:00:00+00:00,1587139200000.0,244.163
134,11.07,11.13,11.06,11.07,2020-04-17T17:00:00+00:00,1587142800000.0,0.0
135,11.095,11.115,11.025,11.07,2020-04-17T18:00:00+00:00,1587146400000.0,69.0791
136,11.215,11.25,11.075,11.095,2020-04-17T19:00:00+00:00,1587150000000.0,2.007
137,11.23,11.31,11.155,11.215,2020-04-17T20:00:00+00:00,1587153600000.0,8033.5109
138,11.215,11.295,11.21,11.23,2020-04-17T21:00:00+00:00,1587157200000.0,2124.26925
139,11.285,11.285,11.215,11.215,2020-04-17T22:00:00+00:00,1587160800000.0,3.93985
140,11.085,11.7,11.07,11.285,2020-04-17T23:00:00+00:00,1587164400000.0,7074.48685
141,11.35,11.37,11.085,11.085,2020-04-18T00:00:00+00:00,1587168000000.0,2934.1905
142,11.385,11.435,11.31,11.35,2020-04-18T01:00:00+00:00,1587171600000.0,64099.994
143,11.54,11.63,11.385,11.385,2020-04-18T02:00:00+00:00,1587175200000.0,1113.31
144,11.48,11.595,11.47,11.54,2020-04-18T03:00:00+00:00,1587178800000.0,3850.217
145,11.515,11.585,11.48,11.48,2020-04-18T04:00:00+00:00,1587182400000.0,1678.0251
146,11.5,11.64,11.475,11.515,2020-04-18T05:00:00+00:00,1587186000000.0,141.993
147,11.39,11.535,11.385,11.5,2020-04-18T06:00:00+00:00,1587189600000.0,5587.9841
148,11.43,11.47,11.33,11.39,2020-04-18T07:00:00+00:00,1587193200000.0,682.8
149,11.415,11.47,11.4,11.43,2020-04-18T08:00:00+00:00,1587196800000.0,51.8232
150,11.365,11.44,11.355,11.415,2020-04-18T09:00:00+00:00,1587200400000.0,3011.324
151,11.285,11.37,11.125,11.365,2020-04-18T10:00:00+00:00,1587204000000.0,880.4219
152,11.445,11.485,11.235,11.285,2020-04-18T11:00:00+00:00,1587207600000.0,0.0
153,11.725,11.845,11.345,11.445,2020-04-18T12:00:00+00:00,1587211200000.0,50.4597
154,12.15,12.24,11.725,11.725,2020-04-18T13:00:00+00:00,1587214800000.0,66783.58675
155,12.125,12.255,12.0,12.15,2020-04-18T14:00:00+00:00,1587218400000.0,14967.34855
156,12.195,12.2,12.075,12.125,2020-04-18T15:00:00+00:00,1587222000000.0,12976.84765
157,11.96,12.205,11.845,12.195,2020-04-18T16:00:00+00:00,1587225600000.0,8894.07415
158,12.025,12.065,11.87,11.96,2020-04-18T17:00:00+00:00,1587229200000.0,119.69045
159,12.0,12.025,11.99,12.025,2020-04-18T18:00:00+00:00,1587232800000.0,1075.73
160,12.075,12.09,11.995,12.0,2020-04-18T19:00:00+00:00,1587236400000.0,2695.0092
161,11.985,12.08,11.985,12.075,2020-04-18T20:00:00+00:00,1587240000000.0,3947.41285
162,12.06,12.06,11.985,11.985,2020-04-18T21:00:00+00:00,1587243600000.0,270.0658
163,12.41,12.63,12.06,12.06,2020-04-18T22:00:00+00:00,1587247200000.0,11351.6852
164,12.31,12.5,12.205,12.41,2020-04-18T23:00:00+00:00,1587250800000.0,1125.7128
165,12.11,12.39,11.935,12.31,2020-04-19T00:00:00+00:00,1587254400000.0,56662.107
166,12.14,12.155,11.99,12.11,2020-04-19T01:00:00+00:00,1587258000000.0,1202.7662
167,12.25,12.32,12.11,12.14,2020-04-19T02:00:00+00:00,1587261600000.0,686.8812
168,12.24,12.475,12.14,12.25,2020-04-19T03:00:00+00:00,1587265200000.0,101.177
169,12.22,12.46,12.19,12.24,2020-04-19T04:00:00+00:00,1587268800000.0,518.336
170,11.695,12.255,11.59,12.22,2020-04-19T05:00:00+00:00,1587272400000.0,5437.0601
171,11.715,11.835,11.59,11.695,2020-04-19T06:00:00+00:00,1587276000000.0,2964.0784
172,11.695,11.78,11.625,11.715,2020-04-19T07:00:00+00:00,1587279600000.0,442.5927
173,11.65,11.715,11.575,11.695,2020-04-19T08:00:00+00:00,1587283200000.0,0.0
174,11.76,11.79,11.57,11.65,2020-04-19T09:00:00+00:00,1587286800000.0,3393.45605
175,11.83,11.895,11.745,11.76,2020-04-19T10:00:00+00:00,1587290400000.0,51.6026
176,11.755,11.83,11.6,11.83,2020-04-19T11:00:00+00:00,1587294000000.0,1736.6849
177,11.695,11.82,11.655,11.755,2020-04-19T12:00:00+00:00,1587297600000.0,821.94525
178,11.22,11.695,11.125,11.695,2020-04-19T13:00:00+00:00,1587301200000.0,2968.27435
179,11.26,11.3,10.885,11.22,2020-04-19T14:00:00+00:00,1587304800000.0,1992.97815
180,11.24,11.365,11.175,11.26,2020-04-19T15:00:00+00:00,1587308400000.0,1327.51745
181,11.36,11.39,11.1,11.24,2020-04-19T16:00:00+00:00,1587312000000.0,1920.7754
182,11.63,11.63,11.36,11.36,2020-04-19T17:00:00+00:00,1587315600000.0,109.5546
183,11.49,11.63,11.47,11.63,2020-04-19T18:00:00+00:00,1587319200000.0,922.2185
184,11.51,11.555,11.375,11.49,2020-04-19T19:00:00+00:00,1587322800000.0,149.9045
185,11.39,11.515,11.37,11.51,2020-04-19T20:00:00+00:00,1587326400000.0,252.361
186,11.635,11.67,11.39,11.39,2020-04-19T21:00:00+00:00,1587330000000.0,101.0344
187,11.62,11.665,11.45,11.635,2020-04-19T22:00:00+00:00,1587333600000.0,0.0
188,11.145,11.69,11.115,11.62,2020-04-19T23:00:00+00:00,1587337200000.0,2507.008
189,11.83,11.94,11.025,11.145,2020-04-20T00:00:00+00:00,1587340800000.0,12411.01935
190,11.815,11.87,11.67,11.83,2020-04-20T01:00:00+00:00,1587344400000.0,1704.7238
191,11.935,12.01,11.715,11.815,2020-04-20T02:00:00+00:00,1587348000000.0,0.0
192,11.88,12.02,11.69,11.935,2020-04-20T03:00:00+00:00,1587351600000.0,4542.9305
193,11.845,12.07,11.815,11.88,2020-04-20T04:00:00+00:00,1587355200000.0,72.86375
194,11.92,11.985,11.75,11.845,2020-04-20T05:00:00+00:00,1587358800000.0,0.0
195,11.785,11.99,11.7,11.92,2020-04-20T06:00:00+00:00,1587362400000.0,59.59
196,11.755,11.855,11.69,11.785,2020-04-20T07:00:00+00:00,1587366000000.0,116.9
197,11.53,11.805,11.47,11.755,2020-04-20T08:00:00+00:00,1587369600000.0,1465.66505
198,11.515,11.59,11.445,11.53,2020-04-20T09:00:00+00:00,1587373200000.0,370.1512
199,11.205,11.515,11.045,11.515,2020-04-20T10:00:00+00:00,1587376800000.0,3661.7061
200,10.75,11.235,10.7,11.205,2020-04-20T11:00:00+00:00,1587380400000.0,607.7202
201,11.105,11.245,10.56,10.75,2020-04-20T12:00:00+00:00,1587384000000.0,400.4581
202,11.105,11.2,11.045,11.105,2020-04-20T13:00:00+00:00,1587387600000.0,55042.16715
203,11.185,11.245,11.04,11.105,2020-04-20T14:00:00+00:00,1587391200000.0,337.0661
204,11.215,11.285,11.16,11.185,2020-04-20T15:00:00+00:00,1587394800000.0,1419.54225
205,11.08,11.29,10.995,11.215,2020-04-20T16:00:00+00:00,1587398400000.0,3760.9714
206,10.3,11.095,10.27,11.08,2020-04-20T17:00:00+00:00,1587402000000.0,56057.913
207,10.305,10.55,10.17,10.3,2020-04-20T18:00:00+00:00,1587405600000.0,3057.3331
208,9.31,10.34,9.25,10.305,2020-04-20T19:00:00+00:00,1587409200000.0,15873.56675
209,9.91,9.93,9.21,9.28,2020-04-20T20:00:00+00:00,1587412800000.0,8315.6014
210,9.725,10.05,9.725,9.91,2020-04-20T21:00:00+00:00,1587416400000.0,1102.8798
211,10.03,10.095,9.72,9.725,2020-04-20T22:00:00+00:00,1587420000000.0,419.6799
212,9.8275,10.065,9.725,10.03,2020-04-20T23:00:00+00:00,1587423600000.0,0.0
213,10.085,10.3825,9.7625,9.8275,2020-04-21T00:00:00+00:00,1587427200000.0,5508.7861
214,10.15,10.26,10.085,10.085,2020-04-21T01:00:00+00:00,1587430800000.0,4.9248
215,9.86,10.2075,9.86,10.15,2020-04-21T02:00:00+00:00,1587434400000.0,2789.188075
216,9.98,10.06,9.86,9.86,2020-04-21T03:00:00+00:00,1587438000000.0,945.828825
217,9.9525,10.0725,9.8925,9.98,2020-04-21T04:00:00+00:00,1587441600000.0,1356.36815
218,10.2775,10.305,9.9525,9.9525,2020-04-21T05:00:00+00:00,1587445200000.0,0.0
219,10.2075,10.38,10.1975,10.2775,2020-04-21T06:00:00+00:00,1587448800000.0,0.0
220,10.31,10.3325,10.125,10.2075,2020-04-21T07:00:00+00:00,1587452400000.0,333.0092
221,10.1225,10.335,10.0775,10.305,2020-04-21T08:00:00+00:00,1587456000000.0,329.030375
222,9.97,10.165,9.805,10.1225,2020-04-21T09:00:00+00:00,1587459600000.0,1317.384775
223,10.0175,10.0725,9.95,9.97,2020-04-21T10:00:00+00:00,1587463200000.0,301.65
224,9.995,10.09,9.8825,10.0175,2020-04-21T11:00:00+00:00,1587466800000.0,1525.24095
225,10.105,10.2075,9.985,9.995,2020-04-21T12:00:00+00:00,1587470400000.0,717.15795
226,10.235,10.24,10.0125,10.105,2020-04-21T13:00:00+00:00,1587474000000.0,3915.2396
227,10.1875,10.4475,10.145,10.235,2020-04-21T14:00:00+00:00,1587477600000.0,5651.222775
228,10.205,10.375,10.03,10.1875,2020-04-21T15:00:00+00:00,1587481200000.0,144.492475
229,10.16,10.23,10.0825,10.205,2020-04-21T16:00:00+00:00,1587484800000.0,77.995125
230,10.5975,10.68,9.93,10.16,2020-04-21T17:00:00+00:00,1587488400000.0,387.7128
231,10.4125,10.6,10.2925,10.5925,2020-04-21T18:00:00+00:00,1587492000000.0,0.0
232,10.23,10.485,10.23,10.4125,2020-04-21T19:00:00+00:00,1587495600000.0,3.632125
233,10.2925,10.3025,10.125,10.23,2020-04-21T20:00:00+00:00,1587499200000.0,490.27905
234,10.335,10.3875,10.26,10.2925,2020-04-21T21:00:00+00:00,1587502800000.0,1183.128
235,10.415,10.415,10.335,10.335,2020-04-21T22:00:00+00:00,1587506400000.0,167.464
236,10.14,10.4175,10.085,10.415,2020-04-21T23:00:00+00:00,1587510000000.0,3.781325
237,10.11,10.2325,10.055,10.14,2020-04-22T00:00:00+00:00,1587513600000.0,699.7789
238,10.125,10.125,9.9375,10.11,2020-04-22T01:00:00+00:00,1587517200000.0,32.29875
239,10.3025,10.33,10.11,10.125,2020-04-22T02:00:00+00:00,1587520800000.0,51.425
240,10.185,10.3125,10.1475,10.3025,2020-04-22T03:00:00+00:00,1587524400000.0,0.0
241,10.17,10.285,10.1275,10.185,2020-04-22T04:00:00+00:00,1587528000000.0,125.5995
242,10.43,10.44,10.1625,10.17,2020-04-22T05:00:00+00:00,1587531600000.0,3037.9795
243,10.4075,10.44,10.265,10.43,2020-04-22T06:00:00+00:00,1587535200000.0,359.00295
244,10.5575,10.5975,10.3925,10.4075,2020-04-22T07:00:00+00:00,1587538800000.0,519.502825
245,10.5325,10.585,10.4675,10.5575,2020-04-22T08:00:00+00:00,1587542400000.0,1356.831525
246,10.54,10.55,10.4725,10.5325,2020-04-22T09:00:00+00:00,1587546000000.0,0.0
247,10.455,10.54,10.38,10.54,2020-04-22T10:00:00+00:00,1587549600000.0,510.544125
248,10.54,10.54,10.4475,10.455,2020-04-22T11:00:00+00:00,1587553200000.0,756.89425
249,10.52,10.565,10.395,10.54,2020-04-22T12:00:00+00:00,1587556800000.0,417.2325
250,10.8975,11.005,10.5025,10.52,2020-04-22T13:00:00+00:00,1587560400000.0,882.01035
251,10.99,11.1,10.845,10.8975,2020-04-22T14:00:00+00:00,1587564000000.0,282.69465
252,10.95,10.995,10.825,10.99,2020-04-22T15:00:00+00:00,1587567600000.0,376.94295
253,10.9575,11.18,10.905,10.95,2020-04-22T16:00:00+00:00,1587571200000.0,3422.683775
254,10.8475,11.0175,10.84,10.9575,2020-04-22T17:00:00+00:00,1587574800000.0,2709.9365
255,10.9,10.92,10.8325,10.8475,2020-04-22T18:00:00+00:00,1587578400000.0,2467.7432
256,10.88,10.9675,10.87,10.9,2020-04-22T19:00:00+00:00,1587582000000.0,117.216425
257,10.91,10.9475,10.835,10.88,2020-04-22T20:00:00+00:00,1587585600000.0,0.0
258,10.765,10.9475,10.765,10.925,2020-04-22T21:00:00+00:00,1587589200000.0,2921.36205
259,10.8975,10.9125,10.765,10.765,2020-04-22T22:00:00+00:00,1587592800000.0,199.87535
260,10.975,11.06,10.8975,10.8975,2020-04-22T23:00:00+00:00,1587596400000.0,67531.99715
261,10.85,10.98,10.83,10.975,2020-04-23T00:00:00+00:00,1587600000000.0,1456.769275
262,11.3,11.405,10.85,10.85,2020-04-23T01:00:00+00:00,1587603600000.0,5161.48405
263,11.125,11.375,11.115,11.3,2020-04-23T02:00:00+00:00,1587607200000.0,2256.1157
264,10.97,11.16,10.97,11.125,2020-04-23T03:00:00+00:00,1587610800000.0,76.4208
265,10.96,10.975,10.845,10.97,2020-04-23T04:00:00+00:00,1587614400000.0,64.39585
266,10.82,10.99,10.8,10.96,2020-04-23T05:00:00+00:00,1587618000000.0,4448.4118
267,10.575,10.82,10.5,10.82,2020-04-23T06:00:00+00:00,1587621600000.0,6897.6933
268,10.615,10.665,10.54,10.565,2020-04-23T07:00:00+00:00,1587625200000.0,762.9519
269,10.73,10.8,10.555,10.615,2020-04-23T08:00:00+00:00,1587628800000.0,139.86665
270,10.955,10.955,10.655,10.73,2020-04-23T09:00:00+00:00,1587632400000.0,9031.2524
271,10.79,11.05,10.79,10.96,2020-04-23T10:00:00+00:00,1587636000000.0,3330.43965
272,11.2,11.22,10.785,10.79,2020-04-23T11:00:00+00:00,1587639600000.0,0.0
273,11.295,11.345,11.09,11.2,2020-04-23T12:00:00+00:00,1587643200000.0,4930.084
274,12.005,12.08,11.17,11.295,2020-04-23T13:00:00+00:00,1587646800000.0,31088.89835
275,12.35,12.95,12.005,12.005,2020-04-23T14:00:00+00:00,1587650400000.0,11123.0154
276,12.245,12.395,12.06,12.35,2020-04-23T15:00:00+00:00,1587654000000.0,3425.6036
277,11.955,12.46,11.845,12.245,2020-04-23T16:00:00+00:00,1587657600000.0,86316.15365
278,12.19,12.205,11.955,11.955,2020-04-23T17:00:00+00:00,1587661200000.0,3488.1939
279,12.13,12.215,12.105,12.19,2020-04-23T18:00:00+00:00,1587664800000.0,1036.80875
280,12.185,12.245,12.125,12.13,2020-04-23T19:00:00+00:00,1587668400000.0,49.7753
281,12.14,12.3,12.14,12.185,2020-04-23T20:00:00+00:00,1587672000000.0,423.28475
282,12.37,12.41,12.14,12.14,2020-04-23T21:00:00+00:00,1587675600000.0,30512.9915
283,12.105,12.41,12.065,12.37,2020-04-23T22:00:00+00:00,1587679200000.0,3866.9637
284,11.67,12.115,11.54,12.105,2020-04-23T23:00:00+00:00,1587682800000.0,7948.15115
285,11.865,11.925,11.67,11.67,2020-04-24T00:00:00+00:00,1587686400000.0,1374.8422
286,12.08,12.335,11.865,11.865,2020-04-24T01:00:00+00:00,1587690000000.0,360.0598
287,12.335,12.37,12.055,12.08,2020-04-24T02:00:00+00:00,1587693600000.0,1240.2243
288,12.195,12.39,12.175,12.335,2020-04-24T03:00:00+00:00,1587697200000.0,8644.6698
289,12.22,12.285,12.1,12.195,2020-04-24T04:00:00+00:00,1587700800000.0,804.8712
290,12.025,12.22,11.93,12.22,2020-04-24T05:00:00+00:00,1587704400000.0,4233.49715
291,12.275,12.275,12.025,12.025,2020-04-24T06:00:00+00:00,1587708000000.0,3336.6679
292,12.44,12.48,12.23,12.275,2020-04-24T07:00:00+00:00,1587711600000.0,168.83275
293,12.355,12.46,12.09,12.44,2020-04-24T08:00:00+00:00,1587715200000.0,1356.307
294,12.38,12.49,12.32,12.355,2020-04-24T09:00:00+00:00,1587718800000.0,1944.82915
295,12.24,12.375,12.07,12.375,2020-04-24T10:00:00+00:00,1587722400000.0,902.0388
296,11.915,12.24,11.9,12.24,2020-04-24T11:00:00+00:00,1587726000000.0,2685.29455
297,12.015,12.08,11.775,11.915,2020-04-24T12:00:00+00:00,1587729600000.0,2482.4427
298,12.02,12.085,11.925,12.015,2020-04-24T13:00:00+00:00,1587733200000.0,43.1518
299,11.935,12.04,11.69,12.02,2020-04-24T14:00:00+00:00,1587736800000.0,2256.8608
300,11.895,11.965,11.88,11.935,2020-04-24T15:00:00+00:00,1587740400000.0,1703.1168
301,11.995,12.0,11.835,11.895,2020-04-24T16:00:00+00:00,1587744000000.0,3212.70575
302,11.925,12.05,11.91,11.995,2020-04-24T17:00:00+00:00,1587747600000.0,1863.1735
303,11.835,11.995,11.795,11.925,2020-04-24T18:00:00+00:00,1587751200000.0,1966.2627
304,11.945,11.945,11.765,11.825,2020-04-24T19:00:00+00:00,1587754800000.0,928.71535
305,11.785,12.075,11.755,11.945,2020-04-24T20:00:00+00:00,1587758400000.0,2239.89935
306,11.84,11.95,11.785,11.785,2020-04-24T21:00:00+00:00,1587762000000.0,7160.5175
307,11.695,11.86,11.62,11.84,2020-04-24T22:00:00+00:00,1587765600000.0,4339.155
308,11.79,11.91,11.69,11.695,2020-04-24T23:00:00+00:00,1587769200000.0,4027.9033
309,11.65,11.815,11.55,11.79,2020-04-25T00:00:00+00:00,1587772800000.0,1310.54075
310,11.76,11.79,11.595,11.65,2020-04-25T01:00:00+00:00,1587776400000.0,1301.55705
311,11.76,11.81,11.735,11.76,2020-04-25T02:00:00+00:00,1587780000000.0,0.0
312,11.94,11.95,11.76,11.76,2020-04-25T03:00:00+00:00,1587783600000.0,83.6994
313,11.94,11.96,11.89,11.94,2020-04-25T04:00:00+00:00,1587787200000.0,258.0588
314,12.31,12.31,11.925,11.94,2020-04-25T05:00:00+00:00,1587790800000.0,303.6722
315,12.34,12.4,12.085,12.31,2020-04-25T06:00:00+00:00,1587794400000.0,3690.3717
316,12.21,12.42,12.18,12.34,2020-04-25T07:00:00+00:00,1587798000000.0,2951.58455
317,12.165,12.24,12.01,12.21,2020-04-25T08:00:00+00:00,1587801600000.0,5669.32465
318,12.235,12.25,12.115,12.165,2020-04-25T09:00:00+00:00,1587805200000.0,2100.78205
319,12.245,12.255,12.02,12.235,2020-04-25T10:00:00+00:00,1587808800000.0,4631.85525
320,12.005,12.365,12.0,12.245,2020-04-25T11:00:00+00:00,1587812400000.0,7853.84105
321,12.125,12.165,12.0,12.005,2020-04-25T12:00:00+00:00,1587816000000.0,28.6726
322,12.335,12.4,12.11,12.125,2020-04-25T13:00:00+00:00,1587819600000.0,3002.93145
323,12.3,12.4,12.2,12.335,2020-04-25T14:00:00+00:00,1587823200000.0,17432.8659
324,11.95,12.63,11.92,12.3,2020-04-25T15:00:00+00:00,1587826800000.0,9414.50395
325,12.09,12.095,11.755,11.95,2020-04-25T16:00:00+00:00,1587830400000.0,5893.69345
326,11.98,12.09,11.91,12.09,2020-04-25T17:00:00+00:00,1587834000000.0,413.4296
327,11.875,11.985,11.875,11.98,2020-04-25T18:00:00+00:00,1587837600000.0,15720.9812
328,12.05,12.05,11.875,11.875,2020-04-25T19:00:00+00:00,1587841200000.0,19.8825
329,12.06,12.075,12.045,12.05,2020-04-25T20:00:00+00:00,1587844800000.0,387.6162
330,11.915,12.06,11.79,12.06,2020-04-25T21:00:00+00:00,1587848400000.0,1689.35185
331,11.95,12.005,11.915,11.915,2020-04-25T22:00:00+00:00,1587852000000.0,0.0
332,11.96,11.97,11.83,11.95,2020-04-25T23:00:00+00:00,1587855600000.0,1542.0082
333,12.205,12.22,11.87,11.96,2020-04-26T00:00:00+00:00,1587859200000.0,405.8262
334,12.095,12.22,12.095,12.205,2020-04-26T01:00:00+00:00,1587862800000.0,601.1544
335,12.15,12.195,12.075,12.095,2020-04-26T02:00:00+00:00,1587866400000.0,194.5152
336,12.105,12.175,12.085,12.15,2020-04-26T03:00:00+00:00,1587870000000.0,825.2103
337,12.12,12.17,12.055,12.105,2020-04-26T04:00:00+00:00,1587873600000.0,30.3809
338,11.85,12.12,11.835,12.12,2020-04-26T05:00:00+00:00,1587877200000.0,130.4919
339,11.97,12.005,11.82,11.85,2020-04-26T06:00:00+00:00,1587880800000.0,0.0
340,11.95,12.02,11.93,11.97,2020-04-26T07:00:00+00:00,1587884400000.0,966.5796
341,11.975,11.975,11.9,11.95,2020-04-26T08:00:00+00:00,1587888000000.0,356.49575
342,12.1,12.11,11.975,11.975,2020-04-26T09:00:00+00:00,1587891600000.0,42.5359
343,12.3,12.335,12.035,12.1,2020-04-26T10:00:00+00:00,1587895200000.0,976.14135
344,12.315,12.355,12.16,12.3,2020-04-26T11:00:00+00:00,1587898800000.0,329.86325
345,12.325,12.42,12.2,12.315,2020-04-26T12:00:00+00:00,1587902400000.0,6002.1261
346,12.51,12.585,12.29,12.325,2020-04-26T13:00:00+00:00,1587906000000.0,7980.63415
347,12.25,12.635,12.205,12.51,2020-04-26T14:00:00+00:00,1587909600000.0,4964.3644
348,11.85,12.26,11.67,12.25,2020-04-26T15:00:00+00:00,1587913200000.0,6633.5641
349,12.07,12.08,11.795,11.85,2020-04-26T16:00:00+00:00,1587916800000.0,1706.7709
