0,1
998.2562189054727 
996.7676596497677 
986.1807223195766 
992.0821680981331 
995.6743524850807 
991.8255834990655 
993.1085064944039 
1006.1943210468555 
1010.2996746319384 
1007.9904132403293 
1005.1679826505848 
1015.1747820142243 
1031.0830271564205 
1047.2478568976842 
1055.2019794687822 
1063.412686638948 
1039.8069035247213 
1048.017610694887 
1026.464504373202 
1022.1025661890516 
1017.9972126039687 
1020.0498893965101 
1023.1289045853223 
1018.5103818021041 
1030.8264425573527 
1038.2673959303154 
1036.214719137774 
1049.3005336902256 
1071.1102246109783 
1090.0974849419865 
1087.7882235503776 
1084.4526237624975 
1056.4849024641205 
1061.3600098464065 
1050.0702874874287 
1057.767825459459 
1068.0312094221663 
1076.4985011913996 
1073.1629014035198 
1070.8536400119106 
1080.6038547764824 
1084.4526237624975 
1080.6038547764824 
1071.8799784081812 
1073.676070601655 
1073.4194860025873 
1074.4458243988581 
1079.0643471820763 
1077.2682549886026 
1071.6233938091136 
1070.0838862147075 
1077.2682549886026 
1080.3472701774147 
1087.5316389513096 
1100.6174535037612 
1106.7754838813858 
1118.8349600375664 
1132.1773591890858 
1217.6200306786227 
1132.1773591890858 
1132.4339437881536 
1173.4874796389822 
1190.6786477765168 
1165.7899416669518 
1153.2172963126354 
1164.763603270681 
1152.1909579163648 
1170.9216336483055 
1165.533357067884 
1164.5070186716134 
1164.5070186716134 
1202.2249547345623 
1213.0015078954048 
1243.021905986323 
1352.583529788222 
1378.2419896949898 
1400.0516806157425 
2420.4886311079013 
2046.644870266293 
2258.0705798980607 
2100.5276360705057 
1828.547961058766 
1838.8113450214732 
1686.9132623734074 
1446.75007764606 
1554.0024400563498 
1585.3057611426066 
1736.690674592537 
1702.8215075156036 
1636.6226809561424 
1759.2701193104929 
1839.837683417744 
1725.9141214316946 
1707.4400302988217 
1749.0067353477857 
1763.3754728955757 
1699.7424923267913 
1693.0712927510317 
1777.7442104433658 
1708.4663686950923 
1699.229323128656 
1722.321937044747 
1638.6753577486838 
1563.2394856227863 
1498.0669974595958 
1604.8061906717503 
1607.8852058605623 
1655.0967720890153 
1709.4927070913632 
1648.938741711391 
1621.2276050120815 
1659.7152948722335 
1659.2021256740982 
1650.9914185039324 
1669.9786788349406 
1628.4119737859767 
1610.451051851239 
1608.911544256833 
1669.9786788349406 
1633.0304965691948 
1727.966798224236 
1775.1783644526888 
1828.547961058766 
1894.7467876182272 
1909.6286943641526 
1849.5878981823157 
1718.7297526577995 
1756.7042733198161 
1728.4799674223714 
1741.8223665738906 
1749.0067353477857 
1804.4290087464044 
1775.1783644526888 
1841.8903602102855 
1794.6787939818325 
1818.284577096059 
1826.4952842662246 
1803.9158395482689 
1719.242921855935 
1758.243780914222 
1760.809626904899 
1743.875043366432 
1778.7705488396364 
1798.7841475669154 
1788.5207636042082 
1814.179223510976 
1839.837683417744 
1810.0738699258932 
1780.3100564340425 
1805.9685163408103 
1798.27097836878 
1760.2964577067635 
1653.0440952964739 
1701.7951691193327 
1693.0712927510317 
1700.7688307230621 
1716.1639066671228 
1720.2692602522056 
1728.9931366205067 
1724.8877830354238 
1724.3746138372885 
1730.5326442149128 
1684.860585580866 
1716.1639066671228 
1680.755231995783 
1702.308338317468 
1734.6379977999957 
1752.0857505365977 
1735.6643361962663 
1760.809626904899 
1769.5335032732 
1741.8223665738906 
1701.2819999211974 
1700.7688307230621 
1711.5453838839046 
1725.4009522335593 
1716.677075865258 
1706.413691902551 
1686.9132623734074 
1686.400093175272 
1686.9132623734074 
1716.1639066671228 
1727.966798224236 
1728.9931366205067 
1716.677075865258 
1747.9803969515149 
1742.335535772026 
1742.8487049701614 
1752.5989197347333 
1762.349134499305 
1780.8232256321778 
1830.0874686531722 
1811.6133775202993 
1793.1392863874264 
1788.5207636042082 
1760.2964577067635 
1814.6923927091113 
1824.4426074736832 
1823.929438275548 
1812.1265467184346 
1786.981256009802 
1757.7306117160867 
1765.4281496881172 
1781.8495640284486 
1777.7442104433658 
1779.7968872359072 
1788.007594406073 
1846.5088829935037 
1848.0483905879098 
1884.9965728536554 
1860.8776205412937 
1831.1138070494428 
1704.3610151100095 
1674.5972016181588 
1680.755231995783 
1702.8215075156036 
1605.832529068021 
1524.238626564499 
1495.501151468919 
1521.1596113756868 
1520.1332729794162 
1487.8036134968886 
1453.4212772218198 
1489.3431210912947 
1507.8172122241676 
1511.9225658092505 
1479.0797371285876 
1528.343980149582 
1469.8426915621512 
1424.6838021262397 
1486.777275100618 
1460.6056459957147 
1466.763676373339 
1494.9879822707837 
1485.7509367043472 
1515.0015809980625 
1544.7653944899134 
1561.186808830245 
1515.514750196198 
1577.0950539724408 
1597.6218218978552 
1577.0950539724408 
1585.3057611426066 
1554.0024400563498 
1597.6218218978552 
1621.2276050120815 
1609.4247134549685 
1603.7798522754795 
1584.7925919444713 
1595.0559759071784 
1600.187667888532 
1634.0568349654657 
1619.6880974176756 
1646.3728957207143 
1660.2284640703688 
1700.7688307230621 
1724.3746138372885 
1695.6371387417084 
1678.7025552032417 
1651.5045877020677 
1660.2284640703688 
1649.9650801076616 
1617.1222514269987 
1665.3601560517225 
1652.5309260983383 
1666.8996636461284 
1658.1757872778273 
1653.0440952964739 
1661.2548024666396 
1661.767971664775 
1665.8733252498578 
1686.400093175272 
1655.6099412871506 
1644.8333881263081 
1602.7535138792089 
1628.925142984112 
1636.109511758007 
1639.7016961449544 
1642.2675421356314 
1627.8988045878414 
1652.5309260983383 
1665.3601560517225 
1661.767971664775 
1644.8333881263081 
1665.3601560517225 
1693.0712927510317 
1687.4264315715427 
1684.860585580866 
1698.2029847323852 
1753.1120889328686 
1745.4145509608381 
1714.1112298745813 
1732.5853210074542 
1741.8223665738906 
1733.6116594037248 
1736.1775053944018 
1728.9931366205067 
1688.9659391659488 
1682.2947395901892 
1722.8351062428824 
1706.413691902551 
1707.4400302988217 
1716.677075865258 
1738.2301821869432 
1718.2165834596642 
1712.05855308204 
1711.5453838839046 
1739.7696897813491 
1724.8877830354238 
1714.6243990727166 
1693.584461949167 
1719.242921855935 
1690.505446760355 
1680.2420627976478 
1679.215724401377 
1646.3728957207143 
1661.2548024666396 
1661.767971664775 
1669.9786788349406 
1680.2420627976478 
1691.5317851566256 
1680.755231995783 
1688.9659391659488 
1711.5453838839046 
1708.4663686950923 
1695.6371387417084 
1701.7951691193327 
1703.8478459118742 
1693.584461949167 
1692.5581235528964 
1705.9005227044156 
1727.4536290261008 
1728.4799674223714 
1724.3746138372885 
1730.0194750167775 
1731.045813413048 
1728.9931366205067 
1734.1248286018604 
1705.9005227044156 
1733.0984902055895 
1752.5989197347333 
1745.9277201589734 
1742.8487049701614 
1738.7433513850785 
1705.9005227044156 
1711.0322146857693 
1708.9795378932279 
1700.2556615249266 
1697.1766463361146 
1679.215724401377 
1666.8996636461284 
1658.6889564759626 
1684.860585580866 
1721.8087678466118 
1728.9931366205067 
1751.0594121403271 
1731.045813413048 
1754.1384273291392 
1733.0984902055895 
1727.966798224236 
1745.4145509608381 
1745.4145509608381 
1717.1902450633936 
1726.42729062983 
1748.4935661496504 
1799.810485963186 
1754.6515965272747 
1762.8623036974404 
1765.4281496881172 
1816.7450695016528 
1803.9158395482689 
1825.468945869954 
1798.27097836878 
1792.626117189291 
1730.0194750167775 
1754.6515965272747 
1761.3227961030343 
1770.5598416694706 
1748.4935661496504 
1735.6643361962663 
1700.2556615249266 
1672.031355627482 
1676.136709212565 
1638.1621885505485 
1601.727175482938 
1630.464650578518 
1616.6090822288634 
1568.884346802275 
1550.4102556694022 
1558.620962839568 
1564.265824019057 
1595.0559759071784 
1599.1613294922613 
1584.7925919444713 
1602.7535138792089 
1585.8189303407419 
1542.1995484992365 
1575.5555463780347 
1580.6872383593884 
1607.372036662427 
1577.6082231705761 
1590.4374531239603 
1600.7008370866674 
1618.1485898232695 
1619.17492821954 
1619.6880974176756 
1609.4247134549685 
1601.2140062848027 
1605.832529068021 
1625.8461277953 
1622.7671126064877 
1630.464650578518 
1630.464650578518 
1622.2539434083524 
1630.464650578518 
1641.2412037393606 
1627.8988045878414 
1616.095913030728 
1615.5827438325928 
1621.740774210217 
1617.6354206251342 
1629.4383121822473 
1636.109511758007 
1636.109511758007 
1630.464650578518 
1630.464650578518 
1607.372036662427 
1607.372036662427 
1593.003299114637 
1568.3711776041398 
1564.265824019057 
1586.3320995388774 
1544.252225291778 
1451.3686004292783 
1430.3286633057287 
1427.7628173150517 
1308.7075633476488 
1212.2317540982017 
1201.7117855364268 
1207.6132313149833 
1249.6931055620826 
1235.5809526133603 
1221.2122150655705 
1241.2258137928493 
1256.6208897369102 
1244.0482443825938 
1233.7848604198866 
1222.4951380609086 
1244.8179981797969 
1228.3965838394654 
1236.6072910096311 
1296.9046717905355 
1331.2870080656046 
1338.984546037635 
1324.3592238907772 
1360.0244831611847 
1328.46457747586 
1320.5104549047621 
1331.0304234665368 
1348.7347608022067 
1352.583529788222 
1345.9123302124622 
1335.1357770516197 
1333.0831002590783 
1320.7670395038297 
1326.925069881454 
1325.385562287048 
1360.53765235932 
1351.813775991019 
1368.491774930418 
1287.924210823167 
1263.2920893126698 
1408.0058031868405 
1414.4204181635325 
1438.026201277759 
1428.5325711122548 
1424.9403867253072 
1416.473094956074 
1480.1060755248584 
1457.013461608767 
1447.7764160423308 
1477.5402295341814 
1468.8163531658804 
1498.0669974595958 
1501.6591818465433 
1532.9625029328001 
1526.2913033570405 
1508.330381422303 
1515.514750196198 
1508.8435506204382 
1499.0933358558666 
1482.6719215155351 
1468.303183967745 
1472.9217067509633 
1471.8953683546927 
1450.8554312311428 
1437.5130320796236 
1443.1578932591126 
1449.315923636737 
1455.4739540143612 
1449.315923636737 
1478.053398732317 
1452.9081080236842 
1436.9998628814883 
1430.3286633057287 
1424.6838021262397 
1405.6965417952315 
1397.999003823201 
1426.2233097206458 
1411.3414029747203 
1395.4331578325243 
1381.0644202847343 
1372.3405439164333 
1361.0508215574553 
1357.9718063686432 
1352.8401143872895 
1340.524053632041 
1345.6557456133946 
1325.1289776879803 
1310.247070942055 
1284.0754418371516 
1284.0754418371516 
1276.8910730632567 
1259.4433203266544 
1260.9828279210606 
1296.3915025924002 
1282.0227650446102 
1272.7857194781739 
1277.9174114595273 
1277.9174114595273 
1309.2207325457841 
1334.3660232544166 
1349.2479300003422 
1328.7211620749279 
1348.2215916040714 
1389.2751274549 
1389.7882966530353 
1361.0508215574553 
1373.8800515108392 
1386.1961122660878 
1351.3006067928836 
1334.8791924525522 
1357.458637170508 
1342.063561226447 
1334.3660232544166 
1325.1289776879803 
1347.708422405936 
1359.5113139630494 
1352.8401143872895 
1350.787437594748 
1375.4195591052453 
1371.8273747182977 
1370.8010363220271 
1375.4195591052453 
1385.1697738698172 
1337.445038443229 
1334.3660232544166 
1346.6820840096652 
1350.2742683966128 
1350.787437594748 
1349.7610991984775 
1347.708422405936 
1334.3660232544166 
1336.418700046958 
1353.0966989863573 
1351.5571913919512 
1368.7483595294857 
1367.4654365341473 
1369.7746979257563 
1372.3405439164333 
1402.3609420073517 
1358.4849755667785 
1349.7610991984775 
1331.80017726374 
1319.9972857066268 
1306.141717356972 
1264.831596907076 
1292.2861490073174 
1287.154457025964 
1311.786578536461 
1264.5750123080081 
1250.9760285574212 
1246.8706749723383 
1248.666767165812 
1292.7993182054527 
1283.049103440881 
1250.4628593592856 
1136.795881972304 
1150.3948657228912 
1157.3226498977183 
1132.1773591890858 
1151.934373317297 
1171.4348028464406 
1181.4416022100802 
1204.790800725239 
1170.40846445017 
1201.4552009373592 
1202.4815393336298 
1260.726243321993 
1334.8791924525522 
1311.016824739258 
1337.1884538441611 
1387.2224506623586 
1365.1561751425381 
1361.0508215574553 
1346.16891481153 
1358.9981447649138 
1339.4977152357703 
1323.5894700935742 
1307.1680557532427 
1302.5495329700245 
1339.754299834838 
1347.708422405936 
1340.7806382311087 
1345.6557456133946 
1383.1170970772757 
1352.3269451891542 
1347.1952532078008 
1335.1357770516197 
1294.0822412007913 
1298.4441793849417 
1294.851994997994 
1311.016824739258 
1294.0822412007913 
1286.6412878278284 
1283.5622726390163 
1256.8774743359777 
1276.634488464189 
1286.3847032287608 
1274.8383962707153 
1274.8383962707153 
1270.4764580865647 
1282.279349643678 
1290.233472214776 
1252.0023669536918 
1252.7721207508948 
1231.7321836273452 
1248.4101825667444 
1246.6140903732705 
1232.758522023616 
1293.8256566017235 
1294.851994997994 
1294.3388257998588 
1323.3328854945066 
1301.523194573754 
1298.957348583077 
1249.9496901611506 
1210.435661904728 
1194.0142475643966 
1245.3311673779322 
1220.699045867435 
1209.4093235084572 
1184.007448200757 
1186.0601249932984 
1186.316709592366 
1190.9352323755843 
1227.88341464133 
1204.5342161261713 
1217.3634460795552 
1236.863875608699 
1233.7848604198866 
1231.21901442921 
1198.6327703476145 
1188.8825555830429 
1213.7712616926078 
1206.5868929187127 
1199.6591087438853 
1193.2444937671935 
1207.100062116848 
1207.869815914051 
1202.4815393336298 
1189.3957247811782 
1191.961570771855 
1190.6786477765168 
1199.915693342953 
1221.468799664638 
1210.435661904728 
1230.1926760329393 
1238.6599678021726 
1228.6531684385332 
1215.054184687946 
1223.7780610562472 
1225.8307378487884 
1236.3507064105634 
1247.1272595714058 
1255.5945513406393 
1252.0023669536918 
1258.4169819303838 
1247.897013368609 
1235.3243680142928 
1239.942890797511 
1231.21901442921 
1226.343907046924 
1236.3507064105634 
1226.8570762450593 
1218.3897844758258 
1197.3498473522764 
1173.4874796389822 
1165.2767724688165 
1096.7686845177461 
1079.8341009792794 
1069.82730161564 
1047.7610260958195 
1025.4381659769315 
1045.9649339023458 
1052.3795488790377 
1050.0702874874287 
1058.7941638557297 
1054.6888102706469 
1024.155242981593 
1032.8791193498942 
1032.8791193498942 
1032.8791193498942 
1014.9181974151566 
1027.2342581704052 
1027.7474273685407 
1025.1815813778637 
792.1514485045979 
803.4411708635757 
800.9779587125261 
803.7490723824569 
786.9171226836172 
823.3521357512276 
807.3412567694045 
794.9225621745288 
683.7701138584104 
705.7337555386036 
707.581164651891 
729.9553416905926 
727.1842280206615 
706.9653616141285 
701.3205004346396 
691.5702856700677 
707.9917000103992 
705.6311216989766 
703.5784449064352 
716.2024071805649 
746.479389870551 
749.0452358612279 
726.363157303645 
742.8872054836036 
756.9480415125123 
743.5030085213659 
740.3213594929267 
743.0924731628577 
762.6955365316284 
740.1160918136726 
747.4030944271947 
748.5320666630925 
761.7718319749847 
764.1324102864073 
761.1560289372222 
751.5084480122775 
762.5929026920013 
783.735473655178 
765.5179671213727 
764.2350441260344 
776.2945202822153 
836.0787318649844 
828.6377784920218 
829.1509476901572 
825.0455941050743 
834.026055072443 
827.611440095751 
821.4534097181267 
812.9861179488934 
846.855285025827 
898.4287894384304 
951.5418014454399 
943.5876788743419 
951.7983860445077 
916.6462959722356 
912.0277731890174 
920.2384803591831 
909.4619271983406 
912.7975269862204 
930.5018643218903 
930.2452797228226 
915.6199575759649 
940.2520790864621 
959.495924016538 
955.1339858323875 
951.2852168463722 
949.2325400538308 
948.9759554547632 
971.0422309745835 
923.3174955479952 
900.4814662309718 
876.8756831167454 
885.0863902869112 
886.6258978813172 
873.5400833288655 
772.7536528150813 
748.2241651442113 
738.9871195777748 
654.3142018854408 
668.5803055936037 
666.5276288010623 
652.6720604514077 
677.612083480786 
699.3704574817252 
684.591184575427 
716.6129425390732 
707.0679954537555 
660.472232263065 
670.2224470276369 
666.7328964803164 
679.2542249148191 
657.7011185931342 
660.2669645838109 
580.9310065520847 
595.0944764206206 
596.2234486565183 
590.7838551562836 
609.1553124495293 
593.9655041847227 
586.6785015712007 
578.6730620802891 
500.82529472315537 
458.2322512779207 
489.2276708452963 
460.2849280704621 
464.7495000942397 
468.23905064156014 
474.2944471795573 
474.7562994578792 
460.4388788299027 
443.55561221124947 
404.6573869925893 
410.40488201170535 
401.1165195254554 
397.4730182186943 
394.3940030298822 
409.7890789739429 
430.77769917767904 
435.85807423921904 
428.77633930495114 
428.9816069842053 
427.18551479073153 
432.6764252107798 
425.5946902765119 
426.3131271539014 
429.0842408238324 
436.5765111166086 
440.7844985413185 
435.088320442016 
428.7250223851376 
427.23683171054506 
428.51975470588343 
414.5102355967882 
415.3826232336183 
418.05110306392214 
419.0261245403793 
422.36172432825913 
430.4184807389843 
423.84991500285173 
418.87217378093874 
423.2854288849028 
414.8181371156694 
413.8431156392122 
406.60742994550367 
417.74320154504096 
416.56291238932965 
412.14965728536555 
404.55475315296223 
402.60471020004786 
390.1860156051722 
396.75458134130486 
402.3481256009802 
400.44939956787937 
409.2759097758076 
406.55611302569014 
410.4561989315189 
412.14965728536555 
399.57701193104924 
403.1691963179968 
402.5020763604208 
407.73640218140144 
411.89307268629784 
416.6142293091432 
423.4393796443434 
421.5919705310561 
426.9802471114774 
422.41304124807266 
412.6115095636874 
414.04838331846634 
418.71822302149815 
418.3590045828034 
424.927570318936 
420.9761674932937 
419.282709139447 
411.6364880872302 
410.6101496909595 
410.76410045040006 
409.0706420965534 
408.454839058791 
413.38126336089044 
421.9511889697509 
418.51295534224397 
419.4366598988876 
423.2854288849028 
417.69188462522743 
408.96800825692634 
407.73640218140144 
409.89171281356994 
410.1996143324512 
414.4589186769747 
415.9984262713807 
411.8417557664843 
411.37990348816254 
416.20369395063483 
418.4103215026169 
413.432580280704 
416.1523770308213 
419.74456141776886 
420.4116813753448 
416.71686314877024 
415.7931585921266 
411.9957065259249 
411.53385424760313 
404.24685163408105 
408.3008882993504 
412.30360804480614 
403.99026703501335 
406.0429438275548 
408.60878981823157 
412.4575588042468 
417.58925078560037 
415.2286724741777 
420.7708998140396 
417.58925078560037 
415.4852570732454 
427.23683171054506 
433.8053974466776 
433.70276360705054 
443.1450768527411 
434.36988356462655 
434.11329896555884 
436.4738772769815 
433.70276360705054 
429.6487269417812 
424.77361955949533 
425.08152107837657 
431.3421852956279 
426.467077913342 
431.03428377674675 
435.4475388807108 
439.29630786672595 
436.37124343735445 
435.90939115903257 
439.9121109044884 
436.37124343735445 
438.9370894280312 
443.50429529143594 
441.9647876970298 
455.3071868485491 
456.641426763701 
457.5651313203447 
439.03972326765825 
438.9884063478447 
441.7595200177757 
456.79537752314167 
454.02426385321075 
453.7163623343295 
458.4375189571748 
460.5928295893433 
459.0020050751237 
453.6137284947024 
458.8480543156831 
455.05060224948147 
459.5664911930726 
460.1309773110215 
461.7218018252411 
467.8798322028654 
465.46793697162923 
464.4415985753585 
458.2322512779207 
458.4375189571748 
458.4375189571748 
463.67184477815545 
457.92434975903944 
457.35986364109056 
458.18093435810715 
464.5955493347991 
459.51517427325905 
462.9020909809524 
459.15595583456434 
455.871672966498 
453.8703130937701 
452.9466085371265 
451.7150024616016 
451.61236862197455 
457.975666678853 
451.86895322104226 
449.7649595086873 
453.04924237675357 
451.86895322104226 
449.61100874924665 
453.15187621638063 
451.86895322104226 
454.74270073060023 
454.9479684098544 
454.8966514900408 
456.1282575655657 
453.7163623343295 
451.86895322104226 
450.9452486643986 
442.1187384564704 
447.9175503954 
440.06606166392896 
436.3199265175409 
434.57515124388067 
436.2686095977274 
437.34626491381164 
444.1200983291983 
448.4820365133489 
442.6319076546058 
444.01746448957124 
442.83717533385993 
440.4252801026238 
432.57379137115277 
435.39622196089726 
441.3489846592674 
440.4765970224373 
443.45297837162235 
444.22273216882536 
449.20047339073835 
452.99792545694004 
453.4597777352618 
453.3058269758212 
455.20455300892206 
454.02426385321075 
458.2322512779207 
455.51245452780324 
456.94932828258226 
459.0533219949372 
460.3875619100892 
461.87575258468166 
459.36122351381846 
453.7163623343295 
453.35714389563475 
455.51245452780324 
460.3875619100892 
464.5955493347991 
463.056041740393 
464.2876478159179 
472.9088903445919 
473.114158023846 
466.69954304715407 
466.69954304715407 
467.6232476037977 
465.929789249951 
456.79537752314167 
452.02290398048285 
457.4624974807176 
460.07966039120794 
453.1005592965671 
457.7703989995988 
458.4375189571748 
459.15595583456434 
459.8743927119538 
458.7967373958695 
454.0755807730243 
450.99656558421214 
455.35850376836265 
441.55425233852156 
449.9189102681279 
443.1450768527411 
442.52927381497875 
440.1686955035561 
432.881692890034 
434.11329896555884 
440.3739631828102 
437.2436310741845 
439.8094770648613 
434.93436968257544 
439.03972326765825 
437.55153259306576 
434.72910200332126 
436.9357295553033 
423.08016120564866 
420.61694905459893 
405.8889930681142 
407.1719160634526 
407.37718374270673 
405.06792235109765 
411.0206850494678 
409.6864451343158 
416.6655462289567 
411.43122040797607 
413.12467876182274 
409.99434665319706 
413.9457494788393 
415.6905247524995 
410.91805120984066 
410.14829741263765 
403.7849993557592 
403.06656247836975 
402.60471020004786 
410.91805120984066 
409.12195901636693 
408.40352213897745 
409.58381129468876 
412.4575588042468 
410.661466610773 
406.9153314643849 
410.0969804928241 
413.74048179958515 
413.74048179958515 
415.07472171473705 
412.9707280023821 
412.40624188443326 
410.661466610773 
409.8403958937564 
410.40488201170535 
413.7917987193987 
414.76682019585587 
416.10106011100777 
418.71822302149815 
415.7931585921266 
416.7681800685838 
421.8485551301238 
420.87353365366664 
424.3117672811735 
428.41712086625637 
430.4184807389843 
430.4697976587978 
431.444819135255 
429.9053115408489 
434.4212004844401 
435.4988558005243 
436.11465883828674 
437.4488987534387 
437.91075103176047 
437.8081171921334 
433.18959440891524 
430.72638225786545 
431.5987698946956 
431.3421852956279 
429.18687466345943 
429.03292390401884 
432.6251082909663 
435.13963736182956 
437.55153259306576 
438.4752371497094 
450.7399809851444 
452.1255378201099 
451.86895322104226 
451.81763630122873 
452.17685473992344 
453.8703130937701 
471.7286011888806 
471.67728426906706 
463.82579553759604 
470.85621355205046 
467.7771983632383 
466.28900768864577 
466.0837400093916 
466.23769076883224 
461.619167985614 
466.28900768864577 
466.69954304715407 
464.4415985753585 
462.0297033441223 
457.8217159194124 
456.79537752314167 
457.8730328392259 
452.1255378201099 
444.3253660084525 
449.7649595086873 
451.86895322104226 
447.1477965981969 
433.9080312863047 
437.6028495128793 
437.6028495128793 
436.4738772769815 
438.4239202298959 
439.1936740270989 
447.66096579633233 
445.146436725469 
448.84125495204364 
449.1491564709248 
448.4307195935353 
442.5805907347923 
443.9148306499442 
436.73046187604916 
439.8094770648613 
437.0383633949304 
437.6028495128793 
439.03972326765825 
435.13963736182956 
412.71414340331444 
414.92077095529646 
413.432580280704 
421.9511889697509 
418.87217378093874 
414.15101715809345 
420.05246293665004 
421.1301182527343 
428.0065855077481 
423.84991500285173 
427.54473322942624 
401.1165195254554 
403.6310485963186 
404.4521193133352 
406.1455776671819 
407.89035294084204 
406.2995284266225 
404.8626546718435 
407.2745499030797 
402.1428579217261 
402.24549176135315 
402.707344039675 
407.0692822238255 
408.8140574974857 
407.787719101215 
414.202334077907 
413.89443255902574 
417.48661694597325 
421.5406536112426 
413.6891648797716 
414.2536509977205 
417.0247646676514 
416.87081390821083 
414.8181371156694 
417.9484692242951 
417.53793386578684 
417.9997861441086 
414.86945403548293 
415.07472171473705 
418.1024199837357 
416.2550108704484 
417.7945184648545 
417.28134926671913 
414.8181371156694 
413.8431156392122 
410.8667342900271 
413.17599568163627 
412.9707280023821 
411.6364880872302 
410.40488201170535 
412.14965728536555 
413.89443255902574 
414.202334077907 
415.9471093515672 
415.74184167231306 
415.6905247524995 
420.9761674932937 
420.5143152149719 
417.9997861441086 
414.30496791753404 
412.2522911249926 
412.2522911249926 
412.91941108256856 
413.4838972005175 
415.07472171473705 
416.3576447100755 
414.5102355967882 
415.9984262713807 
416.8194969883973 
417.6405677054139 
419.1287583800064 
420.8222167338531 
418.7695399413117 
417.48661694597325 
418.05110306392214 
415.9984262713807 
415.33130631380476 
416.3576447100755 
417.9997861441086 
424.61966880005474 
433.0356436494746 
435.13963736182956 
433.24091132872877 
432.4198406117122 
431.03428377674675 
432.93300980984753 
431.39350221544146 
430.6750653380519 
430.52111457861133 
429.5974100219677 
427.134197870918 
427.18551479073153 
435.19095428164314 
432.52247445133924 
430.98296685693316 
438.9884063478447 
438.4752371497094 
438.73182174877707 
444.06878140938477 
443.6582460508765 
440.5792308620644 
441.8108369375892 
440.5792308620644 
441.1950338998268 
431.9066714135768 
437.2436310741845 
436.5765111166086 
437.14099723455746 
438.4239202298959 
441.2463508196403 
440.83581546113203 
442.88849225367346 
440.3739631828102 
437.0383633949304 
440.2200124233696 
442.68322457441934 
448.3280857539082 
447.8149165557729 
447.8149165557729 
447.3017473576375 
446.0701412821127 
444.5306336877066 
444.1200983291983 
437.6541664326928 
440.27132934318314 
436.4738772769815 
441.6568861781486 
436.0633419184732 
442.9911260933005 
454.74270073060023 
454.33216537209194 
451.86895322104226 
454.53743305134606 
452.17685473992344 
450.4320794662632 
452.1255378201099 
453.4084608154483 
446.3780428009939 
449.5596918294331 
451.4071009427204 
449.7136425888737 
451.4584178625339 
453.8189961739566 
453.35714389563475 
453.4084608154483 
454.38348229190547 
452.895291617313 
452.53607317861815 
448.37940267372176 
454.1268976928378 
454.53743305134606 
456.38484216463337 
454.17821461265135 
453.76767925414305 
452.17685473992344 
452.33080549936403 
453.76767925414305 
453.76767925414305 
452.895291617313 
453.4084608154483 
452.895291617313 
452.5873900984317 
448.7899380322301 
447.8149165557729 
448.9438887916707 
448.5333534331624 
451.4071009427204 
455.20455300892206 
452.6900239380588 
454.02426385321075 
458.95068815531016 
447.8149165557729 
448.5333534331624 
447.8149165557729 
444.68458444714724 
447.0964796783834 
450.791297904958 
452.4334393389911 
450.791297904958 
449.6623256690602 
447.71228271614586 
446.68594431987515 
447.45569811707816 
451.4584178625339 
447.66096579633233 
449.457057989806 
451.35578402290685 
452.53607317861815 
455.35850376836265 
456.8980113627687 
455.9743068061251 
454.8966514900408 
453.6137284947024 
457.71908207978527 
458.33488511754774 
456.1282575655657 
457.51381440053115 
461.82443566486813 
462.1836541035629 
467.2127122452894 
459.8743927119538 
461.20863262710577 
469.1114382783902 
468.5982690802549 
479.32350532128385 
490.5619107604482 
491.1777137982106 
489.7408400434316 
485.12231726021344 
484.2499296233833 
487.5855294112631 
492.1014183548543 
495.38570122292055 
495.4370181427341 
503.0832391949509 
505.6490851856277 
503.28850687420504 
509.7544387707106 
521.5060134080102 
510.7807771669813 
515.8611522285214 
521.5060134080102 
538.9024492247988 
541.3143444560351 
542.3406828523057 
537.0037231916981 
533.4628557245641 
537.5168923898334 
537.3116247105793 
536.901089352071 
534.0786587623265 
531.4614958518362 
524.9442470355172 
522.7376194835351 
529.2548682998541 
526.2271700308555 
522.4810348844674 
521.0441611296884 
528.1258960639564 
531.5641296914632 
530.486474375379 
528.0232622243293 
531.5641296914632 
540.3906398993914 
552.6040668150129 
557.2225895982311 
547.728959432727 
553.2711867725889 
551.4237776593015 
536.6958216728169 
540.4932737390185 
548.2934455506759 
540.8011752578998 
551.1671930602339 
555.1699128056897 
554.5027928481138 
553.2198698527753 
555.2725466453168 
556.8633711595364 
550.9106084611662 
541.8275136541704 
546.086817998694 
546.5486702770157 
543.41833816839 
544.3933596448471 
550.2434885035902 
549.0118824280654 
580.007301995441 
581.4954926700336 
582.8297325851854 
592.7852150290114 
583.5994863823885 
587.089036929709 
600.8932883595501 
611.6698415203925 
627.0136005446398 
634.0440185590942 
626.4491144266908 
617.7252380583898 
618.3410410961523 
613.4146167940528 
609.8224324071052 
607.0000018173608 
597.6603224112973 
589.7575167600128 
587.4995722882172 
607.9237063740045 
599.9695838029064 
613.3119829544257 
633.3255816817048 
614.0304198318152 
624.345120714336 
662.5762259754201 
693.315060943728 
686.8491290472225 
673.1988283768219 
702.1928880714697 
685.5148891320705 
656.8800478761176 
668.4776717539767 
652.8773281306618 
634.6598215968565 
632.2479263656204 
647.4890515502406 
632.1452925259933 
644.2560856019878 
640.7665350546674 
661.2933029800816 
658.7274569894048 
654.3655188052544 
644.1021348425472 
662.1143736970982 
661.70383833859 
658.830090829032 
661.4472537395222 
667.1947487586383 
660.8827676215734 
648.3101222672572 
638.816492101753 
648.5667068663248 
633.4795324411452 
553.4251375320296 
522.3270841250269 
501.3897808411042 
507.9583465772368 
506.4188389828307 
515.5532507096401 
523.2507886816704 
518.7862166578929 
504.72538062898406 
508.88205113388045 
521.4033795683831 
517.4006598229273 
521.7112810872644 
526.3298038704827 
537.1063570313252 
538.1326954275958 
532.1799327292257 
546.6513041166428 
531.0509604933279 
521.9165487665185 
537.9274277483416 
527.8693114648887 
535.7721171161731 
542.3406828523057 
557.1199557586041 
563.5858876551096 
543.4696550882036 
542.1354151730516 
549.2171501073196 
545.522331880745 
536.0800186350543 
541.5196121352892 
550.0382208243361 
569.3333826742255 
580.1099358350681 
593.8628703450956 
591.2970243544189 
619.4186964122365 
619.5213302518636 
610.9000877231895 
598.2761254490597 
596.3260824961453 
589.6548829203857 
583.3942187031344 
515.347983030386 
523.0455210024163 
505.8030359450683 
514.8348138322506 
507.54781121872855 
478.60506844389437 
484.7630988215186 
494.9238489445987 
491.1263968783971 
504.98196522805176 
512.8847708793362 
505.8030359450683 
501.9029500392396 
518.3243643795711 
510.72946024716776 
494.41067974646336 
500.15817476557936 
472.03650270776177 
489.586889283991 
485.9947048970435 
499.8502732466982 
495.12911662385284 
491.63956607653245 
490.51059384063467 
499.13183636930864 
505.1872329073059 
509.3952203320158 
510.8320940867948 
503.13455611476445 
494.7185812653446 
498.61866717117334 
502.92928843551033 
506.11093746394954 
510.72946024716776 
504.6740637091705 
504.57142986954346 
502.0055838788667 
497.79759645415675 
499.2344702089357 
503.33982379401857 
503.54509147327275 
515.347983030386 
514.9374476718776 
514.5269123133694 
515.450616870013 
513.5005739170987 
519.2480689362146 
539.774836861629 
536.1826524746815 
513.6032077567257 
506.52147282245784 
494.1027782275821 
498.82393485042746 
491.22903071802415 
480.14457603830044 
484.14729578375625 
489.586889283991 
484.2499296233833 
478.7077022835214 
479.1182376420297 
486.81577561406004 
488.4066001282797 
477.0655608494883 
487.9447478499579 
486.8670925338736 
494.0514613077686 
495.7449196616153 
496.25808885975067 
493.6922428690739 
493.5896090294468 
491.22903071802415 
481.88935131196064 
494.0514613077686 
491.84483375578657 
495.334384303107 
494.41067974646336 
494.7185812653446 
485.7381202979758 
481.63276671289293 
484.7630988215186 
482.14593591102835 
479.8879914392328 
489.5355723641775 
490.3566430811941 
503.69904223271334 
500.77397780334184 
493.2817075105656 
496.15545502012355 
495.23175046347995 
492.1527352746678 
496.4633565390048 
498.31076565229205 
490.4079600010076 
491.84483375578657 
490.61322768026173 
482.91568970823135 
477.8866315665049 
465.00608469330734 
463.67184477815545 
459.51517427325905 
461.20863262710577 
458.6427866364289 
465.0574016131209 
465.0574016131209 
464.23633089610433 
466.1350569292052 
468.49563524062785 
471.8825519483212 
468.1877337217466 
467.0587614858488 
462.9534079007659 
467.1613953254759 
470.1377766746609 
467.6232476037977 
468.9574875189496 
465.10871853293446 
468.39300140100073 
469.0601213585767 
471.67728426906706 
480.0932591184869 
475.6800040145228 
482.6077881893501 
478.75901920333496 
484.35256346301037 
484.35256346301037 
482.6077881893501 
479.8879914392328 
482.14593591102835 
485.3789018592811 
488.2526493688391 
480.4011606373681 
482.2485697506554 
478.8616530429621 
478.5537515240808 
484.0959788639427 
500.6713439637148 
503.75035915252687 
499.5936886476305 
497.64364569471616 
501.8516331194261 
500.00422400613877 
503.44245763364563 
506.4188389828307 
508.4201988555586 
504.2635283506622 
507.70176197816915 
504.46879602991635 
492.3066860341084 
496.2067719399371 
505.0845990676788 
503.852992992154 
505.0332821478653 
506.059620544136 
504.31484527047576 
504.2635283506622 
498.41339949191917 
499.13183636930864 
499.8502732466982 
503.95562683178105 
501.4924146807313 
501.4924146807313 
510.5241925679136 
512.3716016812009 
520.5823088513666 
518.0164628606899 
523.7639578798058 
528.7930160215324 
522.6349856439081 
522.3270841250269 
522.2244502853998 
519.658604294723 
521.7112810872644 
525.3034654742119 
516.9901244644191 
524.4823947571954 
524.5850285968224 
527.0482407478721 
523.8665917194329 
523.6613240401788 
523.5586902005516 
518.7348997380793 
523.96922555906 
517.8111951814357 
520.1717734928584 
520.9928442098749 
521.6086472476374 
525.508733153466 
533.2062711254964 
532.0772988895986 
533.5141726443776 
532.8983696066152 
546.1381349185074 
548.2934455506759 
548.8066147488113 
546.6513041166428 
544.4959934844743 
538.33796310685 
543.3670212485765 
553.5277713716566 
550.0382208243361 
548.6013470695572 
552.9119683338942 
551.0645592206068 
554.143574409419 
557.6331249567395 
562.9700846173471 
578.8783297595432 
571.8992286649024 
571.3860594667669 
571.2834256271399 
570.8728902686316 
572.720299381919 
565.9464659665323 
571.5913271460212 
531.0509604933279 
534.0273418425129 
528.6903821819053 
532.0772988895986 
527.0482407478721 
513.0900385585903 
517.9138290210627 
525.3034654742119 
535.3615817576649 
532.7957357669882 
539.4669353427478 
544.5986273241014 
549.4224177865738 
553.9383067301649 
550.8592915413527 
552.3987991357587 
553.0146021735212 
548.7039809091842 
551.9882637772505 
553.6304052112837 
551.5777284187423 
546.0355010788803 
552.7067006546399 
548.8066147488113 
535.9773847954273 
540.0827383805101 
531.3588620122091 
538.0300615879687 
525.3034654742119 
533.9247080028858 
534.8484125595296 
549.6276854658279 
559.3779002303996 
553.9383067301649 
556.4015188812145 
563.1753522966013 
559.2752663907726 
553.8356728905378 
546.6513041166428 
550.0382208243361 
549.0118824280654 
542.648584371187 
544.7012611637284 
546.5486702770157 
541.6222459749163 
545.2144303618638 
548.1908117110488 
543.8801904467118 
551.3724607394881 
550.9619253809798 
555.1699128056897 
547.2671071544053 
545.0091626826097 
552.6040668150129 
546.2407687581344 
548.0881778714217 
544.5986273241014 
537.2089908709522 
538.1326954275958 
539.5695691823748 
540.8011752578998 
531.256228172582 
533.1036372858694 
529.819354417803 
526.6377053893639 
531.256228172582 
527.4587761063804 
527.4587761063804 
524.8929301157036 
528.0745791441428 
534.4378772010213 
531.3588620122091 
531.153594332955 
531.3588620122091 
530.2298897763113 
529.1009175404135 
531.256228172582 
532.487834248107 
531.6667635310903 
533.5141726443776 
537.3116247105793 
540.0827383805101 
545.9328672392533 
539.5695691823748 
541.3143444560351 
544.188091965593 
539.774836861629 
540.9038090975268 
543.9828242863389 
550.6540238620985 
549.1145162676926 
548.8066147488113 
545.522331880745 
547.7802763525406 
545.0091626826097 
543.7775566070848 
543.4696550882036 
539.0563999842395 
538.1326954275958 
537.1063570313252 
538.5432307861041 
534.2326095217671 
532.8983696066152 
526.945606908245 
529.819354417803 
531.3588620122091 
530.8456928140738 
531.6667635310903 
529.1009175404135 
529.2035513800406 
526.0219023516014 
526.7403392289909 
527.7666776252615 
533.5141726443776 
534.7457787199025 
532.590468087734 
534.2326095217671 
535.6694832765461 
534.4378772010213 
539.2616676634937 
542.751218210814 
541.7248798145433 
540.4932737390185 
538.4405969464771 
534.8484125595296 
536.0800186350543 
529.3061852196677 
541.211710616408 
543.8801904467118 
538.9537661446125 
540.0827383805101 
545.419698041118 
552.7067006546399 
547.4723748336594 
544.8038950033555 
543.3670212485765 
543.2643874089495 
543.5722889278306 
541.5196121352892 
537.1063570313252 
535.9773847954273 
532.2825665688528 
527.6640437856345 
533.7194403236317 
541.4169782956621 
541.109076776781 
533.0010034462423 
532.590468087734 
532.487834248107 
535.9773847954273 
539.3643015031207 
544.2907258052201 
544.3933596448471 
549.7303193054549 
545.3170642014909 
546.4460364373886 
548.49871322993 
543.4696550882036 
539.5695691823748 
538.5432307861041 
540.3906398993914 
537.0037231916981 
540.4932737390185 
544.9065288429825 
546.7539379562699 
549.1145162676926 
545.7275995599991 
547.6776425129135 
546.2407687581344 
541.7248798145433 
542.8538520504411 
542.5459505315599 
540.9038090975268 
543.8801904467118 
545.1117965222368 
551.3724607394881 
548.1908117110488 
547.7802763525406 
548.9092485884383 
549.1145162676926 
549.9355869847091 
549.0118824280654 
549.4224177865738 
548.0881778714217 
550.6540238620985 
550.2434885035902 
550.9619253809798 
550.6540238620985 
553.6304052112837 
551.3724607394881 
552.0908976168776 
571.2834256271399 
574.157173136698 
566.9728043628029 
567.7938750798195 
565.7411982872782 
563.3806199758554 
563.2779861362284 
570.5649887497505 
567.6912412401924 
570.1544533912422 
569.7439180327339 
564.6122260513803 
568.7175796364631 
567.7938750798195 
570.2570872308693 
569.2307488345984 
568.8202134760902 
567.8965089194467 
570.4623549101234 
571.7965948252753 
566.6649028439217 
564.6122260513803 
569.9491857119881 
569.5386503534797 
566.6649028439217 
570.9755241082587 
568.409678117582 
571.1807917875128 
568.7175796364631 
571.8992286649024 
569.8465518723609 
568.6149457968361 
564.5095922117532 
561.1226755040599 
560.4042386266703 
563.8937891739909 
558.556829513383 
558.9673648718913 
562.764816938093 
561.7384785418224 
561.4305770229411 
563.8937891739909 
561.5332108625681 
560.5068724662974 
556.6067865604687 
551.3724607394881 
551.8856299376234 
555.9909835227063 
554.7593774471814 
563.2779861362284 
561.1226755040599 
562.4569154192118 
563.7911553343638 
567.178072042057 
568.9228473157173 
569.0254811553443 
571.3860594667669 
561.1226755040599 
570.0518195516152 
569.0254811553443 
566.9728043628029 
566.4596351646676 
565.638564447651 
566.1517336457864 
569.0254811553443 
575.3887792122227 
575.2861453725957 
572.5150317026648 
574.9782438537145 
574.157173136698 
573.1308347404272 
572.4123978630378 
561.7384785418224 
561.4305770229411 
564.3043245324991 
566.6649028439217 
562.2516477399577 
569.4360165138527 
568.409678117582 
567.07543820243 
564.3043245324991 
566.6649028439217 
565.4332967683969 
563.3806199758554 
565.2280290891428 
564.5095922117532 
562.764816938093 
562.3542815795847 
563.9964230136179 
566.6649028439217 
563.5858876551096 
565.638564447651 
566.4596351646676 
568.409678117582 
565.4332967683969 
567.3833397213112 
568.9228473157173 
570.4623549101234 
573.6440039385626 
573.6440039385626 
572.2071301837836 
570.1544533912422 
567.5886074005654 
567.5886074005654 
571.3860594667669 
575.2861453725957 
573.8492716178167 
608.1289740532586 
609.3605801287835 
607.5131710154963 
600.7393376001095 
602.0735775152614 
606.0762972607172 
604.8446911851923 
611.8237922798332 
607.7184386947504 
618.9055272141011 
617.9818226574575 
629.4768126956894 
631.8373910071122 
640.8691688942945 
637.379618346974 
633.8900677996536 
631.8373910071122 
626.0898959879962 
636.0453784318221 
642.5113103283276 
655.7510756402198 
687.1570305661037 
680.5884648299711 
675.4567728486176 
679.5621264337004 
693.1097932644739 
708.7101368877887 
700.9099650761314 
709.9417429633136 
705.4258540197225 
698.1388514062003 
689.1070735190181 
685.9254244905788 
692.8018917455927 
694.2387655003716 
697.0098791703026 
715.5866041428026 
733.9580614360483 
733.7527937567942 
720.1024930863937 
711.1733490388384 
730.1606093698467 
737.3449781437416 
718.4603516523605 
715.9971395013108 
659.3432600271674 
666.5276288010623 
684.8990860943081 
687.8754674434932 
676.07257588638 
646.3087623945293 
637.9954213847365 
607.307903336242 
612.4395953175956 
611.6185246005791 
628.0399389409105 
626.8083328653856 
625.884628308742 
648.5667068663248 
645.6929593567668 
649.7983129418496 
652.7746942910347 
655.7510756402198 
656.7774140364905 
638.816492101753 
641.4849719320569 
631.3242218089767 
643.5376487245983 
636.1480122714491 
633.5821662807723 
627.3215020635209 
639.1243936206342 
635.2243077148055 
625.884628308742 
630.2978834127061 
629.3741788560624 
630.0926157334519 
630.7084187712144 
639.0217597810072 
642.5113103283276 
640.3559996961591 
635.6348430733137 
634.0953354789077 
640.253365856532 
629.0662773371812 
599.0971961660764 
593.5549688262145 
602.3814790341426 
599.1998300057035 
591.399658194046 
582.1626126276095 
577.4414560047642 
576.0045822499852 
594.4786733828581 
590.7838551562836 
575.5940468914769 
582.9836833446261 
582.0599787879825 
577.23618832551 
575.4914130518498 
582.3678803068636 
580.3152035143223 
590.4759536374023 
594.5813072224852 
591.0917566751648 
590.8864889959107 
593.0417996280792 
575.9019484103582 
581.8547111087283 
590.4759536374023 
586.2679662126924 
599.0971961660764 
601.0472391189907 
593.1444334677062 
598.0708577698056 
610.2842846854271 
609.8737493269189 
607.5131710154963 
611.2079892420708 
622.9082469595569 
620.137133289626 
621.0608378462696 
620.137133289626 
617.5712872989492 
617.6739211385762 
618.9055272141011 
625.5767267898608 
615.4159766667807 
611.9264261194603 
615.1080751478995 
607.7184386947504 
614.2870044308829 
612.1316937987144 
596.2234486565183 
599.9182668830929 
603.3051835907863 
601.5604083171261 
598.686660807568 
603.5104512700404 
601.5604083171261 
601.457774477499 
599.9182668830929 
596.5313501753996 
594.0681380243498 
585.5495293353029 
580.5204711935764 
575.3887792122227 
576.4151176084936 
579.0835974387974 
573.8492716178167 
571.0781579478858 
559.0699987115185 
560.4042386266703 
559.6858017492809 
567.2807058816841 
568.409678117582 
577.23618832551 
573.8492716178167 
569.3333826742255 
565.8438321269052 
570.0518195516152 
566.8701705231758 
564.5095922117532 
565.8438321269052 
564.8174937306344 
565.9464659665323 
572.3097640234107 
595.1971102602477 
595.2997440998747 
588.8338122033692 
592.0154612318083 
595.81291329801 
599.8156330434658 
600.8419714397365 
600.4314360812282 
596.8392516942807 
599.9182668830929 
600.3288022416011 
600.4314360812282 
597.6603224112973 
596.8392516942807 
602.894648232278 
594.1707718639768 
594.3760395432311 
592.836531948825 
592.7338981091979 
593.3497011469603 
592.5286304299437 
594.1707718639768 
599.9182668830929 
592.836531948825 
600.8419714397365 
603.4078174304134 
589.9627844392669 
589.7575167600128 
587.089036929709 
586.2679662126924 
588.2180091656068 
591.7075597129272 
589.2443475618775 
590.6812213166564 
590.1680521185211 
585.4468954956758 
590.4759536374023 
593.1444334677062 
588.4232768448609 
587.4995722882172 
592.4259965903167 
598.584026967941 
603.8183527889216 
598.584026967941 
607.6158048551233 
608.847410930648 
610.6948200439354 
611.5158907609521 
602.2788451945155 
600.9446052793636 
597.3524208924161 
594.8892087413665 
597.7629562509244 
595.0944764206206 
600.8419714397365 
599.6103653642117 
600.4314360812282 
601.8683098360073 
607.5131710154963 
612.8501306761038 
611.1053554024437 
605.1525927040735 
608.4368755721398 
606.0762972607172 
603.7157189492946 
604.3315219870569 
601.7656759963802 
601.9709436756343 
600.7393376001095 
597.044519373535 
590.8864889959107 
561.0200416644327 
547.4723748336594 
542.1354151730516 
546.5486702770157 
551.8856299376234 
559.788435588908 
570.7702564290046 
571.3860594667669 
569.2307488345984 
566.8701705231758 
555.0672789660626 
562.3542815795847 
568.7175796364631 
565.638564447651 
567.7938750798195 
580.5204711935764 
572.720299381919 
581.8547111087283 
573.9519054574438 
582.9836833446261 
568.6149457968361 
572.822933221546 
570.6676225893775 
563.0727184569741 
548.0881778714217 
548.6013470695572 
549.0118824280654 
545.1117965222368 
542.4433166919329 
549.2171501073196 
545.3170642014909 
539.3643015031207 
534.0273418425129 
527.3561422667533 
526.2271700308555 
530.6404251348197 
525.3034654742119 
523.7639578798058 
528.4851145026512 
528.6903821819053 
530.2298897763113 
523.8665917194329 
526.2271700308555 
524.3797609175683 
518.119096700317 
523.5586902005516 
521.198111889129 
526.842973068618 
493.5896090294468 
493.0764398313114 
488.66318472734736 
491.5369322369054 
491.9474675954136 
491.1263968783971 
494.00014438795506 
502.0055838788667 
503.95562683178105 
511.139995605676 
503.33982379401857 
501.5950485203584 
505.90566978469536 
501.80031619961255 
502.4161192373749 
503.0319222751374 
501.80031619961255 
507.3425435394744 
505.70040210544124 
484.2499296233833 
479.52877300053797 
484.35256346301037 
483.2235912271126 
475.4234194154551 
485.48153569890815 
482.6077881893501 
475.5260532550822 
466.0837400093916 
463.4152601790878 
464.49291549517204 
455.35850376836265 
453.51109465507534 
461.5678510658005 
458.5914697166154 
459.2585896741914 
462.5941894620712 
457.8217159194124 
458.33488511754774 
457.6164482401582 
454.53743305134606 
459.0020050751237 
464.33896473573145 
469.470656717085 
463.4665770989013 
467.1100784056623 
470.1377766746609 
470.85621355205046 
494.564630505904 
490.5619107604482 
480.4524775571816 
474.2944471795573 
483.32622506673965 
483.5828096658073 
482.0946189912148 
476.4497578117258 
482.65910510916365 
473.8839118210491 
471.98518578794824 
470.80489663223693 
475.32078557582804 
475.16683481638745 
473.6273272219814 
477.2195116089289 
478.96428688258914 
484.35256346301037 
484.2499296233833 
483.2749081469261 
479.73404067979214 
482.0946189912148 
477.57873004762365 
472.4983549860836 
478.50243460426725 
471.57465042944 
482.65910510916365 
481.3761821138253 
483.94202810450207 
488.6118678075338 
484.7630988215186 
471.67728426906706 
472.80625650496484 
474.14049642011673 
464.9547677734938 
456.38484216463337 
463.056041740393 
460.5928295893433 
461.20863262710577 
463.4152601790878 
466.596909207527 
466.23769076883224 
468.5982690802549 
462.4402387026306 
462.64550638188473 
456.0769406457522 
455.92298988631154 
462.5941894620712 
461.9783864243088 
453.4597777352618 
459.5664911930726 
458.5914697166154 
462.49155562244414 
463.0047248205795 
462.13233718374937 
469.7785582359662 
471.16411507093164 
470.03514283503387 
470.4969951133557 
475.7826378541499 
486.66182485461945 
484.609148062078 
484.9683665007728 
486.4052402555518 
488.50923396790677 
481.11959751475763 
480.2472098779275 
481.01696367513057 
483.839394264875 
483.4288589063667 
484.91704958095926 
483.069640467672 
484.91704958095926 
494.0514613077686 
498.6699840909869 
498.4647164117327 
500.82529472315537 
501.4924146807313 
499.9015901665117 
497.2844272560214 
501.4924146807313 
504.3661621902893 
508.7794172942534 
494.41067974646336 
496.0528211804965 
474.80761637769274 
469.16275519820374 
467.2127122452894 
468.03378296230596 
456.53879292407396 
448.89257187185717 
453.9729469333972 
451.61236862197455 
450.22681178700907 
447.3017473576375 
459.1046389147508 
450.02154410775495 
423.3367458047163 
424.5170349604276 
424.8249364793089 
422.36172432825913 
428.82765622476467 
430.82901609749257 
426.05654255483375 
428.05790242756166 
426.5183948331555 
425.9539087152067 
413.4838972005175 
413.2273126014498 
417.58925078560037 
413.7917987193987 
413.9970663986528 
416.5115954695161 
416.87081390821083 
415.0234047949235 
415.9984262713807 
415.33130631380476 
419.48797681870116 
423.23411196508926 
421.5406536112426 
412.9707280023821 
403.27183015762387 
401.9889071622855 
407.73640218140144 
404.3494854737081 
404.144217794454 
399.67964577067636 
404.1955347142675 
392.90581235528964 
390.6478678834941 
385.92671126064874 
387.8254372937496 
380.8864338711395 
373.50875330843587 
370.6221530752904 
367.4122340787786 
367.31996545158813 
381.621602666109 
375.6241418987293 
378.9458124775858 
376.91590267939574 
367.13542819720726 
370.6416360304446 
371.93339681111104 
355.1405066624478 
360.8611615482562 
352.3724478467341 
358.4621772413043 
364.92098114463624 
368.1503830963023 
363.6292203639699 
367.31996545158813 
372.39473994706333 
371.1952477935874 
342.2228988557838 
336.409975342785 
336.31770671559457 
334.56460279897584 
337.60946749626095 
339.8239145488319 
333.73418515426175 
320.81657734759773 
322.7542185185973 
324.1382479264542 
329.0284851675484 
327.6444557596916 
332.9960361367381 
330.22797732102435 
341.94609297421243 
342.96104787330745 
336.7790498515468 
333.6419165270713 
333.27284201830946 
333.18057339111897 
331.5197381016908 
330.7815890841671 
322.0160695010737 
327.0908439965488 
324.23051655364463 
326.35269497902516 
331.33520084730986 
339.8239145488319 
332.0733498648335 
337.24039298749915 
336.409975342785 
334.4723341717854 
338.62442239535596 
339.9161831760224 
336.7790498515468 
343.6991968908311 
356.0631929343524 
353.9410145089719 
358.000834105352 
349.2353145222586 
340.19298905759376 
346.37498707935436 
346.2827184521639 
341.11567532949834 
343.97600277240247 
341.5770184654506 
341.11567532949834 
323.30783028174005 
338.5321537681655 
347.7590164872112 
345.63683806183076 
336.96358710592773 
336.25653630651243 
336.6553243611056 
336.52059600880693 
335.36815645220395 
336.5256515486338 
327.3709176041431 
332.63225895155153 
340.9451782804569 
334.0002077018777 
337.4726929911673 
336.1047442408411 
352.4149024178074 
340.31381731876786 
344.20720991585017 
345.4699318392282 
350.0999122249477 
352.7305828986519 
341.2608587613014 
340.6294977996124 
334.9472491444112 
331.36953702817345 
327.68659808498757 
329.15977366226195 
325.16115423823146 
326.93089689550357 
326.98665901019706 
327.2044840705346 
327.64013419120965 
329.0559970834037 
318.6003941872017 
326.551008889522 
323.28363298445885 
327.4223091308721 
325.135145997328 
322.30342021293995 
325.5062284136178 
320.37820573630665 
315.02563195869516 
323.0811845997081 
329.4242170171507 
320.7491283966732 
314.7186746050254 
308.1905899202243 
306.37367024509564 
299.97412766825596 
297.73283413591764 
299.3759382197324 
297.0499725501269 
305.04892705297493 
297.500617874231 
293.782793950372 
298.8525538465433 
296.03602057089256 
291.1915833367733 
230.86144057233466 
194.35916931990116 
198.07699324376014 
159.65947936388415 
146.17391804006843 
149.28337077638685 
150.02693556115864 
154.0151466794801 
150.74796807972524 
152.50548484373127 
152.5730816423469 
139.75222217158478 
110.77572783169003 
109.1083401325048 
116.83690744089041 
118.59442420489647 
115.34977787134683 
118.75215006833291 
119.04506952900059 
114.80900348242189 
115.5751005333989 
117.24248823258412 
109.40125959317248 
121.72640920742008 
123.86697449691464 
125.06118460579056 
122.01932866808777 
125.33157180025302 
125.17384593681658 
123.86697449691464 
125.33157180025302 
123.07834517973244 
125.2414427354322 
128.19316960831418 
129.97321863852542 
129.8605573074994 
134.5472686781822 
128.86913759447035 
128.93673439308594 
129.68029917785776 
129.65776691165257 
130.5365252936556 
127.02149176564346 
122.83049025147518 
115.46243920237286 
111.3840990192306 
115.98068132509259 
118.09871434838195 
119.56331165172033 
117.96352075115071 
117.98605301735591 
118.72961780212772 
118.77468233453813 
120.08155377444007 
115.86801999406656 
115.39484240375724 
118.3015047442288 
115.30471333893641 
117.01716557053206 
115.6201650658093 
111.09117955856291 
113.38947071149391 
112.37551873225965 
114.78647121621668 
116.49892344781233 
115.07939067688436 
117.15235916776331 
117.73819808909865 
115.37231013755203 
112.51071232949089 
114.40342269072818 
112.46564779708048 
114.60621308657504 
114.11050323006052 
114.4710194893438 
114.56114855416463 
114.31329362590736 
105.21025807900419 
106.7875167133686 
106.71991991475299 
105.00746768315733 
102.86690239366278 
103.85832210669184 
104.28643516459076 
101.49243415514522 
83.62434705441699 
83.44408892477534 
82.99344360067121 
77.9124175713973 
77.94621597070511 
80.17691032502049 
78.61091782375868 
78.7010468885795 
78.23913543137279 
79.07282928096541 
78.07014343483374 
77.66456264314003 
68.51082949727515 
65.41264289405935 
65.80695755265046 
52.355194628142556 
52.75514235328496 
53.044681974021856 
52.97032549554468 
52.70669798094377 
52.92751418975479 
53.16860943815049 
50.94580137700693 
50.25631403112763 
50.898483617976 
50.63598271668535 
50.58753834434416 
50.78751220691536 
51.719784721155754 
51.53220360499741 
51.328286595840304 
51.425175340522685 
51.56825523092574 
50.9525610568685 
50.998752202589166 
51.234214384433564 
51.04719657493036 
51.020157855484115 
51.45277736662406 
51.90060615745253 
51.86849767811011 
51.89271986428071 
52.344491801695085 
51.9766525558951 
51.79639442625345 
51.55304595123723 
51.70851858805315 
51.870750904730635 
52.081427593749304 
52.74387622018236 
52.89822224368802 
52.81034640548772 
52.79119397921329 
52.47236241240963 
52.43969062641208 
52.79006736590303 
52.717964114046374 
52.663886675153876 
52.498274518545614 
51.55980563109879 
51.46742333965745 
51.74569682729174 
51.75132989384304 
51.5057281922063 
51.82005330576892 
51.6758468020556 
51.68598632184794 
51.54515965806541 
51.45615720655484 
51.60937661675025 
51.54628627137567 
51.705138748122366 
51.83695250542282 
51.55755240447827 
51.67359357543508 
51.580084670683476 
51.25111358408747 
51.141832092992225 
51.59473064371686 
51.66908712219404 
51.539526591514104 
51.51586771199864 
51.583464510614256 
51.66796050888378 
52.347308334970734 
52.33604220186813 
52.58389713012539 
52.121985672918676 
52.3709672144862 
52.391246254070886 
52.29661073600902 
52.77767461949017 
52.65825360860258 
52.61994875605373 
52.37209382779646 
52.59065680998696 
52.0476291944415 
52.48588177213275 
52.64698747549998 
52.703318141012986 
53.42773049951036 
53.66319268135476 
53.3556272476537 
53.5201127909517 
53.90428792975046 
53.55841764350055 
53.41308452647697 
53.44124985923348 
53.42773049951036 
53.453642605646344 
53.74768867962428 
54.269310642274796 
53.16748282484023 
53.921187129404366 
54.33916066751093 
54.100318645735754 
54.34254050744171 
54.05976056656638 
54.003429901053366 
54.127357365182 
53.74656206631402 
53.417590979718014 
53.40069178006411 
53.32971514151771 
53.2080409040096 
52.74049638025158 
52.732610087079756 
52.60417616971008 
52.55798502398941 
52.85203109796735 
52.94328677609843 
53.59334265611862 
53.61024185577252 
53.43336356606166 
53.382665967099946 
52.43969062641208 
52.79795365907485 
52.66501328846414 
52.87681659079308 
52.83400528500318 
52.95342629589077 
52.77767461949017 
52.61544230281269 
52.00143804872083 
52.164796978708566 
52.294357509388504 
52.309003482421886 
52.103959859954514 
52.366460761245165 
52.29661073600902 
52.42842449330948 
52.28647121621668 
52.23802684387549 
52.236900230565226 
52.197468764706116 
52.405892227104275 
52.225634097462624 
51.69950568157107 
51.04719657493036 
50.9097497510786 
51.06522238789452 
51.059589321343225 
50.79596180674231 
51.020157855484115 
50.8928505514247 
50.610070610549364 
50.714845648403575 
50.92777556404277 
50.95706751010953 
50.86130537873741 
50.930028790663286 
50.94354815038641 
50.92439572411199 
50.97171348314292 
50.91763604425042 
50.915382817629904 
50.811734393085956 
50.76216340743451 
50.599931090757025 
50.43657216076928 
50.53402421210679 
50.46023104028475 
50.541910505278615 
50.577398824551814 
50.5267012255901 
50.51656170579776 
50.59148149093007 
50.74695412774599 
50.51768831910802 
50.53402421210679 
50.539093972002966 
50.52332138565932 
50.46755402680144 
50.44840160052701 
50.55711978496713 
50.54078389196836 
50.484453226455344 
50.44783829387188 
50.34982293587924 
50.452908053768056 
50.45797781366422 
50.49402943959255 
50.560499624897915 
50.52895445221063 
50.542473811933746 
50.728928314781825 
50.78807551357049 
50.71709887502409 
50.761600100779376 
50.7508972743319 
50.869191671909235 
50.847786019014286 
50.76554324736529 
50.767796473985804 
50.82863359273986 
50.728365008126694 
50.79258196681153 
51.105780467063894 
51.199289371815496 
51.19703614519498 
51.310824089531266 
51.31645715608257 
51.3581418485622 
51.25787326394903 
51.33110312911595 
51.26575955712085 
51.20830227829758 
51.22520147795149 
51.29392488987736 
51.31307731615179 
51.28829182332606 
51.29730472980815 
51.62402258978363 
52.06340178078514 
52.082554207059566 
51.99129852892848 
52.01608402175421 
51.870750904730635 
51.85948477162803 
51.90229607741792 
51.82455975900996 
51.99467836885926 
52.311256709042404 
52.13888487257258 
52.150151005675184 
51.906802530658965 
51.87300413135115 
51.90116946410766 
52.06227516747488 
51.999184822100304 
51.8831436511435 
51.048323188240616 
50.980726389625 
50.86243199204767 
50.97847316300448 
51.09564094727155 
51.3806741147674 
51.41334590076495 
51.33335635573647 
51.2218216380207 
51.24097406429513 
51.271392623672156 
51.38405395469819 
51.40320638097261 
51.813293625907356 
51.767102480186686 
51.655567762470916 
51.741190374050696 
51.6758468020556 
51.62740242971441 
51.60036371026816 
51.626275816404146 
51.202669211746276 
51.2646329438106 
51.504601578896036 
51.42686526048808 
51.662327442332476 
51.572198377511654 
51.729924240948094 
51.612756456681026 
51.58121128399374 
51.67472018874534 
51.616136296611806 
51.598110483647645 
51.55417256454749 
51.460663659795884 
51.53051368503203 
51.51248787206786 
51.70964520136341 
51.63078226964519 
51.63078226964519 
51.40545960759313 
51.432498327039376 
51.425738647177816 
51.457283819865104 
51.429118487108596 
51.28040553015424 
51.230834544502784 
51.238720837674606 
51.27702569022346 
51.155351452715344 
51.24548051753617 
51.281532143464496 
51.3694079816648 
51.25787326394903 
50.94129492376589 
50.958194123419794 
50.94129492376589 
51.004385269140464 
50.964953803281354 
50.961573963350574 
50.9750933230737 
50.82638036611934 
50.62922303682379 
50.724985168195914 
50.7565303408832 
50.790328740191015 
50.78469567363971 
50.71597226171383 
50.736251301298516 
50.86130537873741 
50.82074729956804 
50.82525375280908 
50.70921258185227 
50.47149717338735 
50.46473749352579 
50.40390037477173 
50.273213230781536 
49.89354454522382 
50.09858816769119 
49.9380457709791 
50.08450550131294 
50.05352363528078 
50.09577163441554 
50.24899104461094 
50.2388515248186 
50.003389342974195 
50.02986475576532 
50.04169419552305 
50.12619019379257 
50.14308939344647 
50.18195755265045 
50.24279467140451 
50.18815392585689 
50.23040192499165 
50.21068619206209 
50.139709553515694 
50.15886197979012 
50.17125472620298 
50.136329713584914 
50.14196278013621 
50.43488224080389 
50.52219477234906 
50.49797258617846 
50.524447998969585 
50.47600362662839 
50.462484266905264 
50.423052801046154 
50.34024672274202 
50.276029764057185 
50.2089962720967 
50.28166283060849 
50.28166283060849 
50.276593070712316 
50.27940960398797 
50.272086617471274 
50.2444845913699 
50.272086617471274 
50.22082571185443 
50.44389514728597 
50.374045122049836 
50.466990720146306 
50.50698549266055 
50.45121813380266 
50.41572981452946 
50.54979679845044 
50.25800395109302 
50.43150240087311 
50.41798304114999 
50.38643786846269 
50.405590294737124 
50.39319754832426 
50.337993496121506 
50.45797781366422 
50.45178144045779 
50.37629834867035 
50.38531125515244 
50.33348704288046 
50.337430189466374 
50.33123381625994 
50.29912533691753 
50.08112566138216 
50.01240224945628 
50.06985952827955 
50.14477931341187 
50.13520310027465 
50.14196278013621 
50.117740593965614 
50.20730635213131 
50.18871723251201 
50.19998336561462 
50.15942528644525 
50.16280512637603 
50.1622418197209 
50.150412379963164 
50.15604544651447 
50.14252608679134 
50.143652700101605 
50.17857771271967 
50.20167328558001 
50.236034991542944 
50.26025717771354 
50.2856059771944 
50.358835842361316 
50.330670509604815 
50.40671690804738 
50.37855157529087 
50.370101975463925 
50.42981248090772 
50.43938869404493 
50.74751743440112 
50.71146580847279 
50.72442186154078 
50.64105247658152 
50.74357428781521 
50.743010981160076 
50.71597226171383 
50.71597226171383 
50.674850875889334 
50.56613269144921 
50.53571413207219 
50.65457183630465 
50.485016533110475 
50.29236565705596 
50.237161604853206 
50.237161604853206 
50.29574549698674 
50.276593070712316 
50.259130564403286 
50.259130564403286 
50.34700640260358 
50.36897536215366 
50.3622156822921 
50.456287893698835 
50.44840160052701 
50.36108906898184 
50.38981770839348 
50.402210454806344 
50.31489792326117 
50.340810029397154 
50.347569709258714 
50.350949549189494 
50.3453164826382 
50.34925962922411 
50.358835842361316 
50.384184641842175 
50.47093386673222 
50.40784352135764 
50.48614314642073 
50.52895445221063 
50.463047573560395 
50.45403466707831 
50.227585391716 
50.28504267053927 
50.28335275057388 
50.2613837910238 
50.2613837910238 
50.229275311681384 
50.247864431300684 
50.29011243043544 
50.254624111162244 
50.26645355091998 
50.27152331081615 
50.28166283060849 
50.276593070712316 
50.28447936388414 
50.28447936388414 
50.28447936388414 
50.348696322568976 
50.406153601392255 
50.31658784322656 
50.240541444783986 
50.294618883676485 
50.294618883676485 
50.212376112027485 
50.240541444783986 
50.204489818855656 
50.24899104461094 
50.269270084195625 
50.315461229916295 
50.37798826863575 
50.29180235040083 
50.29349227036622 
50.312644696640646 
50.312644696640646 
50.463047573560395 
50.412913281253815 
50.380241495256264 
50.358835842361316 
50.347569709258714 
50.34925962922411 
50.34925962922411 
50.394887468289646 
50.34249994936255 
50.315461229916295 
50.34249994936255 
50.34249994936255 
50.390944321703735 
50.44333184063084 
50.42136288108077 
50.42136288108077 
50.44051530735519 
50.58697503768903 
50.678794022475245 
50.63372949006483 
50.55430325169148 
50.6331661834097 
50.624153276927615 
50.60500085065319 
50.574582291276165 
50.599931090757025 
50.603874237342936 
50.620773436996835 
50.61852021037632 
50.59655125082624 
50.61908351703145 
50.567822611414606 
50.58753834434416 
50.60612746396345 
50.660768209511076 
50.64499562316743 
50.607254077273716 
50.60105770406728 
50.60049439741215 
50.59148149093007 
50.59148149093007 
50.613450450480144 
50.60218431737754 
50.28166283060849 
50.19097045913254 
50.150975686618295 
50.150975686618295 
50.14139947348108 
49.8912913186033 
49.766237241164404 
49.820314680056896 
49.85523969267497 
49.87664534556991 
49.86875905239809 
49.82820097322872 
49.85974614591601 
49.798909027161955 
49.84397355957236 
49.8259477466082 
49.838340493021065 
49.76736385447467 
49.734692068477116 
49.737508601752765 
49.77525014764649 
49.78426305412857 
49.809611853609425 
49.81186508022995 
49.803415480403 
49.77975660088753 
49.802288867092734 
49.93860907763423 
49.8614360658814 
49.88284171877635 
49.95888811721891 
49.93917238428936 
49.93917238428936 
49.971280863631776 
49.931849397772666 
49.931849397772666 
49.93917238428936 
49.927342944531624 
49.92621633122137 
49.84735339950315 
49.82369451998768 
49.91833003804955 
49.92621633122137 
49.96114134383944 
49.950438517391966 
49.967337717045865 
49.97522401021769 
49.9493119040817 
49.9267796378765 
50.02817483579992 
50.021978462593495 
49.97578731687282 
49.957198197253526 
49.99550304980237 
49.94424214418553 
49.93973569094449 
49.93973569094449 
49.93973569094449 
49.946495370806055 
49.96283126380483 
49.94818529077144 
49.924526411255975 
49.93297601108293 
49.93466593104832 
50.00620587624985 
49.928469557841886 
49.3883711369031 
49.35569935090555 
49.28742658430378 
49.28607464833147 
49.30207255733716 
49.269175448677565 
49.2675981900432 
49.26061318751959 
49.26557028608473 
49.30364981597153 
49.253628184995975 
49.28697593897968 
49.24461527851389 
49.291482392220715 
49.2896798109243 
49.290581101572506 
49.282244163076584 
49.263767704788314 
49.29125706955867 
49.30702965590231 
49.26782351270525 
49.2619651234919 
49.01275825926232 
49.03236133086085 
49.05624553303837 
49.06480779419635 
49.08305892982256 
49.07111682873381 
49.0974795801939 
49.20360655402042 
49.17161073600902 
49.21982978568816 
49.200452036751685 
49.24506592383799 
49.257458670250855 
49.23695430800412 
49.217576559067645 
49.22118172166048 
49.21847784971585 
49.20112800473784 
49.21577397777123 
49.200452036751685 
49.175215898601856 
49.14907846980382 
49.171836058671076 
49.217576559067645 
49.21735123640559 
49.21960446302611 
49.21735123640559 
49.262866414140106 
49.20473316733067 
49.19729751948296 
49.227716078859984 
49.23267317742513 
49.22028043101227 
49.224786884253305 
49.21374607381276 
49.20901429790966 
49.14705056584535 
49.16237250686489 
49.1524583097346 
49.14231878994225 
49.154260891031015 
49.154260891031015 
49.15065572843818 
49.112801521213434 
49.12879943021913 
49.13262991547402 
49.16282315218899 
49.14907846980382 
49.17927170651879 
49.18220090112547 
49.17341331730544 
49.14705056584535 
49.14975443778997 
49.15516218167922 
49.10829506797239 
49.12226507301962 
49.052415047783484 
49.07111682873381 
49.06976489276149 
49.07382070067843 
49.1204624917232 
49.045204722597816 
49.069990215423545 
49.059850695631205 
49.06052666361736 
49.05579488771426 
49.05579488771426 
49.05804811433479 
49.03709310676394 
49.03867036539831 
48.96341259627292 
48.97828389196836 
48.992479219677634 
48.994056478312004 
48.98707147578839 
48.97918518261656 
49.003294707456135 
48.99811228622894 
49.00802648335923 
49.02605229632339 
49.02064455243414 
49.00735051537307 
49.0105050326418 
48.9992388995392 
49.03078407222649 
49.06277989023788 
49.05556956505221 
49.0542176290799 
49.05128843447322 
49.058273436996835 
49.03236133086085 
49.033037298847006 
49.03799439741215 
49.04159956000498 
49.060301340955306 
49.04790859454244 
49.05264037044554 
49.06277989023788 
49.06751166614097 
49.06435714887224 
48.96566582289344 
49.05218972512143 
49.099732806814416 
49.127447494246816 
49.12226507301962 
49.13848830468737 
49.119561201074994 
49.07359537801638 
49.111449585241125 
49.10423926005546 
49.13533378741864 
49.131277979501704 
49.13848830468737 
49.12316636366783 
49.13217927014991 
49.138713627349425 
49.120237169061156 
49.10468990537956 
49.10829506797239 
49.116181361144214 
49.11911055575089 
49.112801521213434 
49.11415345718575 
49.133305883460174 
49.14705056584535 
49.18039831982905 
49.15696476297564 
49.14051620864584 
49.10694313200008 
49.10784442264829 
49.10761909998624 
49.09590232155953 
49.10536587336572 
49.10694313200008 
49.09117054565644 
49.1035632920693 
49.09026925500823 
49.09026925500823 
49.08598812442924 
49.084185543132826 
49.096352966883636 
49.09004393234618 
49.088917319035914 
49.1139281345237 
49.12677152626066 
49.127447494246816 
49.12677152626066 
49.144572016562776 
49.130376688853495 
49.13262991547402 
49.130376688853495 
49.1204624917232 
49.133305883460174 
49.13803765936326 
49.13443249677043 
49.14569862987304 
49.147501211169455 
49.247319150458516 
49.455517290194614 
49.46024906609771 
49.4316330880171 
49.38521661963438 
49.371922582573305 
49.3771050038005 
49.38363936100001 
49.43974470385097 
49.388821782227204 
49.354347414933244 
49.28517335768326 
49.319422402315176 
49.29125706955867 
49.35457273759529 
49.35569935090555 
49.35930451349839 
49.361107094794804 
49.361107094794804 
49.396708075399026 
49.42735195743811 
49.43095712003094 
49.44943357831921 
49.499004563970665 
49.55127942156674 
49.85861953260575 
49.83856581568312 
49.78403773146652 
49.80724596565788 
49.772095630377756 
49.82459581063589 
49.759477561302845 
49.72320061271246 
49.81862476009151 
49.84115702629671 
49.80792193364404 
49.86537921246731 
49.97184417028691 
49.85918283926088 
49.89016470529304 
49.913823584808505 
49.85411307936471 
49.88002518550069 
49.94480545084066 
49.906500598291814 
49.89298123856869 
49.96621110373561 
49.52345207280331 
49.296890136109965 
49.27638577386323 
49.25250157168571 
49.279314968469905 
49.28652529365557 
49.2844973896971 
49.2844973896971 
49.350967575002464 
49.26940077133962 
49.31311336777772 
49.280892227104275 
49.299819330716645 
49.291031746896614 
49.15155701908639 
49.182876869111624 
49.218928495039954 
49.22816672418409 
49.3004952987028 
49.296890136109965 
49.2732312565945 
49.27480851522886 
49.324154178218265 
49.450785514291525 
49.3987359793575 
49.301847234675115 
49.306128365254104 
49.3004952987028 
49.3004952987028 
49.3004952987028 
49.25250157168571 
49.29734078143407 
49.2563320569406 
49.275935128539125 
49.28720126164173 
49.278864323145804 
49.266246254070886 
49.28021625911811 
49.30410046129563 
49.296890136109965 
49.34037740988602 
49.359755158822495 
49.31086014115719 
49.332491116714195 
49.28314545372479 
49.267147544719094 
49.309057559860776 
49.31288804511566 
49.317394498356705 
49.27954029113196 
49.30793094655052 
49.311085463819246 
49.32054901562543 
49.327083372824944 
49.362233708105066 
49.43613954125814 
49.396257430074925 
49.505313598508124 
49.47331778049673 
49.468248020600555 
49.264331011443446 
49.284272067035054 
49.27863900048375 
49.3225769195839 
49.28945448826225 
49.31716917569465 
49.36088177213275 
49.34330660449269 
49.33542031132087 
49.372373227897405 
49.491794238785 
49.41338195239088 
49.46317826070439 
49.49111827079884 
49.41946566426629 
49.47962681503419 
49.4974273053363 
49.46655810063517 
49.433210346651464 
49.433210346651464 
49.433210346651464 
49.44357518910586 
49.47985213769624 
49.414733888363195 
49.36155774011891 
49.37282387322151 
49.3931029128062 
49.368993387966626 
49.3827380703518 
49.41338195239088 
49.44019534917508 
49.38566726495848 
49.38251274768975 
49.38904710488926 
49.392877590144145 
49.4372661545684 
49.460925034083864 
49.37259855055946 
49.37417580919382 
49.397609366047234 
49.40459436857085 
49.41924034160424 
49.40729824051547 
49.40143985130212 
49.400538560653914 
49.396708075399026 
49.399637270005705 
49.429379861396576 
49.43997002651302 
49.44019534917508 
49.49675133735014 
49.50013117728093 
49.54835022696007 
49.54587167767749 
49.50396166253581 
49.499004563970665 
49.496526014688094 
49.51725569959688 
49.47759891107572 
49.485935849571646 
49.485935849571646 
49.50148311325324 
49.4974273053363 
49.513199891679946 
49.52153683017587 
49.526719251403065 
49.52942312334769 
49.517931667583035 
49.5138758596661 
49.5138758596661 
49.49247020677115 
49.49247020677115 
49.49247020677115 
49.44571575439535 
49.42656332812093 
49.385441942296424 
49.36347298274635 
49.35952983616044 
49.366289516022 
49.368542742642525 
49.37980887574513 
49.42825324808632 
49.41586050167346 
49.382625409020775 
49.36347298274635 
49.388821782227204 
49.349390316368094 
49.37642903581435 
49.36910604929765 
49.37642903581435 
49.39445484877851 
49.38318871567591 
49.349390316368094 
49.32291490357698 
49.28900384293814 
49.32483014620442 
49.399186624681604 
49.37980887574513 
49.374401131855876 
49.3822874250277 
49.41315662972883 
49.408424853825736 
49.400538560653914 
49.432309056003255 
49.41631114699756 
49.38814581424105 
49.39851065669544 
49.41495921102525 
49.454165354222305 
49.502384403901445 
49.57291039712374 
49.57809281835094 
49.577867495688885 
49.53280296327847 
49.53911199781593 
49.54609700033954 
49.54001328846414 
49.51049601973532 
49.57020652517912 
49.601751697866405 
49.58090935162659 
49.597808551280494 
49.601751697866405 
49.64568961696656 
49.65301260348325 
49.659208976689676 
49.63104364393317 
49.61020129769336 
49.64005655041525 
49.59161217807406 
49.59386540469458 
49.618650897520304 
49.67160172310254 
49.680614629584625 
49.80059894712734 
49.79665580054143 
49.74257836164894 
49.76849046778493 
49.76849046778493 
49.75778764133745 
49.73976182837329 
49.76905377444005 
49.80679532033378 
50.06028331514234 
50.219135791889045 
50.19547691237358 
50.17407125947863 
50.183084165960715 
50.172381339513244 
50.22702208506087 
50.229838618336515 
50.21857248523391 
50.17688779275428 
50.20617973882105 
50.01916192931784 
50.19491360571845 
50.18083093934019 
50.22082571185443 
50.50135242610925 
50.38587456180757 
50.308701550054735 
50.31377130995091 
50.36446890891262 
50.4033370681166 
50.355456002430536 
50.38305802853191 
50.54078389196836 
50.14534262006699 
50.23772491150834 
50.215755951958265 
50.193223685753054 
50.161678513065766 
50.13914624686056 
50.20279989889027 
50.204489818855656 
50.239978138128855 
50.21406603199287 
50.35996245567158 
50.287295897159794 
50.24504789802503 
50.22476885844034 
50.21012288540696 
49.99719296976777 
50.035497822316614 
50.04901718203974 
50.03380790235123 
50.0557768619013 
50.10647446086301 
50.1622418197209 
50.1622418197209 
50.11323414072457 
50.09408171445015 
50.08450550131294 
50.13125995368874 
50.15322891323881 
50.189843845822274 
50.276029764057185 
50.347569709258714 
50.34587978929333 
50.4444584539411 
50.39714069491017 
50.405590294737124 
50.498535892833594 
50.3977040015653 
50.41122336128842 
50.388127788428086 
50.466990720146306 
50.52951775886575 
50.574582291276165 
50.580778664482594 
50.52951775886575 
50.481073386524564 
50.36841205549853 
50.41066005463329 
50.366158828878014 
50.43488224080389 
50.41066005463329 
50.43600885411415 
50.316024536571426 
50.33630357615611 
50.39714069491017 
50.39939392153069 
50.347569709258714 
50.44051530735519 
50.52163146569393 
50.43206570752824 
50.484453226455344 
50.53402421210679 
50.60556415730832 
50.54416373189914 
50.64837546309821 
50.55317663838122 
50.542473811933746 
50.542473811933746 
50.55937301158765 
50.57965205117234 
50.55824639827739 
50.574582291276165 
50.44840160052701 
49.99719296976777 
50.081688968037284 
50.09971478100145 
50.176324486099155 
50.13125995368874 
50.1791410193748 
50.190407152477405 
50.18421077927098 
50.23772491150834 
50.18928053916714 
50.11999382058614 
50.16956480623759 
50.136893020240045 
50.190407152477405 
50.15998859310038 
50.1622418197209 
50.154918833204206 
50.20955957875183 
50.12450027382718 
50.11943051393101 
50.11605067400023 
50.09802486103606 
50.04732726207435 
49.95607158394326 
49.978603850148474 
49.97184417028691 
50.0090224095255 
49.96902763701126 
49.967337717045865 
49.97522401021769 
49.99888288973315 
49.967337717045865 
49.95269174401248 
49.87889857219044 
49.78933281402474 
49.83777718636593 
49.80397878705813 
49.803415480403 
49.74990134816563 
49.561756925352164 
49.57865612500606 
49.54880087228417 
49.45923511411848 
49.45529196753257 
49.47669762042751 
49.509144083763005 
49.5026097265635 
49.547674258973906 
49.56682668524833 
49.51049601973532 
49.51049601973532 
49.52795852604435 
49.52007223287253 
49.56006700538677 
49.619777510830566 
49.61020129769336 
49.56513676528294 
49.5380980458367 
49.52457868611357 
49.60456823114205 
49.5606303120419 
49.61414444427927 
49.576402898385545 
49.615834364244655 
49.641183163725515 
49.64343639034603 
49.619777510830566 
49.640619857070384 
49.619777510830566 
49.58597911152276 
49.59893516459075 
49.587105724833016 
49.579219431661194 
49.58654241817789 
49.582599271591974 
49.56738999190346 
49.56851660521372 
49.60625815110745 
49.58766903148815 
49.5904855647638 
49.73300214851173 
49.73187553520147 
49.75835094799258 
49.75328118809641 
49.73581868178738 
49.766237241164404 
49.90368406501616 
49.94536875749579 
49.9324127044278 
49.931849397772666 
49.913823584808505 
49.89298123856869 
49.856366305985226 
49.85523969267497 
49.83327073312489 
49.72567916199503 
49.72962230858094 
49.70371020244496 
49.756661028027196 
49.741451748338676 
49.687374309446184 
49.72624246865016 
49.75159126813102 
49.72624246865016 
49.64568961696656 
49.65639244341403 
49.62372065741648 
49.54598433900852 
49.55781377876625 
49.615271057589524 
49.533028285940524 
49.54204119242261 
49.539787965802084 
49.53753473918157 
49.52908513935461 
49.575839591730414 
49.58823233814328 
49.61752428421005 
49.60963799103823 
49.6727283364128 
49.655265830103765 
49.61414444427927 
49.61470775093439 
49.62372065741648 
49.51725569959688 
49.5251419927687 
49.53077505932001 
49.533591592595656 
49.500919806598105 
49.4913435934609 
49.48852706018524 
49.54260449907774 
49.59949847124588 
49.56682668524833 
49.63836663044986 
49.608511377727964 
49.57076983183425 
49.56119361869703 
49.55894039207651 
49.55049079224956 
49.509186895068794 
49.509186895068794 
49.509186895068794 
49.509186895068794 
49.509186895068794 
49.509186895068794 
49.509186895068794 
49.509186895068794 
49.509186895068794 
49.509186895068794 
49.509186895068794 
49.509186895068794 
49.509186895068794 
49.509186895068794 
49.509186895068794 
49.509186895068794 
49.509186895068794 
49.509186895068794 
49.509186895068794 
49.509186895068794 
49.509186895068794 
49.509186895068794 
49.509186895068794 
49.509186895068794 
49.509186895068794 
49.509186895068794 
49.509186895068794 
49.509186895068794 
49.509186895068794 
49.509186895068794 
49.509186895068794 
49.509186895068794 
49.509186895068794 
49.509186895068794 
49.509186895068794 
49.509186895068794 
49.509186895068794 
49.509186895068794 
49.509186895068794 
49.509186895068794 
49.509186895068794 
49.509186895068794 
49.509186895068794 
49.509186895068794 
49.509186895068794 
49.509186895068794 
49.509186895068794 
49.509186895068794 
49.509186895068794 
49.509186895068794 
49.509186895068794 
49.509186895068794 
49.509186895068794 
49.509186895068794 
49.509186895068794 
49.509186895068794 
49.509186895068794 
49.509186895068794 
49.509186895068794 
49.509186895068794 
49.509186895068794 
49.509186895068794 
49.509186895068794 
49.509186895068794 
49.509186895068794 
49.509186895068794 
49.509186895068794 
49.509186895068794 
49.509186895068794 
49.509186895068794 
49.509186895068794 
49.509186895068794 
49.509186895068794 
49.509186895068794 
49.509186895068794 
49.509186895068794 
49.509186895068794 
49.509186895068794 
49.509186895068794 
49.509186895068794 
49.509186895068794 
49.509186895068794 
49.509186895068794 
49.509186895068794 
49.509186895068794 
49.509186895068794 
49.509186895068794 
49.509186895068794 
49.509186895068794 
49.509186895068794 
49.509186895068794 
49.509186895068794 
49.509186895068794 
49.509186895068794 
49.509186895068794 
49.509186895068794 
49.509186895068794 
49.509186895068794 
49.509186895068794 
49.509186895068794 
49.509186895068794 
49.509186895068794 
49.509186895068794 
49.509186895068794 
49.509186895068794 
49.509186895068794 
49.509186895068794 
49.509186895068794 
49.509186895068794 
49.509186895068794 
49.509186895068794 
49.509186895068794 
49.509186895068794 
49.509186895068794 
49.509186895068794 
49.509186895068794 
49.509186895068794 
49.509186895068794 
49.509186895068794 
49.509186895068794 
49.509186895068794 
49.509186895068794 
49.509186895068794 
49.509186895068794 
49.509186895068794 
49.509186895068794 
49.509186895068794 
49.509186895068794 
49.509186895068794 
49.509186895068794 
49.509186895068794 
49.509186895068794 
49.509186895068794 
49.509186895068794 
49.509186895068794 
49.509186895068794 
49.509186895068794 
49.509186895068794 
49.509186895068794 
49.509186895068794 
49.509186895068794 
49.509186895068794 
49.509186895068794 
49.509186895068794 
49.509186895068794 
49.509186895068794 
49.509186895068794 
49.509186895068794 
49.509186895068794 
49.509186895068794 
49.509186895068794 
49.509186895068794 
49.509186895068794 
49.509186895068794 
49.509186895068794 
49.509186895068794 
49.509186895068794 
49.509186895068794 
49.509186895068794 
49.509186895068794 
49.509186895068794 
49.509186895068794 
49.509186895068794 
49.509186895068794 
49.509186895068794 
49.509186895068794 
49.509186895068794 
49.509186895068794 
49.509186895068794 
49.509186895068794 
49.509186895068794 
49.509186895068794 
49.509186895068794 
49.509186895068794 
49.509186895068794 
49.509186895068794 
49.509186895068794 
49.509186895068794 
49.509186895068794 
49.509186895068794 
49.509186895068794 
49.509186895068794 
49.509186895068794 
49.509186895068794 
49.509186895068794 
49.509186895068794 
49.509186895068794 
49.509186895068794 
49.509186895068794 
49.509186895068794 
49.509186895068794 
49.509186895068794 
49.509186895068794 
49.509186895068794 
49.509186895068794 
49.509186895068794 
49.509186895068794 
49.509186895068794 
49.509186895068794 
49.509186895068794 
49.509186895068794 
49.509186895068794 
49.509186895068794 
49.509186895068794 
49.509186895068794 
49.509186895068794 
49.509186895068794 
49.509186895068794 
49.509186895068794 
49.509186895068794 
49.509186895068794 
49.509186895068794 
49.509186895068794 
49.509186895068794 
49.509186895068794 
49.509186895068794 
49.509186895068794 
49.509186895068794 
49.509186895068794 
49.509186895068794 
49.509186895068794 
49.509186895068794 
49.509186895068794 
49.509186895068794 
49.509186895068794 
49.509186895068794 
49.509186895068794 
49.509186895068794 
49.509186895068794 
49.509186895068794 
49.509186895068794 
49.509186895068794 
49.509186895068794 
49.509186895068794 
49.509186895068794 
49.509186895068794 
49.509186895068794 
49.509186895068794 
49.509186895068794 
49.509186895068794 
49.509186895068794 
49.509186895068794 
49.509186895068794 
49.509186895068794 
49.509186895068794 
49.509186895068794 
49.509186895068794 
49.509186895068794 
49.509186895068794 
49.509186895068794 
49.509186895068794 
49.509186895068794 
49.509186895068794 
49.509186895068794 
49.509186895068794 
49.509186895068794 
49.509186895068794 
49.509186895068794 
49.509186895068794 
49.509186895068794 
49.509186895068794 
49.509186895068794 
49.509186895068794 
49.509186895068794 
49.509186895068794 
49.509186895068794 
49.509186895068794 
49.509186895068794 
49.509186895068794 
49.509186895068794 
49.509186895068794 
49.509186895068794 
49.509186895068794 
49.509186895068794 
49.509186895068794 
49.509186895068794 
49.509186895068794 
49.509186895068794 
49.509186895068794 
49.509186895068794 
49.509186895068794 
49.509186895068794 
49.509186895068794 
49.509186895068794 
49.509186895068794 
49.509186895068794 
49.509186895068794 
49.509186895068794 
49.509186895068794 
49.509186895068794 
49.509186895068794 
49.509186895068794 
49.509186895068794 
49.509186895068794 
49.509186895068794 
49.509186895068794 
49.509186895068794 
49.509186895068794 
49.509186895068794 
49.509186895068794 
49.509186895068794 
49.509186895068794 
49.509186895068794 
49.509186895068794 
49.509186895068794 
49.509186895068794 
49.509186895068794 
49.509186895068794 
49.509186895068794 
49.509186895068794 
49.509186895068794 
49.509186895068794 
49.509186895068794 
49.509186895068794 
49.509186895068794 
49.509186895068794 
49.509186895068794 
49.509186895068794 
49.509186895068794 
49.509186895068794 
49.509186895068794 
49.509186895068794 
49.509186895068794 
49.509186895068794 
49.509186895068794 
49.509186895068794 
49.509186895068794 
49.509186895068794 
49.509186895068794 
49.509186895068794 
49.509186895068794 
49.509186895068794 
49.509186895068794 
49.509186895068794 
49.509186895068794 
49.509186895068794 
49.509186895068794 
49.509186895068794 
49.509186895068794 
49.509186895068794 
49.509186895068794 
49.509186895068794 
49.509186895068794 
49.509186895068794 
49.509186895068794 
49.509186895068794 
49.509186895068794 
49.509186895068794 
49.509186895068794 
49.509186895068794 
49.509186895068794 
49.509186895068794 
49.509186895068794 
49.509186895068794 
49.509186895068794 
49.509186895068794 
49.509186895068794 
49.509186895068794 
49.509186895068794 
49.509186895068794 
49.509186895068794 
49.509186895068794 
49.509186895068794 
49.509186895068794 
49.509186895068794 
49.509186895068794 
49.509186895068794 
49.509186895068794 
49.509186895068794 
49.509186895068794 
49.509186895068794 
49.509186895068794 
49.509186895068794 
49.509186895068794 
49.509186895068794 
49.509186895068794 
49.509186895068794 
49.509186895068794 
49.509186895068794 
49.509186895068794 
49.509186895068794 
49.509186895068794 
49.509186895068794 
49.509186895068794 
49.509186895068794 
49.509186895068794 
49.509186895068794 
49.509186895068794 
49.509186895068794 
49.509186895068794 
49.509186895068794 
49.509186895068794 
49.509186895068794 
49.509186895068794 
49.509186895068794 
49.509186895068794 
49.509186895068794 
49.509186895068794 
49.509186895068794 
49.509186895068794 
49.509186895068794 
49.509186895068794 
49.509186895068794 
49.509186895068794 
49.509186895068794 
49.509186895068794 
49.509186895068794 
49.509186895068794 
49.509186895068794 
49.509186895068794 
49.509186895068794 
49.509186895068794 
49.509186895068794 
49.509186895068794 
49.509186895068794 
49.509186895068794 
49.509186895068794 
49.509186895068794 
49.509186895068794 
49.509186895068794 
49.509186895068794 
49.509186895068794 
49.509186895068794 
49.509186895068794 
49.509186895068794 
49.509186895068794 
49.509186895068794 
49.509186895068794 
49.509186895068794 
49.509186895068794 
49.509186895068794 
49.509186895068794 
49.509186895068794 
49.509186895068794 
49.509186895068794 
49.509186895068794 
49.509186895068794 
49.509186895068794 
49.509186895068794 
49.509186895068794 
49.509186895068794 
49.509186895068794 
49.509186895068794 
49.509186895068794 
49.509186895068794 
49.509186895068794 
49.509186895068794 
49.509186895068794 
49.509186895068794 
49.509186895068794 
49.509186895068794 
49.509186895068794 
49.509186895068794 
49.509186895068794 
49.509186895068794 
49.509186895068794 
49.509186895068794 
49.509186895068794 
49.509186895068794 
49.509186895068794 
49.509186895068794 
49.509186895068794 
49.509186895068794 
49.509186895068794 
49.509186895068794 
49.509186895068794 
49.509186895068794 
49.509186895068794 
49.509186895068794 
49.509186895068794 
49.509186895068794 
49.509186895068794 
49.509186895068794 
49.509186895068794 
49.509186895068794 
49.509186895068794 
49.509186895068794 
49.509186895068794 
49.509186895068794 
49.509186895068794 
49.509186895068794 
49.509186895068794 
49.509186895068794 
49.509186895068794 
49.509186895068794 
49.509186895068794 
49.509186895068794 
49.509186895068794 
49.509186895068794 
49.509186895068794 
49.509186895068794 
49.509186895068794 
49.509186895068794 
49.509186895068794 
49.509186895068794 
49.509186895068794 
49.509186895068794 
49.509186895068794 
49.509186895068794 
49.509186895068794 
49.509186895068794 
49.509186895068794 
49.509186895068794 
49.509186895068794 
49.509186895068794 
49.509186895068794 
49.509186895068794 
49.509186895068794 
49.509186895068794 
49.509186895068794 
49.509186895068794 
49.509186895068794 
49.509186895068794 
49.509186895068794 
49.509186895068794 
49.509186895068794 
49.509186895068794 
49.509186895068794 
49.509186895068794 
49.509186895068794 
49.509186895068794 
49.509186895068794 
49.509186895068794 
49.509186895068794 
49.509186895068794 
49.509186895068794 
49.509186895068794 
49.509186895068794 
49.509186895068794 
49.509186895068794 
49.509186895068794 
49.509186895068794 
49.509186895068794 
49.509186895068794 
49.509186895068794 
49.509186895068794 
49.509186895068794 
49.509186895068794 
49.509186895068794 
49.509186895068794 
49.509186895068794 
49.509186895068794 
49.509186895068794 
49.509186895068794 
49.509186895068794 
49.509186895068794 
49.509186895068794 
49.509186895068794 
49.509186895068794 
49.509186895068794 
49.509186895068794 
49.509186895068794 
49.509186895068794 
49.509186895068794 
49.509186895068794 
49.509186895068794 
49.509186895068794 
49.509186895068794 
49.509186895068794 
49.509186895068794 
49.509186895068794 
49.509186895068794 
49.509186895068794 
49.509186895068794 
49.509186895068794 
49.509186895068794 
49.509186895068794 
49.509186895068794 
49.509186895068794 
49.509186895068794 
49.509186895068794 
49.509186895068794 
49.509186895068794 
49.509186895068794 
49.509186895068794 
49.509186895068794 
49.509186895068794 
49.509186895068794 
49.509186895068794 
49.509186895068794 
49.509186895068794 
49.509186895068794 
49.509186895068794 
49.509186895068794 
49.509186895068794 
49.509186895068794 
49.509186895068794 
49.509186895068794 
49.509186895068794 
49.509186895068794 
49.509186895068794 
49.509186895068794 
49.509186895068794 
49.509186895068794 
49.509186895068794 
49.509186895068794 
49.509186895068794 
49.509186895068794 
49.509186895068794 
49.509186895068794 
49.509186895068794 
49.509186895068794 
49.509186895068794 
49.509186895068794 
49.509186895068794 
49.509186895068794 
49.509186895068794 
49.509186895068794 
49.509186895068794 
49.509186895068794 
49.509186895068794 
49.509186895068794 
49.509186895068794 
49.509186895068794 
49.509186895068794 
49.509186895068794 
49.509186895068794 
49.509186895068794 
49.509186895068794 
49.509186895068794 
49.509186895068794 
49.509186895068794 
49.509186895068794 
49.509186895068794 
49.509186895068794 
49.509186895068794 
49.509186895068794 
49.509186895068794 
49.509186895068794 
49.509186895068794 
49.509186895068794 
49.509186895068794 
49.509186895068794 
49.509186895068794 
49.509186895068794 
49.509186895068794 
49.509186895068794 
49.509186895068794 
49.509186895068794 
49.509186895068794 
49.509186895068794 
49.509186895068794 
49.509186895068794 
49.509186895068794 
49.509186895068794 
49.509186895068794 
49.509186895068794 
49.509186895068794 
49.509186895068794 
49.509186895068794 
49.509186895068794 
49.509186895068794 
49.509186895068794 
49.509186895068794 
49.509186895068794 
49.509186895068794 
49.509186895068794 
49.509186895068794 
49.509186895068794 
49.509186895068794 
49.509186895068794 
49.509186895068794 
49.509186895068794 
49.509186895068794 
49.509186895068794 
49.509186895068794 
49.509186895068794 
49.509186895068794 
49.509186895068794 
49.509186895068794 
49.509186895068794 
49.509186895068794 
49.509186895068794 
49.509186895068794 
49.509186895068794 
49.509186895068794 
49.509186895068794 
49.509186895068794 
49.509186895068794 
49.509186895068794 
49.509186895068794 
49.509186895068794 
49.509186895068794 
49.509186895068794 
49.509186895068794 
49.509186895068794 
