0,1
1572897600000,1000.0 
1572912000000,1000.0 
1572926400000,1000.0 
1572940800000,1000.0 
1572955200000,1000.0 
1572969600000,1000.0 
1572984000000,1000.0 
1572998400000,1000.0 
1573012800000,1000.0 
1573027200000,1000.0 
1573041600000,1000.0 
1573056000000,1000.0 
1573070400000,1000.0 
1573084800000,1000.0 
1573099200000,1000.0 
1573113600000,1000.0 
1573128000000,1000.0 
1573142400000,1000.0 
1573156800000,1000.0 
1573171200000,1000.0 
1573185600000,1000.0 
1573200000000,1000.0 
1573214400000,1000.0 
1573228800000,1000.0 
1573243200000,1000.0 
1573257600000,1000.0 
1573272000000,1000.0 
1573286400000,1000.0 
1573300800000,1000.0 
1573315200000,1000.0 
1573329600000,1000.0 
1573344000000,1000.0 
1573358400000,1000.0 
1573372800000,1000.0 
1573387200000,1000.0 
1573401600000,1000.0 
1573416000000,1000.0 
1573430400000,1000.0 
1573444800000,1000.0 
1573459200000,1000.0 
1573473600000,1000.0 
1573488000000,1000.0 
1573502400000,1000.0 
1573516800000,1000.0 
1573531200000,1000.0 
1573545600000,1000.0 
1573560000000,1000.0 
1573574400000,999.3024875621891 
1573588800000,998.9024311147266 
1573603200000,996.7543915217866 
1573617600000,996.1503084068249 
1573632000000,995.7437238466025 
1573646400000,991.2696147777475 
1573660800000,990.863590061573 
1573675200000,991.1630150031975 
1573689600000,987.3790904905609 
1573704000000,965.0243767366785 
1573718400000,959.1382616306142 
1573732800000,961.7682279546003 
1573747200000,960.234080932275 
1573761600000,967.9674342897106 
1573776000000,946.1449756252063 
1573790400000,949.3698152843799 
1573804800000,954.6297479323522 
1573819200000,924.8234629271756 
1573833600000,924.6669173126527 
1573848000000,921.8177871283343 
1573862400000,924.8547720500801 
1573876800000,926.1384460891687 
1573891200000,926.2010643349778 
1573905600000,927.1403380221158 
1573920000000,926.9524832846882 
1573934400000,928.8310306589641 
1573948800000,926.2323734578825 
1573963200000,915.6811990390333 
1573977600000,933.5273990946537 
1573992000000,933.182998742703 
1574006400000,940.3214787649513 
1574020800000,930.553032418717 
1574035200000,922.0369509886665 
1574049600000,920.8472043182918 
1574064000000,918.5616383462561 
1574078400000,901.7173302235828 
1574092800000,872.6624641681167 
1574107200000,869.4376245089431 
1574121600000,864.5220922129214 
1574136000000,850.5269142745664 
1574150400000,844.7660356601205 
1574164800000,847.7090932131526 
1574179200000,846.1436370679228 
1574193600000,855.1919735873514 
1574208000000,855.6616104309204 
1574222400000,854.2526999002134 
1574236800000,848.8675307606227 
1574251200000,853.6265174421216 
1574265600000,856.2402030221973 
1574280000000,856.2402030221973 
1574294400000,856.2402030221973 
1574308800000,856.2402030221973 
1574323200000,856.2402030221973 
1574337600000,856.2402030221973 
1574352000000,856.2402030221973 
1574366400000,856.2402030221973 
1574380800000,856.2402030221973 
1574395200000,856.2402030221973 
1574409600000,856.2402030221973 
1574424000000,856.2402030221973 
1574438400000,856.2402030221973 
1574452800000,856.2402030221973 
1574467200000,856.2402030221973 
1574481600000,856.2402030221973 
1574496000000,856.2402030221973 
1574510400000,856.2402030221973 
1574524800000,856.2402030221973 
1574539200000,856.2402030221973 
1574553600000,856.2402030221973 
1574568000000,856.2402030221973 
1574582400000,856.2402030221973 
1574596800000,856.2402030221973 
1574611200000,856.2402030221973 
1574625600000,856.2402030221973 
1574640000000,856.2402030221973 
1574654400000,856.2402030221973 
1574668800000,856.2402030221973 
1574683200000,856.2402030221973 
1574697600000,856.2402030221973 
1574712000000,856.2402030221973 
1574726400000,856.2402030221973 
1574740800000,856.2402030221973 
1574755200000,856.2402030221973 
1574769600000,856.2402030221973 
1574784000000,856.2402030221973 
1574798400000,856.2402030221973 
1574812800000,856.2402030221973 
1574827200000,856.2402030221973 
1574841600000,856.2402030221973 
1574856000000,856.2402030221973 
1574870400000,856.2402030221973 
1574884800000,856.2402030221973 
1574899200000,856.2402030221973 
1574913600000,856.2402030221973 
1574928000000,856.2402030221973 
1574942400000,856.2402030221973 
1574956800000,855.5426905843863 
1574971200000,853.5920436198793 
1574985600000,854.9087039024155 
1575000000000,856.1956224360148 
1575014400000,860.6874623430768 
1575028800000,861.9936382077717 
1575043200000,857.1761667822326 
1575057600000,856.8551242405721 
1575072000000,856.4969765905795 
1575086400000,855.6732369955965 
1575100800000,845.9316209157985 
1575115200000,833.4322679310575 
1575129600000,829.2419404261443 
1575144000000,833.2173793410619 
1575158400000,810.4750035665332 
1575172800000,813.8415914764635 
1575187200000,816.5635136164071 
1575201600000,815.9188478464205 
1575216000000,819.0705471663551 
1575230400000,823.4041337312653 
1575244800000,823.9413552062542 
1575259200000,812.3373713464947 
1575273600000,817.8886599213797 
1575288000000,824.0846142662513 
1575302400000,818.4258813963685 
1575316800000,821.5059511863046 
1575331200000,822.6162089012817 
1575345600000,818.7840290463611 
1575360000000,814.1281095964575 
1575374400000,815.2741820764338 
1575388800000,817.6379565663848 
1575403200000,813.2327404714761 
1575417600000,791.0275861719364 
1575432000000,787.7684425570038 
1575446400000,794.1076559618724 
1575460800000,825.58883439622 
1575475200000,821.4701364213055 
1575489600000,798.7277606467767 
1575504000000,796.4714304518235 
1575518400000,802.0227190267085 
1575532800000,816.9574760313989 
1575547200000,804.314863986661 
1575561600000,810.8331512165258 
1575576000000,813.2327404714761 
1575590400000,812.2299270514969 
1575604800000,816.2769954964131 
1575619200000,810.439188801534 
1575633600000,812.7313337614864 
1575648000000,810.8219770098461 
1575662400000,810.8219770098461 
1575676800000,810.8219770098461 
1575691200000,810.8219770098461 
1575705600000,810.8219770098461 
1575720000000,810.8219770098461 
1575734400000,810.8219770098461 
1575748800000,810.8219770098461 
1575763200000,810.8219770098461 
1575777600000,810.8219770098461 
1575792000000,810.8219770098461 
1575806400000,810.8219770098461 
1575820800000,810.8219770098461 
1575835200000,810.8219770098461 
1575849600000,810.8219770098461 
1575864000000,810.8219770098461 
1575878400000,810.8219770098461 
1575892800000,810.8219770098461 
1575907200000,810.8219770098461 
1575921600000,810.8219770098461 
1575936000000,810.8219770098461 
1575950400000,810.8219770098461 
1575964800000,810.8219770098461 
1575979200000,810.8219770098461 
1575993600000,810.8219770098461 
1576008000000,810.8219770098461 
1576022400000,810.8219770098461 
1576036800000,810.8219770098461 
1576051200000,810.8219770098461 
1576065600000,810.8219770098461 
1576080000000,810.8219770098461 
1576094400000,810.8219770098461 
1576108800000,810.8219770098461 
1576123200000,810.8219770098461 
1576137600000,810.8219770098461 
1576152000000,810.8219770098461 
1576166400000,810.8219770098461 
1576180800000,810.8219770098461 
1576195200000,810.8219770098461 
1576209600000,810.8219770098461 
1576224000000,810.8219770098461 
1576238400000,810.8219770098461 
1576252800000,810.8219770098461 
1576267200000,810.8219770098461 
1576281600000,810.8219770098461 
1576296000000,810.8219770098461 
1576310400000,810.8219770098461 
1576324800000,810.8219770098461 
1576339200000,810.1244645720351 
1576353600000,809.4945194246093 
1576368000000,807.8224382899882 
1576382400000,811.9810463845129 
1576396800000,809.2414701387117 
1576411200000,806.8117835352243 
1576425600000,805.7101207957091 
1576440000000,804.6757979560283 
1576454400000,801.0186275069219 
1576468800000,798.3238703338959 
1576483200000,804.8297840802012 
1576497600000,800.4411795412734 
1576512000000,760.4817803184047 
1576526400000,764.2159438295977 
1576540800000,759.2113947939782 
1576555200000,756.3241549657363 
1576569600000,760.1738080700588 
1576584000000,724.8724891034205 
1576598400000,682.8342772042175 
1576612800000,687.9928123640098 
1576627200000,700.5811780151448 
1576641600000,684.8360968184653 
1576656000000,683.1807459836065 
1576670400000,708.780939127352 
1576684800000,711.2832136451617 
1576699200000,737.1913790372529 
1576713600000,728.1831907731379 
1576728000000,718.2895822950288 
1576742400000,726.3353572830631 
1576756800000,726.1813711588902 
1576771200000,732.2638230637199 
1576785600000,726.0273850347172 
1576800000000,726.9897983107979 
1576814400000,732.8412710293683 
1576828800000,733.0337536845844 
1576843200000,725.988888503674 
1576857600000,731.8018646912011 
1576872000000,730.0310242632128 
1576886400000,730.5314791667747 
1576900800000,730.4929826357316 
1576915200000,731.0319340703367 
1576929600000,725.6809162553283 
1576944000000,725.1034682896799 
1576958400000,724.6415099171611 
1576972800000,728.375673428354 
1576987200000,735.4205386092644 
1577001600000,729.222597111305 
1577016000000,735.343545547178 
1577030400000,754.1768184641452 
1577044800000,754.1768184641452 
1577059200000,754.1768184641452 
1577073600000,754.1768184641452 
1577088000000,754.1768184641452 
1577102400000,754.1768184641452 
1577116800000,754.1768184641452 
1577131200000,754.1768184641452 
1577145600000,754.1768184641452 
1577160000000,754.1768184641452 
1577174400000,754.1768184641452 
1577188800000,754.1768184641452 
1577203200000,754.1768184641452 
1577217600000,754.1768184641452 
1577232000000,754.1768184641452 
1577246400000,754.1768184641452 
1577260800000,754.1768184641452 
1577275200000,754.1768184641452 
1577289600000,754.1768184641452 
1577304000000,754.1768184641452 
1577318400000,754.1768184641452 
1577332800000,754.1768184641452 
1577347200000,754.1768184641452 
1577361600000,754.1768184641452 
1577376000000,754.1768184641452 
1577390400000,754.1768184641452 
1577404800000,754.1768184641452 
1577419200000,754.1768184641452 
1577433600000,754.1768184641452 
1577448000000,754.1768184641452 
1577462400000,754.1768184641452 
1577476800000,754.1768184641452 
1577491200000,754.1768184641452 
1577505600000,754.1768184641452 
1577520000000,754.1768184641452 
1577534400000,754.1768184641452 
1577548800000,754.1768184641452 
1577563200000,754.1768184641452 
1577577600000,754.1768184641452 
1577592000000,754.1768184641452 
1577606400000,754.1768184641452 
1577620800000,754.1768184641452 
1577635200000,754.1768184641452 
1577649600000,754.1768184641452 
1577664000000,754.1768184641452 
1577678400000,754.1768184641452 
1577692800000,754.1768184641452 
1577707200000,754.1768184641452 
1577721600000,753.4793060263341 
1577736000000,753.2800726094433 
1577750400000,752.037730472213 
1577764800000,751.2255080994482 
1577779200000,749.4763458356201 
1577793600000,744.6653253644681 
1577808000000,734.710101594203 
1577822400000,739.0188912200618 
1577836800000,743.1593687511605 
1577851200000,745.448413239898 
1577865600000,742.6880948858321 
1577880000000,742.6880948858321 
1577894400000,742.9237318184963 
1577908800000,739.2545281527259 
1577923200000,727.8429681279905 
1577937600000,729.3914393997835 
1577952000000,732.0507704969932 
1577966400000,732.5220443623216 
1577980800000,711.6850070310201 
1577995200000,710.2375230160832 
1578009600000,708.7563765821942 
1578024000000,744.7078400229535 
1578038400000,770.156628750682 
1578052800000,780.6593034637127 
1578067200000,795.8747168300266 
1578081600000,799.3082835631329 
1578096000000,797.3895256828675 
1578110400000,804.4249712438401 
1578124800000,805.9734425156331 
1578139200000,799.7795574284611 
1578153600000,806.6466908946736 
1578168000000,806.6466908946736 
1578182400000,813.3118498471739 
1578196800000,806.4783787999135 
1578211200000,801.9002898224385 
1578225600000,814.0860854830704 
1578240000000,807.218952016858 
1578254400000,799.2262145857278 
1578268800000,798.5287021479169 
1578283200000,797.3351904902538 
1578297600000,796.3258485496633 
1578312000000,796.3878708330259 
1578326400000,795.285256823771 
1578340800000,813.053615483412 
1578355200000,808.4788220672875 
1578369600000,803.7653397485707 
1578384000000,805.1706015578776 
1578398400000,779.4660209626395 
1578412800000,805.129146334503 
1578427200000,805.129146334503 
1578441600000,805.129146334503 
1578456000000,805.129146334503 
1578470400000,805.129146334503 
1578484800000,805.129146334503 
1578499200000,805.129146334503 
1578513600000,805.129146334503 
1578528000000,805.129146334503 
1578542400000,805.129146334503 
1578556800000,805.129146334503 
1578571200000,805.129146334503 
1578585600000,805.129146334503 
1578600000000,805.129146334503 
1578614400000,805.129146334503 
1578628800000,805.129146334503 
1578643200000,805.129146334503 
1578657600000,805.129146334503 
1578672000000,805.129146334503 
1578686400000,805.129146334503 
1578700800000,805.129146334503 
1578715200000,805.129146334503 
1578729600000,805.129146334503 
1578744000000,805.129146334503 
1578758400000,805.129146334503 
1578772800000,805.129146334503 
1578787200000,805.129146334503 
1578801600000,805.129146334503 
1578816000000,805.129146334503 
1578830400000,805.129146334503 
1578844800000,805.129146334503 
1578859200000,805.129146334503 
1578873600000,805.129146334503 
1578888000000,805.129146334503 
1578902400000,805.129146334503 
1578916800000,805.129146334503 
1578931200000,805.129146334503 
1578945600000,805.129146334503 
1578960000000,805.129146334503 
1578974400000,805.129146334503 
1578988800000,805.129146334503 
1579003200000,805.129146334503 
1579017600000,805.129146334503 
1579032000000,805.129146334503 
1579046400000,805.129146334503 
1579060800000,805.129146334503 
1579075200000,805.129146334503 
1579089600000,805.129146334503 
1579104000000,804.4316338966921 
1579118400000,806.9469932186886 
1579132800000,792.3042415749312 
1579147200000,793.5494379819609 
1579161600000,800.3768023990251 
1579176000000,795.0113798829582 
1579190400000,799.7615454393721 
1579204800000,803.1731966639477 
1579219200000,826.3211735442432 
1579233600000,843.8715931852697 
1579248000000,847.440341468821 
1579262400000,845.875958659593 
1579276800000,901.3871049057924 
1579291200000,908.4757145101069 
1579305600000,945.5320323036948 
1579320000000,878.8013280975633 
1579334400000,892.4407907155199 
1579348800000,839.349549127345 
1579363200000,850.4468896803061 
1579377600000,831.7231829323584 
1579392000000,859.2954299450018 
1579406400000,872.2504750839211 
1579420800000,819.5503291980532 
1579435200000,821.2613728956463 
1579449600000,810.7017889333574 
1579464000000,831.0632089347155 
1579478400000,817.0815375772403 
1579492800000,817.1304245400287 
1579507200000,795.4979435061729 
1579521600000,848.3691937618 
1579536000000,847.4892284316093 
1579550400000,841.4761320086393 
1579564800000,848.8825068710779 
1579579200000,836.5629922484077 
1579593600000,841.842784229552 
1579608000000,835.6830269182168 
1579622400000,820.1369727515137 
1579636800000,841.9405581551288 
1579651200000,834.7297311438435 
1579665600000,856.6555339544295 
1579680000000,849.151385166414 
1579694400000,840.6694971226311 
1579708800000,844.7515585154603 
1579723200000,854.2111858150108 
1579737600000,834.2164180345655 
1579752000000,830.5254523440433 
1579766400000,827.1766953930396 
1579780800000,825.001225548957 
1579795200000,778.8625411476563 
1579809600000,778.8625411476563 
1579824000000,778.8625411476563 
1579838400000,778.8625411476563 
1579852800000,778.8625411476563 
1579867200000,778.8625411476563 
1579881600000,778.8625411476563 
1579896000000,778.8625411476563 
1579910400000,778.8625411476563 
1579924800000,778.8625411476563 
1579939200000,778.8625411476563 
1579953600000,778.8625411476563 
1579968000000,778.8625411476563 
1579982400000,778.8625411476563 
1579996800000,778.8625411476563 
1580011200000,778.8625411476563 
1580025600000,778.8625411476563 
1580040000000,778.8625411476563 
1580054400000,778.8625411476563 
1580068800000,778.8625411476563 
1580083200000,778.8625411476563 
1580097600000,778.8625411476563 
1580112000000,778.8625411476563 
1580126400000,778.8625411476563 
1580140800000,778.8625411476563 
1580155200000,778.8625411476563 
1580169600000,778.8625411476563 
1580184000000,778.8625411476563 
1580198400000,778.8625411476563 
1580212800000,778.8625411476563 
1580227200000,778.8625411476563 
1580241600000,778.8625411476563 
1580256000000,778.8625411476563 
1580270400000,778.8625411476563 
1580284800000,778.8625411476563 
1580299200000,778.8625411476563 
1580313600000,778.8625411476563 
1580328000000,778.8625411476563 
1580342400000,778.8625411476563 
1580356800000,778.8625411476563 
1580371200000,778.8625411476563 
1580385600000,778.8625411476563 
1580400000000,778.8625411476563 
1580414400000,778.8625411476563 
1580428800000,778.1650287098453 
1580443200000,776.9781341670155 
1580457600000,776.9781341670155 
1580472000000,776.9781341670155 
1580486400000,776.2806217292045 
1580500800000,776.8306289031158 
1580515200000,783.4165833256252 
1580529600000,780.8492041970258 
1580544000000,769.865759223142 
1580558400000,776.1416448000832 
1580572800000,773.4411858245782 
1580587200000,775.5932674546239 
1580601600000,757.7144354511671 
1580616000000,771.9144954374517 
1580630400000,778.9225561301647 
1580644800000,775.8691753559119 
1580659200000,778.4075280477607 
1580673600000,768.5852067619109 
1580688000000,777.7637429447554 
1580702400000,778.49949734819 
1580716800000,779.9894000151446 
1580731200000,773.073308622861 
1580745600000,777.9660754056999 
1580760000000,782.3070263859632 
1580774400000,778.4627096280182 
1580788800000,780.4492465172912 
1580803200000,776.4761727387453 
1580817600000,772.4479173799417 
1580832000000,769.9647462683505 
1580846400000,774.5999990099874 
1580860800000,774.8943007713611 
1580875200000,784.7534097773827 
1580889600000,855.5145895276895 
1580904000000,874.8097487577576 
1580918400000,867.7832942049588 
1580932800000,894.0865141277399 
1580947200000,886.8025455337389 
1580961600000,882.958228775794 
1580976000000,887.3359674762289 
1580990400000,890.5732868513404 
1581004800000,878.727640956046 
1581019200000,892.4494605800983 
1581033600000,885.3678244470418 
1581048000000,882.8110778951071 
1581062400000,877.3966980279533 
1581076800000,877.3966980279533 
1581091200000,877.3966980279533 
1581105600000,877.3966980279533 
1581120000000,877.3966980279533 
1581134400000,877.3966980279533 
1581148800000,877.3966980279533 
1581163200000,877.3966980279533 
1581177600000,877.3966980279533 
1581192000000,877.3966980279533 
1581206400000,877.3966980279533 
1581220800000,877.3966980279533 
1581235200000,877.3966980279533 
1581249600000,877.3966980279533 
1581264000000,877.3966980279533 
1581278400000,877.3966980279533 
1581292800000,877.3966980279533 
1581307200000,877.3966980279533 
1581321600000,877.3966980279533 
1581336000000,877.3966980279533 
1581350400000,877.3966980279533 
1581364800000,877.3966980279533 
1581379200000,877.3966980279533 
1581393600000,877.3966980279533 
1581408000000,877.3966980279533 
1581422400000,877.3966980279533 
1581436800000,877.3966980279533 
1581451200000,877.3966980279533 
1581465600000,877.3966980279533 
1581480000000,877.3966980279533 
1581494400000,877.3966980279533 
1581508800000,877.3966980279533 
1581523200000,877.3966980279533 
1581537600000,877.3966980279533 
1581552000000,877.3966980279533 
1581566400000,877.3966980279533 
1581580800000,877.3966980279533 
1581595200000,877.3966980279533 
1581609600000,877.3966980279533 
1581624000000,877.3966980279533 
1581638400000,877.3966980279533 
1581652800000,877.3966980279533 
1581667200000,877.3966980279533 
1581681600000,877.3966980279533 
1581696000000,877.3966980279533 
1581710400000,877.3966980279533 
1581724800000,877.3966980279533 
1581739200000,877.3966980279533 
1581753600000,876.6991855901424 
1581768000000,873.7321602012707 
1581782400000,858.099265614171 
1581796800000,857.4466016702586 
1581811200000,867.4687048565654 
1581825600000,865.4877421362282 
1581840000000,849.9895774613706 
1581854400000,834.7682093528531 
1581868800000,777.4737231318977 
1581883200000,776.7762106940868 
1581897600000,772.4056996832121 
1581912000000,772.4056996832121 
1581926400000,771.7081872454012 
1581940800000,776.0172995209532 
1581955200000,774.8377849871341 
1581969600000,774.1402725493232 
1581984000000,772.6681118163176 
1581998400000,772.7943180742354 
1582012800000,767.8743829660025 
1582027200000,770.016383777817 
1582041600000,785.8249107241735 
1582056000000,783.9654497215339 
1582070400000,783.6614373141741 
1582084800000,773.1898988384479 
1582099200000,784.2356829725204 
1582113600000,774.0512673259673 
1582128000000,764.99845341792 
1582142400000,713.0461109157685 
1582156800000,722.7745079512819 
1582171200000,712.9447734466486 
1582185600000,703.0137014728953 
1582200000000,698.8588652389781 
1582214400000,689.5527076581311 
1582228800000,701.4429707015363 
1582243200000,716.0862349893664 
1582257600000,712.0834049591291 
1582272000000,715.3093143927804 
1582286400000,712.5732027265421 
1582300800000,721.8286915728291 
1582315200000,714.0932647633412 
1582329600000,712.4887548356089 
1582344000000,700.4633751667103 
1582358400000,704.1115240550279 
1582372800000,702.3550079236157 
1582387200000,706.6449607830262 
1582401600000,704.2297511023345 
1582416000000,716.0186766766197 
1582430400000,735.5599186385799 
1582444800000,735.0447527247306 
1582459200000,735.0447527247306 
1582473600000,735.0447527247306 
1582488000000,735.0447527247306 
1582502400000,735.0447527247306 
1582516800000,735.0447527247306 
1582531200000,735.0447527247306 
1582545600000,735.0447527247306 
1582560000000,735.0447527247306 
1582574400000,735.0447527247306 
1582588800000,735.0447527247306 
1582603200000,735.0447527247306 
1582617600000,735.0447527247306 
1582632000000,735.0447527247306 
1582646400000,735.0447527247306 
1582660800000,735.0447527247306 
1582675200000,735.0447527247306 
1582689600000,735.0447527247306 
1582704000000,735.0447527247306 
1582718400000,735.0447527247306 
1582732800000,735.0447527247306 
1582747200000,735.0447527247306 
1582761600000,735.0447527247306 
1582776000000,735.0447527247306 
1582790400000,735.0447527247306 
1582804800000,735.0447527247306 
1582819200000,735.0447527247306 
1582833600000,735.0447527247306 
1582848000000,735.0447527247306 
1582862400000,735.0447527247306 
1582876800000,735.0447527247306 
1582891200000,735.0447527247306 
1582905600000,735.0447527247306 
1582920000000,735.0447527247306 
1582934400000,735.0447527247306 
1582948800000,735.0447527247306 
1582963200000,735.0447527247306 
1582977600000,735.0447527247306 
1582992000000,735.0447527247306 
1583006400000,735.0447527247306 
1583020800000,735.0447527247306 
1583035200000,735.0447527247306 
1583049600000,735.0447527247306 
1583064000000,735.0447527247306 
1583078400000,735.0447527247306 
1583092800000,735.0447527247306 
1583107200000,735.0447527247306 
1583121600000,735.0447527247306 
1583136000000,734.3472402869197 
1583150400000,735.32455273275 
1583164800000,741.7847809287038 
1583179200000,739.4407878994489 
1583193600000,738.9950915291906 
1583208000000,724.3193016419247 
1583222400000,735.2423340742143 
1583236800000,715.9040837634747 
1583251200000,728.2939584214378 
1583265600000,722.6850286776302 
1583280000000,723.4175381590975 
1583294400000,722.1618076194392 
1583308800000,709.8765771731144 
1583323200000,691.0615479205658 
1583337600000,696.8169795606668 
1583352000000,703.0328457319758 
1583366400000,717.2435296724436 
1583380800000,728.4823180023865 
1583395200000,747.590351047522 
1583409600000,747.360133781918 
1583424000000,746.8787704083823 
1583438400000,740.95590802966 
1583452800000,738.2770162117221 
1583467200000,763.5381289011839 
1583481600000,771.9933812015505 
1583496000000,749.5995199109753 
1583510400000,758.4524202155673 
1583524800000,765.4426535529992 
1583539200000,761.8638215149726 
1583553600000,754.748015123575 
1583568000000,759.4570046472941 
1583582400000,755.8781726092675 
1583596800000,726.6824375622093 
1583611200000,726.3894337696224 
1583625600000,709.018494637681 
1583640000000,707.093041143538 
1583654400000,704.9792280684464 
1583668800000,647.529555879074 
