0,1
1573300800000,1000.0 
1573315200000,1000.0 
1573329600000,1000.0 
1573344000000,1000.0 
1573358400000,1000.0 
1573372800000,1000.0 
1573387200000,1000.0 
1573401600000,1000.0 
1573416000000,1000.0 
1573430400000,1000.0 
1573444800000,1000.0 
1573459200000,1000.0 
1573473600000,1000.0 
1573488000000,1000.0 
1573502400000,1000.0 
1573516800000,1000.0 
1573531200000,1000.0 
1573545600000,1000.0 
1573560000000,1000.0 
1573574400000,1000.0 
1573588800000,1000.0 
1573603200000,1000.0 
1573617600000,998.2562189054727 
1573632000000,997.9406571477239 
1573646400000,997.9406571477239 
1573660800000,997.9406571477239 
1573675200000,997.9406571477239 
1573689600000,997.9406571477239 
1573704000000,997.9406571477239 
1573718400000,997.9406571477239 
1573732800000,997.9406571477239 
1573747200000,997.9406571477239 
1573761600000,997.9406571477239 
1573776000000,997.9406571477239 
1573790400000,997.9406571477239 
1573804800000,997.9406571477239 
1573819200000,997.9406571477239 
1573833600000,997.9406571477239 
1573848000000,997.9406571477239 
1573862400000,997.9406571477239 
1573876800000,997.9406571477239 
1573891200000,996.1968760531965 
1573905600000,995.9809850777629 
1573920000000,994.2372039832355 
1573934400000,994.3024237852455 
1573948800000,992.5586426907182 
1573963200000,988.8977021105999 
1573977600000,988.8977021105999 
1573992000000,988.8977021105999 
1574006400000,988.8977021105999 
1574020800000,988.8977021105999 
1574035200000,988.8977021105999 
1574049600000,988.8977021105999 
1574064000000,988.8977021105999 
1574078400000,988.8977021105999 
1574092800000,988.8977021105999 
1574107200000,988.8977021105999 
1574121600000,988.8977021105999 
1574136000000,988.8977021105999 
1574150400000,988.8977021105999 
1574164800000,988.8977021105999 
1574179200000,988.8977021105999 
1574193600000,987.1539210160726 
1574208000000,985.5644679587518 
1574222400000,982.8950056976405 
1574236800000,977.5850199341415 
1574251200000,982.2775654925825 
1574265600000,986.3526708459653 
1574280000000,987.6184232663343 
1574294400000,991.7552726402229 
1574308800000,985.9513347126776 
1574323200000,958.19739749532 
1574337600000,937.3587905746123 
1574352000000,931.3078765650438 
1574366400000,934.333333569828 
1574380800000,931.3696205855496 
1574395200000,922.3241215814498 
1574409600000,877.4053466634796 
1574424000000,874.0094255356605 
1574438400000,877.0348825404448 
1574452800000,879.6590034119413 
1574467200000,880.9556278425631 
1574481600000,870.8296084796118 
1574496000000,870.8296084796118 
1574510400000,897.6573853893823 
1574524800000,898.5526736867164 
1574539200000,902.1955708965587 
1574553600000,884.9998611856931 
1574568000000,883.0240525295075 
1574582400000,888.7971184467998 
1574596800000,865.1491585930781 
1574611200000,878.2697629505608 
1574625600000,862.6793977728461 
1574640000000,851.6272181023077 
1574654400000,843.6622394570594 
1574668800000,875.1516899150179 
1574683200000,897.9661054919113 
1574697600000,886.88305381112 
1574712000000,878.1771469198021 
1574726400000,896.2372729177489 
1574740800000,890.2172309184333 
1574755200000,887.531366026431 
1574769600000,890.4024629799507 
1574784000000,886.5125896880852 
1574798400000,891.0816472055145 
1574812800000,882.3448683039436 
1574827200000,883.8575968063358 
1574841600000,889.0132225185702 
1574856000000,908.3391009368859 
1574870400000,922.6945857044846 
1574884800000,914.791351079742 
1574899200000,913.0625185055796 
1574913600000,916.2732075718812 
1574928000000,911.2719419109114 
1574942400000,922.231505550691 
1574956800000,918.866456433125 
1574971200000,910.2840375828187 
1574985600000,917.1376238589625 
1575000000000,921.6449373558859 
1575014400000,930.5052042984684 
1575028800000,933.2528132109766 
1575043200000,928.5293956422828 
1575057600000,928.8998597653176 
1575072000000,928.5911396627885 
1575086400000,927.8810834269718 
1575100800000,919.483896638183 
1575115200000,908.7095650599206 
1575129600000,905.0975398603313 
1575144000000,908.5243329984032 
1575158400000,888.9206064878115 
1575172800000,891.822575451584 
1575187200000,894.1688482308045 
1575201600000,893.6131520462524 
1575216000000,896.3298889485076 
1575230400000,900.0654021891086 
1575244800000,900.5284823429021 
1575259200000,890.5259510209623 
1575273600000,895.3111126101619 
1575288000000,900.6519703839136 
1575302400000,895.7741927639553 
1575316800000,898.4291856457048 
1575331200000,899.3862179635447 
1575345600000,896.0829128664844 
1575360000000,892.0695515336073 
1575374400000,893.0574558617001 
1575388800000,895.0950085383915 
1575403200000,889.9899511789514 
1575417600000,888.2461700844241 
1575432000000,886.6499006655054 
1575446400000,886.6499006655054 
1575460800000,884.906119570978 
1575475200000,883.0823156138982 
1575489600000,881.3385345193709 
1575504000000,880.0882160309504 
1575518400000,878.3444349364231 
1575532800000,882.80781384407 
1575547200000,881.0640327495427 
1575561600000,882.7250854071414 
1575576000000,880.981304312614 
1575590400000,880.1556088909451 
1575604800000,880.1556088909451 
1575619200000,880.1556088909451 
1575633600000,878.4118277964178 
1575648000000,877.7853010546836 
1575662400000,876.0415199601563 
1575676800000,875.90528908748 
1575691200000,874.1615079929527 
1575705600000,873.351122838813 
1575720000000,873.351122838813 
1575734400000,873.351122838813 
1575748800000,873.351122838813 
1575763200000,873.351122838813 
1575777600000,873.351122838813 
1575792000000,873.351122838813 
1575806400000,873.351122838813 
1575820800000,873.351122838813 
1575835200000,873.351122838813 
1575849600000,873.351122838813 
1575864000000,873.351122838813 
1575878400000,873.351122838813 
1575892800000,873.351122838813 
1575907200000,873.351122838813 
1575921600000,873.351122838813 
1575936000000,873.351122838813 
1575950400000,873.351122838813 
1575964800000,873.351122838813 
1575979200000,873.351122838813 
1575993600000,873.351122838813 
1576008000000,873.351122838813 
1576022400000,873.351122838813 
1576036800000,873.351122838813 
1576051200000,871.6073417442857 
1576065600000,867.6884458854158 
1576080000000,869.8297496150751 
1576094400000,868.0859685205478 
1576108800000,864.9072872781896 
1576123200000,862.2496409348337 
1576137600000,860.5058598403064 
1576152000000,859.226979209565 
1576166400000,857.4831981150377 
1576180800000,856.8654052961862 
1576195200000,856.8654052961862 
1576209600000,855.1216242016588 
1576224000000,855.736253367966 
1576238400000,855.736253367966 
1576252800000,853.9924722734386 
1576267200000,852.6059821833688 
1576281600000,852.6059821833688 
1576296000000,850.8622010888415 
1576310400000,847.6161772338545 
1576324800000,847.6161772338545 
1576339200000,847.6161772338545 
1576353600000,847.6161772338545 
1576368000000,847.6161772338545 
1576382400000,847.6161772338545 
1576396800000,847.6161772338545 
1576411200000,847.6161772338545 
1576425600000,847.6161772338545 
1576440000000,847.6161772338545 
1576454400000,847.6161772338545 
1576468800000,847.6161772338545 
1576483200000,847.6161772338545 
1576497600000,847.6161772338545 
1576512000000,847.6161772338545 
1576526400000,847.6161772338545 
1576540800000,847.6161772338545 
1576555200000,847.6161772338545 
1576569600000,847.6161772338545 
1576584000000,847.6161772338545 
1576598400000,847.6161772338545 
1576612800000,847.6161772338545 
1576627200000,847.6161772338545 
1576641600000,847.6161772338545 
1576656000000,847.6161772338545 
1576670400000,847.6161772338545 
1576684800000,847.6161772338545 
1576699200000,847.6161772338545 
1576713600000,847.6161772338545 
1576728000000,847.6161772338545 
1576742400000,847.6161772338545 
1576756800000,847.6161772338545 
1576771200000,847.6161772338545 
1576785600000,847.6161772338545 
1576800000000,847.6161772338545 
1576814400000,845.8723961393272 
1576828800000,845.4409204910219 
1576843200000,845.4409204910219 
1576857600000,845.4409204910219 
1576872000000,845.4409204910219 
1576886400000,845.4409204910219 
1576900800000,845.4409204910219 
1576915200000,845.4409204910219 
1576929600000,843.6971393964945 
1576944000000,841.7528670181252 
1576958400000,839.6881704924124 
1576972800000,843.580630848102 
1576987200000,850.9241385294544 
1577001600000,842.9624118353211 
1577016000000,841.2186307407937 
1577030400000,846.4382301776038 
1577044800000,851.5109867006979 
1577059200000,851.3032225573957 
1577073600000,849.5594414628683 
1577088000000,849.2530540813608 
1577102400000,847.5092729868335 
1577116800000,840.000500316796 
1577131200000,831.0515345110289 
1577145600000,832.4097102434222 
1577160000000,834.6992064780283 
1577174400000,837.0663127544855 
1577188800000,822.436819865562 
1577203200000,828.8396483182738 
1577217600000,826.4725420418167 
1577232000000,824.0278257235086 
1577246400000,820.2249336728071 
1577260800000,818.3234876474562 
1577275200000,815.5683311617439 
1577289600000,816.1077985626506 
1577304000000,814.3640174681233 
1577318400000,812.3782556159058 
1577332800000,809.020484073299 
1577347200000,809.6264859338581 
1577361600000,818.3933128499447 
1577376000000,835.8461664340432 
1577390400000,820.2921186796962 
1577404800000,835.0785640773352 
1577419200000,839.2397768531736 
1577433600000,828.4529437352237 
1577448000000,861.9446465621165 
1577462400000,874.8322861300041 
1577476800000,883.4375125499416 
1577491200000,899.5975621648478 
1577505600000,892.0427389698791 
1577520000000,894.0627451717423 
1577534400000,890.2265917939079 
1577548800000,890.2265917939079 
1577563200000,888.4828106993806 
1577577600000,887.3564709424782 
1577592000000,884.79143337758 
1577606400000,884.79143337758 
1577620800000,884.79143337758 
1577635200000,883.0476522830527 
1577649600000,881.3575347071339 
1577664000000,879.6137536126066 
1577678400000,880.2804009958454 
1577692800000,871.6662626411389 
1577707200000,871.6662626411389 
1577721600000,869.9224815466116 
1577736000000,869.4243980043844 
1577750400000,866.3185426613085 
1577764800000,864.5400368135582 
1577779200000,864.5400368135582 
1577793600000,864.5400368135582 
1577808000000,862.7962557190309 
1577822400000,862.6242386693204 
1577836800000,863.891708277641 
1577851200000,866.3812452448046 
1577865600000,863.3791565491073 
1577880000000,863.3791565491073 
1577894400000,863.6354324133742 
1577908800000,859.644851098362 
1577923200000,847.2337771002965 
1577937600000,848.9178756369072 
1577952000000,851.8101318193471 
1577966400000,852.322683547881 
1577980800000,829.660574979142 
1577995200000,828.0863089557885 
1578009600000,826.4754320946827 
1578024000000,865.5758068142517 
1578038400000,893.2536001550702 
1578052800000,904.6761815338206 
1578067200000,921.2242801979079 
1578081600000,924.9585856486533 
1578096000000,922.8717678967661 
1578110400000,930.5234329870189 
1578124800000,932.2075315236295 
1578139200000,925.4711373771869 
1578153600000,932.9397482786776 
1578168000000,932.9397482786776 
1578182400000,940.188694153654 
1578196800000,932.7566940899156 
1578211200000,927.7776201555885 
1578225600000,941.0307434219592 
1578240000000,933.5621325204685 
1578254400000,926.4962408342543 
1578268800000,979.6917880884994 
1578283200000,975.3717092337155 
1578297600000,974.0171082368764 
1578312000000,976.2137585020208 
1578326400000,975.3350983959631 
1578340800000,1007.3695814293178 
1578355200000,1001.7315124154475 
1578369600000,995.8371675373102 
1578384000000,997.5944877494256 
1578398400000,965.4501722028136 
1578412800000,999.3151971237887 
1578427200000,1000.5021937053971 
1578441600000,1000.5021937053971 
1578456000000,1000.5021937053971 
1578470400000,1000.5021937053971 
1578484800000,1000.5021937053971 
1578499200000,1000.5021937053971 
1578513600000,1000.5021937053971 
1578528000000,1000.5021937053971 
1578542400000,1000.5021937053971 
1578556800000,1000.5021937053971 
1578571200000,1000.5021937053971 
1578585600000,1000.5021937053971 
1578600000000,1000.5021937053971 
1578614400000,1000.5021937053971 
1578628800000,1000.5021937053971 
1578643200000,1000.5021937053971 
1578657600000,1000.5021937053971 
1578672000000,1000.5021937053971 
1578686400000,1000.5021937053971 
1578700800000,1000.5021937053971 
1578715200000,1000.5021937053971 
1578729600000,1000.5021937053971 
1578744000000,1000.5021937053971 
1578758400000,1000.5021937053971 
1578772800000,1000.5021937053971 
1578787200000,1000.5021937053971 
1578801600000,1000.5021937053971 
1578816000000,1000.5021937053971 
1578830400000,1000.5021937053971 
1578844800000,1000.5021937053971 
1578859200000,1000.5021937053971 
1578873600000,1000.5021937053971 
1578888000000,1000.5021937053971 
1578902400000,1000.5021937053971 
1578916800000,1000.5021937053971 
1578931200000,1000.5021937053971 
1578945600000,1000.5021937053971 
1578960000000,1000.5021937053971 
1578974400000,1000.5021937053971 
1578988800000,1000.5021937053971 
1579003200000,1000.5021937053971 
1579017600000,1000.5021937053971 
1579032000000,1000.5021937053971 
1579046400000,1000.5021937053971 
1579060800000,1000.5021937053971 
1579075200000,1000.5021937053971 
1579089600000,1000.5021937053971 
1579104000000,1000.5021937053971 
1579118400000,1000.5021937053971 
1579132800000,1000.5021937053971 
1579147200000,1000.5021937053971 
1579161600000,1000.5021937053971 
1579176000000,1000.5021937053971 
1579190400000,1000.5021937053971 
1579204800000,1000.5021937053971 
1579219200000,1000.5021937053971 
1579233600000,1000.5021937053971 
1579248000000,1000.5021937053971 
1579262400000,1000.5021937053971 
1579276800000,1000.5021937053971 
1579291200000,1000.5021937053971 
1579305600000,1000.5021937053971 
1579320000000,1000.5021937053971 
1579334400000,1000.5021937053971 
1579348800000,1000.5021937053971 
1579363200000,1000.5021937053971 
1579377600000,1000.5021937053971 
1579392000000,1000.5021937053971 
1579406400000,1000.5021937053971 
1579420800000,1000.5021937053971 
1579435200000,1000.5021937053971 
1579449600000,1000.5021937053971 
1579464000000,1000.5021937053971 
1579478400000,1000.5021937053971 
1579492800000,998.7584126108698 
1579507200000,991.6600602985243 
1579521600000,991.6600602985243 
1579536000000,991.6600602985243 
1579550400000,991.6600602985243 
1579564800000,991.6600602985243 
1579579200000,991.6600602985243 
1579593600000,991.6600602985243 
1579608000000,991.6600602985243 
1579622400000,991.6600602985243 
1579636800000,991.6600602985243 
1579651200000,989.916279203997 
1579665600000,995.9674525389104 
1579680000000,995.9674525389104 
1579694400000,994.2236714443831 
1579708800000,993.6928747155767 
1579723200000,998.2924229967678 
1579737600000,996.5486419022404 
1579752000000,994.9480496422598 
1579766400000,994.9480496422598 
1579780800000,993.2042685477325 
1579795200000,979.2326620046156 
1579809600000,979.2326620046156 
1579824000000,977.4888809100883 
1579838400000,975.8171984233849 
1579852800000,986.1572040534952 
1579867200000,986.1572040534952 
1579881600000,986.1572040534952 
1579896000000,984.4134229589679 
1579910400000,974.4187392302711 
1579924800000,974.4187392302711 
1579939200000,972.6749581357437 
1579953600000,972.2527624473033 
1579968000000,976.4404012788896 
1579982400000,971.5932139744561 
1579996800000,973.6568679753535 
1580011200000,975.6245380692325 
1580025600000,997.0289493343547 
1580040000000,1016.8736221104265 
1580054400000,1047.948412007661 
1580068800000,1054.7872653827283 
1580083200000,1080.0070369518353 
1580097600000,1090.4452868400954 
1580112000000,1107.4344383823673 
1580126400000,1115.6890543859572 
1580140800000,1108.3702814757976 
1580155200000,1091.6930776313357 
1580169600000,1107.9143579174597 
1580184000000,1100.043677541944 
1580198400000,1101.9393597055591 
1580212800000,1098.0280154945558 
1580227200000,1098.459943076139 
1580241600000,1132.294270300155 
1580256000000,1145.3000897011598 
1580270400000,1164.8328147794214 
1580284800000,1139.7570190708423 
1580299200000,1129.966660554957 
1580313600000,1147.6516954231129 
1580328000000,1131.7423628347988 
1580342400000,1137.1654535813432 
1580356800000,1157.4900458925076 
1580371200000,1144.9881420033498 
1580385600000,1149.163441958654 
1580400000000,1165.312734314514 
1580414400000,1164.5928550118754 
1580428800000,1147.310952553197 
1580443200000,1145.5671714586697 
1580457600000,1142.6191853061166 
1580472000000,1132.236240106453 
1580486400000,1121.8214448953202 
1580500800000,1132.0870084712385 
1580515200000,1130.3432273767112 
1580529600000,1127.0845188549106 
1580544000000,1112.7334690236087 
1580558400000,1121.3271582674874 
1580572800000,1118.0201601057167 
1580587200000,1121.0667647114424 
1580601600000,1095.756511063875 
1580616000000,1115.8588935905439 
1580630400000,1125.779888075856 
1580644800000,1121.45735504551 
1580659200000,1123.0608585636346 
1580673600000,1121.3170774691073 
1580688000000,1122.867949555221 
1580702400000,1121.6489172135334 
1580716800000,1121.4950126792742 
1580731200000,1111.6724922607584 
1580745600000,1118.6214029823682 
1580760000000,1124.7866019684577 
1580774400000,1119.3267435443358 
1580788800000,1122.1481057922074 
1580803200000,1116.5053812964643 
1580817600000,1110.7842856271693 
1580832000000,1107.2575828173299 
1580846400000,1113.8407613956965 
1580860800000,1114.2587409879739 
1580875200000,1128.2610573292625 
1580889600000,1228.7590255474279 
1580904000000,1256.1628125661064 
1580918400000,1246.1835498004866 
1580932800000,1283.5404758602674 
1580947200000,1273.195480951405 
1580961600000,1265.4422729993557 
1580976000000,1263.6984919048284 
1580990400000,1262.9467595397346 
1581004800000,1254.7186677925872 
1581019200000,1252.97488669806 
1581033600000,1250.3251652534925 
1581048000000,1248.5813841589652 
1581062400000,1245.6642781473017 
1581076800000,1241.9660034192723 
1581091200000,1241.3324839948389 
1581105600000,1250.0382766084253 
1581120000000,1231.7378800934778 
1581134400000,1263.5755562222225 
1581148800000,1261.545055440285 
1581163200000,1259.8012743457577 
1581177600000,1260.8059571580773 
1581192000000,1260.8059571580773 
1581206400000,1260.8059571580773 
1581220800000,1260.8059571580773 
1581235200000,1260.8059571580773 
1581249600000,1259.06217606355 
1581264000000,1257.9868655845028 
1581278400000,1257.9868655845028 
1581292800000,1257.9868655845028 
1581307200000,1256.2430844899754 
1581321600000,1253.125295284741 
1581336000000,1251.3815141902137 
1581350400000,1249.4442972298784 
1581364800000,1249.4442972298784 
1581379200000,1247.700516135351 
1581393600000,1245.7637257714098 
1581408000000,1245.7637257714098 
1581422400000,1245.7637257714098 
1581436800000,1244.0199446768825 
1581451200000,1243.1756574954347 
1581465600000,1243.1756574954347 
1581480000000,1243.1756574954347 
1581494400000,1243.1756574954347 
1581508800000,1243.1756574954347 
1581523200000,1243.1756574954347 
1581537600000,1243.1756574954347 
1581552000000,1243.1756574954347 
1581566400000,1243.1756574954347 
1581580800000,1243.1756574954347 
1581595200000,1243.1756574954347 
1581609600000,1243.1756574954347 
1581624000000,1243.1756574954347 
1581638400000,1243.1756574954347 
1581652800000,1243.1756574954347 
1581667200000,1243.1756574954347 
1581681600000,1243.1756574954347 
1581696000000,1243.1756574954347 
1581710400000,1243.1756574954347 
1581724800000,1243.1756574954347 
1581739200000,1243.1756574954347 
1581753600000,1241.4318764009074 
1581768000000,1235.2719291502003 
1581782400000,1235.2719291502003 
1581796800000,1235.2719291502003 
1581811200000,1235.2719291502003 
1581825600000,1235.2719291502003 
1581840000000,1233.528148055673 
1581854400000,1227.6809149727958 
1581868800000,1227.6809149727958 
1581883200000,1225.9371338782685 
1581897600000,1215.0108563510819 
1581912000000,1215.0108563510819 
1581926400000,1215.0108563510819 
1581940800000,1215.0108563510819 
1581955200000,1215.0108563510819 
1581969600000,1215.0108563510819 
1581984000000,1215.0108563510819 
1581998400000,1215.0108563510819 
1582012800000,1215.0108563510819 
1582027200000,1215.0108563510819 
1582041600000,1215.0108563510819 
1582056000000,1215.0108563510819 
1582070400000,1215.0108563510819 
1582084800000,1215.0108563510819 
1582099200000,1215.0108563510819 
1582113600000,1215.0108563510819 
1582128000000,1215.0108563510819 
1582142400000,1215.0108563510819 
1582156800000,1215.0108563510819 
1582171200000,1215.0108563510819 
1582185600000,1215.0108563510819 
1582200000000,1215.0108563510819 
1582214400000,1215.0108563510819 
1582228800000,1215.0108563510819 
1582243200000,1215.0108563510819 
1582257600000,1215.0108563510819 
1582272000000,1215.0108563510819 
1582286400000,1215.0108563510819 
1582300800000,1215.0108563510819 
1582315200000,1215.0108563510819 
1582329600000,1215.0108563510819 
1582344000000,1215.0108563510819 
1582358400000,1215.0108563510819 
1582372800000,1215.0108563510819 
1582387200000,1215.0108563510819 
1582401600000,1215.0108563510819 
1582416000000,1215.0108563510819 
1582430400000,1215.0108563510819 
1582444800000,1215.0108563510819 
1582459200000,1215.0108563510819 
1582473600000,1215.0108563510819 
1582488000000,1215.0108563510819 
1582502400000,1215.0108563510819 
1582516800000,1215.0108563510819 
1582531200000,1215.0108563510819 
1582545600000,1215.0108563510819 
1582560000000,1215.0108563510819 
1582574400000,1215.0108563510819 
1582588800000,1215.0108563510819 
1582603200000,1215.0108563510819 
1582617600000,1215.0108563510819 
1582632000000,1215.0108563510819 
1582646400000,1215.0108563510819 
1582660800000,1213.2670752565546 
1582675200000,1200.3485469192992 
1582689600000,1183.6240986394846 
1582704000000,1164.5720231421283 
1582718400000,1162.5420259863072 
1582732800000,1168.3633413596172 
1582747200000,1161.6762919051484 
1582761600000,1175.0205379147358 
1582776000000,1185.8571403788974 
1582790400000,1177.946122051066 
1582804800000,1183.588320028274 
1582819200000,1201.1418248462546 
1582833600000,1175.1996553108377 
1582848000000,1181.2000880802493 
1582862400000,1148.809692285166 
1582876800000,1134.2116245028656 
1582891200000,1145.9139610481861 
1582905600000,1123.763109730258 
1582920000000,1158.1835026811625 
1582934400000,1149.8545437624266 
1582948800000,1165.9452565122424 
1582963200000,1148.9888096812679 
1582977600000,1140.0926456748762 
1582992000000,1145.9438139475365 
1583006400000,1127.7036924444988 
1583020800000,1172.0352479797052 
1583035200000,1146.958812525447 
1583049600000,1161.8554093012501 
1583064000000,1133.6444194152098 
1583078400000,1130.539717882778 
1583092800000,1145.4661675579316 
1583107200000,1155.914682330539 
1583121600000,1160.9001165220402 
1583136000000,1176.0653893919966 
1583150400000,1192.2755137392132 
1583164800000,1227.203405979073 
1583179200000,1221.7701782973172 
1583193600000,1222.3970891836734 
1583208000000,1194.454775391786 
1583222400000,1213.7696012714348 
1583236800000,1186.1855222717509 
1583251200000,1203.8584386871328 
1583265600000,1193.89216765063 
1583280000000,1193.89216765063 
1583294400000,1193.89216765063 
1583308800000,1193.89216765063 
1583323200000,1193.89216765063 
1583337600000,1193.89216765063 
1583352000000,1193.89216765063 
1583366400000,1193.89216765063 
1583380800000,1193.89216765063 
1583395200000,1193.89216765063 
1583409600000,1193.89216765063 
1583424000000,1193.89216765063 
1583438400000,1193.89216765063 
1583452800000,1193.89216765063 
1583467200000,1193.89216765063 
1583481600000,1193.89216765063 
1583496000000,1193.89216765063 
1583510400000,1193.89216765063 
1583524800000,1193.89216765063 
1583539200000,1193.89216765063 
1583553600000,1193.89216765063 
1583568000000,1192.1483865561027 
1583582400000,1189.178039330294 
1583596800000,1167.3722804620515 
1583611200000,1165.3219908943902 
1583625600000,1140.9127234233233 
1583640000000,1138.2071178723131 
1583654400000,1135.2368335174003 
1583668800000,1054.5097983269434 
1583683200000,1027.5713778408021 
1583697600000,993.6630821852111 
1583712000000,973.8121718924758 
1583726400000,1001.6328550582945 
1583740800000,983.3112000769996 
1583755200000,960.4311879173728 
1583769600000,975.0767484000131 
1583784000000,998.1920306075538 
1583798400000,992.1926443857493 
1583812800000,974.1356682083575 
1583827200000,999.3683808471233 
1583841600000,968.1362819865531 
1583856000000,990.663389074309 
1583870400000,989.1929512748471 
1583884800000,992.4573231896525 
1583899200000,979.9967156419885 
1583913600000,978.2529345474612 
1583928000000,971.1016129464326 
1583942400000,977.1903422315155 
1583956800000,987.7301351961818 
1583971200000,958.7740373201364 
1583985600000,919.5614742472923 
1584000000000,724.3203094098872 
1584014400000,734.1801157316715 
1584028800000,734.3217796156054 
1584043200000,639.860301808624 
1584057600000,675.84292832778 
1584072000000,718.6537540525397 
1584086400000,704.2040378913039 
1584100800000,697.6874992303543 
1584115200000,709.0206099450492 
1584129600000,737.4667178389332 
1584144000000,734.151782954885 
1584158400000,723.7528038908488 
1584172800000,723.7528038908488 
1584187200000,723.7528038908488 
1584201600000,723.7528038908488 
1584216000000,723.7528038908488 
1584230400000,723.7528038908488 
1584244800000,723.7528038908488 
