0,1
1573387200000,1000.0 
1573401600000,1000.0 
1573416000000,999.3024875621891 
1573430400000,999.5889511012966 
1573444800000,996.4876359222786 
1573459200000,992.7105358598228 
1573473600000,995.6566739085383 
1573488000000,994.8257118947981 
1573502400000,994.7828968011461 
1573516800000,995.3145024773534 
1573531200000,994.8588404691757 
1573545600000,994.4411502950129 
1573560000000,990.3641446298845 
1573574400000,989.564779791441 
1573588800000,994.5529380661496 
1573603200000,989.1771391682416 
1573617600000,990.3613083085459 
1573632000000,986.4869324445489 
1573646400000,990.7569878558062 
1573660800000,997.9122158422375 
1573675200000,1007.0293611797871 
1573689600000,998.6046572602793 
1573704000000,991.9110568858757 
1573718400000,978.4084492340619 
1573732800000,980.2549596821731 
1573747200000,978.1776354280478 
1573761600000,988.6796636016809 
1573776000000,976.3311249799366 
1573790400000,979.6779251671384 
1573804800000,998.3738434542654 
1573819200000,989.7183257287436 
1573833600000,988.448849795667 
1573848000000,992.3726844979036 
1573862400000,977.9468216220339 
1573876800000,990.1799533407715 
1573891200000,976.5619387859505 
1573905600000,982.5630977423123 
1573920000000,984.5250150934305 
1573934400000,987.4101876686044 
1573948800000,983.0247253543401 
1573963200000,983.0247253543401 
1573977600000,981.6398425182565 
1573992000000,983.8325736753887 
1574006400000,984.1787943844097 
1574020800000,982.3322839362984 
1574035200000,986.8331531535697 
1574049600000,990.4107671467854 
1574064000000,983.9479805783957 
1574078400000,978.0622285250408 
1574092800000,944.2480059440024 
1574107200000,942.2860885928843 
1574121600000,930.3991775831676 
1574136000000,930.2837706801606 
1574150400000,914.7038387742215 
1574164800000,913.088142132124 
1574179200000,921.282032245618 
1574193600000,929.7067361651259 
1574208000000,931.8994673222581 
1574222400000,923.0131357907223 
1574236800000,923.0131357907223 
1574251200000,915.3962801922631 
1574265600000,927.1677842989728 
1574280000000,915.6270939982771 
1574294400000,921.8590667606528 
1574308800000,923.3593564997432 
1574323200000,876.7349676849325 
1574337600000,848.3448695452212 
1574352000000,841.9974898798384 
1574366400000,850.3067868963393 
1574380800000,880.7742092901761 
1574395200000,856.1925389496943 
1574409600000,823.5323853987253 
1574424000000,807.4908258807583 
1574438400000,808.6448949108279 
1574452800000,824.6864544287948 
1574467200000,809.2219294258626 
1574481600000,809.6835570378905 
1574496000000,805.4135016266331 
1574510400000,823.9940130107532 
1574524800000,819.262329987468 
1574539200000,824.340233719774 
1574553600000,814.2998331581688 
1574568000000,811.1838467769809 
1574582400000,808.8757087168418 
1574596800000,794.3344389379652 
1574611200000,777.1388103899286 
1574625600000,773.6766032997199 
1574640000000,755.5577195276276 
1574654400000,724.6286695217631 
1574668800000,750.1335950863006 
1574683200000,784.063224570346 
1574697600000,792.3725215868469 
1574712000000,780.3702036741233 
1574726400000,792.3725215868469 
1574740800000,788.4486868846103 
1574755200000,775.6385206508382 
1574769600000,778.523693226012 
1574784000000,788.5640937876173 
1574798400000,791.3338594597843 
1574812800000,780.0239829651025 
1574827200000,782.6783417342625 
1574841600000,777.6004380019564 
1574856000000,805.644315432647 
1574870400000,808.9911156198488 
1574884800000,799.1815288642574 
1574899200000,800.6818186033479 
1574913600000,803.2207704695008 
1574928000000,802.0667014394313 
1574942400000,821.2242473385861 
1574956800000,817.0695988303357 
1574971200000,805.0672809176123 
1574985600000,808.4140811048139 
1575000000000,805.644315432647 
1575014400000,811.6454743890088 
1575028800000,823.1861646897045 
1575043200000,822.8399439806836 
1575057600000,825.8405234588644 
1575072000000,820.1855852115236 
1575086400000,821.9166887566279 
1575100800000,813.1457641280992 
1575115200000,792.6033353928608 
1575129600000,793.8728113259374 
1575144000000,795.0268803560069 
1575158400000,771.4838721425878 
1575172800000,773.4457894937059 
1575187200000,787.5254316605548 
1575201600000,788.5640937876173 
1575216000000,793.7574044229304 
1575230400000,805.0672809176123 
1575244800000,800.104784088313 
1575259200000,785.3327005034225 
1575273600000,785.9097350184572 
1575288000000,783.0245624432835 
1575302400000,775.5231137478312 
1575316800000,782.9091555402765 
1575331200000,787.1792109515338 
1575345600000,777.6004380019564 
1575360000000,776.215555165873 
1575374400000,776.4463689718868 
1575388800000,779.6777622560817 
1575403200000,769.4065478884625 
1575417600000,751.4030710193772 
1575432000000,758.6737059088155 
1575446400000,770.3298031125181 
1575460800000,768.137071955386 
1575475200000,765.5981200892329 
1575489600000,747.4792363171406 
1575504000000,736.2847667254657 
1575518400000,744.2478430329458 
1575532800000,748.7487122502171 
1575547200000,737.9004633675631 
1575561600000,738.4774978825978 
1575576000000,745.7481327720362 
1575590400000,744.5940637419667 
1575604800000,742.7475532938554 
1575619200000,744.2478430329458 
1575633600000,753.7112090795163 
1575648000000,750.7106296013354 
1575662400000,752.7879538554606 
1575676800000,760.6356232599336 
1575691200000,774.9460792327965 
1575705600000,769.2911409854555 
1575720000000,765.8289338952468 
1575734400000,760.8664370659477 
1575748800000,756.827195460704 
1575763200000,747.9408639291684 
1575777600000,754.6344643035719 
1575792000000,760.9818439689546 
1575806400000,773.214975687692 
1575820800000,764.6748648651773 
1575835200000,771.5992790455947 
1575849600000,762.8283544170658 
1575864000000,766.7521891193024 
1575878400000,760.0585887448989 
1575892800000,751.2876641163701 
1575907200000,754.1728366915441 
1575921600000,751.4030710193772 
1575936000000,735.0152907923891 
1575950400000,717.1272208263109 
1575964800000,715.5115241842135 
1575979200000,702.8167648534483 
1575993600000,703.6246131744969 
1576008000000,704.6632753015595 
1576022400000,711.8185032879908 
1576036800000,716.665593214283 
1576051200000,746.440574190078 
1576065600000,826.5329648769062 
1576080000000,791.2184525567774 
1576094400000,761.7896922900032 
1576108800000,810.8376260679601 
1576123200000,813.3765779341131 
1576137600000,804.7210602085913 
1576152000000,822.4937232716628 
1576166400000,826.1867441678854 
1576180800000,813.8382055461409 
1576195200000,804.3748394995705 
1576209600000,801.4896669243966 
1576224000000,969.5221177025261 
1576238400000,845.5751038730541 
1576252800000,819.7239575994957 
1576267200000,819.0315161814541 
1576281600000,827.9178477129897 
1576296000000,836.8041792445255 
1576310400000,838.8815034986507 
1576324800000,816.0309367032731 
1576339200000,864.848056675216 
1576353600000,884.2364163803849 
1576368000000,892.3148995908718 
1576382400000,917.5890113493954 
1576396800000,988.6796636016809 
1576411200000,892.1994926878648 
1576425600000,936.0541158305085 
1576440000000,929.8221430681328 
1576454400000,920.4741839245694 
1576468800000,913.8959904531728 
1576483200000,961.674448298053 
1576497600000,1079.8511169771773 
1576512000000,1000.7973884174115 
1576526400000,987.1793738625905 
1576540800000,1013.0305201361489 
1576555200000,1136.5159063535932 
1576569600000,1088.275820896685 
1576584000000,1044.7674184630623 
1576598400000,1044.5366046570482 
1576612800000,1116.4351052303825 
1576627200000,1066.1176955193494 
1576641600000,1066.2331024223563 
1576656000000,1035.6502731255125 
1576670400000,1083.7749516794138 
1576684800000,1098.3162214582903 
1576699200000,1094.9694212710885 
1576713600000,1085.852275933539 
1576728000000,1101.778428548499 
1576742400000,1144.1327619520523 
1576756800000,1151.5188037444975 
1576771200000,1134.3231751964609 
1576785600000,1127.2833541130365 
1576800000000,1113.2037119461877 
1576814400000,1119.3202778055565 
1576828800000,1131.32259571828 
1576843200000,1109.8569117589861 
1576857600000,1107.087146086819 
1576872000000,1095.6618626891302 
1576886400000,1023.532548309782 
1576900800000,1025.3790587578933 
1576915200000,1119.5510916115704 
1576929600000,1157.9815903128872 
1576944000000,1129.7068990761827 
1576958400000,1146.5563069151983 
1576972800000,1119.3202778055565 
1576987200000,1145.9792724001636 
1577001600000,1113.5499326552087 
1577016000000,1135.9388718385583 
1577030400000,1110.087725565 
1577044800000,1101.201394033464 
1577059200000,1110.203132468007 
1577073600000,1104.8944149296867 
1577088000000,1131.4380026212868 
1577102400000,1159.9435076640054 
1577116800000,1122.7824848957653 
1577131200000,1095.6618626891302 
1577145600000,1090.9301796658451 
1577160000000,1098.0854076522762 
1577174400000,1079.5048962681562 
1577188800000,1064.040371265224 
1577203200000,1087.5833794786433 
1577217600000,1076.7351305959894 
1577232000000,1094.7386074650747 
1577246400000,1096.1234903011582 
1577260800000,1130.7455612032452 
1577275200000,1083.8903585824207 
1577289600000,1092.8920970169634 
1577304000000,1075.3502477599059 
1577318400000,1071.6572268636833 
1577332800000,1075.4656546629128 
1577347200000,1125.4368436649252 
1577361600000,1123.3595194108 
1577376000000,1167.3295494564506 
1577390400000,1120.3589399326193 
1577404800000,1121.3976020596817 
1577419200000,1103.1633113845826 
1577433600000,1128.783643852127 
1577448000000,1130.7455612032452 
1577462400000,1146.7871207212122 
1577476800000,1133.861547584433 
1577491200000,1126.244691985974 
1577505600000,1154.9810108347062 
1577520000000,1219.2626558095812 
1577534400000,1312.2806196331887 
1577548800000,1272.9268657078164 
1577563200000,1290.9303425769017 
1577577600000,1306.7410882888546 
1577592000000,1273.0422726108234 
1577606400000,1274.6579692529208 
1577620800000,1250.8841472334875 
1577635200000,1226.8795114080403 
1577649600000,1250.3071127184528 
1577664000000,1228.9568356621658 
1577678400000,1222.840269802797 
1577692800000,1327.7451446361208 
1577707200000,1326.8218894120653 
1577721600000,1309.9724815730497 
1577736000000,1284.467556008512 
1577750400000,1294.6233634731243 
1577764800000,1314.1271300813003 
1577779200000,1291.8535978009572 
1577793600000,1299.5858603024233 
1577808000000,1264.3867548853016 
1577822400000,1259.8858856680301 
1577836800000,1268.1951826845311 
1577851200000,1281.2361627243172 
1577865600000,1263.69431346726 
1577880000000,1298.4317912723538 
1577894400000,1330.514910308288 
1577908800000,1301.6631845565487 
1577923200000,1285.044590523547 
1577937600000,1285.5062181355747 
1577952000000,1278.0047694401226 
1577966400000,1271.541982871733 
1577980800000,1216.1466694283936 
1577995200000,1189.3722679307793 
1578009600000,1173.4461153158193 
1578024000000,1260.9245477950928 
1578038400000,1258.154782122926 
1578052800000,1248.8068229793623 
1578067200000,1222.72486289979 
1578081600000,1205.7600481577674 
1578096000000,1202.4132479705656 
1578110400000,1205.8754550607744 
1578124800000,1187.1795367736472 
1578139200000,1173.5615222188262 
1578153600000,1187.7565712886822 
1578168000000,1187.6411643856752 
1578182400000,1177.485356921063 
1578196800000,1178.8702397571462 
1578211200000,1150.018514005407 
1578225600000,1133.6307337784192 
1578240000000,1122.3208572837373 
1578254400000,1119.5510916115704 
1578268800000,1147.594969042261 
1578283200000,1120.2435330296123 
1578297600000,1176.2158809879863 
1578312000000,1135.5926511295374 
1578326400000,1145.2868309821217 
1578340800000,1126.129285082967 
1578355200000,1129.0144576581408 
1578369600000,1130.7455612032452 
1578384000000,1161.0975766940749 
1578398400000,1140.6705548618436 
1578412800000,1123.5903332168139 
1578427200000,1126.5909126949948 
1578441600000,1093.0075039199703 
1578456000000,1089.3144830237477 
1578470400000,1099.9319181003877 
1578484800000,1092.7766901139564 
1578499200000,1087.8141932846572 
1578513600000,1080.8897791042398 
1578528000000,1078.004606529066 
1578542400000,1059.5395020479527 
1578556800000,1065.0790333922866 
1578571200000,1068.4258335794884 
1578585600000,1054.3461914126397 
1578600000000,1047.998811747257 
1578614400000,1053.9999707036188 
1578628800000,1045.344452978097 
1578643200000,1048.460439359285 
1578657600000,1042.9209080149508 
1578672000000,1039.2278871187282 
1578686400000,1050.9993912254379 
1578700800000,1047.88340484425 
1578715200000,1032.9959143563526 
1578729600000,1068.7720542885093 
1578744000000,1098.777849070318 
1578758400000,1097.5083731372415 
1578772800000,1092.4304694049356 
1578787200000,1078.9278617531215 
1578801600000,1102.2400561605268 
1578816000000,1100.0473250033947 
1578830400000,1082.5054757463372 
1578844800000,1067.7333921614465 
1578859200000,1073.6191442148015 
1578873600000,1073.2729235057807 
1578888000000,1082.0438481343094 
1578902400000,1100.1627319064016 
1578916800000,1084.6982069034693 
1578931200000,1094.6232005620675 
1578945600000,1091.3918072778729 
1578960000000,1098.3162214582903 
1578974400000,1105.7022632507355 
1578988800000,1090.3531451508102 
1579003200000,1101.663021645492 
1579017600000,1097.2775593312276 
1579032000000,1101.663021645492 
1579046400000,1116.5505121333895 
1579060800000,1112.049642916118 
1579075200000,1114.1269671702435 
1579089600000,1138.9394513167392 
1579104000000,1132.3612578453426 
1579118400000,1132.3612578453426 
1579132800000,1093.2383177259842 
1579147200000,1108.8182496319234 
1579161600000,1103.6249389966104 
1579176000000,1100.2781388094086 
1579190400000,1111.5880153040903 
1579204800000,1113.4345257522018 
1579219200000,1126.129285082967 
1579233600000,1114.1269671702435 
1579248000000,1131.5534095242938 
1579262400000,1112.395863625139 
1579276800000,1126.8217265010087 
1579291200000,1132.9382923603773 
1579305600000,1135.9388718385583 
1579320000000,1123.9365539258347 
1579334400000,1123.474926313807 
1579348800000,1118.166208775487 
1579363200000,1115.165629297306 
1579377600000,1117.7045811634591 
1579392000000,1112.2804567221322 
1579406400000,1112.395863625139 
1579420800000,1076.8505374989963 
1579435200000,1079.8511169771773 
1579449600000,1088.85285541172 
1579464000000,1131.7842233303077 
1579478400000,1129.4760852701686 
1579492800000,1118.3970225815008 
1579507200000,1106.8563322808052 
1579521600000,1101.0859871304574 
1579536000000,1098.2008145552834 
1579550400000,1098.5470352643042 
1579564800000,1108.5874358259093 
1579579200000,1102.2400561605268 
1579593600000,1097.0467455252137 
1579608000000,1121.8592296717095 
1579622400000,1092.7766901139564 
1579636800000,1098.2008145552834 
1579651200000,1099.47029048836 
1579665600000,1099.7011042943739 
1579680000000,1092.4304694049356 
1579694400000,1097.0467455252137 
1579708800000,1090.0069244417894 
1579723200000,1119.5510916115704 
1579737600000,1088.391227799692 
1579752000000,1085.852275933539 
1579766400000,1065.7714748103285 
1579780800000,1068.4258335794884 
1579795200000,1110.5493531770278 
1579809600000,1102.8170906755618 
1579824000000,1082.0438481343094 
1579838400000,1085.967682836546 
1579852800000,1085.736869030532 
1579867200000,1122.8978917987722 
1579881600000,1108.4720289229024 
1579896000000,1086.0830897395529 
1579910400000,1078.9278617531215 
1579924800000,1079.5048962681562 
1579939200000,1081.8130343282953 
1579953600000,1083.8903585824207 
1579968000000,1083.5441378734 
1579982400000,1083.5441378734 
1579996800000,1076.1580960809547 
1580011200000,1085.736869030532 
1580025600000,1079.6203031711632 
1580040000000,1083.6595447764068 
1580054400000,1097.6237800402484 
1580068800000,1101.201394033464 
1580083200000,1091.045586568852 
1580097600000,1103.9711597056312 
1580112000000,1102.3554630635338 
1580126400000,1103.9711597056312 
1580140800000,1106.6255184747913 
1580155200000,1097.7391869432554 
1580169600000,1111.1263876920625 
1580184000000,1108.3566220198954 
1580198400000,1108.3566220198954 
1580212800000,1103.9711597056312 
1580227200000,1135.9388718385583 
1580241600000,1132.1304440393287 
1580256000000,1121.5130089626887 
1580270400000,1129.7068990761827 
1580284800000,1112.511270528146 
1580299200000,1118.9740570965355 
1580313600000,1109.741504855979 
1580328000000,1103.5095320936034 
1580342400000,1095.4310488831163 
1580356800000,1100.7397664214363 
1580371200000,1111.8188291101042 
1580385600000,1110.318539371014 
1580400000000,1099.9319181003877 
1580414400000,1104.317380414652 
1580428800000,1101.778428548499 
1580443200000,1097.0467455252137 
1580457600000,1102.1246492575199 
1580472000000,1104.8944149296867 
1580486400000,1138.708637510725 
1580500800000,1115.9734776183548 
1580515200000,1132.4766647483495 
1580529600000,1121.051381350661 
1580544000000,1123.244112507793 
1580558400000,1150.3647347144279 
1580572800000,1151.9804313565253 
1580587200000,1147.3641552362471 
1580601600000,1133.7461406814261 
1580616000000,1151.8650244535183 
1580630400000,1184.0635503924593 
1580644800000,1229.1876494681796 
1580659200000,1230.68793920727 
1580673600000,1215.3388211073448 
1580688000000,1206.3370826728021 
1580702400000,1242.3440364109726 
1580716800000,1237.6123533876873 
1580731200000,1226.3024768930056 
1580745600000,1237.9585740967084 
1580760000000,1232.5344496553814 
1580774400000,1230.341718498249 
1580788800000,1223.301897414825 
1580803200000,1222.72486289979 
1580817600000,1201.836213455531 
1580832000000,1212.222834726157 
1580846400000,1211.761207114129 
1580860800000,1213.6077175622404 
1580875200000,1220.8783524516787 
1580889600000,1242.4594433139798 
1580904000000,1260.116699474044 
1580918400000,1248.1143815613204 
1580932800000,1244.190546859084 
1580947200000,1239.4588638357989 
1580961600000,1255.7312371597795 
1580976000000,1259.3088511529954 
1580990400000,1255.1542026447448 
1581004800000,1260.001292571037 
1581019200000,1284.352149105505 
1581033600000,1301.4323707505348 
1581048000000,1295.084991085152 
1581062400000,1356.5968703878602 
1581076800000,1389.9494653568709 
1581091200000,1373.67709203289 
1581105600000,1363.6366914712846 
1581120000000,1298.316384369347 
1581134400000,1325.3215996729748 
1581148800000,1344.5945524751369 
1581163200000,1340.786124675907 
1581177600000,1329.2454343752115 
1581192000000,1321.8593925827663 
1581206400000,1348.8646078863942 
1581220800000,1384.6407478185508 
1581235200000,1385.2177823335855 
1581249600000,1364.790760501354 
1581264000000,1362.367215538208 
1581278400000,1378.1779612501612 
1581292800000,1438.304957716786 
1581307200000,1413.0308459582623 
1581321600000,1562.3673784492648 
1581336000000,1573.6772549439465 
1581350400000,1687.1222405997855 
1581364800000,1763.8678310994121 
1581379200000,1720.128614859775 
1581393600000,1735.4777329597007 
1581408000000,1767.9070727046555 
1581422400000,1726.129773816137 
1581436800000,1764.5602725174538 
1581451200000,1736.978022698791 
1581465600000,1783.1407839015737 
1581480000000,1765.3681208385026 
1581494400000,1879.159327203362 
1581508800000,1785.102701252692 
1581523200000,1793.5274051722001 
1581537600000,1755.327720276897 
1581552000000,1742.748367849139 
1581566400000,1755.443127179904 
1581580800000,1710.7806557162116 
1581595200000,1723.590821949984 
1581609600000,1734.2082570266239 
1581624000000,1720.244021762782 
1581638400000,1709.857400492156 
1581652800000,1683.3138128005558 
1581667200000,1780.7172389384277 
1581681600000,1846.729987458407 
1581696000000,1869.8113680597985 
1581710400000,1888.6226932499326 
1581724800000,1992.719719762208 
1581739200000,2058.2708406701595 
1581753600000,1986.94937461186 
1581768000000,1883.1985688086056 
1581782400000,1817.762854803661 
1581796800000,1811.4154751382782 
1581811200000,1806.452978308979 
1581825600000,1798.3744950984922 
1581840000000,1754.1736512468276 
1581854400000,1699.0091516095022 
1581868800000,1631.2652995444182 
1581883200000,1712.7425730673299 
1581897600000,1603.5676428227484 
1581912000000,1594.335090582192 
1581926400000,1601.836539277644 
1581940800000,1568.7147581146476 
1581955200000,1649.6149971225245 
1581969600000,1635.189134246655 
1581984000000,1631.2652995444182 
1581998400000,1728.7841325852971 
1582012800000,1688.622530338876 
1582027200000,1766.9838174805998 
1582041600000,1760.2902171061962 
1582056000000,1807.607047339049 
1582070400000,1792.3733361421307 
1582084800000,1740.3248228859927 
1582099200000,1795.9509501353461 
1582113600000,1832.7657521945655 
1582128000000,1873.3889820530144 
1582142400000,1686.8914267937716 
1582156800000,1671.5423086938463 
1582171200000,1795.0276949112904 
1582185600000,1777.370438751226 
1582200000000,1775.0623006910869 
1582214400000,1759.9439963971754 
1582228800000,1808.1840818540836 
1582243200000,1809.684371593174 
1582257600000,1785.3335150587059 
1582272000000,1777.8320663632537 
1582286400000,1762.0213206513006 
1582300800000,1753.7120236347998 
1582315200000,1774.254452370038 
1582329600000,1747.1338301634032 
1582344000000,1705.9335657899196 
1582358400000,1734.4390708326378 
1582372800000,1728.7841325852971 
1582387200000,1729.9382016153666 
1582401600000,1724.5140771740396 
1582416000000,1741.825112625083 
1582430400000,1768.4841072196903 
1582444800000,1763.8678310994121 
1582459200000,1758.905334270113 
1582473600000,1777.8320663632537 
1582488000000,1769.8689900557736 
1582502400000,1727.5146566522203 
1582516800000,1750.0190027385772 
1582531200000,1743.7870299762014 
1582545600000,1706.8568210139751 
1582560000000,1656.7702251089559 
1582574400000,1671.888529402867 
1582588800000,1640.0362241729467 
1582603200000,1573.4464411379327 
1582617600000,1591.3345111040112 
1582632000000,1601.3749116656163 
1582646400000,1604.1446773377832 
1582660800000,1649.7304040255315 
1582675200000,1590.8728834919834 
1582689600000,1599.759215023519 
1582704000000,1584.9871314386285 
1582718400000,1551.519129566611 
1582732800000,1474.5427252609707 
1582747200000,1433.9194954025215 
1582761600000,1398.3741692763788 
1582776000000,1429.649439991264 
1582790400000,1451.345937756572 
1582804800000,1472.696214812859 
1582819200000,1507.0874719089325 
1582833600000,1486.545043173694 
1582848000000,1486.545043173694 
1582862400000,1428.7261847672085 
1582876800000,1424.3407224529442 
1582891200000,1429.9956607002853 
1582905600000,1428.6107778642015 
1582920000000,1452.6154136896487 
1582934400000,1429.1878123792362 
1582948800000,1433.3424608874868 
1582963200000,1416.839273757492 
1582977600000,1419.378225623645 
1582992000000,1417.8779358845545 
1583006400000,1401.7209694635806 
1583020800000,1422.032584392805 
1583035200000,1429.8802537972779 
1583049600000,1429.8802537972779 
1583064000000,1422.8404327138535 
1583078400000,1393.9887069621145 
1583092800000,1375.1773817719804 
1583107200000,1396.9892864402952 
1583121600000,1426.3026398040624 
1583136000000,1426.995081222104 
1583150400000,1449.8456480174816 
1583164800000,1462.5404073482468 
1583179200000,1463.0020349602748 
1583193600000,1456.1930276828643 
1583208000000,1420.3014808477005 
1583222400000,1426.995081222104 
1583236800000,1419.7244463326658 
1583251200000,1419.9552601386797 
1583265600000,1444.0753028671336 
1583280000000,1447.5375099573425 
1583294400000,1451.922972271607 
1583308800000,1443.152047643078 
1583323200000,1429.534033088257 
1583337600000,1447.3066961513287 
1583352000000,1483.0828360834853 
1583366400000,1509.8572375810995 
1583380800000,1485.6217879496382 
1583395200000,1517.0124655675309 
1583409600000,1508.9339823570435 
1583424000000,1585.5641659536632 
1583438400000,1643.036803651128 
1583452800000,1633.6888445075645 
1583467200000,1740.7864504980205 
1583481600000,1698.6629309004813 
1583496000000,1640.613258687982 
1583510400000,1710.7806557162116 
1583524800000,1683.3138128005558 
1583539200000,1669.5803913427278 
1583553600000,1689.3149717569177 
1583568000000,1665.4257428344777 
1583582400000,1672.465563917902 
1583596800000,1596.9894493513518 
1583611200000,1590.0650351709346 
1583625600000,1545.9795982222768 
1583640000000,1541.4787290050056 
1583654400000,1537.4394873997621 
1583668800000,1410.2610802860954 
1583683200000,1416.1468323394504 
1583697600000,1356.8276841938741 
1583712000000,1374.9465679659666 
1583726400000,1378.1779612501612 
1583740800000,1378.1779612501612 
1583755200000,1310.5495160880844 
1583769600000,1338.2471728097541 
1583784000000,1356.2506496788394 
1583798400000,1349.9032700134567 
1583812800000,1372.5230230028205 
1583827200000,1424.1099086469303 
1583841600000,1421.4555498777702 
1583856000000,1495.7775954142503 
1583870400000,1578.9859724822666 
1583884800000,1588.680152334851 
1583899200000,1656.1931905939211 
1583913600000,1546.7874465433258 
1583928000000,1495.7775954142503 
1583942400000,1637.035644694766 
1583956800000,1667.7338808946167 
1583971200000,1460.8093038031427 
1583985600000,1420.8785153627352 
1584000000000,1129.5914921731758 
1584014400000,1231.034159916291 
1584028800000,1253.8847267116685 
1584043200000,998.0276227452445 
1584057600000,1008.0680233068498 
1584072000000,1047.88340484425 
1584086400000,1139.6318927347809 
1584100800000,1035.1886455134847 
1584115200000,1101.201394033464 
1584129600000,1105.8176701537425 
1584144000000,1102.1246492575199 
1584158400000,1104.548194220666 
