0,1
1572897600000,999.3024875621891 
1572912000000,997.8976114687227 
1572926400000,996.8620533243507 
1572940800000,997.1804631998059 
1572955200000,996.7538700698233 
1572969600000,998.5959181935931 
1572984000000,990.3882707394835 
1572998400000,999.410881365524 
1573012800000,998.713368927713 
1573027200000,993.5397537632078 
1573041600000,999.6263598390964 
1573056000000,992.6267628518244 
1573070400000,1037.9719781171943 
1573084800000,998.4090386239186 
1573099200000,1006.6259568263681 
1573113600000,1037.6676478133998 
1573128000000,1009.9735901681069 
1573142400000,1024.5814447502396 
1573156800000,1020.9294811047064 
1573171200000,1059.8837599903932 
1573185600000,1043.1455932816996 
1573200000000,1034.92867507925 
1573214400000,979.5405597886642 
1573228800000,987.4969712510656 
1573243200000,986.7994588132547 
1573257600000,987.1746576490078 
1573272000000,987.1746576490078 
1573286400000,986.4771452111968 
1573300800000,985.1886538185313 
1573315200000,985.1886538185313 
1573329600000,984.4911413807204 
1573344000000,985.6595941985981 
1573358400000,985.6595941985981 
1573372800000,985.6595941985981 
1573387200000,985.6595941985981 
1573401600000,984.9620817607872 
1573416000000,983.458545293811 
1573430400000,982.7610328559999 
1573444800000,981.9761666266746 
1573459200000,981.2786541888636 
1573473600000,983.6916285587832 
1573488000000,980.7780807434515 
1573502400000,976.1757503843262 
1573516800000,978.4795562241584 
1573531200000,974.193494746628 
1573545600000,968.7925424558189 
1573560000000,963.7421301708861 
1573574400000,968.5557350645418 
1573588800000,969.737876872177 
1573603200000,963.827167834001 
1573617600000,957.9164587958248 
1573632000000,962.6450260263657 
1573646400000,956.4387815362808 
1573660800000,969.1468059683596 
1573675200000,971.5110895836299 
1573689600000,971.5110895836299 
1573704000000,957.3253878920073 
1573718400000,925.1120236339475 
1573732800000,930.4316617683061 
1573747200000,933.3870162873941 
1573761600000,934.2736226431205 
1573776000000,922.7477400186772 
1573790400000,916.5414955285922 
1573804800000,928.3629136049443 
1573819200000,907.6754319713282 
1573833600000,907.3798965194192 
1573848000000,898.8093684140638 
1573862400000,897.9227620583375 
1573876800000,902.9468647407871 
1573891200000,898.513832962155 
1573905600000,897.9227620583375 
1573920000000,899.9915102216991 
1573934400000,912.6995346537777 
1573948800000,907.6754319713282 
1573963200000,912.9950701056865 
1573977600000,912.6995346537777 
1573992000000,910.0397155865985 
1574006400000,906.1977547117841 
1574020800000,895.558478443067 
1574035200000,882.5549185590797 
1574049600000,882.5549185590797 
1574064000000,876.3486740689947 
1574078400000,875.7576031651771 
1574092800000,849.1594124933847 
1574107200000,854.4790506277432 
1574121600000,824.9255054368627 
1574136000000,816.0594418795986 
1574150400000,804.829094707064 
1574164800000,834.9737108017621 
1574179200000,824.0388990811363 
1574193600000,845.6129870704791 
1574208000000,852.7058379162904 
1574222400000,883.7370603667148 
1574236800000,873.0977840979979 
1574251200000,873.6888550018156 
1574265600000,839.0680589525066 
1574280000000,839.0680589525066 
1574294400000,838.3705465146957 
1574308800000,836.8704554478718 
1574323200000,836.8704554478718 
1574337600000,836.1729430100609 
1574352000000,838.0594715949233 
1574366400000,838.0594715949233 
1574380800000,838.0594715949233 
1574395200000,838.0594715949233 
1574409600000,838.0594715949233 
1574424000000,838.0594715949233 
1574438400000,838.0594715949233 
1574452800000,837.3619591571123 
1574467200000,833.9806733102578 
1574481600000,833.2831608724468 
1574496000000,832.5022183685577 
1574510400000,832.5022183685577 
1574524800000,831.8047059307466 
1574539200000,834.2254136042505 
1574553600000,833.5279011664395 
1574568000000,837.0608898179532 
1574582400000,837.0608898179532 
1574596800000,836.3633773801423 
1574611200000,835.9986491816696 
1574625600000,831.0652093573797 
1574640000000,824.2222683723437 
1574654400000,822.8500404935685 
1574668800000,837.4176930595227 
1574683200000,866.6964064589182 
1574697600000,863.0582845414572 
1574712000000,830.6362541342763 
1574726400000,852.0281092482926 
1574740800000,850.0226228313536 
1574755200000,849.0198796228841 
1574769600000,836.6527133850934 
1574784000000,860.3843026522052 
1574798400000,856.3733298183272 
1574812800000,861.0527981245183 
1574827200000,852.3623569844492 
1574841600000,861.3870458606747 
1574856000000,905.5077470333332 
1574870400000,906.1762425056463 
1574884800000,907.5132334502724 
1574899200000,938.5982729128272 
1574913600000,940.9380070659226 
1574928000000,923.891372521941 
1574942400000,962.6641099160954 
1574956800000,966.3408350138171 
1574971200000,922.8886293134716 
1574985600000,952.6366778314003 
1575000000000,943.9462366913313 
1575014400000,962.3298621799389 
1575028800000,959.655880290687 
1575043200000,945.9517231082702 
1575057600000,947.6229617890527 
1575072000000,936.5927864958882 
1575086400000,932.2475659258536 
1575100800000,913.5296927010894 
1575115200000,909.5187198672114 
1575129600000,898.1542968378902 
1575144000000,895.8145626847947 
1575158400000,864.0610277499268 
1575172800000,866.7350096391789 
1575187200000,875.0912030430914 
1575201600000,892.137837587073 
1575216000000,895.8145626847947 
1575230400000,904.5050038248638 
1575244800000,888.7953602255081 
1575259200000,866.4007619030223 
1575273600000,892.4720853232296 
1575288000000,880.7734145577521 
1575302400000,865.0637709583963 
1575316800000,865.3980186945528 
1575331200000,862.3897890691443 
1575345600000,866.0665141668658 
1575360000000,864.3952754860833 
1575374400000,861.3870458606747 
1575388800000,860.7185503883618 
1575403200000,849.6883750951971 
1575417600000,829.7130618870121 
1575432000000,829.7130618870121 
1575446400000,829.7130618870121 
1575460800000,829.0155494492012 
1575475200000,828.1169343605335 
1575489600000,828.1169343605335 
1575504000000,827.4194219227226 
1575518400000,828.9378607706117 
1575532800000,828.9378607706117 
1575547200000,828.2403483328007 
1575561600000,828.0413433576763 
1575576000000,828.0413433576763 
1575590400000,828.0413433576763 
1575604800000,828.0413433576763 
1575619200000,828.0413433576763 
1575633600000,827.3438309198654 
1575648000000,826.5315891234952 
1575662400000,825.8340766856843 
1575676800000,823.3902334276628 
1575691200000,823.3902334276628 
1575705600000,823.3902334276628 
1575720000000,823.3902334276628 
1575734400000,822.6927209898519 
1575748800000,821.3709379452757 
1575763200000,820.6734255074648 
1575777600000,820.8322167491907 
1575792000000,824.1421616935402 
1575806400000,823.5715297340848 
1575820800000,819.1674901142696 
1575835200000,819.9432164381394 
1575849600000,816.9747950788158 
1575864000000,814.2168827254918 
1575878400000,813.8803956671352 
1575892800000,809.8425509668544 
1575907200000,801.4303745079364 
1575921600000,799.7479392161529 
1575936000000,763.4073369136271 
1575950400000,783.5965604150302 
1575964800000,779.5587157147496 
1575979200000,765.0897722054107 
1575993600000,760.3789533884166 
1576008000000,780.5681768898198 
1576022400000,771.4830263141884 
1576036800000,773.1654616059719 
1576051200000,769.8005910224047 
1576065600000,753.3127251629255 
1576080000000,765.7627463221241 
1576094400000,767.108694555551 
1576108800000,748.6019063459313 
1576123200000,748.6019063459313 
1576137600000,757.0140828048494 
1576152000000,753.3127251629255 
1576166400000,755.3316475130657 
1576180800000,751.6302898711418 
1576195200000,746.9194710541477 
1576209600000,759.7059792717032 
1576224000000,756.6775957464926 
1576238400000,760.3789533884166 
1576252800000,758.3600310382762 
1576267200000,762.0613886802001 
1576281600000,760.0424663300598 
1576296000000,768.7911298473346 
1576310400000,746.9194710541477 
1576324800000,740.8627040037268 
1576339200000,731.1045793113819 
1576353600000,731.1045793113819 
1576368000000,704.1856146428444 
1576382400000,716.9721228603996 
1576396800000,721.6829416773938 
1576411200000,719.6640193272535 
1576425600000,721.346454619037 
1576440000000,719.6640193272535 
1576454400000,723.3653769691774 
1576468800000,709.5694075765518 
1576483200000,703.1761534677742 
1576497600000,712.9342781601191 
1576512000000,669.1909605737454 
1576526400000,671.5463699822425 
1576540800000,667.1720382236051 
1576555200000,667.8450123403185 
1576569600000,663.8623515176084 
1576584000000,663.1648390797975 
1576598400000,659.7999419924394 
1576612800000,659.1024295546283 
1576627200000,661.6897175813857 
1576641600000,660.9922051435747 
1576656000000,660.2961304558344 
1576670400000,659.5986180180234 
1576684800000,666.8175940213221 
1576699200000,666.8175940213221 
1576713600000,666.1200815835111 
1576728000000,664.460731276224 
1576742400000,664.460731276224 
1576756800000,663.7632188384131 
1576771200000,664.7463981798013 
1576785600000,664.7463981798013 
1576800000000,664.7463981798013 
1576814400000,664.7463981798013 
1576828800000,664.0488857419903 
1576843200000,666.753615119825 
1576857600000,665.2324720942622 
1576872000000,660.5368810447169 
1576886400000,655.9391516429135 
1576900800000,650.3531591654794 
1576915200000,655.6201681078006 
1576929600000,657.1692883849539 
1576944000000,646.945094555742 
1576958400000,659.028232717538 
1576972800000,647.2549186111727 
1576987200000,649.4236869991873 
1577001600000,649.1138629437567 
1577016000000,649.4236869991873 
1577030400000,659.6478808283993 
1577044800000,662.4362973272753 
1577059200000,660.5773529946913 
1577073600000,650.0433351100487 
1577088000000,651.2826313317713 
1577102400000,654.380871886078 
1577116800000,639.1994931699754 
1577131200000,633.3128361167928 
1577145600000,630.2145955624862 
1577160000000,627.7360031190409 
1577174400000,635.7914285602382 
1577188800000,625.5672347310262 
1577203200000,629.2851233961942 
1577217600000,630.8342436733475 
1577232000000,624.6377625647342 
1577246400000,635.4816045048074 
1577260800000,632.3833639505009 
1577275200000,622.7788182321502 
1577289600000,629.5949474516249 
1577304000000,624.6377625647342 
1577318400000,621.5395220104276 
1577332800000,620.3002257887049 
1577347200000,620.6100498441356 
1577361600000,628.6654752853328 
1577376000000,636.7209007265301 
1577390400000,624.6377625647342 
1577404800000,624.018114453873 
1577419200000,621.8493460658582 
1577433600000,625.5672347310262 
1577448000000,634.8619563939461 
1577462400000,633.9324842276542 
1577476800000,639.5093172254061 
1577491200000,637.6503728928221 
1577505600000,637.0307247819608 
1577520000000,633.6226601722235 
1577534400000,629.5949474516249 
1577548800000,635.7914285602382 
1577563200000,635.1717804493768 
1577577600000,637.3405488373915 
1577592000000,648.1843907774647 
1577606400000,661.5068251609832 
1577620800000,670.1818987130418 
1577635200000,675.1390835999324 
1577649600000,668.6327784358886 
1577664000000,659.6478808283993 
1577678400000,660.2675289392606 
1577692800000,656.8594643295233 
1577707200000,651.2826313317713 
1577721600000,642.3770486824724 
1577736000000,642.3770486824724 
1577750400000,641.6795362446614 
1577764800000,640.4252338987924 
1577779200000,640.4252338987924 
1577793600000,639.7277214609815 
1577808000000,638.823281910102 
1577822400000,638.823281910102 
1577836800000,638.125769472291 
1577851200000,638.5873198137103 
1577865600000,638.5873198137103 
1577880000000,637.8898073758994 
1577894400000,638.1765259569073 
1577908800000,638.1765259569073 
1577923200000,638.1765259569073 
1577937600000,638.1765259569073 
1577952000000,638.1765259569073 
1577966400000,637.4790135190964 
1577980800000,633.1850256272304 
1577995200000,630.9331273965873 
1578009600000,631.4117296266331 
1578024000000,637.907101682508 
1578038400000,643.6615798562874 
1578052800000,638.6282414666355 
1578067200000,644.6682475342179 
1578081600000,647.3526946753656 
1578096000000,645.6749152121482 
1578110400000,656.412703776739 
1578124800000,662.1171539516779 
1578139200000,662.4527098443214 
1578153600000,660.4393744884605 
1578168000000,664.1304893075387 
1578182400000,668.4927159119037 
1578196800000,671.5127189456948 
1578211200000,670.170495375121 
1578225600000,670.5060512677644 
1578240000000,672.1838307309818 
1578254400000,664.8016010928255 
1578268800000,671.8482748383383 
1578283200000,674.1971660868426 
1578297600000,684.5993987587899 
1578312000000,678.2238367985641 
1578326400000,691.6460725043025 
1578340800000,697.6860785718849 
1578355200000,687.9549576852245 
1578369600000,677.2171691206337 
1578384000000,679.566060369138 
1578398400000,667.1504923413298 
1578412800000,674.1971660868426 
1578427200000,671.1771630530513 
1578441600000,668.8282718045472 
1578456000000,683.928286973503 
1578470400000,689.2971812557984 
1578484800000,741.6439005081785 
1578499200000,736.2750062258831 
1578513600000,751.3750213948389 
1578528000000,718.4905439157797 
1578542400000,719.49721159371 
1578556800000,701.7127492836065 
1578571200000,718.4905439157797 
1578585600000,711.7794260629104 
1578600000000,722.8527705201446 
1578614400000,730.9061119435877 
1578628800000,720.5038792716404 
1578643200000,721.8461028422142 
1578657600000,737.617229796457 
1578672000000,734.5972267626657 
1578686400000,716.4772085599188 
1578700800000,721.5105469495708 
1578715200000,721.8461028422142 
1578729600000,723.188326412788 
1578744000000,727.2149971245096 
1578758400000,740.3016769376047 
1578772800000,728.8927765877269 
1578787200000,741.979456400822 
1578801600000,753.7239126433432 
1578816000000,750.7039096095519 
1578830400000,772.5150426313771 
1578844800000,783.9239429812548 
1578859200000,766.1394806711512 
1578873600000,791.1370524495187 
1578888000000,791.1370524495187 
1578902400000,791.1370524495187 
1578916800000,790.4395400117078 
1578931200000,788.8153461661209 
1578945600000,788.8153461661209 
1578960000000,788.11783372831 
1578974400000,786.2540218407607 
1578988800000,786.2540218407607 
1579003200000,785.5565094029498 
1579017600000,791.3336868640605 
1579032000000,791.3336868640605 
1579046400000,790.6361744262495 
1579060800000,788.5015930956146 
1579075200000,787.8040806578035 
1579089600000,784.4276860008736 
1579104000000,783.7301735630626 
1579118400000,784.8806231311528 
1579132800000,772.0570622199174 
1579147200000,776.9526165910142 
1579161600000,777.5861529876877 
1579176000000,799.1799373321655 
1579190400000,801.2155732463691 
1579204800000,798.6197134129517 
1579219200000,828.0394581916828 
1579233600000,816.5023033764942 
1579248000000,800.35028663523 
1579262400000,799.7734288944705 
1579276800000,816.5023033764942 
1579291200000,816.7907322468739 
1579305600000,796.6007113202937 
1579320000000,786.5057008570036 
1579334400000,787.6594163385224 
1579348800000,792.8511360053574 
1579363200000,787.3709874681427 
1579377600000,786.7941297273833 
1579392000000,783.3329832828266 
1579406400000,782.1792678013078 
1579420800000,742.3760836889069 
1579435200000,738.6265083739705 
1579449600000,739.4917949851097 
1579464000000,751.0289498002984 
1579478400000,757.6628138190318 
1579492800000,755.9322405967536 
1579507200000,753.0479518929563 
1579521600000,749.2983765780201 
1579536000000,749.0099477076403 
1579550400000,751.3173786706781 
1579564800000,755.6438117263738 
1579579200000,764.2966778377653 
1579593600000,770.9305418564988 
1579608000000,781.8908389309281 
1579622400000,769.4883975046004 
1579636800000,778.4296924863716 
1579651200000,780.4486945790295 
1579665600000,785.9288431162441 
1579680000000,785.9288431162441 
1579694400000,780.7371234494092 
1579708800000,782.1792678013078 
1579723200000,780.7371234494092 
1579737600000,764.2966778377653 
1579752000000,761.4123891339682 
1579766400000,742.6645125592865 
1579780800000,733.7232175775154 
1579795200000,726.5124958180223 
1579809600000,741.222368207388 
1579824000000,725.3587803365035 
1579838400000,725.3587803365035 
1579852800000,734.8769330590342 
1579867200000,749.5868054483998 
1579881600000,746.1256590038431 
1579896000000,738.0496506332111 
1579910400000,725.0703514661238 
1579924800000,720.4554895400483 
1579939200000,731.7042154848573 
1579953600000,727.6662112995413 
1579968000000,726.2240669476427 
1579982400000,733.4347887071357 
1579996800000,733.4347887071357 
1580011200000,734.3000753182748 
1580025600000,737.3153107292243 
1580040000000,737.3153107292243 
1580054400000,737.3153107292243 
1580068800000,737.3153107292243 
1580083200000,737.3153107292243 
1580097600000,737.3153107292243 
1580112000000,737.3153107292243 
1580126400000,736.6177982914134 
1580140800000,736.4187933162889 
1580155200000,736.4187933162889 
1580169600000,736.4187933162889 
1580184000000,735.721280878478 
1580198400000,735.693636529043 
1580212800000,735.693636529043 
1580227200000,734.9961240912321 
1580241600000,734.8831333929263 
1580256000000,734.1856209551154 
1580270400000,733.5316735293718 
1580284800000,730.917720004908 
1580299200000,733.7593740887602 
1580313600000,731.3165505562076 
1580328000000,727.1282772961982 
1580342400000,720.9261941773057 
1580356800000,724.9104829825651 
1580371200000,724.9104829825651 
1580385600000,733.7985118558362 
1580400000000,745.138410763113 
1580414400000,750.655118339626 
1580428800000,765.6728222979117 
1580443200000,750.3486345853754 
1580457600000,752.1875371108797 
1580472000000,745.7513782716145 
1580486400000,735.024446872839 
1580500800000,734.4114793643375 
1580515200000,737.4763169068449 
1580529600000,740.2346706951014 
1580544000000,739.6217031865999 
1580558400000,736.5568656440927 
1580572800000,742.6865407291073 
1580587200000,742.993024483358 
1580601600000,737.7828006610956 
1580616000000,748.509732059871 
1580630400000,754.9458908991363 
1580644800000,762.6079847554045 
1580659200000,769.0441435946697 
1580673600000,770.5765623659233 
1580688000000,766.5922735606639 
1580702400000,765.9793060521624 
1580716800000,762.9144685096552 
1580731200000,746.6708295343666 
1580745600000,747.2837970428681 
1580760000000,754.9458908991363 
1580774400000,758.623695950145 
1580788800000,770.2700786116726 
1580803200000,790.1915226379699 
1580817600000,797.2406489857366 
1580832000000,796.6276814772351 
1580846400000,811.6453854355208 
1580860800000,797.853616494238 
1580875200000,807.3546128760105 
1580889600000,793.2563601804771 
1580904000000,814.0972554695264 
1580918400000,811.6453854355208 
1580932800000,822.3723168342962 
1580947200000,823.9047356055498 
1580961600000,822.6788005885469 
1580976000000,828.1955081650598 
1580990400000,831.2603457075671 
1581004800000,861.2957536241383 
1581019200000,887.0403889811995 
1581033600000,943.7398835175837 
1581048000000,894.7024828374676 
1581062400000,898.0738041342256 
1581076800000,888.2663239982022 
1581091200000,900.8321579224822 
1581105600000,883.3625839301907 
1581120000000,866.5059774464007 
1581134400000,872.0226850229138 
1581148800000,893.7830315747154 
1581163200000,897.1543528714733 
1581177600000,889.3095946976717 
1581192000000,889.3095946976717 
1581206400000,889.3095946976717 
1581220800000,889.3095946976717 
1581235200000,889.3095946976717 
1581249600000,889.3095946976717 
1581264000000,889.3095946976717 
1581278400000,888.6120822598607 
1581292800000,885.7400360307104 
1581307200000,885.7400360307104 
1581321600000,885.7400360307104 
1581336000000,885.7400360307104 
1581350400000,885.0425235928994 
1581364800000,887.57203079298 
1581379200000,887.57203079298 
1581393600000,886.874518355169 
1581408000000,892.2653829578051 
1581422400000,890.1240353220519 
1581436800000,897.7166350945229 
1581451200000,895.6686638847711 
1581465600000,893.4604789452042 
1581480000000,898.7856693660464 
1581494400000,917.2218564577021 
1581508800000,915.8965219142315 
1581523200000,918.0170571837845 
1581537600000,912.9807859185963 
1581552000000,890.9802324969854 
1581566400000,897.6069052143381 
1581580800000,859.7023372710806 
1581595200000,881.9679576013857 
1581609600000,914.3061204620668 
1581624000000,931.2704026184898 
1581638400000,923.3183953576665 
1581652800000,926.2341313533018 
1581667200000,974.4763087356293 
1581681600000,982.4283159964526 
1581696000000,995.946728339852 
1581710400000,1005.7542039615341 
1581724800000,999.3925981528755 
1581739200000,999.6576650615697 
1581753600000,1026.6944897483686 
1581768000000,978.1872454573469 
1581782400000,931.800536435878 
1581796800000,931.800536435878 
1581811200000,945.8490825966658 
1581825600000,944.258681144501 
1581840000000,928.0895997141604 
1581854400000,871.1002143449274 
1581868800000,852.5455307363397 
1581883200000,874.2810172492566 
1581897600000,825.2436391408465 
1581912000000,832.1353787668934 
1581926400000,809.6046915278944 
1581940800000,827.8943082277876 
1581955200000,837.9668507581638 
1581969600000,854.9311329145868 
1581984000000,884.0884928709385 
1581998400000,887.0042288665738 
1582012800000,858.3770027276101 
1582027200000,871.3652812536214 
1582041600000,886.2090281404915 
1582056000000,902.6431764795261 
1582070400000,897.8719721230323 
1582084800000,871.8954150710096 
1582099200000,893.1007677665382 
1582113600000,893.8959684926206 
1582128000000,892.8357008578441 
1582142400000,830.0148434973406 
1582156800000,839.5572522103284 
1582171200000,826.8340405930113 
1582185600000,814.6409627930823 
1582200000000,811.9902937061412 
1582214400000,811.3318675049451 
1582228800000,811.3318675049451 
1582243200000,810.634355067134 
1582257600000,814.1401871341352 
1582272000000,814.1401871341352 
1582286400000,813.4426746963243 
1582300800000,811.9883814206459 
1582315200000,811.9883814206459 
1582329600000,811.2908689828349 
1582344000000,808.3151151062896 
1582358400000,808.3151151062896 
1582372800000,807.6176026684786 
1582387200000,808.3834030297525 
1582401600000,808.3834030297525 
1582416000000,807.6858905919415 
1582430400000,810.1213961205418 
1582444800000,810.1213961205418 
1582459200000,810.1213961205418 
1582473600000,810.1213961205418 
1582488000000,810.1213961205418 
1582502400000,809.4238836827308 
1582516800000,808.2988060579423 
1582531200000,808.2988060579423 
1582545600000,807.6012936201314 
1582560000000,803.1665985508766 
1582574400000,801.1502042125505 
1582588800000,797.5702828771123 
1582603200000,786.7526405561639 
1582617600000,788.68433050103 
1582632000000,772.8071413442137 
1582646400000,768.6469055629142 
1582660800000,781.5145453615506 
1582675200000,743.2179983417993 
1582689600000,742.2988812133253 
1582704000000,740.1542745802192 
1582718400000,709.8234093405762 
1582732800000,732.4949651762689 
1582747200000,724.2229110200027 
1582761600000,711.9680159736822 
1582776000000,741.0733917086933 
1582790400000,749.9581906172756 
1582804800000,771.0978845721783 
1582819200000,775.0807254622325 
1582833600000,753.6346591311717 
1582848000000,772.0170017006523 
1582862400000,728.5121242862149 
1582876800000,718.0954634968424 
1582891200000,743.2179983417993 
1582905600000,716.2572292398944 
1582920000000,735.2523165616911 
1582934400000,735.8650613140071 
1582948800000,744.1371154702733 
1582963200000,731.5758480477949 
1582977600000,721.1591872584225 
1582992000000,724.8356557723187 
1583006400000,709.5170369644181 
1583020800000,724.5292833961607 
1583035200000,707.0660579551541 
1583049600000,725.4484005246347 
1583064000000,716.2572292398944 
1583078400000,698.7940037988878 
1583092800000,720.5464425061066 
1583107200000,729.1248690385308 
1583121600000,765.276809425176 
1583136000000,752.1027972503816 
1583150400000,766.5022989298081 
1583164800000,774.7743530860744 
1583179200000,772.9361188291263 
1583193600000,760.681223782806 
1583208000000,755.1665210119617 
1583222400000,769.8723950675462 
1583236800000,755.4728933881198 
1583251200000,758.2302447735418 
1583265600000,787.3356205085529 
1583280000000,782.4336624900246 
1583294400000,779.6763111046026 
1583308800000,774.4679807099163 
1583323200000,778.4508215999706 
1583337600000,805.1052183257175 
1583352000000,806.0243354541915 
1583366400000,816.9618292830324 
1583380800000,816.9618292830324 
1583395200000,816.9618292830324 
1583409600000,816.2643168452215 
1583424000000,818.2342994766584 
1583438400000,817.5367870388475 
1583452800000,814.0577033285423 
1583467200000,814.0577033285423 
1583481600000,814.0577033285423 
1583496000000,813.3601908907312 
1583510400000,814.6708050428111 
1583524800000,814.6708050428111 
1583539200000,814.6708050428111 
1583553600000,814.6708050428111 
1583568000000,814.6708050428111 
1583582400000,813.9732926050002 
1583596800000,808.5439652112448 
1583611200000,808.5439652112448 
1583625600000,807.8464527734338 
1583640000000,805.2443190237591 
1583654400000,804.5468065859482 
1583668800000,798.4481927968394 
