0,1
1573300800000,999.3024875621891 
1573315200000,998.0924719692805 
1573329600000,1002.1221941732438 
1573344000000,999.8173072530969 
1573358400000,998.3051180338867 
1573372800000,1012.6147385374917 
1573387200000,1035.5955394557266 
1573401600000,1035.7754026601247 
1573416000000,1031.8916817936426 
1573430400000,1006.0362902710687 
1573444800000,1030.7772252624973 
1573459200000,1026.5422904441446 
1573473600000,1054.4037037227804 
1573488000000,1061.090442909653 
1573502400000,1064.21092119686 
1573516800000,1028.9940948126646 
1573531200000,1040.1386601241188 
1573545600000,1033.2290296310173 
1573560000000,1005.5905076586105 
1573574400000,1012.0543555392538 
1573588800000,1040.1386601241188 
1573603200000,1032.1145730998717 
1573617600000,1016.5121816638356 
1573632000000,1002.024246758945 
1573646400000,991.1025727537198 
1573660800000,996.2290727969887 
1573675200000,979.9580074422655 
1573689600000,972.1568117242475 
1573704000000,959.4520072691895 
1573718400000,951.8737028574005 
1573732800000,963.241159475084 
1573747200000,963.0182681688549 
1573761600000,985.3073987917635 
1573776000000,969.4821160494984 
1573790400000,994.8917249596142 
1573804800000,996.674855409447 
1573819200000,973.4941595616219 
1573833600000,978.620659604891 
1573848000000,971.7110291117891 
1573862400000,971.7110291117891 
1573876800000,956.5544202882114 
1573891200000,962.3495942501676 
1573905600000,968.1447682121238 
1573920000000,981.7411378920981 
1573934400000,979.7351161360364 
1573948800000,969.4821160494984 
1573963200000,961.9038116377094 
1573977600000,969.4821160494984 
1573992000000,964.3556160062294 
1574006400000,970.1507899681856 
1574020800000,968.8134421308112 
1574035200000,936.2713114213644 
1574049600000,919.7773547604122 
1574064000000,909.9701372863323 
1574078400000,902.8376154870015 
1574092800000,902.8376154870015 
1574107200000,902.1689415683143 
1574121600000,876.7593326581986 
1574136000000,865.8376586529732 
1574150400000,842.4340714989191 
1574164800000,865.8376586529732 
1574179200000,872.0786152273877 
1574193600000,872.5243978398457 
1574208000000,874.7533109021367 
1574222400000,862.4942890595369 
1574236800000,844.8858758674392 
1574251200000,852.0183976667698 
1574265600000,846.8918976235009 
1574280000000,839.313593211712 
1574294400000,848.0063541546463 
1574308800000,838.6449192930247 
1574323200000,823.0425278569886 
1574337600000,819.6991582635524 
1574352000000,801.6449624589964 
1574366400000,810.3377234019307 
1574380800000,823.4883104694467 
1574395200000,800.0847233153927 
1574409600000,763.7534404000518 
1574424000000,747.2594837390992 
1574438400000,757.2895925194082 
1574452800000,752.3859837823683 
1574467200000,757.0667012131792 
1574481600000,769.994396974466 
1574496000000,771.1088535056115 
1574510400000,801.8678537652254 
1574524800000,795.626897190811 
1574539200000,815.4642234451997 
1574553600000,796.9642450281855 
1574568000000,798.7473754780183 
1574582400000,818.361810426178 
1574596800000,772.8919839554442 
1574611200000,809.2232668707853 
1574625600000,776.2353535488804 
1574640000000,776.4582448551096 
1574654400000,813.4582016891378 
1574668800000,838.6449192930247 
1574683200000,863.6087455906822 
1574697600000,843.5485280300645 
1574712000000,855.8075498726643 
1574726400000,910.8617025112487 
1574740800000,903.7291807119178 
1574755200000,885.897876213591 
1574769600000,889.6870284194855 
1574784000000,878.3195718018021 
1574798400000,872.970180452304 
1574812800000,892.1388327880054 
1574827200000,878.0966804955729 
1574841600000,874.5304195959076 
1574856000000,894.5906371565253 
1574870400000,910.1930285925614 
1574884800000,890.1328110319437 
1574899200000,886.7894414385074 
1574913600000,894.8135284627544 
1574928000000,906.8496589991252 
1574942400000,921.7833765164738 
1574956800000,937.6086592587391 
1574971200000,914.6508547171431 
1574985600000,933.5966157466155 
1575000000000,945.1869636705279 
1575014400000,960.1206811878767 
1575028800000,1003.8073772087777 
1575043200000,989.0965509976579 
1575057600000,987.5363118540544 
1575072000000,995.7832901845306 
1575086400000,983.970050954389 
1575100800000,966.5845290685203 
1575115200000,951.8737028574005 
1575129600000,951.8737028574005 
1575144000000,969.4821160494984 
1575158400000,936.7170940338227 
1575172800000,927.8014417846592 
1575187200000,917.9942243105794 
1575201600000,950.9821376324842 
1575216000000,936.4942027275936 
1575230400000,952.7652680823168 
1575244800000,962.3495942501676 
1575259200000,926.6869852535139 
1575273600000,925.1267461099102 
1575288000000,925.7954200285975 
1575302400000,905.7352024679798 
1575316800000,917.5484416981213 
1575331200000,944.2953984456117 
1575345600000,920.2231373728704 
1575360000000,916.4339851669758 
1575374400000,922.6749417413902 
1575388800000,922.8978330476193 
1575403200000,909.9701372863323 
1575417600000,876.9822239644275 
1575432000000,864.2774195093696 
1575446400000,887.4581153571946 
1575460800000,924.903854803681 
1575475200000,924.680963497452 
1575489600000,891.4701588693181 
1575504000000,885.4520936011328 
1575518400000,902.6147241807724 
1575532800000,897.7111154437325 
1575547200000,881.2171587827802 
1575561600000,885.4520936011328 
1575576000000,873.8617456772204 
1575590400000,878.7653544142602 
1575604800000,877.6508978831148 
1575619200000,880.1027022516347 
1575633600000,909.5243546738742 
1575648000000,910.8617025112487 
1575662400000,912.1990503486231 
1575676800000,932.4821592154701 
1575691200000,935.156854890219 
1575705600000,954.9941811446078 
1575720000000,958.337550738044 
1575734400000,947.861659345277 
1575748800000,939.6146810148008 
1575763200000,922.6749417413902 
1575777600000,942.0664853833208 
1575792000000,969.7050073557275 
1575806400000,966.8074203747493 
1575820800000,983.5242683419308 
1575835200000,972.6025943367056 
1575849600000,954.5483985321496 
1575864000000,958.337550738044 
1575878400000,958.5604420442731 
1575892800000,949.8676811013388 
1575907200000,942.7351593020079 
1575921600000,922.4520504351611 
1575936000000,907.5183329178125 
1575950400000,921.3375939040158 
1575964800000,917.7713330043504 
1575979200000,883.6689631513001 
1575993600000,885.4520936011328 
1576008000000,895.4822023814417 
1576022400000,896.8195502188163 
1576036800000,905.0665285492925 
1576051200000,905.0665285492925 
1576065600000,899.4942458935653 
1576080000000,913.5363981859977 
1576094400000,951.4279202449425 
1576108800000,963.6869420875421 
1576123200000,955.2170724508369 
1576137600000,1011.1627903143375 
1576152000000,993.3314858160106 
1576166400000,991.9941379786361 
1576180800000,1010.7170077018792 
1576195200000,1016.2892903576064 
1576209600000,1019.1868773385845 
1576224000000,1039.0242035929734 
1576238400000,995.7832901845306 
1576252800000,977.7290943799746 
1576267200000,983.7471596481599 
1576281600000,1014.7290512140029 
1576296000000,1016.0663990513775 
1576310400000,1011.3856816205665 
1576324800000,994.6688336533851 
1576339200000,1039.9157688178896 
1576353600000,1045.2651601673876 
1576368000000,1076.6928343456889 
1576382400000,1072.6807908335654 
1576396800000,1103.8855737056374 
1576411200000,1104.1084650118667 
1576425600000,1101.2108780308884 
1576440000000,1108.7891824426774 
1576454400000,1061.3133342158822 
1576468800000,1049.0543123732823 
1576483200000,1065.1024864217766 
1576497600000,1035.903725305766 
1576512000000,994.6688336533851 
1576526400000,996.897746715676 
1576540800000,995.1146162658433 
1576555200000,967.4760942934366 
1576569600000,940.9520288521753 
1576584000000,933.3737244403864 
1576598400000,908.4098981427287 
1576612800000,906.1809850804378 
1576627200000,936.7170940338227 
1576641600000,943.4038332206952 
1576656000000,955.4399637570659 
1576670400000,980.8495726671817 
1576684800000,1037.2410731431407 
1576699200000,1050.391660210657 
1576713600000,1036.5723992244534 
1576728000000,1032.1145730998717 
1576742400000,1035.01216008085 
1576756800000,1035.01216008085 
1576771200000,1051.9518993542604 
1576785600000,1042.1446818801805 
1576800000000,1026.5422904441446 
1576814400000,1016.2892903576064 
1576828800000,1043.2591384113261 
1576843200000,1050.837442823115 
1576857600000,1059.5302037660492 
1576872000000,1054.4037037227804 
1576886400000,1046.379616698533 
1576900800000,1037.2410731431407 
1576915200000,1037.2410731431407 
1576929600000,1024.9820513005411 
1576944000000,1009.3796598645049 
1576958400000,1005.3676163523813 
1576972800000,1032.3374644061007 
1576987200000,1012.0543555392538 
1577001600000,1012.0543555392538 
1577016000000,1018.9639860323556 
1577030400000,1014.2832686015448 
1577044800000,1039.9157688178896 
1577059200000,1045.2651601673876 
1577073600000,1027.2109643628319 
1577088000000,1027.2109643628319 
1577102400000,1064.21092119686 
1577116800000,1054.6265950290094 
1577131200000,1054.6265950290094 
1577145600000,1061.9820081345692 
1577160000000,1051.5061167418023 
1577174400000,1066.66272556538 
1577188800000,1063.765138584402 
1577203200000,1069.7832038525873 
1577217600000,1066.8856168716093 
1577232000000,1057.5241820099875 
1577246400000,1052.1747906604896 
1577260800000,1045.2651601673876 
1577275200000,1038.3555296742861 
1577289600000,1048.608529760824 
1577304000000,1041.4760079614935 
1577318400000,1059.0844211535912 
1577332800000,1078.4759647955216 
1577347200000,1091.4036605568087 
1577361600000,1114.8072477108626 
1577376000000,1105.222921543012 
1577390400000,1117.4819433856119 
1577404800000,1150.2469654012873 
1577419200000,1136.4277044150842 
1577433600000,1117.0361607731538 
1577448000000,1115.253030323321 
1577462400000,1095.8614866813905 
1577476800000,1095.8614866813905 
1577491200000,1109.0120737489065 
1577505600000,1133.307226127877 
1577520000000,1122.3855521226515 
1577534400000,1112.3554433423428 
1577548800000,1096.7530519063068 
1577563200000,1084.048247451249 
1577577600000,1072.012116914878 
1577592000000,1083.8253561450197 
1577606400000,1078.9217474079799 
1577620800000,1050.1687689044277 
1577635200000,1057.3012907037585 
1577649600000,1041.4760079614935 
1577664000000,1059.0844211535912 
1577678400000,1061.3133342158822 
1577692800000,1064.8795951155473 
1577707200000,1032.3374644061007 
1577721600000,1013.3917033766284 
1577736000000,1020.5242251759591 
1577750400000,1027.433855669061 
1577764800000,1024.7591599943119 
1577779200000,1041.9217905739515 
1577793600000,1042.5904644926388 
1577808000000,1035.01216008085 
1577822400000,1033.6748122434753 
1577836800000,1052.8434645791767 
1577851200000,1052.8434645791767 
1577865600000,1063.3193559719439 
1577880000000,1080.7048778578126 
1577894400000,1076.6928343456889 
1577908800000,1080.0362039391252 
1577923200000,1039.6928775116608 
1577937600000,1051.9518993542604 
1577952000000,1048.831421067053 
1577966400000,1031.2230078749553 
1577980800000,1018.9639860323556 
1577995200000,1006.2591815772976 
1578009600000,998.4579858592796 
1578024000000,1026.3193991379153 
1578038400000,1040.8073340428061 
1578052800000,1052.6205732729477 
1578067200000,1042.5904644926388 
1578081600000,1039.4699862054315 
1578096000000,1066.4398342591508 
1578110400000,1056.8555080913004 
1578124800000,1050.391660210657 
1578139200000,1047.7169645359077 
1578153600000,1052.6205732729477 
1578168000000,1049.2772036795113 
1578182400000,1060.8675516034239 
1578196800000,1065.9940516466927 
1578211200000,1038.5784209805151 
1578225600000,1035.01216008085 
1578240000000,1041.6988992677225 
1578254400000,1033.006138324788 
1578268800000,1034.7892687746207 
1578283200000,1012.0543555392538 
1578297600000,1017.8495295012102 
1578312000000,1009.1567685582756 
1578326400000,1022.3073556257918 
1578340800000,1013.8374859890866 
1578355200000,1022.976029544479 
1578369600000,1028.3254208939773 
1578384000000,1025.6507252192282 
1578398400000,1016.5121816638356 
1578412800000,1009.6025511707338 
1578427200000,1009.3796598645049 
1578441600000,1006.2591815772976 
1578456000000,1015.3977251326902 
1578470400000,1013.1688120703994 
1578484800000,996.4519641032178 
1578499200000,990.4338988350326 
1578513600000,994.8917249596142 
1578528000000,998.6808771655087 
1578542400000,998.9037684717379 
1578556800000,994.2230510409269 
1578571200000,1001.1326815340286 
1578585600000,982.4098118107854 
1578600000000,1039.4699862054315 
1578614400000,1061.9820081345692 
1578628800000,1041.2531166552642 
1578643200000,1064.6567038093183 
1578657600000,1049.9458775981984 
1578672000000,1067.5542907902964 
1578686400000,1048.385638454595 
1578700800000,1062.8735733594856 
1578715200000,1071.56633430242 
1578729600000,1074.6868125896272 
1578744000000,1082.4880083076453 
1578758400000,1070.2289864650456 
1578772800000,1050.1687689044277 
1578787200000,1048.831421067053 
1578801600000,1052.3976819667187 
1578816000000,1058.638638541133 
1578830400000,1044.8193775549296 
1578844800000,1042.1446818801805 
1578859200000,1046.8253993109915 
1578873600000,1017.6266381949811 
1578888000000,1022.3073556257918 
1578902400000,1031.6687904874134 
1578916800000,1021.6386817071045 
1578931200000,1041.6988992677225 
1578945600000,1047.0482906172203 
1578960000000,1051.7290080480313 
1578974400000,1051.060334129344 
1578988800000,1051.5061167418023 
1579003200000,1084.716921369936 
1579017600000,1132.1927695967313 
1579032000000,1105.0000302367828 
1579046400000,1127.2891608596915 
1579060800000,1122.8313347351097 
1579075200000,1136.8734870275423 
1579089600000,1110.5723128925101 
1579104000000,1129.0722913095242 
1579118400000,1114.8072477108626 
1579132800000,1044.8193775549296 
1579147200000,1058.4157472349038 
1579161600000,1072.9036821397945 
1579176000000,1077.138616958147 
1579190400000,1129.9638565344405 
1579204800000,1233.8312052371948 
1579219200000,1213.770987676577 
1579233600000,1213.770987676577 
1579248000000,1200.3975093028318 
1579262400000,1194.8252266471047 
1579276800000,1183.6806613356505 
1579291200000,1214.8854442077225 
1579305600000,1173.6505525553416 
1579320000000,1154.7047915258693 
1579334400000,1167.186704674698 
1579348800000,1137.3192696400004 
1579363200000,1141.1084218458948 
1579377600000,1129.2951826157534 
1579392000000,1136.8734870275423 
1579406400000,1149.3554001763712 
1579420800000,1080.9277691640416 
1579435200000,1087.8373996571434 
1579449600000,1088.0602909633724 
1579464000000,1094.7470301502449 
1579478400000,1124.1686825724842 
1579492800000,1109.9036389738228 
1579507200000,1090.066312719434 
1579521600000,1116.1445955482372 
1579536000000,1122.3855521226515 
1579550400000,1101.8795519495757 
1579564800000,1123.500008653797 
1579579200000,1108.7891824426774 
1579593600000,1108.7891824426774 
1579608000000,1129.7409652282115 
1579622400000,1115.253030323321 
1579636800000,1134.8674652714803 
1579651200000,1127.0662695534625 
1579665600000,1141.9999870708111 
1579680000000,1123.722899960026 
1579694400000,1119.2650738354446 
1579708800000,1123.0542260413388 
1579723200000,1135.3132478839386 
1579737600000,1120.37953036659 
1579752000000,1092.295225781725 
1579766400000,1078.9217474079799 
1579780800000,1092.7410083941832 
1579795200000,1091.4036605568087 
1579809600000,1094.3012475377866 
1579824000000,1073.7952473647108 
1579838400000,1090.5120953318924 
1579852800000,1094.0783562315578 
1579867200000,1106.5602693803864 
1579881600000,1088.7289648820597 
1579896000000,1099.2048562748269 
1579910400000,1083.8253561450197 
1579924800000,1081.1506604702706 
1579939200000,1072.012116914878 
1579953600000,1080.2590952453545 
1579968000000,1083.8253561450197 
1579982400000,1084.716921369936 
1579996800000,1075.8012691207728 
1580011200000,1086.945834432227 
1580025600000,1095.6385953751612 
1580040000000,1095.6385953751612 
1580054400000,1099.650638887285 
1580068800000,1100.096421499743 
1580083200000,1096.3072692938485 
1580097600000,1097.4217258249942 
1580112000000,1095.8614866813905 
1580126400000,1120.825312979048 
1580140800000,1128.180726084608 
1580155200000,1103.21689978695 
1580169600000,1112.5783346485719 
1580184000000,1106.5602693803864 
1580198400000,1110.349421586281 
1580212800000,1098.9819649685976 
1580227200000,1104.7771389305537 
1580241600000,1116.3674868544665 
1580256000000,1117.704834691841 
1580270400000,1113.9156824859463 
1580284800000,1101.6566606433466 
1580299200000,1078.4759647955216 
1580313600000,1077.8072908768343 
1580328000000,1078.9217474079799 
1580342400000,1059.9759863785075 
1580356800000,1075.1325952020854 
1580371200000,1087.391617044685 
1580385600000,1086.7229431259977 
1580400000000,1074.4639212833981 
1580414400000,1082.4880083076453 
1580428800000,1106.3373780741574 
1580443200000,1102.1024432558047 
1580457600000,1098.0903997436815 
1580472000000,1082.9337909201033 
1580486400000,1072.012116914878 
1580500800000,1079.367530020438 
1580515200000,1081.596443082729 
1580529600000,1083.8253561450197 
1580544000000,1067.7771820965254 
1580558400000,1062.6506820532566 
1580572800000,1074.2410299771689 
1580587200000,1075.8012691207728 
1580601600000,1053.289247191635 
1580616000000,1065.7711603404637 
1580630400000,1078.4759647955216 
1580644800000,1086.0542692073104 
1580659200000,1088.5060735758307 
1580673600000,1078.4759647955216 
1580688000000,1080.0362039391252 
1580702400000,1079.144638714209 
1580716800000,1072.9036821397945 
1580731200000,1068.2229647089837 
1580745600000,1047.0482906172203 
1580760000000,1048.385638454595 
1580774400000,1027.8796382815192 
1580788800000,1017.4037468887518 
1580803200000,1001.8013554527157 
1580817600000,1027.433855669061 
1580832000000,1027.65674697529 
1580846400000,1037.2410731431407 
1580860800000,1046.1567253923042 
1580875200000,1035.903725305766 
1580889600000,1032.1145730998717 
1580904000000,1054.1808124165511 
1580918400000,1064.4338125030893 
1580932800000,1063.9880298906312 
1580947200000,1059.5302037660492 
1580961600000,1090.9578779443505 
1580976000000,1110.5723128925101 
1580990400000,1103.21689978695 
1581004800000,1110.1265302800518 
1581019200000,1120.825312979048 
1581033600000,1115.253030323321 
1581048000000,1119.7108564479026 
1581062400000,1122.3855521226515 
1581076800000,1188.138487460232 
1581091200000,1195.7167918720208 
1581105600000,1173.4276612491124 
1581120000000,1124.1686825724842 
1581134400000,1140.8855305396658 
1581148800000,1164.5120089999489 
1581163200000,1157.6023785068473 
1581177600000,1150.6927480137456 
1581192000000,1133.307226127877 
1581206400000,1144.6746827455604 
1581220800000,1154.9276828320983 
1581235200000,1161.8373133252 
1581249600000,1144.2289001331021 
1581264000000,1147.7951610327673 
1581278400000,1160.9457481002835 
1581292800000,1133.307226127877 
1581307200000,1146.457813195393 
1581321600000,1128.180726084608 
1581336000000,1156.487921975702 
1581350400000,1140.2168566209784 
1581364800000,1166.5180307560108 
1581379200000,1166.5180307560108 
1581393600000,1144.2289001331021 
1581408000000,1176.9939221487778 
1581422400000,1217.5601398824715 
1581436800000,1236.5059009119439 
1581451200000,1246.7589009984817 
1581465600000,1269.9395968463068 
1581480000000,1276.8492273394083 
1581494400000,1266.8191185590995 
1581508800000,1247.8733575296271 
1581523200000,1248.7649227545437 
1581537600000,1238.5119226680058 
1581552000000,1250.1022705919179 
1581566400000,1249.879379285689 
1581580800000,1197.0541397093955 
1581595200000,1207.0842484897044 
1581609600000,1192.5963135848137 
1581624000000,1191.4818570536684 
1581638400000,1191.0360744412103 
1581652800000,1192.819204891043 
1581667200000,1205.969791958559 
1581681600000,1221.126400782137 
1581696000000,1234.7227704621112 
1581710400000,1235.6143356870275 
1581724800000,1226.0300095191767 
1581739200000,1204.6324441211843 
1581753600000,1219.7890529447623 
1581768000000,1181.2288569671305 
1581782400000,1129.0722913095242 
1581796800000,1122.8313347351097 
1581811200000,1142.8915522957277 
1581825600000,1142.6686609894984 
1581840000000,1128.6265086970661 
1581854400000,1063.9880298906312 
1581868800000,1032.56035571233 
1581883200000,1078.9217474079799 
1581897600000,1034.7892687746207 
1581912000000,1019.6326599510427 
1581926400000,992.2170292848652 
1581940800000,1010.4941163956503 
1581955200000,1044.1507036362423 
1581969600000,1052.6205732729477 
1581984000000,1040.5844427365769 
1581998400000,1044.8193775549296 
1582012800000,1021.1928990946465 
1582027200000,1033.006138324788 
1582041600000,1078.9217474079799 
1582056000000,1083.3795735325616 
1582070400000,1075.5783778145435 
1582084800000,1053.512138497864 
1582099200000,1128.4036173908369 
1582113600000,1117.2590520793826 
1582128000000,1126.6204869410042 
1582142400000,1020.7471164821881 
1582156800000,1035.01216008085 
1582171200000,1052.6205732729477 
1582185600000,1029.6627687313517 
1582200000000,1071.343442996191 
1582214400000,1087.8373996571434 
1582228800000,1096.7530519063068 
1582243200000,1129.5180739219822 
1582257600000,1154.259008913411 
1582272000000,1178.3312699861524 
1582286400000,1162.9517698563454 
1582300800000,1141.554204458353 
1582315200000,1203.9637702024972 
1582329600000,1185.686683091712 
1582344000000,1178.9999439048395 
1582358400000,1173.8734438615706 
1582372800000,1182.7890961107341 
1582387200000,1215.5541181264098 
1582401600000,1211.7649659205154 
1582416000000,1222.2408573132823 
1582430400000,1205.7469006523297 
1582444800000,1176.1023569238614 
1582459200000,1176.3252482300904 
1582473600000,1176.1023569238614 
1582488000000,1172.536096024196 
1582502400000,1165.4035742248652 
1582516800000,1127.5120521659207 
1582531200000,1145.1204653580185 
1582545600000,1159.831291569138 
1582560000000,1061.5362255221112 
1582574400000,1083.3795735325616 
1582588800000,1060.1988776847365 
1582603200000,1047.7169645359077 
1582617600000,1055.0723776414677 
1582632000000,1019.1868773385845 
1582646400000,1002.470029371403 
1582660800000,1002.024246758945 
1582675200000,957.2230942068985 
1582689600000,952.988159388546 
1582704000000,943.8496158331534 
1582718400000,922.006267822703 
1582732800000,921.5604852102448 
1582747200000,915.3195286358305 
1582761600000,896.3737676063581 
1582776000000,899.2713545873362 
1582790400000,919.5544634541831 
1582804800000,934.0423983590737 
1582819200000,940.7291375459462 
1582833600000,909.0785720614159 
1582848000000,916.879767779434 
1582862400000,874.5304195959076 
1582876800000,885.0063109886746 
1582891200000,903.5062894056888 
1582905600000,873.8617456772204 
1582920000000,897.2653328312743 
1582934400000,894.3677458502963 
1582948800000,911.3074851237069 
1582963200000,896.8195502188163 
1582977600000,887.0123327447363 
1582992000000,890.8014849506309 
1583006400000,866.0605499592023 
1583020800000,875.1990935145949 
1583035200000,867.1750064903478 
1583049600000,881.4400500890092 
1583064000000,860.4882673034751 
1583078400000,843.3256367238355 
1583092800000,849.1208106857916 
1583107200000,860.265375997246 
1583121600000,877.8737891893439 
1583136000000,892.5846154004635 
1583150400000,898.3797893624198 
1583164800000,934.7110722777609 
1583179200000,924.0122895787648 
1583193600000,922.8978330476193 
1583208000000,896.5966589125871 
1583222400000,912.6448329610813 
1583236800000,899.7171371997944 
1583251200000,889.6870284194855 
1583265600000,900.1629198122525 
1583280000000,934.0423983590737 
1583294400000,948.3074419577351 
1583308800000,943.1809419144663 
1583323200000,938.0544418711972 
1583337600000,926.4640939472847 
1583352000000,933.1508331341574 
1583366400000,959.8977898816477 
1583380800000,959.6748985754186 
1583395200000,971.9339204180183 
1583409600000,962.5724855563967 
1583424000000,956.3315289819823 
1583438400000,937.3857679525099 
1583452800000,941.8435940770917 
1583467200000,950.9821376324842 
1583481600000,955.8857463695242 
1583496000000,935.3797461964482 
1583510400000,935.8255288089064 
1583524800000,963.241159475084 
1583539200000,950.9821376324842 
1583553600000,942.0664853833208 
1583568000000,943.8496158331534 
1583582400000,938.5002244836554 
1583596800000,919.1086808417249 
1583611200000,913.9821807984559 
1583625600000,884.5605283762164 
1583640000000,878.0966804955729 
1583654400000,883.6689631513001 
1583668800000,819.030484344865 
1583683200000,815.4642234451997 
1583697600000,805.6570059711199 
1583712000000,795.8497884970401 
1583726400000,785.373897104273 
1583740800000,787.6028101665639 
1583755200000,739.012505408623 
1583769600000,751.717309863681 
1583784000000,769.771505668237 
1583798400000,764.4221143187389 
1583812800000,758.8498316630117 
1583827200000,781.8076362046075 
1583841600000,764.645005624968 
1583856000000,784.2594405731277 
1583870400000,781.5847448983786 
1583884800000,779.5787231423168 
1583899200000,773.3377665679023 
1583913600000,765.5365708498844 
1583928000000,766.4281360748007 
1583942400000,730.7655270781469 
1583956800000,764.645005624968 
1583971200000,713.3800051922781 
1583985600000,667.0186134966282 
1584000000000,512.1091556674132 
1584014400000,558.2476560568341 
1584028800000,556.2416343007724 
1584043200000,460.6212639284943 
1584057600000,457.05500302882893 
1584072000000,501.187481662188 
1584086400000,490.48869896319184 
1584100800000,469.7598074838868 
1584115200000,484.24774238877745 
1584129600000,502.7477208057916 
1584144000000,507.6513295428315 
1584158400000,498.73567729366806 
1584172800000,498.2898946812099 
1584187200000,494.72363378154455 
1584201600000,532.3922645342601 
1584216000000,508.3200034615188 
1584230400000,507.2055469303733 
1584244800000,520.5790253041185 
