0,1
1572897600000,999.3024875621891 
1572912000000,998.3285508868867 
1572926400000,995.8813304759348 
1572940800000,997.4573216479498 
1572955200000,1004.3982971464327 
1572969600000,1001.6688096643476 
1572984000000,997.6991709825563 
1572998400000,1001.3175270923713 
1573012800000,1025.4424141361956 
1573027200000,1011.9661170479344 
1573041600000,1027.0583502123898 
1573056000000,1011.5687187306304 
1573070400000,1010.8712062928195 
1573084800000,1008.1229605370663 
1573099200000,1008.1229605370663 
1573113600000,1008.1229605370663 
1573128000000,1008.1229605370663 
1573142400000,1008.1229605370663 
1573156800000,1008.1229605370663 
1573171200000,1008.1229605370663 
1573185600000,1008.1229605370663 
1573200000000,1008.1229605370663 
1573214400000,1008.1229605370663 
1573228800000,1008.1229605370663 
1573243200000,1008.1229605370663 
1573257600000,1008.1229605370663 
1573272000000,1008.1229605370663 
1573286400000,1008.1229605370663 
1573300800000,1008.1229605370663 
1573315200000,1008.1229605370663 
1573329600000,1008.1229605370663 
1573344000000,1008.1229605370663 
1573358400000,1008.1229605370663 
1573372800000,1008.1229605370663 
1573387200000,1008.1229605370663 
1573401600000,1008.1229605370663 
1573416000000,1008.1229605370663 
1573430400000,1008.1229605370663 
1573444800000,1008.1229605370663 
1573459200000,1008.1229605370663 
1573473600000,1008.1229605370663 
1573488000000,1008.1229605370663 
1573502400000,1008.1229605370663 
1573516800000,1008.1229605370663 
1573531200000,1008.1229605370663 
1573545600000,1008.1229605370663 
1573560000000,1008.1229605370663 
1573574400000,1008.1229605370663 
1573588800000,1008.1229605370663 
1573603200000,1008.1229605370663 
1573617600000,1008.1229605370663 
1573632000000,1008.1229605370663 
1573646400000,1008.1229605370663 
1573660800000,1008.1229605370663 
1573675200000,1008.1229605370663 
1573689600000,1008.1229605370663 
1573704000000,1008.1229605370663 
1573718400000,1008.1229605370663 
1573732800000,1008.1229605370663 
1573747200000,1008.1229605370663 
1573761600000,1008.1229605370663 
1573776000000,1008.1229605370663 
1573790400000,1008.1229605370663 
1573804800000,1008.1229605370663 
1573819200000,1008.1229605370663 
1573833600000,1008.1229605370663 
1573848000000,1008.1229605370663 
1573862400000,1008.1229605370663 
1573876800000,1008.1229605370663 
1573891200000,1008.1229605370663 
1573905600000,1008.1229605370663 
1573920000000,1008.1229605370663 
1573934400000,1008.1229605370663 
1573948800000,1008.1229605370663 
1573963200000,1008.1229605370663 
1573977600000,1008.1229605370663 
1573992000000,1008.1229605370663 
1574006400000,1008.1229605370663 
1574020800000,1008.1229605370663 
1574035200000,1008.1229605370663 
1574049600000,1008.1229605370663 
1574064000000,1008.1229605370663 
1574078400000,1008.1229605370663 
1574092800000,1008.1229605370663 
1574107200000,1008.1229605370663 
1574121600000,1008.1229605370663 
1574136000000,1008.1229605370663 
1574150400000,1008.1229605370663 
1574164800000,1008.1229605370663 
1574179200000,1008.1229605370663 
1574193600000,1008.1229605370663 
1574208000000,1007.4254480992554 
1574222400000,1007.2403692772697 
1574236800000,1006.3357368983056 
1574251200000,1006.3357368983056 
1574265600000,1005.6382244604947 
1574280000000,1005.1088736875662 
1574294400000,1005.5096370544447 
1574308800000,1002.5056996839817 
1574323200000,987.0898304785574 
1574337600000,972.4646148898696 
1574352000000,966.8627466065004 
1574366400000,969.05124417676 
1574380800000,965.1034863923828 
1574395200000,953.1890003079791 
1574409600000,890.961401900827 
1574424000000,886.2569099250286 
1574438400000,890.4481845943762 
1574452800000,894.0834738484023 
1574467200000,895.87973442098 
1574481600000,881.8517947113264 
1574496000000,881.8517947113264 
1574510400000,919.017281320134 
1574524800000,920.2575564773899 
1574539200000,925.3041933241556 
1574553600000,901.4823566830671 
1574568000000,898.7451977153298 
1574582400000,906.7428340741872 
1574596800000,873.9824626790818 
1574611200000,892.1589089492121 
1574625600000,870.56101396941 
1574640000000,855.2500309936298 
1574654400000,844.2158589049388 
1574668800000,887.8393299532518 
1574683200000,919.4449624088429 
1574697600000,904.0912113241917 
1574712000000,892.0306046225994 
1574726400000,917.0499483120728 
1574740800000,908.7101670822484 
1574755200000,904.9893416104806 
1574769600000,908.9667757354738 
1574784000000,903.5779940177409 
1574798400000,909.9076741306335 
1574812800000,897.8042993201701 
1574827200000,899.899936654844 
1574841600000,907.0422108362834 
1574856000000,933.8150469894637 
1574870400000,953.7022176144297 
1574884800000,942.7535817434806 
1574899200000,940.3585676467106 
1574913600000,944.8064509692837 
1574928000000,937.8780173321986 
1574942400000,953.0606959813664 
1574956800000,948.3989721144388 
1574971200000,936.5094378483301 
1574985600000,946.0039580176687 
1575000000000,952.2481019128193 
1575014400000,964.5225491587661 
1575028800000,968.3289108482758 
1575043200000,961.7853901910289 
1575057600000,962.2986074974797 
1575072000000,961.8709264087706 
1575086400000,960.8872599047401 
1575100800000,949.2543342918567 
1575115200000,934.3282642959143 
1575129600000,929.3243955580197 
1575144000000,934.0716556426889 
1575158400000,906.9139065096707 
1575172800000,910.9341087435348 
1575187200000,914.184485017723 
1575201600000,913.4146590580468 
1575216000000,917.1782526386855 
1575230400000,922.3531938120639 
1575244800000,922.9947154451273 
1575259200000,909.1378481709573 
1575273600000,915.766905045946 
1575288000000,923.1657878806109 
1575302400000,916.4084266790094 
1575316800000,920.0864840419064 
1575331200000,921.4122954169042 
1575345600000,916.8361077677184 
1575360000000,911.276253614502 
1575374400000,912.6448330983707 
1575388800000,915.4675282838497 
1575403200000,910.2070508927296 
1575417600000,881.932113219786 
1575432000000,881.932113219786 
1575446400000,881.932113219786 
1575460800000,881.234600781975 
1575475200000,880.5050791991431 
1575489600000,880.5050791991431 
1575504000000,880.5050791991431 
1575518400000,880.5050791991431 
1575532800000,880.5050791991431 
1575547200000,880.5050791991431 
1575561600000,880.5050791991431 
1575576000000,880.5050791991431 
1575590400000,880.5050791991431 
1575604800000,880.5050791991431 
1575619200000,880.5050791991431 
1575633600000,880.5050791991431 
1575648000000,880.5050791991431 
1575662400000,880.5050791991431 
1575676800000,880.5050791991431 
1575691200000,880.5050791991431 
1575705600000,880.5050791991431 
1575720000000,880.5050791991431 
1575734400000,880.5050791991431 
1575748800000,880.5050791991431 
1575763200000,880.5050791991431 
1575777600000,880.5050791991431 
1575792000000,880.5050791991431 
1575806400000,880.5050791991431 
1575820800000,880.5050791991431 
1575835200000,880.5050791991431 
1575849600000,880.5050791991431 
1575864000000,880.5050791991431 
1575878400000,880.5050791991431 
1575892800000,880.5050791991431 
1575907200000,880.5050791991431 
1575921600000,880.5050791991431 
1575936000000,880.5050791991431 
1575950400000,880.5050791991431 
1575964800000,880.5050791991431 
1575979200000,880.5050791991431 
1575993600000,880.5050791991431 
1576008000000,880.5050791991431 
1576022400000,880.5050791991431 
1576036800000,880.5050791991431 
1576051200000,880.5050791991431 
1576065600000,880.5050791991431 
1576080000000,880.5050791991431 
1576094400000,880.5050791991431 
1576108800000,880.5050791991431 
1576123200000,880.5050791991431 
1576137600000,880.5050791991431 
1576152000000,880.5050791991431 
1576166400000,880.5050791991431 
1576180800000,880.5050791991431 
1576195200000,880.5050791991431 
1576209600000,880.5050791991431 
1576224000000,880.5050791991431 
1576238400000,880.5050791991431 
1576252800000,880.5050791991431 
1576267200000,880.5050791991431 
1576281600000,880.5050791991431 
1576296000000,880.5050791991431 
1576310400000,880.5050791991431 
1576324800000,880.5050791991431 
1576339200000,880.5050791991431 
1576353600000,880.5050791991431 
1576368000000,880.5050791991431 
1576382400000,880.5050791991431 
1576396800000,880.5050791991431 
1576411200000,880.5050791991431 
1576425600000,880.5050791991431 
1576440000000,880.5050791991431 
1576454400000,880.5050791991431 
1576468800000,880.5050791991431 
1576483200000,880.5050791991431 
1576497600000,880.5050791991431 
1576512000000,880.5050791991431 
1576526400000,880.5050791991431 
1576540800000,880.5050791991431 
1576555200000,880.5050791991431 
1576569600000,880.5050791991431 
1576584000000,879.807566761332 
1576598400000,873.2651529562318 
1576612800000,874.0468638515702 
1576627200000,878.9027723679154 
1576641600000,878.2052599301045 
1576656000000,877.7629472768465 
1576670400000,877.7629472768465 
1576684800000,877.0654348390356 
1576699200000,880.0398626397151 
1576713600000,876.8343439515122 
1576728000000,872.0130604200309 
1576742400000,875.7981731870045 
1576756800000,874.993502659026 
1576771200000,879.3728817456129 
1576785600000,872.6117121155997 
1576800000000,873.6810579330523 
1576814400000,880.1826805031646 
1576828800000,880.3965496666552 
1576843200000,872.5689382829016 
1576857600000,879.0277870203157 
1576872000000,877.0601907162029 
1576886400000,877.6162505412783 
1576900800000,877.5734767085802 
1576915200000,878.1723103663537 
1576929600000,872.2267476213168 
1576944000000,871.5851401308453 
1576958400000,871.0718541384679 
1576972800000,875.2209159101843 
1576987200000,883.0485272939378 
1577001600000,876.1619402295427 
1577016000000,882.9629796285417 
1577030400000,905.5475632931422 
1577044800000,916.7543074600463 
1577059200000,918.208617771782 
1577073600000,909.5683035667643 
1577088000000,910.2099110572359 
1577102400000,915.9416046387822 
1577116800000,896.4795107611435 
1577131200000,884.4600637729754 
1577145600000,885.9571479174091 
1577160000000,888.4808040465974 
1577174400000,891.090007841182 
1577188800000,874.9642729139956 
1577203200000,882.0219553091833 
1577217600000,879.4127515145988 
1577232000000,876.7180000546181 
1577246400000,872.5261644502036 
1577260800000,870.4302466479963 
1577275200000,867.3933045264306 
1577289600000,869.5747699940342 
1577304000000,867.6499475226193 
1577318400000,866.8800185340534 
1577332800000,864.313588572167 
1577347200000,864.9551960626386 
1577361600000,874.2371177581279 
1577376000000,892.7154134837101 
1577390400000,876.2474878949389 
1577404800000,891.9027106624461 
1577419200000,896.3084154303511 
1577433600000,884.8878020999565 
1577448000000,920.3473094066873 
1577462400000,933.9921620373834 
1577476800000,943.1029884020802 
1577491200000,960.212521481323 
1577505600000,952.213814766777 
1577520000000,954.3525064016824 
1577534400000,952.0427194359846 
1577548800000,964.4471309184355 
1577563200000,955.036887724852 
1577577600000,957.2183531924554 
1577592000000,954.4380540670786 
1577606400000,963.8055234279641 
1577620800000,984.9357967808289 
1577635200000,993.2766941569597 
1577649600000,988.8709893890547 
1577664000000,981.0861518379993 
1577678400000,989.8547875411112 
1577692800000,975.9105180815283 
1577707200000,957.9455083483234 
1577721600000,964.4899047511337 
1577736000000,968.9383833517369 
1577750400000,966.5002748879448 
1577764800000,966.1580842263598 
1577779200000,963.8055234279641 
1577793600000,956.4484242038897 
1577808000000,942.6752500750991 
1577822400000,948.1503006604569 
1577836800000,951.6569850127131 
1577851200000,951.6569850127131 
1577865600000,951.6569850127131 
1577880000000,951.6569850127131 
1577894400000,951.6569850127131 
1577908800000,951.6569850127131 
1577923200000,951.6569850127131 
1577937600000,951.6569850127131 
1577952000000,951.6569850127131 
1577966400000,951.6569850127131 
1577980800000,951.6569850127131 
1577995200000,951.6569850127131 
1578009600000,951.6569850127131 
1578024000000,951.6569850127131 
1578038400000,951.6569850127131 
1578052800000,951.6569850127131 
1578067200000,951.6569850127131 
1578081600000,951.6569850127131 
1578096000000,951.6569850127131 
1578110400000,951.6569850127131 
1578124800000,951.6569850127131 
1578139200000,951.6569850127131 
1578153600000,951.6569850127131 
1578168000000,951.6569850127131 
1578182400000,951.6569850127131 
1578196800000,951.6569850127131 
1578211200000,951.6569850127131 
1578225600000,951.6569850127131 
1578240000000,951.6569850127131 
1578254400000,951.6569850127131 
1578268800000,951.6569850127131 
1578283200000,951.6569850127131 
1578297600000,951.6569850127131 
1578312000000,951.6569850127131 
1578326400000,951.6569850127131 
1578340800000,951.6569850127131 
1578355200000,951.6569850127131 
1578369600000,951.6569850127131 
1578384000000,951.6569850127131 
1578398400000,951.6569850127131 
1578412800000,951.6569850127131 
1578427200000,951.6569850127131 
1578441600000,951.6569850127131 
1578456000000,951.6569850127131 
1578470400000,951.6569850127131 
1578484800000,951.6569850127131 
1578499200000,951.6569850127131 
1578513600000,951.6569850127131 
1578528000000,951.6569850127131 
1578542400000,951.6569850127131 
1578556800000,951.6569850127131 
1578571200000,951.6569850127131 
1578585600000,951.6569850127131 
1578600000000,951.6569850127131 
1578614400000,951.6569850127131 
1578628800000,951.6569850127131 
1578643200000,951.6569850127131 
1578657600000,951.6569850127131 
1578672000000,951.6569850127131 
1578686400000,951.6569850127131 
1578700800000,951.6569850127131 
1578715200000,951.6569850127131 
1578729600000,951.6569850127131 
1578744000000,951.6569850127131 
1578758400000,951.6569850127131 
1578772800000,951.6569850127131 
1578787200000,951.6569850127131 
1578801600000,951.6569850127131 
1578816000000,951.6569850127131 
1578830400000,951.6569850127131 
1578844800000,951.6569850127131 
1578859200000,951.6569850127131 
1578873600000,951.6569850127131 
1578888000000,951.6569850127131 
1578902400000,951.6569850127131 
1578916800000,951.6569850127131 
1578931200000,951.6569850127131 
1578945600000,951.6569850127131 
1578960000000,951.6569850127131 
1578974400000,951.6569850127131 
1578988800000,951.6569850127131 
1579003200000,951.6569850127131 
1579017600000,951.6569850127131 
1579032000000,951.6569850127131 
1579046400000,951.6569850127131 
1579060800000,951.6569850127131 
1579075200000,951.6569850127131 
1579089600000,951.6569850127131 
1579104000000,950.9594725749022 
1579118400000,953.4748318968986 
1579132800000,938.8320802531412 
1579147200000,940.0772766601708 
1579161600000,946.904641077235 
1579176000000,941.5392185611681 
1579190400000,946.2893841175821 
1579204800000,949.7010353421576 
1579219200000,972.151499784642 
1579233600000,991.8243396172746 
1579248000000,995.8246663798991 
1579262400000,994.0710984839542 
1579276800000,1056.2953592916263 
1579291200000,1064.241213820127 
1579305600000,1105.7788533553232 
1579320000000,1030.9782227939208 
1579334400000,1046.267142886691 
1579348800000,986.7554324180587 
1579363200000,999.1948046799183 
1579377600000,978.206788925327 
1579392000000,1009.113423091357 
1579406400000,1023.6351572296512 
1579420800000,964.5618387350052 
1579435200000,966.4798036211951 
1579449600000,954.6432203235667 
1579464000000,977.4670024692252 
1579478400000,961.794489399217 
1579492800000,961.8492883959655 
1579507200000,937.6007323348514 
1579521600000,996.8658473181164 
1579536000000,995.8794653766473 
1579550400000,989.1391887766089 
1579564800000,997.4412367839733 
1579579200000,983.6318896034068 
1579593600000,989.5501812522209 
1579608000000,982.6455076619377 
1579622400000,965.2194266959846 
1579636800000,989.6597792457176 
1579651200000,981.5769272253463 
1579665600000,1006.1542772669499 
1579680000000,997.7426312660889 
1579694400000,988.2350053302623 
1579708800000,992.8107215587436 
1579723200000,1003.4143274295358 
1579737600000,981.0015377594892 
1579752000000,976.864213504994 
1579766400000,973.1104822277368 
1579780800000,970.6719268724385 
1579795200000,920.695241838007 
1579809600000,937.7925288234703 
1579824000000,900.6662085265106 
1579838400000,900.9128040118779 
1579852800000,920.3390483591431 
1579867200000,934.5593880153218 
1579881600000,934.8607824974374 
1579896000000,922.9420007046864 
1579910400000,889.5420121866097 
1579924800000,892.939549985003 
1579939200000,895.652100324043 
1579953600000,900.1456180574019 
1579968000000,910.2560329574595 
1579982400000,904.7213342858834 
1579996800000,907.0776911460594 
1580011200000,909.3244500127389 
1580025600000,933.7648025624719 
1580040000000,956.4241877178856 
1580054400000,991.906538112397 
1580068800000,999.715395149027 
1580083200000,1028.5122679402482 
1580097600000,1040.431049732999 
1580112000000,1059.8298945818904 
1580126400000,1069.2553220225946 
1580140800000,1060.8984750184818 
1580155200000,1041.8558236484546 
1580169600000,1060.3778845493732 
1580184000000,1051.3908490826552 
1580198400000,1053.5554094542122 
1580212800000,1049.0892912192273 
1580227200000,1049.5824821899619 
1580241600000,1088.2157748974996 
1580256000000,1100.9598843802762 
1580270400000,1100.9598843802762 
1580284800000,1100.9598843802762 
1580299200000,1100.9598843802762 
1580313600000,1100.9598843802762 
1580328000000,1100.9598843802762 
1580342400000,1100.9598843802762 
1580356800000,1100.9598843802762 
1580371200000,1100.9598843802762 
1580385600000,1100.9598843802762 
1580400000000,1100.9598843802762 
1580414400000,1100.9598843802762 
1580428800000,1100.9598843802762 
1580443200000,1100.9598843802762 
1580457600000,1100.9598843802762 
1580472000000,1100.9598843802762 
1580486400000,1100.9598843802762 
1580500800000,1100.9598843802762 
1580515200000,1100.9598843802762 
1580529600000,1100.9598843802762 
1580544000000,1100.9598843802762 
1580558400000,1100.9598843802762 
1580572800000,1100.9598843802762 
1580587200000,1100.9598843802762 
1580601600000,1100.9598843802762 
1580616000000,1100.9598843802762 
1580630400000,1100.9598843802762 
1580644800000,1100.9598843802762 
1580659200000,1100.9598843802762 
1580673600000,1100.9598843802762 
1580688000000,1100.9598843802762 
1580702400000,1100.9598843802762 
1580716800000,1100.9598843802762 
1580731200000,1100.9598843802762 
1580745600000,1100.9598843802762 
1580760000000,1100.9598843802762 
1580774400000,1100.9598843802762 
1580788800000,1100.9598843802762 
1580803200000,1100.9598843802762 
1580817600000,1100.9598843802762 
1580832000000,1100.9598843802762 
1580846400000,1100.9598843802762 
1580860800000,1100.9598843802762 
1580875200000,1100.9598843802762 
1580889600000,1100.9598843802762 
1580904000000,1100.9598843802762 
1580918400000,1100.9598843802762 
1580932800000,1100.9598843802762 
1580947200000,1100.9598843802762 
1580961600000,1100.9598843802762 
1580976000000,1100.9598843802762 
1580990400000,1100.9598843802762 
1581004800000,1100.9598843802762 
1581019200000,1100.9598843802762 
1581033600000,1100.9598843802762 
1581048000000,1100.9598843802762 
1581062400000,1100.9598843802762 
1581076800000,1100.9598843802762 
1581091200000,1100.9598843802762 
1581105600000,1100.9598843802762 
1581120000000,1100.9598843802762 
1581134400000,1100.9598843802762 
1581148800000,1100.9598843802762 
1581163200000,1100.9598843802762 
1581177600000,1100.9598843802762 
1581192000000,1100.9598843802762 
1581206400000,1100.9598843802762 
1581220800000,1100.9598843802762 
1581235200000,1100.9598843802762 
1581249600000,1100.9598843802762 
1581264000000,1100.9598843802762 
1581278400000,1100.9598843802762 
1581292800000,1100.9598843802762 
1581307200000,1100.9598843802762 
1581321600000,1100.9598843802762 
1581336000000,1100.9598843802762 
1581350400000,1100.9598843802762 
1581364800000,1100.9598843802762 
1581379200000,1100.9598843802762 
1581393600000,1100.9598843802762 
1581408000000,1100.9598843802762 
1581422400000,1100.9598843802762 
1581436800000,1100.9598843802762 
1581451200000,1100.2623719424653 
1581465600000,1100.7511208425235 
1581480000000,1103.256910756063 
1581494400000,1102.559398318252 
1581508800000,1100.7567669234727 
1581523200000,1102.3323234690502 
1581537600000,1101.4964276913354 
1581552000000,1098.460989482316 
1581566400000,1097.7215510962806 
1581580800000,1087.0201645415955 
1581595200000,1097.613963513984 
1581609600000,1091.2297216202096 
1581624000000,1104.5121613745541 
1581638400000,1102.8683602642113 
1581652800000,1083.2658067818575 
1581667200000,1128.642944147259 
1581681600000,1140.3628670429587 
1581696000000,1139.1377074503116 
1581710400000,1140.8020751988133 
1581724800000,1127.0016926174865 
1581739200000,1122.0779380281688 
1581753600000,1125.013697806776 
1581768000000,1099.3778112361035 
1581782400000,1015.9976102799125 
1581796800000,1016.1594238110168 
1581811200000,1044.7310701602964 
1581825600000,1042.003356350252 
1581840000000,1015.8589129675373 
1581854400000,993.9909700497229 
1581868800000,920.8743702092926 
1581883200000,955.8029767090997 
1581897600000,915.6963372139538 
1581912000000,889.2976154252179 
1581926400000,895.5389944820994 
1581940800000,940.5462723478339 
1581955200000,936.9863746635384 
1581969600000,954.1848413980564 
1581984000000,946.7645351859862 
1581998400000,950.6942923699486 
1582012800000,937.2637692882887 
1582027200000,944.0137051572125 
1582041600000,975.3824139727243 
1582056000000,973.5331164743891 
1582070400000,973.1170245372635 
1582084800000,958.7849689251653 
1582099200000,973.9029759740562 
1582113600000,959.9638960803541 
1582128000000,947.5736028415077 
1582142400000,876.468114030517 
1582156800000,889.7830560185308 
1582171200000,876.3294167181418 
1582185600000,862.7370801053777 
1582200000000,857.0504902979968 
1582214400000,844.3134537782128 
1582228800000,860.587271763563 
1582243200000,880.6290334017714 
1582257600000,875.1504895629531 
1582272000000,879.5656873402287 
1582286400000,875.8208599060997 
1582300800000,888.4885477696962 
1582315200000,877.9013195917269 
1582329600000,875.7052788124538 
1582344000000,859.2465310772699 
1582358400000,864.2396343227751 
1582372800000,861.8355475749393 
1582387200000,867.7070671321538 
1582401600000,864.4014478538795 
1582416000000,880.5365685268546 
1582430400000,907.2820335965282 
1582444800000,908.3916120955295 
1582459200000,914.4942938400358 
1582473600000,920.0421863350416 
1582488000000,937.9110234127061 
1582502400000,906.4498497222775 
1582516800000,902.9824169128989 
1582531200000,906.4729659410067 
1582545600000,879.2420602780198 
1582560000000,861.5350367314599 
1582574400000,872.9082163462217 
1582588800000,857.4148019051688 
1582603200000,857.4148019051688 
1582617600000,856.7172894673579 
1582632000000,852.364825593049 
1582646400000,851.667313155238 
1582660800000,852.165634307622 
1582675200000,842.7897021160077 
1582689600000,842.7897021160077 
1582704000000,842.7897021160077 
1582718400000,842.7897021160077 
1582732800000,842.7897021160077 
1582747200000,842.7897021160077 
1582761600000,842.7897021160077 
1582776000000,842.7897021160077 
1582790400000,842.7897021160077 
1582804800000,842.7897021160077 
1582819200000,842.7897021160077 
1582833600000,842.7897021160077 
1582848000000,842.7897021160077 
1582862400000,842.7897021160077 
1582876800000,842.7897021160077 
1582891200000,842.7897021160077 
1582905600000,842.7897021160077 
1582920000000,842.7897021160077 
1582934400000,842.7897021160077 
1582948800000,842.7897021160077 
1582963200000,842.7897021160077 
1582977600000,842.7897021160077 
1582992000000,842.7897021160077 
1583006400000,842.7897021160077 
1583020800000,842.7897021160077 
1583035200000,842.7897021160077 
1583049600000,842.7897021160077 
1583064000000,842.7897021160077 
1583078400000,842.7897021160077 
1583092800000,842.7897021160077 
1583107200000,842.7897021160077 
1583121600000,842.7897021160077 
1583136000000,842.7897021160077 
1583150400000,842.7897021160077 
1583164800000,842.7897021160077 
1583179200000,842.7897021160077 
1583193600000,842.7897021160077 
1583208000000,842.7897021160077 
1583222400000,842.7897021160077 
1583236800000,842.7897021160077 
1583251200000,842.7897021160077 
1583265600000,842.7897021160077 
1583280000000,842.7897021160077 
1583294400000,842.7897021160077 
1583308800000,842.7897021160077 
1583323200000,842.7897021160077 
1583337600000,842.7897021160077 
1583352000000,842.7897021160077 
1583366400000,842.7897021160077 
1583380800000,842.7897021160077 
1583395200000,842.7897021160077 
1583409600000,842.7897021160077 
1583424000000,842.7897021160077 
1583438400000,842.7897021160077 
1583452800000,842.7897021160077 
1583467200000,842.7897021160077 
1583481600000,842.7897021160077 
1583496000000,842.7897021160077 
1583510400000,842.7897021160077 
1583524800000,842.7897021160077 
1583539200000,842.7897021160077 
1583553600000,842.7897021160077 
1583568000000,842.7897021160077 
1583582400000,842.7897021160077 
1583596800000,842.7897021160077 
1583611200000,842.7897021160077 
1583625600000,842.7897021160077 
1583640000000,842.7897021160077 
1583654400000,842.7897021160077 
1583668800000,842.7897021160077 
