0,1
1573387200000,1000.0 
1573401600000,999.3024875621891 
1573416000000,997.2978293409593 
1573430400000,995.4363887400217 
1573444800000,993.5834993774909 
1573459200000,990.3641369615016 
1573473600000,1001.8945689448351 
1573488000000,995.6832173118856 
1573502400000,987.201117755563 
1573516800000,991.7357908837838 
1573531200000,985.3158563477947 
1573545600000,978.2845549764779 
1573560000000,972.7181080575189 
1573574400000,978.8704967574209 
1573588800000,980.0423803193071 
1573603200000,974.1829625098765 
1573617600000,968.3235447004458 
1573632000000,973.0110789479903 
1573646400000,966.8586902480882 
1573660800000,979.4564385383641 
1573675200000,981.8002056621362 
1573689600000,981.8002056621362 
1573704000000,967.7376029195029 
1573718400000,935.803775858106 
1573732800000,941.0772518865936 
1573747200000,944.0069607913089 
1573761600000,944.8858734627235 
1573776000000,933.4600087343339 
1573790400000,927.3076200344317 
1573804800000,939.0264556532928 
1573819200000,918.5184933202858 
1573833600000,918.2255224298141 
1573848000000,909.7293666061397 
1573862400000,908.8504539347252 
1573876800000,913.8309590727412 
1573891200000,909.4363957156681 
1573905600000,908.8504539347252 
1573920000000,910.9012501680259 
1573934400000,923.4989984583018 
1573948800000,918.5184933202858 
1573963200000,923.7919693487733 
1573977600000,923.4989984583018 
1573992000000,920.8622604440579 
1574006400000,917.0536388679282 
1574020800000,906.5066868109529 
1574035200000,893.6159676302057 
1574049600000,893.6159676302057 
1574064000000,887.4635789303034 
1574078400000,886.8776371493603 
1574092800000,860.5102570069226 
1574107200000,865.7837330354103 
1574121600000,836.4866439882571 
1574136000000,827.6975172741112 
1574150400000,816.5646234361931 
1574164800000,846.4476542642892 
1574179200000,835.6077313168424 
1574193600000,856.9946063212643 
1574208000000,864.0259076925811 
1574222400000,894.7878511920917 
1574236800000,884.2408991351166 
1574251200000,884.8268409160597 
1574265600000,852.0141011832482 
1574280000000,863.1469950211664 
1574294400000,858.4594607736219 
1574308800000,848.4984504975898 
1574323200000,837.9514984406147 
1574337600000,823.5959248075097 
1574352000000,838.8304111120294 
1574366400000,859.6313443355081 
1574380800000,859.3383734450364 
1574395200000,825.6467210408105 
1574409600000,782.8729710319669 
1574424000000,788.7323888413976 
1574438400000,810.7052056267624 
1574452800000,811.2911474077055 
1574467200000,788.4394179509261 
1574481600000,798.1074573364866 
1574496000000,794.0058648698852 
1574510400000,832.9709933025988 
1574524800000,808.9473802839333 
1574539200000,827.6975172741112 
1574553600000,815.3927398743069 
1574568000000,842.3460617976878 
1574582400000,836.4866439882571 
1574596800000,798.9863700079012 
1574611200000,801.3301371316734 
1574625600000,786.3886217176254 
1574640000000,772.0330480845204 
1574654400000,770.8611645226342 
1574668800000,791.9550686365845 
1574683200000,826.525633712225 
1574697600000,823.5959248075097 
1574712000000,795.1777484317713 
1574726400000,813.9278854219492 
1574740800000,812.17006007912 
1574755200000,811.2911474077055 
1574769600000,800.4512244602588 
1574784000000,821.2521576837376 
1574798400000,817.7365069980792 
1574812800000,821.8380994646806 
1574827200000,814.2208563124208 
1574841600000,822.131070355152 
1574856000000,860.8032278973941 
1574870400000,861.3891696783372 
1574884800000,862.5610532402234 
1574899200000,889.8073460540757 
1574913600000,891.8581422873764 
1574928000000,876.9166268733283 
1574942400000,910.9012501680259 
1574956800000,914.1239299632128 
1574971200000,876.0377142019138 
1574985600000,902.1121234538799 
1575000000000,894.4948803016201 
1575014400000,910.6082792775544 
1575028800000,908.2645121537822 
1575043200000,896.2527056444493 
1575057600000,897.717560096807 
1575072000000,888.0495207112465 
1575086400000,884.2408991351166 
1575100800000,867.8345292687109 
1575115200000,864.3188785830525 
1575129600000,854.3578683070205 
1575144000000,852.3070720737198 
1575158400000,824.4748374789244 
1575172800000,826.8186046026966 
1575187200000,834.1428768644848 
1575201600000,849.0843922785328 
1575216000000,852.3070720737198 
1575230400000,859.9243152259796 
1575244800000,846.1546833738178 
1575259200000,826.525633712225 
1575273600000,849.3773631690045 
1575288000000,839.123382002501 
1575302400000,825.353750150339 
1575316800000,825.6467210408105 
1575331200000,823.0099830265667 
1575345600000,826.2326628217536 
1575360000000,824.7678083693959 
1575374400000,822.131070355152 
1575388800000,821.5451285742091 
1575403200000,811.8770891886486 
1575417600000,795.7636902127143 
1575432000000,789.0253597318692 
1575446400000,794.5918066508282 
1575460800000,805.1387587078033 
1575475200000,800.1582535697873 
1575489600000,771.1541354131058 
1575504000000,758.8493580133015 
1575518400000,770.2752227416912 
1575532800000,783.4589128129101 
1575547200000,774.9627569892357 
1575561600000,774.9627569892357 
1575576000000,773.2049316464065 
1575590400000,782.8729710319669 
1575604800000,784.0448545938532 
1575619200000,791.3691268556414 
1575633600000,809.8262929553479 
1575648000000,805.4317295982748 
1575662400000,810.9981765172339 
1575676800000,794.8847775412997 
1575691200000,806.3106422696894 
1575705600000,805.7247004887464 
1575720000000,799.2793408983728 
1575734400000,797.814486446015 
1575748800000,789.9042724032837 
1575763200000,779.0643494558371 
1575777600000,784.9237672652677 
1575792000000,798.6933991174296 
1575806400000,798.9863700079012 
1575820800000,792.5410104175274 
1575835200000,794.5918066508282 
1575849600000,791.9550686365845 
1575864000000,789.9042724032837 
1575878400000,789.6113015128122 
1575892800000,786.0956508271539 
1575907200000,778.7713785653656 
1575921600000,777.306524113008 
1575936000000,745.6656679420826 
1575950400000,763.2439213703744 
1575964800000,759.7282706847161 
1575979200000,747.1305223944403 
1575993600000,743.0289299278388 
1576008000000,760.6071833561307 
1576022400000,752.6969693133993 
1576036800000,754.1618237657569 
1576051200000,751.2321148610416 
1576065600000,736.8765412279367 
1576080000000,747.7164641753833 
1576094400000,748.8883477372694 
1576108800000,732.7749487613352 
1576123200000,732.7749487613352 
1576137600000,740.0992210231235 
1576152000000,736.8765412279367 
1576166400000,738.6343665707658 
1576180800000,735.411686775579 
1576195200000,731.3100943089776 
1576209600000,742.4429881468958 
1576224000000,739.8062501326519 
1576238400000,743.0289299278388 
1576252800000,741.2711045850097 
1576267200000,744.4937843801964 
1576281600000,742.7359590373673 
1576296000000,750.353202189627 
1576310400000,731.3100943089776 
1576324800000,726.0366182804901 
1576339200000,717.5404624568157 
1576353600000,717.5404624568157 
1576368000000,694.1027912190932 
1576382400000,705.2356850570113 
1576396800000,709.3372775236128 
1576411200000,707.5794521807836 
1576425600000,709.0443066331412 
1576440000000,707.5794521807836 
1576454400000,710.8021319759705 
1576468800000,698.7903254666377 
1576483200000,693.2238785476786 
1576497600000,701.7200343713531 
1576512000000,663.633818610054 
1576526400000,665.6846148433548 
1576540800000,661.8759932672248 
1576555200000,662.4619350481679 
1576569600000,660.1181679243956 
1576584000000,649.5712158674206 
1576598400000,631.9929624391287 
1576612800000,620.2741268202675 
1576627200000,634.9226713438441 
1576641600000,624.961661067812 
1576656000000,622.3249230535682 
1576670400000,635.5086131247871 
1576684800000,675.6456251193868 
1576699200000,685.8996062858904 
1576713600000,656.0165754577943 
1576728000000,647.8133905245913 
1576742400000,640.489118262803 
1576756800000,639.6102055913885 
1576771200000,646.0555651817622 
1576785600000,646.0555651817622 
1576800000000,647.8133905245913 
1576814400000,646.3485360722336 
1576828800000,655.1376627863796 
1576843200000,674.1807706670292 
1576857600000,671.8370035432569 
1576872000000,664.2197603909971 
1576886400000,658.653313472038 
1576900800000,653.086866553079 
1576915200000,658.0673716910949 
1576929600000,659.5322261434526 
1576944000000,649.8641867578921 
1576958400000,661.2900514862818 
1576972800000,650.1571576483636 
1576987200000,652.2079538816643 
1577001600000,651.9149829911927 
1577016000000,652.2079538816643 
1577030400000,661.8759932672248 
1577044800000,664.5127312814686 
1577059200000,662.7549059386395 
1577073600000,652.7938956626074 
1577088000000,653.9657792244935 
1577102400000,656.8954881292088 
1577116800000,642.5399144961037 
1577131200000,636.9734675771448 
1577145600000,634.0437586724295 
1577160000000,631.6999915486572 
1577174400000,639.317234700917 
1577188800000,629.6491953153565 
1577203200000,633.1648460010149 
1577217600000,634.6297004533725 
1577232000000,628.7702826439419 
1577246400000,639.0242638104454 
1577260800000,636.0945549057302 
1577275200000,627.0124573011127 
1577289600000,633.4578168914863 
1577304000000,628.7702826439419 
1577318400000,625.8405737392266 
1577332800000,624.6686901773404 
1577347200000,624.961661067812 
1577361600000,632.5789042200718 
1577376000000,640.1961473723316 
1577390400000,628.7702826439419 
1577404800000,628.1843408629989 
1577419200000,626.1335446296981 
1577433600000,629.6491953153565 
1577448000000,638.4383220295024 
1577462400000,637.5594093580878 
1577476800000,642.8328853865754 
1577491200000,641.0750600437461 
1577505600000,640.489118262803 
1577520000000,637.2664384676162 
1577534400000,633.4578168914863 
1577548800000,639.317234700917 
1577563200000,638.731292919974 
1577577600000,640.7820891532747 
1577592000000,651.0360703197782 
1577606400000,663.633818610054 
1577620800000,671.8370035432569 
1577635200000,676.5245377908013 
1577649600000,670.3721490908993 
1577664000000,661.8759932672248 
1577678400000,662.4619350481679 
1577692800000,659.239255252981 
1577707200000,653.9657792244935 
1577721600000,646.6415069627053 
1577736000000,647.5204196341199 
1577750400000,649.5712158674206 
1577764800000,643.71179805799 
1577779200000,635.8015840152586 
1577793600000,634.3367295629009 
1577808000000,630.528107986771 
1577822400000,626.4265155201696 
1577836800000,626.7194864106411 
1577851200000,630.2351370962996 
1577865600000,635.5086131247871 
1577880000000,637.2664384676162 
1577894400000,639.9031764818601 
1577908800000,634.0437586724295 
1577923200000,629.0632535344134 
1577937600000,625.547602848755 
1577952000000,623.2038357249828 
1577966400000,633.1648460010149 
1577980800000,613.8287672298939 
1577995200000,609.7271747632924 
1578009600000,611.7779709965931 
1578024000000,621.1530394916821 
1578038400000,627.8913699725273 
1578052800000,623.4968066154543 
1578067200000,628.7702826439419 
1578081600000,631.1140497677142 
1578096000000,629.6491953153565 
1578110400000,639.0242638104454 
1578124800000,644.0047689484614 
1578139200000,644.297739838933 
1578153600000,642.5399144961037 
1578168000000,645.7625942912907 
1578182400000,649.5712158674206 
1578196800000,652.2079538816643 
1578211200000,651.0360703197782 
1578225600000,651.3290412102497 
1578240000000,652.7938956626074 
1578254400000,646.3485360722336 
1578268800000,652.5009247721359 
1578283200000,654.5517210054367 
1578297600000,663.633818610054 
1578312000000,658.0673716910949 
1578326400000,669.7862073099561 
1578340800000,675.0596833384437 
1578355200000,666.5635275147692 
1578369600000,657.1884590196803 
1578384000000,659.239255252981 
1578398400000,648.3993323055344 
1578412800000,654.5517210054367 
1578427200000,651.9149829911927 
1578441600000,649.8641867578921 
1578456000000,663.0478768291109 
1578470400000,667.7354110766554 
1578484800000,713.4388699902142 
1578499200000,708.7513357426698 
1578513600000,721.9350258138886 
1578528000000,693.2238785476786 
1578542400000,694.1027912190932 
1578556800000,678.5753340241021 
1578571200000,693.2238785476786 
1578585600000,687.364460738248 
1578600000000,697.0325001238085 
1578614400000,704.0638014951253 
1578628800000,694.9817038905078 
1578643200000,696.1535874523939 
1578657600000,709.9232193045559 
1578672000000,707.286481290312 
1578686400000,691.4660532048495 
1578700800000,695.8606165619224 
1578715200000,696.1535874523939 
1578729600000,697.32547101428 
1578744000000,700.8411216999384 
1578758400000,712.2669864283281 
1578772800000,702.305976152296 
1578787200000,713.7318408806858 
1578801600000,723.9858220471893 
1578816000000,721.3490840329456 
1578830400000,740.3921919135951 
1578844800000,750.353202189627 
1578859200000,734.8257449946359 
1578873600000,757.970445341887 
1578888000000,743.6148717087818 
1578902400000,742.1500172564242 
1578916800000,731.0171234185061 
1578931200000,721.9350258138886 
1578945600000,713.4388699902142 
1578960000000,744.786755270668 
1578974400000,733.9468323232214 
1578988800000,754.4547946562285 
1579003200000,745.6656679420826 
1579017600000,784.6307963747962 
1579032000000,800.4512244602588 
1579046400000,789.6113015128122 
1579060800000,776.1346405511218 
1579075200000,821.5451285742091 
1579089600000,798.4004282269581 
1579104000000,808.0684676125186 
1579118400000,821.2521576837376 
1579132800000,777.5994950034794 
1579147200000,790.7831850746983 
1579161600000,793.1269521984706 
1579176000000,824.4748374789244 
1579190400000,827.6975172741112 
1579204800000,825.0607792598673 
1579219200000,854.9438100879635 
1579233600000,843.2249744691024 
1579248000000,826.8186046026966 
1579262400000,826.2326628217536 
1579276800000,843.2249744691024 
1579291200000,843.5179453595739 
1579305600000,823.0099830265667 
1579320000000,812.7560018600632 
1579334400000,813.9278854219492 
1579348800000,819.2013614504368 
1579363200000,813.6349145314778 
1579377600000,813.0489727505346 
1579392000000,809.5333220648763 
1579406400000,808.3614385029902 
1579420800000,767.9314556179189 
1579435200000,764.122834041789 
1579449600000,765.0017467132036 
1579464000000,776.7205823320649 
1579478400000,783.4589128129101 
1579492800000,781.7010874700809 
1579507200000,778.7713785653656 
1579521600000,774.9627569892357 
1579536000000,774.6697860987641 
1579550400000,777.0135532225364 
1579564800000,781.4081165796093 
1579579200000,790.1972432937553 
1579593600000,796.9355737746005 
1579608000000,808.0684676125186 
1579622400000,795.4707193222429 
1579636800000,804.5528169268603 
1579651200000,806.603613160161 
1579665600000,812.17006007912 
1579680000000,812.17006007912 
1579694400000,806.8965840506326 
1579708800000,808.3614385029902 
1579723200000,806.8965840506326 
1579737600000,790.1972432937553 
1579752000000,787.26753438904 
1579766400000,768.2244265083905 
1579780800000,759.142328903773 
1579795200000,751.8180566419848 
1579809600000,766.7595720560328 
1579824000000,750.6461730800986 
1579838400000,750.6461730800986 
1579852800000,760.3142124656591 
1579867200000,775.2557278797073 
1579881600000,771.7400771940488 
1579896000000,763.536892260846 
1579910400000,750.353202189627 
1579924800000,745.6656679420826 
1579939200000,757.0915326704722 
1579953600000,752.9899402038709 
1579968000000,751.5250857515132 
1579982400000,758.8493580133015 
1579996800000,758.8493580133015 
1580011200000,759.7282706847161 
1580025600000,764.122834041789 
1580040000000,761.7790669180168 
1580054400000,772.0330480845204 
1580068800000,772.0330480845204 
1580083200000,773.4979025368781 
1580097600000,765.8806593846182 
1580112000000,771.4471063035774 
1580126400000,786.3886217176254 
1580140800000,786.3886217176254 
1580155200000,774.0838443178211 
1580169600000,784.9237672652677 
1580184000000,777.306524113008 
1580198400000,778.478407674894 
1580212800000,770.8611645226342 
1580227200000,774.6697860987641 
1580241600000,775.2557278797073 
1580256000000,767.3455138369759 
1580270400000,767.6384847274475 
1580284800000,761.1931251370737 
1580299200000,769.1033391798051 
1580313600000,766.1736302750897 
1580328000000,761.4860960275453 
1580342400000,755.3337073276431 
1580356800000,759.142328903773 
1580371200000,759.142328903773 
1580385600000,767.6384847274475 
1580400000000,778.478407674894 
1580414400000,783.7518837033815 
1580428800000,798.1074573364866 
1580443200000,783.4589128129101 
1580457600000,785.2167381557392 
1580472000000,779.0643494558371 
1580486400000,768.8103682893335 
1580500800000,768.2244265083905 
1580515200000,771.1541354131058 
1580529600000,773.7908734273495 
1580544000000,773.2049316464065 
1580558400000,770.2752227416912 
1580572800000,776.1346405511218 
1580587200000,776.4276114415934 
1580601600000,771.4471063035774 
1580616000000,781.7010874700809 
1580630400000,787.853476169983 
1580644800000,795.1777484317713 
1580659200000,801.3301371316734 
1580673600000,802.7949915840311 
1580688000000,798.9863700079012 
1580702400000,798.4004282269581 
1580716800000,795.4707193222429 
1580731200000,779.9432621272516 
1580745600000,780.5292039081947 
1580760000000,787.853476169983 
1580774400000,791.3691268556414 
1580788800000,802.5020206935595 
1580803200000,821.5451285742091 
1580817600000,828.2834590550543 
1580832000000,827.6975172741112 
1580846400000,842.0530909072162 
1580860800000,828.8694008359973 
1580875200000,837.9514984406147 
1580889600000,824.4748374789244 
1580904000000,844.3968580309884 
1580918400000,842.0530909072162 
1580932800000,852.3070720737198 
1580947200000,853.7719265260774 
1580961600000,852.6000429641913 
1580976000000,857.8735189926788 
1580990400000,860.8032278973941 
1581004800000,889.5143751636042 
1581019200000,914.1239299632128 
1581033600000,968.3235447004458 
1581048000000,921.4482022250011 
1581062400000,924.670882020188 
1581076800000,915.2958135250988 
1581091200000,927.3076200344317 
1581105600000,910.6082792775544 
1581120000000,894.4948803016201 
1581134400000,899.7683563301077 
1581148800000,920.5692895535865 
1581163200000,923.7919693487733 
1581177600000,917.9325515393426 
1581192000000,900.6472690015223 
1581206400000,904.1629196871808 
1581220800000,921.4482022250011 
1581235200000,911.487191948969 
1581249600000,931.7021833915045 
1581264000000,950.1593494912111 
1581278400000,968.9094864813891 
1581292800000,945.4718152436666 
1581307200000,948.9874659293249 
1581321600000,906.2137159204814 
1581336000000,918.2255224298141 
1581350400000,908.5574830442537 
1581364800000,930.82327072009 
1581379200000,903.8699487967092 
1581393600000,921.7411731154726 
1581408000000,972.1321662765758 
1581422400000,965.9797775766738 
1581436800000,989.7104197048677 
1581451200000,986.7807108001524 
1581465600000,984.1439727859085 
1581480000000,992.9330995000545 
1581494400000,1016.95671251872 
1581508800000,1015.4918580663623 
1581523200000,1017.8356251901347 
1581537600000,1012.2691782711755 
1581552000000,987.9525943620386 
1581566400000,995.2768666238268 
1581580800000,953.3820292863978 
1581595200000,977.9915840860065 
1581609600000,1013.7340327235331 
1581624000000,1032.4841697137113 
1581638400000,1023.6950429995653 
1581652800000,1026.917722794752 
1581667200000,1080.2384248605706 
1581681600000,1089.0275515747167 
1581696000000,1103.9690669887646 
1581710400000,1114.8089899362114 
1581724800000,1107.7776885648946 
1581739200000,1108.0706594553662 
1581753600000,1137.9536902834623 
1581768000000,1084.340017327172 
1581782400000,1033.0701114946542 
1581796800000,1033.0701114946542 
1581811200000,1048.5975686896454 
1581825600000,1046.839743346816 
1581840000000,1028.9685190280527 
1581854400000,965.9797775766738 
1581868800000,945.4718152436666 
1581883200000,969.495428262332 
1581897600000,915.2958135250988 
1581912000000,922.9130566773586 
1581926400000,898.0105309872786 
1581940800000,918.2255224298141 
1581955200000,929.3584162677323 
1581969600000,948.1085532579103 
1581984000000,980.3353512097787 
1581998400000,983.5580310049656 
1582012800000,951.9171748340402 
1582027200000,966.2727484671452 
1582041600000,982.679118333551 
1582056000000,1000.8433135427858 
1582070400000,995.5698375142983 
1582084800000,966.8586902480882 
1582099200000,990.2963614858107 
1582113600000,991.1752741572253 
1582128000000,990.0033905953392 
1582142400000,920.5692895535865 
1582156800000,931.1162416105615 
1582171200000,917.0536388679282 
1582185600000,903.5769779062376 
1582200000000,900.6472690015223 
1582214400000,901.5261816729369 
1582228800000,913.5379881822697 
1582243200000,938.4405138723498 
1582257600000,969.7883991528035 
1582272000000,946.6436988055527 
1582286400000,955.7257964101701 
1582300800000,944.8858734627235 
1582315200000,946.9366696960242 
1582329600000,936.3897176390492 
1582344000000,912.9520464013267 
1582358400000,910.6082792775544 
1582372800000,912.3661046203835 
1582387200000,920.2763186631149 
1582401600000,919.6903768821718 
1582416000000,926.4287073630171 
1582430400000,948.4015241483819 
1582444800000,939.9053683247074 
1582459200000,941.9561645580083 
1582473600000,938.4405138723498 
1582488000000,938.1475429818782 
1582502400000,915.0028426346273 
1582516800000,907.3855994823675 
1582531200000,906.2137159204814 
1582545600000,909.4363957156681 
1582560000000,878.9674231066291 
1582574400000,873.6939470781415 
1582588800000,866.0767039258817 
1582603200000,846.1546833738178 
1582617600000,850.256275840419 
1582632000000,830.6272261788265 
1582646400000,826.8186046026966 
1582660800000,839.123382002501 
1582675200000,802.5020206935595 
1582689600000,801.623108022145 
1582704000000,799.5723117888442 
1582718400000,770.5681936321628 
1582732800000,792.248039527056 
1582747200000,784.3378254843246 
1582761600000,772.6189898654634 
1582776000000,800.4512244602588 
1582790400000,808.9473802839333 
1582804800000,829.1623717264689 
1582819200000,832.9709933025988 
1582833600000,812.4630309695916 
1582848000000,830.0412843978834 
1582862400000,788.4394179509261 
1582876800000,778.478407674894 
1582891200000,802.5020206935595 
1582905600000,776.7205823320649 
1582920000000,794.8847775412997 
1582934400000,795.4707193222429 
1582948800000,803.3809333649741 
1582963200000,791.3691268556414 
1582977600000,781.4081165796093 
1582992000000,784.9237672652677 
1583006400000,770.2752227416912 
1583020800000,784.6307963747962 
1583035200000,767.9314556179189 
1583049600000,785.5097090462108 
1583064000000,776.7205823320649 
1583078400000,760.0212415751876 
1583092800000,780.8221747986663 
1583107200000,789.0253597318692 
1583121600000,823.5959248075097 
1583136000000,810.9981765172339 
1583150400000,824.7678083693959 
1583164800000,832.6780224121271 
1583179200000,830.920197069298 
1583193600000,819.2013614504368 
1583208000000,813.9278854219492 
1583222400000,827.9904881645826 
1583236800000,814.2208563124208 
1583251200000,816.8575943266645 
1583265600000,844.68982892146 
1583280000000,840.0022946739155 
1583294400000,837.3655566596718 
1583308800000,832.3850515216557 
1583323200000,836.1936730977857 
1583337600000,861.6821405688088 
1583352000000,862.5610532402234 
1583366400000,874.5728597495562 
1583380800000,908.8504539347252 
1583395200000,932.5810960629192 
1583409600000,902.9910361252946 
1583424000000,920.5692895535865 
1583438400000,905.3348032490669 
1583452800000,878.6744522161576 
1583467200000,897.717560096807 
1583481600000,926.4287073630171 
1583496000000,888.342491601718 
1583510400000,900.3542981110508 
1583524800000,927.6005909249033 
1583539200000,923.7919693487733 
1583553600000,917.6395806488712 
1583568000000,907.3855994823675 
1583582400000,899.1824145491646 
1583596800000,856.9946063212643 
1583611200000,867.5415583782394 
1583625600000,848.7914213880614 
1583640000000,830.6272261788265 
1583654400000,832.9709933025988 
1583668800000,789.3183306223407 
1583683200000,804.8457878173318 
1583697600000,756.7985617800008 
1583712000000,775.2557278797073 
1583726400000,778.1854367844226 
1583740800000,780.5292039081947 
1583755200000,715.489666223515 
1583769600000,729.5522689661484 
1583784000000,746.5445806134971 
1583798400000,765.0017467132036 
1583812800000,765.5876884941467 
1583827200000,782.287029251024 
1583841600000,770.8611645226342 
1583856000000,779.6502912367802 
1583870400000,801.623108022145 
1583884800000,814.8067980933639 
1583899200000,796.0566611031859 
1583913600000,779.3573203463087 
1583928000000,763.2439213703744 
1583942400000,752.1110275324563 
1583956800000,761.7790669180168 
1583971200000,707.5794521807836 
1583985600000,690.2941696429633 
1584000000000,575.1566096876518 
1584014400000,608.8482620918778 
1584028800000,642.8328853865754 
1584043200000,524.7656165265486 
1584057600000,602.9888442824472 
1584072000000,565.7815411925628 
1584086400000,579.8441439351963 
1584100800000,537.9493065977674 
1584115200000,578.6722603733101 
1584129600000,590.3910959921714 
1584144000000,601.5239898300896 
1584158400000,573.6917552352942 
