0,1
998.2562189054727 
994.1635085081905 
997.0474237548611 
991.3640081300557 
962.8083101127406 
947.8373616376434 
957.2635143812232 
950.0552799302504 
939.936027720231 
939.3815481470792 
940.4905072933827 
923.8561200988303 
929.2622959370599 
930.7871147632271 
930.7871147632271 
926.767137857877 
919.0044238337525 
921.6382018062233 
939.3815481470792 
926.2126582847252 
928.2919566840443 
937.0250099611843 
938.9656884672155 
935.361571241729 
951.4414788631298 
972.3730827496083 
963.6400294724683 
939.3815481470792 
928.846436257196 
934.3912319887136 
928.4305765773322 
939.936027720231 
917.756844794161 
906.944493117702 
902.231416745912 
903.4789957855035 
897.2411005875464 
890.5873457097254 
897.1024806942584 
896.2707613345308 
909.023791517021 
908.7465517304452 
911.6575694894918 
918.0340845807369 
918.5885641538887 
907.0831130109899 
895.1618021882273 
899.5976387734413 
891.9735446426047 
894.0528430419238 
869.5171219299589 
887.6763279506787 
902.508656532488 
893.498363468772 
898.9045393070015 
903.0631361056397 
906.3900135445502 
898.2114398405619 
901.5383172794724 
898.9045393070015 
904.0334753586552 
912.0734291693557 
913.8754877820988 
910.5486103431883 
889.7556263499977 
888.2308075238304 
889.201146776846 
881.0225730728577 
899.5976387734413 
902.0927968526241 
906.6672533311261 
914.2913474619626 
913.5982479955229 
912.9051485290832 
911.7961893827797 
930.3712550833634 
944.6491040920208 
946.589782598052 
947.9759815309313 
935.638811028305 
901.2610774928966 
909.9941307700366 
904.587954931807 
898.2114398405619 
897.934200053986 
891.1418252828771 
890.5873457097254 
890.4487258164374 
889.8942462432857 
892.2507844291806 
897.5183403741222 
897.934200053986 
893.3597435754841 
887.8149478439666 
897.934200053986 
897.3797204808343 
903.2017559989276 
920.8064824464957 
937.5794895343361 
945.4808234517485 
946.7284024913399 
947.5601218510676 
961.2834912865734 
1018.3948873212034 
1024.7714024124487 
1017.147308281612 
1023.5238233728571 
1021.9990045466899 
1005.0873775655615 
1004.2556582058339 
1006.4735764984409 
991.2253882367678 
994.1364059958145 
1009.8004539373513 
1013.3352612161938 
1014.3749104158533 
1017.147308281612 
1010.562863350435 
1017.147308281612 
1006.4042665517969 
995.314675088762 
1003.6318686860382 
1011.2559628168747 
1006.7508162850168 
1000.1663713538397 
1005.0180676189176 
1005.0180676189176 
1003.2853189528183 
1010.562863350435 
1016.8007585483922 
1028.583449477867 
1025.4645018788883 
1023.731753212789 
1017.4938580148319 
1018.5335072144915 
1016.4542088151724 
1019.2266066809311 
1011.2559628168747 
1012.2956120165343 
1005.0180676189176 
1010.2163136172152 
1005.0180676189176 
996.7008740216413 
958.9269531006784 
966.8975969647348 
958.9269531006784 
966.8975969647348 
965.8579477650753 
973.135492162692 
971.0561937633729 
973.4820418959118 
987.3440312247055 
977.6406386945499 
978.6802878942095 
959.2735028338983 
939.5201680403673 
939.5201680403673 
938.1339691074878 
938.1339691074878 
934.6684717752894 
922.5392311125948 
928.0840268441124 
919.974763086768 
929.1236760437719 
920.8064824464957 
930.2326351900754 
950.3325197168263 
969.0462053106978 
992.3343473830713 
986.9281715448417 
997.0474237548611 
1021.860384653402 
1005.5032372454253 
990.3936688770401 
993.9977861025266 
969.6006848838496 
956.1545552349197 
973.6206617891997 
964.6103687254838 
963.7786493657562 
945.4808234517485 
946.4511627047641 
942.8470454792777 
927.7374771108925 
932.0346938028185 
936.3319104947446 
916.9251254344334 
914.5685872485385 
909.9941307700366 
927.8760970041805 
918.4499442606008 
904.0334753586552 
898.2114398405619 
894.8845624016514 
884.9039300849199 
892.3894043224685 
872.4281396890055 
829.733212556321 
826.4063351174104 
859.1206299333636 
833.891809354959 
835.971107754278 
811.851246322177 
813.9305447214961 
818.7822409865738 
815.1781237610875 
804.5043919779163 
811.851246322177 
809.9105678161459 
810.7422871758735 
817.1188022671186 
830.2876921294726 
818.7822409865738 
824.3270367180913 
823.7725571449396 
827.6539141570019 
843.1793422052508 
802.979573151749 
775.3942143874494 
774.423875134434 
770.9583778022355 
773.8693955612822 
785.6520864907568 
793.2761806215934 
792.4444612618657 
793.5534204081692 
788.2858644632277 
784.9589870243171 
789.2562037162432 
784.1272676645896 
790.2265429692587 
795.4940989142004 
798.8209763531108 
781.4934896921187 
782.7410687317101 
778.4438520397841 
781.6321095854066 
787.0382854236362 
810.8809070691615 
805.336111337644 
802.0092338987334 
800.4844150725661 
825.020136184531 
813.2374452550564 
820.3070598127412 
820.722919492605 
819.4753404530136 
783.156928411574 
785.6520864907568 
792.4444612618657 
795.2168591276245 
780.5231504391031 
778.3052321464962 
776.7804133203289 
777.4735127867685 
778.9983316129359 
768.1859799364768 
771.7900971619631 
765.5522019640059 
784.2658875578775 
798.8209763531108 
788.1472445699397 
786.6224257437724 
784.6817472377413 
775.9486939606012 
778.1666122532082 
753.6308911412434 
763.8887632445507 
777.7507525733445 
777.1962730001927 
768.7404595096285 
804.3657720846284 
856.7640917474687 
847.8924185770406 
839.1593652999006 
829.455972769745 
829.3173528764571 
830.7035518093364 
833.0600899952314 
825.4359958643948 
798.2664967799591 
801.3161344322938 
806.1678306973715 
802.979573151749 
814.069164614784 
823.6339372516517 
826.9608146905622 
824.8815162912431 
821.2773990657568 
808.6629887765545 
816.4257028006789 
809.494708136282 
802.979573151749 
805.058871551068 
808.6629887765545 
805.8905909107957 
807.6926495235389 
803.6726726181887 
805.4747312309319 
811.1581468557373 
811.5740065356011 
811.851246322177 
822.6635979986361 
814.3464044013599 
817.1188022671186 
820.8615393858929 
810.7422871758735 
812.9602054684805 
823.7725571449396 
827.6539141570019 
841.5159034857955 
836.5255873274298 
834.8621486079745 
851.7737755891029 
825.4359958643948 
826.1290953308345 
824.8815162912431 
826.6835749039863 
820.722919492605 
825.5746157576827 
828.0697738368657 
825.8518555442587 
830.1490722361847 
831.1194114892003 
832.7828502086555 
833.1987098885194 
837.0800669005815 
832.6442303153676 
822.940837785212 
825.158756077819 
830.4263120227606 
835.0007685012625 
839.2979851931885 
839.2979851931885 
834.1690491415349 
834.7235287146866 
841.9317631656594 
847.6151787904648 
841.9317631656594 
846.7834594307371 
857.5958111071963 
865.7743848111846 
892.3894043224685 
879.6363741399783 
886.5673688043752 
900.5679780264568 
900.7065979197448 
923.4402604189664 
948.9463207839469 
941.5994664396862 
930.3712550833634 
923.9947399921182 
935.2229513484411 
938.8270685739275 
963.0855498993166 
959.897292353694 
960.7290117134216 
983.4626742126433 
983.4626742126433 
984.155773679083 
975.5613402952309 
994.5522656756783 
961.4221111798613 
959.758672460406 
972.3730827496083 
1008.6914947910478 
1017.424548068188 
1014.5135303091413 
984.2250836257269 
979.2001124940392 
985.0914579587766 
983.3587092926773 
982.3190600930178 
979.2001124940392 
981.4526857599682 
970.1898194303233 
959.966602300338 
963.4320996325364 
974.1751413623515 
959.5507426204741 
949.8473500903185 
956.8476547013594 
977.2940889613301 
977.9178784811259 
971.5413633898808 
979.650627147225 
1013.1273313762618 
1025.3951919322444 
1048.7526439512617 
1028.9993091577307 
1009.9390738306394 
1015.4838695621568 
984.5023234123029 
994.0670960491705 
1007.0973660182366 
996.4236342350655 
1029.9003384641023 
1048.1288544314662 
1052.2181412834602 
1046.9505853385185 
1042.7919885398805 
1040.5394152739514 
1052.1488313368163 
1039.326491207682 
1042.6187136732706 
1041.4057896070012 
1045.3911115390292 
1045.0445618058093 
1080.2193597276237 
1069.3030431311986 
1146.5836336392235 
1154.03445290345 
1167.5498924990238 
1179.1593085618888 
1161.138722434457 
1164.9507694998752 
1212.0815332177738 
1218.492703282341 
1228.5426455457164 
1248.9890798056872 
1247.256331139588 
1217.1065043494614 
1227.8495460792767 
1221.9582006145392 
1207.7496615525258 
1205.323813419987 
1177.5998347623995 
1193.5411224905122 
1194.9273214233917 
1230.9684936782553 
1213.641007017263 
1251.414927938226 
1317.2593772499963 
1276.7130584632746 
1285.3768017937707 
1369.9349366994124 
1493.9997411921163 
1494.346290925336 
1480.4843015965423 
1587.221619428254 
1570.5872322337016 
1534.199510245618 
1529.0012642473203 
1523.109918782583 
1495.0393903917757 
1455.5327208047136 
1457.9585689372525 
1454.839621338274 
1493.3066417256766 
1492.9600919924567 
1559.4976407706665 
1534.5460599788378 
1521.030620383264 
1497.4652385243146 
1534.8926097120577 
1522.7633690493633 
1503.0100342558321 
1526.2288663815616 
1548.0614995744118 
1571.6268814333612 
1545.9822011750928 
1508.5548299873496 
1476.325704797904 
1450.334474806416 
1341.5178585753852 
1315.8731783171168 
1252.4545771378855 
1266.6631161998992 
1272.2079119314167 
1294.7336445907065 
1274.6337600639556 
1296.8129429900255 
1249.335629538907 
1235.1270904768935 
1279.8320060622532 
1287.1095504598698 
1296.1198435235858 
1319.3386756493153 
1343.2506072414844 
1338.7454607096265 
1324.5369216476129 
1342.5575077750448 
1296.8129429900255 
1265.9700167334595 
1317.605926983216 
1305.4766863205216 
1334.2403141777686 
1382.4107270953268 
1437.165584944062 
1500.2376363900735 
1462.8102652023304 
1416.7191506840911 
1426.7690929474666 
1436.1259357444023 
1436.4724854776223 
1430.9276897461048 
1435.7793860111826 
1513.4065262524275 
1520.3375209168244 
1615.985247285501 
1597.9646611580692 
1633.3127339464932 
1638.164430211571 
1748.3672453754812 
1658.9574142047616 
1634.0058334129328 
1609.400802354324 
1554.9924942388086 
1439.244883343381 
1469.3947101335073 
1311.7145815184788 
1328.695518446251 
1307.2094349866209 
1229.5822947453757 
1289.5353985924087 
1299.931890589004 
1248.9890798056872 
1282.2578541947921 
1305.8232360537413 
1294.7336445907065 
1283.2975033944515 
1326.2696703137121 
1306.516335520181 
1251.414927938226 
1243.7908338073894 
1199.4324679552496 
1214.3341064837027 
1177.9463844956194 
1225.0771482135178 
1223.6909492806385 
1248.2959803392473 
1252.1080274046658 
1256.2666242033038 
1250.0287290053466 
1274.6337600639556 
1298.8922413893445 
1257.999372869403 
1246.5632316731483 
1245.8701322067086 
1252.1080274046658 
1253.4942263375451 
1250.3752787385665 
1233.7408915440142 
1223.6909492806385 
1211.2151588847241 
1167.8964422322438 
1163.3912957003859 
1146.7569085058335 
1139.4793641082167 
1182.798080760697 
1178.2929342288392 
1192.5014732908526 
1175.1739866298606 
1184.1842796935764 
1204.2841642203275 
1290.5750477920683 
1255.9200744700838 
1168.5895416986837 
1151.2620550376914 
1133.2414689102595 
1135.6673170427985 
1104.1312913197926 
1053.5350302696957 
1038.6333917412423 
1051.8022816035964 
1033.7816954761645 
1045.9109361388591 
1046.2574858720789 
1063.2384227998512 
1065.3177211991701 
1032.3954965432852 
1054.2281297361353 
1061.505674133752 
1073.9814645296665 
1078.4866110615244 
1071.9021661303473 
1036.900643075143 
1040.0195906741217 
1045.5643864056392 
1042.7919885398805 
1058.0401768015536 
1029.9696484107462 
1044.1781874727599 
1035.167894409044 
1020.6128056138105 
984.2250836257269 
977.9871884277698 
983.8785338925071 
979.0268376274294 
978.3337381609896 
996.0077745552016 
1002.2456697531588 
1061.8522238669718 
1051.8022816035964 
1020.6128056138105 
1032.0489468100654 
1047.6436848049584 
1035.5144441422638 
1039.326491207682 
1038.2868420080226 
1040.3661404073414 
1024.424852679229 
1025.8110516121083 
993.5819264226627 
996.7008740216413 
991.1560782901238 
967.2441466979546 
949.2235605705227 
947.4908119044236 
933.9753723088497 
959.966602300338 
953.0356076359411 
962.3924504328769 
964.4717488321959 
958.2338536342387 
973.4820418959118 
968.2837958976141 
951.1642390765539 
945.7580632383243 
961.976590753013 
979.0268376274294 
981.1061360267483 
995.9384646085576 
984.155773679083 
985.5419726119624 
985.9578322918262 
992.4729672763592 
1024.078302946009 
1022.3455542799097 
1043.1385382731003 
1028.583449477867 
1053.8815800029156 
1077.100412128645 
1076.0607629289852 
1053.5350302696957 
1086.8038046588006 
1087.1503543920203 
1086.110705192361 
1079.8728099944037 
1067.3970195984894 
1065.3177211991701 
1063.9315222662908 
1088.19000359168 
1129.7759715780612 
1151.955154504131 
1155.0741021031097 
1133.9345683766992 
1142.2517619739756 
1130.122521311281 
1137.0535159756778 
1128.043222911962 
1117.9932806485863 
1063.5849725330709 
1042.4454388066606 
983.5319841592873 
947.1442621712038 
983.5319841592873 
1024.078302946009 
1007.4439157514564 
991.5026280233436 
974.1751413623515 
939.1736183071473 
964.8182985654157 
949.2235605705227 
960.6597017667776 
952.2731982228574 
924.2719797786941 
917.0637453277213 
916.0934060747059 
929.5395357236357 
915.4003066082661 
953.104917582585 
968.4917257375461 
978.3337381609896 
979.8585569871569 
941.8767062262622 
945.0649637718847 
936.3319104947446 
940.6291271866706 
935.638811028305 
931.064354549803 
948.9463207839469 
966.551047231515 
977.9178784811259 
981.799235493188 
973.066182216048 
967.2441466979546 
947.4215019577796 
929.8167755102116 
943.5401449457174 
922.6085410592389 
933.6981325222738 
954.4911165154645 
945.2035836651726 
956.1545552349197 
963.2241697926045 
956.8476547013594 
967.1055268046667 
968.630345630834 
974.1751413623515 
971.5413633898808 
975.1454806153671 
955.600075661768 
946.8670223846278 
943.4015250524294 
969.7393047771375 
976.2544397616706 
966.551047231515 
970.4324042435773 
973.2048021093359 
978.7495978408534 
979.719937093869 
977.3633989079741 
977.7792585878378 
1042.4454388066606 
1037.2471928083628 
1053.8815800029156 
1055.267778935795 
1063.2384227998512 
1073.2883650632266 
1063.5849725330709 
1064.2780719995108 
1039.326491207682 
1038.6333917412423 
1018.8800569477113 
1019.573156414151 
997.393973488081 
929.8167755102116 
947.1442621712038 
949.2235605705227 
956.5011049681395 
966.2044974982952 
964.8182985654157 
962.045900699657 
1021.9990045466899 
1047.9902345381781 
1038.6333917412423 
1043.48508800632 
1016.8007585483922 
1050.416082670717 
1061.505674133752 
1076.0607629289852 
1070.515967197468 
1041.752339340221 
1036.900643075143 
1038.2868420080226 
1026.157601345328 
1040.3661404073414 
1020.6128056138105 
1030.3161981439662 
1012.2956120165343 
1041.4057896070012 
1044.1781874727599 
1061.1591244005322 
1072.2487158635672 
1061.505674133752 
1046.6040356052986 
1037.2471928083628 
1025.4645018788883 
1012.2956120165343 
1019.9197061473708 
1015.068009882293 
1024.078302946009 
1010.562863350435 
1018.5335072144915 
1027.8903500114272 
1020.9593553470303 
1027.1972505449876 
1039.673040940902 
1036.5540933419234 
1067.0504698652694 
1043.48508800632 
1051.1091821371567 
1048.3367842713978 
1042.7919885398805 
1052.495381070036 
1046.6040356052986 
1035.8609938754835 
1009.8697638839953 
1002.2456697531588 
1007.0973660182366 
1010.9094130836548 
1018.1869574812716 
1012.2956120165343 
997.0474237548611 
987.3440312247055 
958.2338536342387 
967.2441466979546 
948.1839113708633 
960.3131520335578 
943.3322151057855 
953.7287071023808 
959.966602300338 
960.3131520335578 
951.6494087030617 
956.8476547013594 
956.1545552349197 
950.956309236622 
947.1442621712038 
954.7683563020403 
956.1545552349197 
964.8182985654157 
966.8975969647348 
966.8975969647348 
974.5216910955713 
964.125199098976 
970.7096440301531 
972.4423926962523 
968.2837958976141 
980.9675161334604 
991.5026280233436 
1009.8697638839953 
1013.3352612161938 
1014.3749104158533 
1009.1766644175557 
1005.3646173521374 
1000.1663713538397 
1000.8594708202794 
1004.6715178856977 
989.0767798908048 
988.730230157585 
977.2940889613301 
976.6009894948904 
960.3131520335578 
952.3425081695013 
934.3219220420696 
947.4908119044236 
951.3028589698419 
953.382157369161 
961.6993509664371 
960.6597017667776 
937.787419374268 
940.5598172400267 
945.2035836651726 
934.6684717752894 
945.2035836651726 
944.2332444121571 
937.9953492141999 
936.0546707081687 
948.1146014242194 
942.5698056927018 
955.7386955550559 
964.055889152332 
955.8773154483438 
950.886999289978 
954.2138767288885 
949.9166600369625 
937.9953492141999 
927.5988572176046 
976.9475392281103 
971.9572230697445 
968.2144859509702 
969.6006848838496 
986.3736919716899 
1007.7211555380323 
984.294393572371 
994.8295054622541 
998.7801724209604 
1002.9387692195985 
1059.426375734433 
1065.3177211991701 
1069.822867731028 
1058.0401768015536 
1078.8331607947441 
1078.8331607947441 
1074.674563996106 
1094.427898789637 
1103.0916421201332 
1076.0607629289852 
1068.4366687981487 
1070.515967197468 
1075.3676634625458 
1114.527783316388 
1148.4896571719325 
1144.3310603732943 
1166.1636935661445 
1149.1827566383722 
1124.2311758465435 
1131.1621705109405 
1124.5777255797634 
1120.4191287811254 
1116.2605319824872 
1114.8743330496077 
1106.9036891855515 
1110.3691865177498 
1140.865563041096 
1131.5087202441603 
1137.4000657088977 
1140.1724635746564 
1134.9742175763586 
1122.1518774472245 
1107.5967886519911 
1113.1415843835086 
1095.1209982560767 
1092.348600390318 
1097.5468463886157 
1103.7847415865729 
1143.637960906855 
1137.7466154421174 
1134.2811181099191 
1141.5586625075357 
1139.8259138414364 
1149.875856104812 
1143.9845106400746 
1147.1034582390532 
1141.2121127743158 
1171.3619395644423 
1187.9963267589947 
1194.2342219569518 
1188.3428764922146 
1191.4618240911932 
1186.6101278261153 
1182.1049812942574 
1180.0256828949382 
1198.7393684888098 
1169.282641165123 
1172.055039030882 
1143.291411173635 
1144.6776101065143 
1131.85526997738 
1182.1049812942574 
1162.3516465007265 
1155.0741021031097 
1159.9257983681873 
1153.6879031702301 
1149.875856104812 
1126.3104742458627 
1134.9742175763586 
1135.6673170427985 
1127.696673178742 
1117.6467309153666 
1098.933045321495 
1100.3192442543746 
1078.1400613283045 
1074.3280142628862 
1078.4866110615244 
1073.9814645296665 
1054.2281297361353 
1067.7435693317093 
1063.2384227998512 
1061.1591244005322 
1054.574679469355 
1059.426375734433 
1033.0885960097248 
1035.167894409044 
1038.6333917412423 
1040.3661404073414 
1089.2296527913395 
1090.2693019909989 
1090.6158517242188 
1109.3295373180904 
1096.853746922176 
1104.4778410530125 
1101.012343720814 
1105.8640399858918 
1088.8831030581196 
1091.6555009238782 
1078.4866110615244 
1070.862516930688 
1068.090119064929 
1083.684857059822 
1087.8434538584602 
1119.0329298482459 
1112.101935183849 
1120.7656785143452 
1147.450007972273 
1157.4999502356486 
1162.6981962339462 
1156.8068507692087 
1224.0374990138585 
1206.3634626196463 
1203.9376144871076 
1195.966970623051 
1198.39281875559 
1204.6307139535472 
1206.7100123528662 
1207.0565620860862 
1212.2548080843837 
1259.3855718022824 
1247.9494306060276 
1238.246038075872 
1238.9391375423115 
1230.9684936782553 
1239.9787867419711 
1245.5235824734887 
1187.9963267589947 
1177.2532850291796 
1178.2929342288392 
1201.5117663545686 
1189.382525691874 
1213.987556750483 
1211.908258351164 
1205.6703631532068 
1176.9067352959596 
1187.6497770257747 
1177.5998347623995 
1164.7774946332652 
1165.470594099705 
1164.0843951668255 
1167.5498924990238 
1172.055039030882 
1175.5205363630803 
1194.2342219569518 
1193.1945727572925 
1202.5514155542282 
1211.908258351164 
1218.492703282341 
1212.2548080843837 
1208.7893107521854 
1214.3341064837027 
1219.8789022152203 
1227.8495460792767 
1229.9288444785957 
1209.1358604854051 
1200.125567421689 
1191.4618240911932 
1210.5220594182845 
1220.22545194844 
1212.6013578176035 
1208.7893107521854 
1345.3299056408034 
1359.538444702817 
1360.9246436356964 
1341.864408308605 
1343.2506072414844 
1355.3798479041789 
1376.5193816305894 
1377.9055805634687 
1372.0142350987314 
1420.8777474827293 
1401.470962422418 
1395.5796169576809 
1410.481255486134 
1429.8880405464452 
1438.5517838769413 
1423.650145348488 
1423.3035956152683 
1406.322658687496 
1425.3828940145872 
1482.2170502626416 
1490.187694126698 
1511.3272278531083 
1482.5635999958613 
1501.2772855897329 
1500.9307358565131 
1576.132027965219 
1620.8369435505788 
1578.9044258309777 
1604.895655822466 
1591.3802162268921 
1522.0702695829234 
1509.5944791870093 
1482.5635999958613 
1472.8602074657058 
1487.0687465277194 
1510.6341283866686 
1553.952845039149 
1557.0717926381276 
1570.9337819669213 
1549.447698507291 
1518.604772250725 
1562.2700386364254 
1615.985247285501 
1531.7736621130791 
1486.7221967944995 
1381.0245281624473 
1352.6074500384202 
1379.2917794963482 
1375.4797324309297 
1313.7938799177978 
1266.3165664666794 
1253.1476766043252 
1189.729075425094 
1210.1755096850648 
1232.008142877915 
1274.6337600639556 
1271.168262731757 
1273.9406605975157 
1288.4957493927493 
1294.0405451242668 
1307.5559847198406 
1336.6661623103075 
1338.3989109764066 
1324.8834713808328 
1301.3180895218834 
1314.8335291174574 
1303.3973879212024 
1330.77481684557 
1312.7542307181382 
1304.783586854082 
1296.8129429900255 
1308.2490841862802 
1276.7130584632746 
1274.6337600639556 
1282.9509536612318 
1282.9509536612318 
1283.2975033944515 
1283.2975033944515 
1305.8232360537413 
1323.8438221811732 
1286.41645099343 
1264.5838178005802 
1266.3165664666794 
1279.8320060622532 
1266.3165664666794 
1240.325336475191 
1221.9582006145392 
1198.7393684888098 
1190.4221748915336 
1180.3722326281581 
1178.9860336952788 
1172.4015887641017 
1156.1137513027693 
1192.1549235576329 
1166.5102432993644 
1157.8464999688683 
1160.2723481014073 
1159.5792486349676 
1152.3017042373508 
1155.4206518363294 
1147.1034582390532 
1163.7378454336058 
1166.8567930325844 
1175.8670860963002 
1163.7378454336058 
1183.4911802271367 
1196.313520356271 
1186.6101278261153 
1180.718782361378 
1189.0359759586543 
1183.4911802271367 
1199.7790176884694 
1201.5117663545686 
1196.313520356271 
1203.9376144871076 
1227.8495460792767 
1224.730598480298 
1225.4236979467378 
1225.7702476799577 
1228.1960958124964 
1227.502996346057 
1229.235745012156 
1226.4633471463972 
1236.1667396765529 
1232.7012423443543 
1227.502996346057 
1230.9684936782553 
1191.8083738244131 
1190.4221748915336 
1192.8480230240725 
1182.1049812942574 
1189.729075425094 
1195.6204208898312 
1167.5498924990238 
1201.165216621349 
1190.7687246247533 
1185.570478626456 
1194.2342219569518 
1189.0359759586543 
1189.729075425094 
1183.8377299603567 
1171.3619395644423 
1163.7378454336058 
1154.03445290345 
1138.0931651753372 
1139.8259138414364 
1117.3001811821468 
1127.696673178742 
1129.4294218448413 
1111.0622859841897 
1105.1709405194522 
1088.8831030581196 
1098.5864955882753 
1092.6951501235378 
1116.953631448927 
1126.6570239790826 
1146.0638090393936 
1142.944861440415 
1141.5586625075357 
1139.132814374997 
1141.9052122407556 
1139.132814374997 
1134.6276678431389 
1113.8346838499483 
1099.9726945211546 
1087.8434538584602 
1112.795034650289 
1144.3310603732943 
1135.6673170427985 
1130.8156207777206 
1137.0535159756778 
1164.4309449000452 
1182.798080760697 
1164.7774946332652 
1190.7687246247533 
1155.7672015695493 
1139.8259138414364 
1139.132814374997 
1142.2517619739756 
1134.9742175763586 
1144.3310603732943 
1173.0946882305416 
1133.2414689102595 
1124.9242753129834 
1113.8346838499483 
1118.6863801150262 
1124.2311758465435 
1112.448484917069 
1119.7260293146855 
1147.450007972273 
1133.2414689102595 
1164.7774946332652 
1172.7481384973216 
1157.4999502356486 
1165.1240443664851 
1156.460301035989 
1148.4896571719325 
1151.2620550376914 
1172.4015887641017 
1171.7084892976623 
1171.7084892976623 
1167.8964422322438 
1161.6585470342866 
1167.8964422322438 
1171.7084892976623 
1170.3222903647827 
1172.4015887641017 
1177.2532850291796 
1180.718782361378 
1181.4118818278178 
1177.9463844956194 
1205.6703631532068 
1203.5910647538876 
1211.908258351164 
1230.9684936782553 
1219.5323524820005 
1214.6806562169227 
1195.966970623051 
1194.9273214233917 
1200.125567421689 
1196.6600700894908 
1202.2048658210083 
1205.323813419987 
1219.8789022152203 
1220.9185514148799 
1231.315043411475 
1237.5529386094322 
1236.1667396765529 
1225.7702476799577 
1235.820189943333 
1221.9582006145392 
1221.9582006145392 
1223.6909492806385 
1234.4339910104536 
1233.7408915440142 
1229.9288444785957 
1221.2651011480998 
1202.897965287448 
1168.2429919654637 
1161.6585470342866 
1163.3912957003859 
1185.9170283596757 
1202.2048658210083 
1222.3047503477592 
1226.1167974131774 
1234.4339910104536 
1238.5925878090918 
1238.9391375423115 
1225.4236979467378 
1218.492703282341 
1239.2856872755315 
1197.0066198227105 
1219.8789022152203 
1233.3943418107942 
1211.908258351164 
1220.9185514148799 
1210.8686091515044 
1246.2166819399283 
1204.977263686767 
1219.5323524820005 
1208.4427610189655 
1194.2342219569518 
1183.8377299603567 
1183.1446304939168 
1159.2326989017479 
1144.6776101065143 
1157.1534005024287 
1160.2723481014073 
1157.8464999688683 
1156.460301035989 
1148.4896571719325 
1136.7069662424578 
1149.875856104812 
1159.9257983681873 
1160.965447567847 
1142.944861440415 
1158.539599435308 
1152.9948037037907 
1158.539599435308 
1157.1534005024287 
1152.3017042373508 
1158.886149168528 
1146.4103587726136 
1155.4206518363294 
1143.291411173635 
1158.193049702088 
1144.6776101065143 
1129.7759715780612 
1137.4000657088977 
1133.2414689102595 
1134.6276678431389 
1137.0535159756778 
1147.450007972273 
1151.955154504131 
1150.5689555712515 
1161.6585470342866 
1150.9155053044715 
1138.439714908557 
1136.0138667760184 
1131.5087202441603 
1130.8156207777206 
1132.2018197106 
1113.8346838499483 
1132.8949191770398 
1148.1431074387128 
1138.786264641777 
1125.6173747794228 
1118.6863801150262 
1120.4191287811254 
1112.448484917069 
1098.2399458550553 
1103.0916421201332 
1095.8140977225164 
1087.8434538584602 
1116.2605319824872 
1120.7656785143452 
1124.9242753129834 
1125.9639245126427 
1149.5293063715922 
1143.637960906855 
1141.5586625075357 
1143.9845106400746 
1134.6276678431389 
1133.5880186434792 
1130.4690710445007 
1120.0725790479055 
1138.786264641777 
1152.9948037037907 
1164.4309449000452 
1165.1240443664851 
1175.5205363630803 
1164.0843951668255 
1171.7084892976623 
1198.39281875559 
1194.5807716901718 
1200.125567421689 
1202.2048658210083 
1205.6703631532068 
1201.8583160877884 
1202.2048658210083 
1202.2048658210083 
1204.2841642203275 
1202.897965287448 
1198.7393684888098 
1207.0565620860862 
1213.2944572840433 
1208.0962112857455 
1202.2048658210083 
1208.0962112857455 
1208.7893107521854 
1221.6116508813195 
1225.4236979467378 
1226.1167974131774 
1219.5323524820005 
1220.57200168166 
1222.3047503477592 
1219.8789022152203 
1251.0683782050062 
1241.7115354080704 
1266.6631161998992 
1274.6337600639556 
1285.7233515269904 
1288.842299125969 
1282.2578541947921 
1282.6044039280118 
1285.3768017937707 
1290.5750477920683 
1262.504519401261 
1250.7218284717865 
1256.2666242033038 
1257.3062734029634 
1250.4321700578496 
1248.7514130876966 
1242.4704697262819 
1240.7266886317548 
1253.16257044593 
1257.9010531297513 
1264.5349288871014 
1285.7001515415036 
1291.7022296076773 
1298.0202065194392 
1304.338183431201 
1312.2356545709033 
1314.762845335608 
1319.5013280194294 
1303.3904868944367 
1310.972059188551 
1300.61561196791 
1303.9263839425794 
1305.5783257594044 
1299.5690897291117 
1311.3137521419853 
1331.210508594344 
1362.6031687747325 
1350.2229647599313 
1341.0245322479202 
1340.2392261812845 
1332.500528785983 
1346.6910325611302 
1339.08106928049 
1345.4509379667334 
1339.3995627148022 
1341.6290167549873 
1321.8824238276325 
1320.6084500903837 
1311.0536470610184 
1244.1700258554615 
1204.995333435064 
1219.3275379791116 
1222.1939788879213 
1203.0843728291907 
1207.5432809095612 
1207.224787475249 
1202.7658793948785 
1181.1083258616507 
1160.7247460656713 
1210.4097218183708 
1208.1802677781857 
1290.351573830727 
1299.269389991468 
1312.3276207982672 
1302.1358309002776 
1344.813951098109 
1369.974932408771 
1358.5091687735328 
1366.7899980656493 
1363.2865702882152 
1378.892748569512 
1338.7625758461777 
1356.2797147333474 
1380.4852157410728 
1377.300281397951 
1374.4338404891414 
1378.5742551351998 
1365.8345177627127 
1336.2146283716804 
1351.820806652977 
1359.7831425107813 
1343.5399773608603 
1337.1701086746168 
1343.5399773608603 
1352.1393000872893 
1354.6872475617865 
1357.5536884705962 
1369.0194521058345 
1362.3310899852788 
1364.560544025464 
1376.6632945293268 
1366.471504631337 
1359.7831425107813 
1341.3105233206752 
1329.2077728168124 
1337.4886021089292 
1355.6427278647232 
1359.7831425107813 
1379.8482288724485 
1356.916701601972 
1398.3208480625547 
1432.0811520996454 
1418.0674409899095 
1421.8893622016558 
1436.858553614328 
1447.687330380942 
1473.4852985602283 
1462.3380283593021 
1471.255844520043 
1455.012679370122 
1461.0640546220534 
1463.612002096551 
1465.2044692681118 
1438.4510207858889 
1434.6290995741429 
1433.036632402582 
1439.0880076545131 
1448.9613041181906 
1439.4065010888255 
1446.7318500780054 
1504.0606682541973 
1500.8757339110755 
1496.416825830705 
1488.4544899729005 
1500.5572404767631 
1506.2901222943824 
1450.5537712897515 
1431.7626586653332 
1427.3037505849627 
1436.858553614328 
1463.612002096551 
1506.9271091630067 
1513.9339647178747 
1519.6668465354937 
1507.5640960316312 
1489.0914768415248 
1478.262700074911 
1508.83806976888 
1547.375775320653 
1596.7422576390404 
1577.6326515803098 
1606.2970606684057 
1582.7285465293046 
1599.60869854785 
1570.9442894597541 
1581.7730662263682 
1590.0538955184848 
1587.1874546096751 
1601.8381525880352 
1610.4374753144639 
1603.112126325284 
1626.0436535957606 
1677.0026030857089 
1670.6327343994653 
1689.1053535895715 
1677.6395899543331 
1654.071075815232 
1589.0984152155481 
1609.4819950115275 
1599.9271919821622 
1599.9271919821622 
1620.3107717781413 
1602.4751394566595 
1610.1189818801518 
1594.194310164543 
1562.3449667333255 
1531.7695970393565 
1540.6874132000974 
1485.2695556297788 
1548.968242492214 
1560.4340061274522 
1559.797019258828 
1566.1668879450715 
1567.4408616823202 
1536.8654919883513 
1549.6052293608384 
1573.8107303685638 
1639.1018844025598 
1594.8312970331674 
1567.1223682480081 
1564.2559273391985 
1583.6840268322412 
1584.0025202665533 
1595.7867773361038 
1566.1668879450715 
1573.8107303685638 
1564.8929142078227 
1566.1668879450715 
1556.9305783500183 
1541.961386937346 
1541.3244000687218 
1502.7866945169485 
1487.499009669964 
1407.87565109192 
1452.1462384613124 
1438.769514220201 
1410.4235985664175 
1433.355125836894 
1427.940737453587 
1462.6565217936143 
1455.9681596730586 
1422.8448425045922 
1440.361981391762 
1433.036632402582 
1416.4749738183486 
1416.1564803840365 
1418.704427858534 
1419.3414147271583 
1413.6085329095392 
1416.1564803840365 
1396.7283808909938 
1410.105105132105 
1407.5571576576078 
1423.8003228075288 
1426.029776847714 
1417.4304541212853 
1420.9338818987192 
1385.2626172557555 
1385.2626172557555 
1392.9064596792477 
1424.118816241841 
1394.4989268508086 
1373.478360186205 
1379.5297354381364 
1390.040018770438 
1399.9133152341155 
1383.9886435185067 
1379.8482288724485 
1381.1222026096973 
1386.5365909930042 
1371.567399580332 
1378.2557617008877 
1403.4167430115494 
1372.2043864489563 
1391.3139925076869 
1405.0092101831103 
1446.4133566436933 
1476.0332460347256 
1462.6565217936143 
1503.4236813855728 
1522.8517808786155 
1545.46481471478 
1547.375775320653 
1531.7695970393565 
1559.4785258245158 
1542.5983738059704 
1528.5846626962348 
1538.4579591599122 
1570.625796025442 
1571.5812763283784 
1588.1429349126117 
1571.8997697626908 
1562.9819536019497 
1559.797019258828 
1537.5024788569756 
1545.1463212804679 
1547.057281886341 
1531.4511036050444 
1564.8929142078227 
1531.4511036050444 
1517.4373924953086 
1516.1634187580598 
1552.1531768353357 
1538.1394657256 
1579.2251187518707 
1622.2217323840146 
1663.9443722789094 
1689.4238470238836 
1686.2389126807618 
1686.2389126807618 
1651.2046349064226 
1648.656687431925 
1610.7559687487762 
1622.5402258183267 
1619.355291475205 
1644.1977793515546 
1642.6053121799937 
1648.9751808662372 
1695.475222275815 
1701.8450909620585 
1708.8519465169263 
1729.87251318153 
1701.8450909620585 
1689.7423404581957 
1682.0984980347037 
1701.8450909620585 
1759.17390913825 
1750.2560929775093 
1757.8999354010016 
1716.4957889404186 
1715.8588020717943 
1701.8450909620585 
1713.947841465921 
1727.3245657070327 
1711.3998939914238 
1731.783473787403 
1752.1670535833823 
1677.6395899543331 
1677.6395899543331 
1612.6669293546493 
1601.201165719411 
1620.3107717781413 
1591.0093758214211 
1577.6326515803098 
1594.194310164543 
1631.1395485447554 
1609.4819950115275 
1635.598456625126 
1598.0162313762892 
1599.2902051135377 
1588.4614283469239 
1569.3518222881933 
1564.2559273391985 
1574.7662106715002 
1586.5504677410509 
1582.4100530949925 
1576.358677843061 
1608.2080212742787 
1617.444330869332 
1619.9922783438292 
1615.851863697771 
1663.6258788445973 
1701.8450909620585 
1711.3998939914238 
1739.4273162108952 
1738.790329342271 
1717.1327758090429 
1714.5848283345456 
1715.2218152031699 
1727.3245657070327 
1736.2423818677735 
1746.4341717657633 
1780.1944758028537 
1761.7218566127476 
1836.886307110421 
1884.6603222572476 
1885.2973091258718 
1891.6671778121154 
2044.54402628196 
2045.8180000192087 
2047.7289606250818 
2010.146735376245 
2060.4686979975686 
2078.941317187675 
2127.9893060717504 
2278.9551939357216 
2319.0853666590556 
2479.6060575523925 
2301.886721206198 
2046.454986887833 
2088.4961202170402 
2222.9003494967787 
2147.735898999105 
2200.6058090949264 
2336.2840121119134 
2415.907370689957 
2310.8045373669393 
2361.126499988263 
2433.743003011439 
2350.9347100902733 
2163.0235838460894 
2261.1195616142395 
2275.1332727239756 
2215.2565070732862 
2257.2976404024935 
2294.8798656513304 
2278.3182070670973 
2316.5374191845585 
2269.4003909063563 
2167.4824919264597 
1972.564510127408 
1960.4617596235455 
1917.783639425714 
1970.653549521535 
2041.9960788074625 
2031.1673020408487 
1977.660405076403 
1985.9412343685196 
1947.0850353824342 
1987.8521949743927 
2056.6467767858226 
2034.9892232525947 
2005.05084042725 
2013.3316697193668 
2034.9892232525947 
1989.1261687116414 
2061.105684866193 
2053.461842442701 
2063.653632340691 
2146.4619252618563 
2105.0577788012733 
2128.6262929403747 
2190.414019196937 
2140.092056575613 
2192.961966671434 
2247.105850504504 
2249.016811110377 
2271.948338380854 
2369.4073292803796 
2292.331918176833 
2357.941565645141 
2358.5785525137658 
2433.743003011439 
2369.4073292803796 
2377.0511717038717 
2255.3866797966207 
2295.5168525199547 
2219.0784282850323 
2331.8251040315427 
2432.4690292741902 
2491.071821187631 
2525.4691120933458 
2448.393700989799 
2450.9416484642966 
2451.578635332921 
2501.2636110856206 
2499.9896373483716 
2499.9896373483716 
2482.7909918955143 
2471.3252282602757 
2492.982781793504 
2284.0510888847166 
2250.92777171625 
2298.064799994452 
2284.688075753341 
2299.3387737317007 
2354.119644433395 
2363.037460594136 
2345.8388151412787 
2419.7292919017036 
2438.2019110918095 
2518.462256538478 
2413.9964100840843 
2371.318289886253 
2390.427895944983 
2370.681303017628 
2416.544357558582 
2400.619685842973 
2422.2772393762007 
2430.5580686683174 
2360.4895131196386 
2374.5032242293746 
2379.599119178369 
2384.695014127364 
2415.907370689957 
2425.4621737193224 
2402.530646448846 
2378.3251454411206 
2395.523790893978 
2405.7155807919676 
2375.140211097999 
2345.8388151412787 
1945.8110616451854 
1882.7493616513746 
1868.0986636730145 
1884.0233353886233 
1917.1466525570895 
1919.694600031587 
1905.043902053227 
1882.11237478275 
1892.3041646807399 
1866.8246899357657 
1924.7904949805818 
1891.030190943491 
1948.3590091196827 
1908.865823264973 
1886.5712828631206 
1880.8384010455015 
1897.4000596297346 
1873.8315454906335 
1898.037046498359 
1895.4890990238616 
1908.2288363963487 
1885.2973091258718 
1889.119230337618 
1894.2151252866129 
1846.4411101397864 
1810.1328586281984 
1846.4411101397864 
1903.1329414473537 
1935.6192717471959 
1933.7083111413226 
1915.8726788198408 
1928.6124161923278 
1936.8932454844444 
1940.7151666961906 
1952.180930331429 
1918.4206262943383 
1892.9411515493641 
1873.8315454906335 
1890.3932040748668 
1930.5233767982008 
1956.6398384117995 
1953.4549040686777 
1938.1672192216931 
1954.7288778059262 
1938.8042060903176 
1940.0781798275661 
1924.7904949805818 
1931.1603636668253 
1946.4480485138097 
1965.5576545725403 
1984.667260631271 
1973.8384838646568 
1952.180930331429 
1931.7973505354496 
1940.0781798275661 
1924.7904949805818 
1851.5370050887814 
1968.742588915662 
1973.2014969960326 
1962.3727202294185 
1980.8453394195249 
2003.139879821377 
1989.1261687116414 
1970.0165626529108 
1977.0234182077786 
2001.228919215504 
2012.6946828507423 
2041.9960788074625 
2046.454986887833 
2006.9618010331233 
2011.4207091134936 
1994.2220636606362 
1994.2220636606362 
1990.40014244889 
1982.1193131567734 
1984.0302737626464 
1982.7563000253979 
2017.790577799737 
2022.2494858801076 
2007.5987879017475 
2006.3248141644988 
2001.8659060841285 
1990.40014244889 
1993.5850767920117 
2017.790577799737 
1992.9480899233874 
1915.8726788198408 
1897.4000596297346 
1876.379492965131 
1855.9959131691517 
1806.3109374164524 
1784.0163970146 
1819.0506747889392 
1773.8246071166102 
1724.7766182325352 
1718.4067495462916 
1716.4957889404186 
1752.8040404520066 
1679.5505505602061 
1701.2081040934343 
1738.790329342271 
1744.52321115989 
1716.4957889404186 
1708.214959648302 
1733.0574475246517 
1724.139631363911 
1756.6259616637528 
1785.2903707518487 
1797.3931212557113 
1785.927357620473 
1777.6465283283565 
1667.4478000563436 
1677.6395899543331 
1631.7765354133799 
1664.899852581846 
1688.4683667209472 
1673.1806818739626 
1659.166970764227 
1586.5504677410509 
1582.0915596606803 
1703.7560515679315 
1745.7971848971388 
1753.441027320631 
1752.8040404520066 
1778.9205020656052 
1744.52321115989 
1741.3382768167683 
1762.9958303499964 
1783.3794101459755 
1775.098580853859 
1775.7355677224834 
1755.351987926504 
1739.4273162108952 
1651.5231283407347 
1639.420377836872 
1648.338193997613 
1636.8724303623746 
1649.6121677348617 
1676.3656162170844 
1675.0916424798356 
1668.721773793592 
1738.790329342271 
1717.1327758090429 
1698.0231697503125 
1685.2834323778254 
1655.3450495524808 
1685.9204192464497 
1691.653301064069 
1705.6670121738046 
1725.4136051011596 
1723.5026444952864 
1722.8656576266621 
1734.3314212619005 
1741.3382768167683 
1748.3451323716363 
1731.1464869187787 
1723.5026444952864 
1703.1190646993073 
1722.8656576266621 
1717.7697626776674 
1752.1670535833823 
1741.3382768167683 
1737.5163556050222 
1728.5985394442812 
1754.0780141892553 
1764.9067909558694 
1778.2835151969807 
1795.4821606498383 
1808.2218980223254 
1799.3040818615843 
1798.66709499296 
1806.3109374164524 
1796.1191475184626 
1829.8794515555533 
1874.468532359258 
1868.0986636730145 
1860.4548212495222 
1861.0918081181464 
1880.201414176877 
1857.2698869064004 
1882.7493616513746 
1915.2356919512165 
1925.427481849206 
1908.2288363963487 
1920.3315869002113 
1889.7562172062424 
1894.8521121552371 
1896.7630727611104 
1907.5918495277242 
1855.9959131691517 
1871.9205848847605 
1869.3726374102632 
1924.1535081119573 
1968.742588915662 
1972.564510127408 
2008.8727616389963 
2021.6124990114834 
2003.7768666900015 
1970.653549521535 
2041.3590919388382 
2022.2494858801076 
2042.633065676087 
2015.879617193864 
1991.6741161861387 
1992.3111030547632 
2044.54402628196 
2100.598870720903 
2099.324896983654 
2092.9550282974105 
2060.4686979975686 
2049.6399212309548 
2024.7974333546051 
2072.5714485014314 
2049.0029343623305 
2018.4275646683616 
2062.379658603442 
2091.681054560162 
2106.9687394071466 
2132.4482141521203 
2101.2358575895273 
2071.297474764183 
2041.3590919388382 
2061.105684866193 
2071.934461632807 
2071.297474764183 
2094.865988903284 
2092.3180414287863 
2123.5303979913797 
2169.393452532333 
2157.29070202847 
2169.393452532333 
2157.927688897095 
2177.6742818244497 
2175.7633212185765 
2233.7291262633926 
2266.852443431859 
2263.667509088737 
2296.790826257203 
2216.530480810535 
2231.8181656575193 
2141.3660303128613 
2138.8180828383643 
2161.749610108841 
2185.318124247942 
2149.009872736354 
2189.140045459688 
2191.051006065561 
2212.7085595987887 
2243.920916161382 
2240.098994949636 
2221.6263757595298 
2208.2496515184184 
2156.653715159846 
2092.9550282974105 
2108.87970001302 
2082.7632383994214 
2096.1399626405328 
2133.085201020745 
2113.3386080933897 
2113.9755949620144 
2171.304413138206 
2166.208518189211 
2156.0167282912216 
2154.742754553973 
2157.29070202847 
2201.2427959635506 
2208.2496515184184 
2152.1948070794756 
2189.777032328312 
2210.797598992916 
2242.0099555555094 
2225.448296971276 
2226.722270708525 
2275.7702595926 
2287.2360232278384 
2309.5305636296903 
2276.407246461224 
2279.592180804346 
2308.2565898924418 
2301.886721206198 
2390.427895944983 
2335.0100383746644 
2256.023666665245 
2305.07165554932 
2269.4003909063563 
2283.414102016092 
2298.064799994452 
2256.660653533869 
2236.9140606065143 
2120.982450516882 
2101.2358575895273 
2094.865988903284 
2185.955111116566 
2178.311268693074 
2185.318124247942 
2236.27707373789 
2252.838732322123 
2267.489430300483 
2277.681220198473 
2303.7976818120715 
2275.7702595926 
2319.0853666590556 
2392.9758434194805 
2394.2498171567295 
2394.2498171567295 
2349.6607363530247 
2332.4620909001674 
2342.653880798157 
2394.2498171567295 
2359.8525262510143 
2359.21553938239 
2362.400473725512 
2291.0579444395844 
2263.0305222201127 
2320.3593403963046 
2322.907287870802 
2349.0237494844005 
2425.4621737193224 
2413.9964100840843 
2397.4347514998512 
2392.9758434194805 
2394.2498171567295 
2375.777197966623 
2401.8936595802215 
2410.8114757409626 
2326.729209082548 
2403.804620186095 
2396.1607777626023 
2447.1197272525505 
2510.181427246361 
2661.147315110333 
2727.3939494472656 
2700.0035140964183 
2715.291198943403 
2739.496699951128 
2781.5378332803352 
2787.2707150979545 
2735.674778739382 
2735.674778739382 
2758.6063060098586 
2798.736478733193 
2769.435082776473 
2752.87342419224 
2773.893990856843 
2795.5515443900713 
2850.96940196039 
2845.873507011395 
2735.674778739382 
2692.9966585415505 
2780.2638595430867 
2836.9556908506543 
2749.688489849118 
2749.688489849118 
2745.2295817687473 
2780.900846411711 
2780.900846411711 
2761.7912403529804 
2769.435082776473 
2718.4761332865246 
2632.482906022237 
2685.3528161180584 
2704.462422176789 
2673.88705248282 
2729.9418969217627 
2630.571945416364 
2611.4623393576335 
2650.318538343719 
2658.5993676358353 
2674.524039351444 
2697.4555666219208 
2678.982947431815 
2685.3528161180584 
2717.202159549276 
2755.421371666737 
2722.935041366895 
2733.763818133509 
2677.708973694566 
2643.311682788851 
2691.085697935677 
2692.9966585415505 
2733.763818133509 
2751.599450454991 
2539.482823203082 
2543.941731283452 
2628.0239979418666 
2561.1403767363095 
2592.352733298903 
2630.571945416364 
2777.715912068589 
2880.9077847857343 
2862.435165595628 
2857.9762575152577 
2828.037874689913 
2847.784467617268 
2838.229664587903 
2896.832456501343 
2958.6201827579052 
3022.3188696203406 
2951.6133272030374 
3010.216119116478 
3040.791488810447 
3080.2846746651567 
3077.736727190659 
3100.668254461136 
3086.017556482776 
3085.380569614151 
3069.4558978985424 
3007.6681716419803 
3085.380569614151 
3082.832622139654 
3091.1134514317705 
3142.709387790343 
3193.031350411667 
3163.729954454947 
3198.1272453606616 
3189.8464160685453 
3150.99021708246 
3196.853271623413 
3245.264273638864 
3224.24370697426 
3265.0108665662187 
3119.140873651242 
3228.7026150546308 
3180.9285999078043 
3359.284923122623 
3444.0041766496615 
3422.983609985058 
3422.346623116434 
3448.4630847300323 
3474.5795463436307 
3477.7644806867524 
3500.059021088605 
3502.606968563102 
3521.7165746218325 
3286.031433230822 
3600.065959462628 
3634.463250368343 
3637.0111978428404 
3606.4358281488717 
3550.6994771442405 
3558.661813002045 
3608.0282953204323 
3598.473492291067 
3533.182338257071 
3637.0111978428404 
3637.0111978428404 
3725.8708660159377 
3668.542047839746 
3604.8433609773106 
3593.6960907763846 
3501.3329948258533 
3552.2919443158016 
3635.100237236967 
3619.1755655213583 
3670.1345150113066 
3698.7989240994025 
3577.7714190607758 
3459.9288483652704 
3510.8877978552187 
3608.0282953204323 
3528.404936742388 
3604.8433609773106 
3534.7748054286317 
3619.1755655213583 
3545.922075629558 
3464.7062498799532 
3469.4836513946357 
3541.144674114875 
3608.0282953204323 
3440.8192423065398 
3382.8534372617237 
3206.4080746527784 
3187.298468594048 
3326.798592822781 
3336.9903827207704 
3324.8876322169076 
3351.6410806991307 
3518.5316402787107 
3466.298717051514 
3456.7439140221486 
3498.1480604827316 
3491.141204927864 
3444.6411635182862 
3536.367272600193 
3526.175482702203 
3584.1412877470193 
3491.778191796488 
3488.5932574533663 
3533.182338257071 
3524.26452209633 
3448.4630847300323 
3452.9219928104026 
3405.147977663576 
3513.435745329716 
3515.346705935589 
3500.696007957229 
3596.2440382508817 
3596.2440382508817 
3647.839974609454 
3782.881190757817 
3819.8264291380297 
3783.199684192129 
3658.9872448103806 
3722.685931672816 
3719.500997329694 
3733.833201873742 
3644.6550402663324 
3635.100237236967 
3681.281785212233 
3787.977085706812 
3792.7544872214944 
3795.939421564616 
3797.5318887361773 
3711.5386614718896 
3733.833201873742 
3838.93603519676 
3915.374459431682 
3915.374459431682 
3816.641494794908 
3838.93603519676 
3759.312676618716 
3714.7235958150113 
3401.007563017518 
3558.661813002045 
3614.398164006676 
3419.7986756419364 
3331.257500903151 
3375.846581706856 
3351.6410806991307 
3469.4836513946357 
3488.5932574533663 
3604.5248675429984 
3652.935869558449 
3540.826180680563 
3563.7577079510397 
3529.9974039139493 
3526.8124695708275 
3580.9563534038975 
3609.6207624919934 
3589.237182696014 
3614.398164006676 
3456.7439140221486 
3483.815855938684 
3450.374045335905 
3421.709636247809 
3367.5657524147396 
3426.487037762492 
3415.3397675615656 
3377.120555444105 
3475.853520080879 
3496.874086745483 
3509.295330683658 
3579.3638862323364 
3665.357113496624 
3694.02152258472 
3711.5386614718896 
3947.2238028629 
4017.292358411579 
4025.254694269383 
4061.881439215283 
4042.771833156553 
4095.323249818062 
4092.13831547494 
4128.76506042084 
4157.429469508936 
4348.525530096242 
4356.487865954046 
4361.265267468729 
4496.624977051404 
4566.693532600082 
4694.090906324953 
4665.426497236856 
4670.203898751539 
4616.06001491847 
4641.539489663444 
4831.043083079188 
4760.97452753051 
4708.423110869 
4776.899199246118 
4695.683373496513 
4638.354555320322 
4837.412951765433 
4837.412951765433 
4885.186966912259 
4762.566994702071 
4882.002032569137 
4727.532716927732 
4722.755315413049 
4655.871694207492 
4756.197126015828 
4979.142530034351 
5251.454416371262 
5189.3481966803865 
5203.680401224434 
5276.933891116236 
5308.783234547453 
4896.334237113184 
4509.364714423891 
4393.114610899946 
4606.5052118891035 
4600.135343202861 
4845.375287623236 
4996.65966892152 
4729.125184099292 
4768.936863388315 
4622.429883604713 
4612.875080575348 
4617.65248209003 
4667.0189644084185 
4592.173007345056 
4531.659254825743 
4609.690146232226 
4682.943636124026 
4711.608045212122 
4682.943636124026 
4762.566994702071 
4819.8958128782615 
4756.197126015828 
4647.909358349687 
4684.536103295588 
4526.881853311061 
4654.279227035931 
4802.378673991092 
4885.186966912259 
4902.704105799428 
4869.26229519665 
4885.186966912259 
4907.481507314111 
5238.714678998775 
5374.074388581448 
5307.190767375892 
5350.187381008036 
5334.262709292427 
5437.7730754438835 
5456.882681502615 
5485.54709059071 
5487.139557762272 
5611.35199714402 
5273.748956773114 
5210.050269910678 
5304.00583303277 
5292.858562831843 
5179.793393651022 
5194.125598195069 
5103.354969416099 
5194.125598195069 
5280.118825459356 
5248.2694820281395 
5159.09132042073 
5208.457802739118 
5232.34481031253 
5289.673628488723 
4437.703691703651 
3713.1311286434507 
3332.5314746404 
3623.952967036041 
3537.9597397717534 
3615.990631178237 
3682.8742523837936 
3655.802310467259 
3587.326222090141 
3706.761259957207 
3738.6106033884244 
3991.8128836666046 
3932.891598318852 
3974.2957447794347 
3845.3059038830033 
3859.6381084270515 
3805.4942245939815 
3843.7134367114427 
3789.5695528783726 
3617.5830983497976 
3560.254280173606 
3389.860292816592 
3322.976671611035 
3104.808669107194 
2932.822214578619 
2358.5785525137658 
2513.366361589483 
2649.6815514750947 
2550.3115999696956 
2618.4691949125013 
2591.0787595616544 
2756.695345403986 
2821.6680060036697 
2645.859630263348 
2615.921247438004 
2538.845836334457 
2357.941565645141 
2256.660653533869 
2435.653963617312 
2484.064965632763 
2411.448462609587 
2510.181427246361 
2491.071821187631 
2329.2771565570456 
2277.681220198473 
2296.153839388579 
2124.167384860004 
2326.092222213924 
2506.9964929032394 
2710.8322908630325 
2619.74316864975 
2575.1540878460455 
2594.2636939047757 
2601.270549459644 
2588.530812087157 
2561.1403767363095 
2683.441855512185 
2623.5650898614963 
2777.715912068589 
2752.87342419224 
2828.037874689913 
2907.0242463993327 
2870.0790080191205 
2779.6268726744624 
2836.3187039820295 
2750.3254767177423 
2594.2636939047757 
2640.7637353143537 
2657.962380767211 
2556.044481787315 
2497.4416898738746 
2613.3732999635063 
2819.120058529172 
2950.976340334413 
2963.079090838276 
2989.8325393204987 
3077.736727190659 
3136.3395191040995 
3047.1613574966905 
3088.565503957273 
3068.181924161294 
2959.2571696265295 
3012.127079722351 
3074.5517928475374 
3037.606554467325 
2991.7434999263714 
2995.565421138118 
2900.017390844465 
2881.5447716543586 
3031.2366857810816 
3011.4900928537268 
3029.9627120438327 
3083.4696090082784 
2933.140708012931 
2933.140708012931 
2979.0037625538844 
2989.8325393204987 
3021.0448958830916 
2989.8325393204987 
2996.202408006742 
2912.1201413483277 
2843.325559536898 
2371.955276754877 
2459.8594646250376 
2287.2360232278384 
2315.900432315934 
2291.0579444395844 
2264.941482825986 
2250.2907848476257 
2254.749692927996 
2248.379824241753 
2277.681220198473 
2284.688075753341 
2249.016811110377 
2264.941482825986 
2264.941482825986 
2147.0989121304806 
2123.5303979913797 
2193.5989535400586 
2202.516769700799 
2150.2838464736024 
2187.229084853815 
2116.523542436512 
2088.4961202170402 
2116.523542436512 
2144.550964655983 
2206.97567778117 
2210.1606121242917 
2216.530480810535 
2190.414019196937 
2316.5374191845585 
2324.818248476675 
2363.037460594136 
2325.455235345299 
2313.3524848414368 
2322.2703010021773 
2328.0031828197966 
2284.688075753341 
2336.9209989805377 
2372.5922636235014 
2392.3388565508562 
2450.9416484642966 
2412.7224363468354 
2349.0237494844005 
2398.7087252370998 
2448.393700989799 
2402.530646448846 
2394.8868040253537 
2350.9347100902733 
2338.194972717786 
2292.968905045457 
2304.4346686806957 
2341.379907060908 
2374.5032242293746 
2306.982616155193 
2261.1195616142395 
2280.22916767297 
2229.2702181830223 
2201.879782832175 
2152.1948070794756 
2163.6605707147137 
2217.8044545477837 
2191.051006065561 
2233.0921393947683 
2243.283929292758 
2277.681220198473 
2283.414102016092 
2268.1264171691078 
2235.640086869266 
2254.1127060593717 
2264.941482825986 
2252.201745453499 
2241.3729686868846 
2266.852443431859 
2295.5168525199547 
2267.489430300483 
2256.660653533869 
2308.893576761066 
2279.592180804346 
2303.7976818120715 
2399.9826989743483 
2416.544357558582 
2457.9485040191644 
2506.9964929032394 
2464.318372705408 
2478.332083815144 
2491.071821187631 
2461.133438362286 
2430.5580686683174 
2452.2156222015456 
2485.3389393700118 
2505.722519165991 
2471.9622151289004 
2494.893742399377 
2499.3526504797474 
2505.0855322973666 
2505.722519165991 
2500.6266242169963 
2499.9896373483716 
2518.462256538478 
2585.345877744035 
2582.1609434009133 
2515.277322195356 
2335.647025243289 
2331.8251040315427 
2330.551130294294 
2340.1059333236594 
2310.167550498315 
2305.07165554932 
2329.91414342567 
2299.975760600325 
2336.2840121119134 
2438.8388979604338 
2410.8114757409626 
2389.7909090763587 
2375.777197966623 
2317.811392921807 
2280.22916767297 
2134.3591747579935 
2122.8934111227554 
2163.6605707147137 
2117.7975161737604 
2095.502975771908 
2147.0989121304806 
2198.694848489053 
2139.4550697069885 
2090.4070808229135 
2182.13318990482 
2228.6332313143976 
2163.6605707147137 
2088.4961202170402 
2043.9070394133357 
2033.0782626467217 
2049.6399212309548 
2072.5714485014314 
2055.372803048574 
2133.085201020745 
2128.6262929403747 
2074.482409107304 
1928.6124161923278 
1887.208269731745 
1754.7150010578798 
1806.9479242850766 
1836.886307110421 
1805.6739505478279 
1782.105436408727 
1840.0712414535428 
1861.0918081181464 
1761.0848697441234 
1733.0574475246517 
1536.2285051197268 
1487.8175031042763 
1487.8175031042763 
1502.4682010826364 
1514.570951586499 
1526.0367152217373 
1428.5777243222115 
1451.509251592688 
1391.632485941999 
1426.6667637163384 
1368.7009586715224 
1507.5640960316312 
1363.6050637225276 
1313.2831011012038 
1292.8995213052244 
1159.4507723284225 
1163.2726935401688 
1283.3447182758591 
1251.4953748446414 
1246.7179733299588 
1199.5809450517568 
1225.6974066653552 
1220.6015117163604 
1115.8171718276544 
1180.4713389930262 
1163.909680408793 
1192.892582931201 
1203.402866263503 
1237.1631703005935 
1252.132361713266 
1260.4131910053825 
1285.5741723160443 
1246.3994798956467 
1291.6255475679757 
1296.4029490826583 
1283.9817051444834 
1312.9646076668914 
1317.742009181574 
1346.7249117039821 
1422.207855635968 
1416.4749738183486 
1370.2934258430832 
1383.6701500841946 
1379.5297354381364 
1294.4919884767853 
1327.6153056452515 
1326.6598253423151 
1359.146155642157 
1383.9886435185067 
1369.6564389744588 
1338.4440824118656 
1322.8379041305689 
1286.848146053293 
1262.0056581769434 
1221.8754854536091 
1204.6768400007516 
1145.1185677843748 
1175.6939374783435 
1188.1151814165185 
1160.4062526313592 
1231.1117950486623 
1241.622078380964 
1279.8412904984252 
1240.6665980780276 
1203.0843728291907 
1186.5227142449576 
1197.6699844458838 
1225.6974066653552 
1255.3172960563877 
1317.1050223129498 
1296.0844556483462 
1316.1495420100132 
1269.3310071661233 
1295.447468779722 
1305.3207652433994 
1344.1769642294848 
1342.2660036236116 
1309.4611798894575 
1315.512555141389 
1312.9646076668914 
1276.6563561553035 
1251.8138682789538 
1316.7865288786377 
1281.7522511042982 
1271.2419677719965 
1243.533038986837 
1254.043322319139 
1227.9268607055405 
1282.3892379729225 
1272.515941509245 
1293.2180147395366 
1286.529652618981 
1274.7453955494304 
1274.7453955494304 
1200.5364253546934 
1219.646031413424 
1296.7214425169705 
1298.9508965571558 
1288.759106659166 
1273.1529283778696 
1290.351573830727 
1254.9988026220756 
1243.533038986837 
1243.533038986837 
1245.7624930270224 
1282.7077314072349 
1303.4098046375261 
1274.7453955494304 
1282.3892379729225 
1260.0946975710704 
1259.1392172681337 
1207.224787475249 
1185.8857273763333 
1137.7932187951947 
1189.070661719455 
1169.6425622264123 
1172.1905097009096 
1206.906294040937 
1189.070661719455 
1203.7213596978152 
1208.4987612124978 
1243.8515324211494 
1224.4234329281066 
1244.8070127240858 
1261.3686713083189 
1262.0056581769434 
1251.4953748446414 
1287.1666394876052 
1301.498844031653 
1316.4680354443256 
1347.9988854412309 
1338.4440824118656 
1375.389320792078 
1375.7078142263902 
1390.3585122047502 
1413.6085329095392 
1420.296895030095 
1419.3414147271583 
1422.8448425045922 
1415.5194935154123 
1431.1256717967087 
1403.7352364458618 
1418.704427858534 
1358.827662207845 
1345.7694314010457 
1358.827662207845 
1386.5365909930042 
1352.1393000872893 
1355.324234430411 
1312.3276207982672 
1306.594738980648 
1312.009127363955 
1334.9406546344317 
1356.916701601972 
1381.4406960440094 
1349.9098460471039 
1351.5023132186648 
1316.4680354443256 
1316.7865288786377 
1292.2625344366002 
1301.498844031653 
1322.2009172619446 
1319.6529697874473 
1312.3276207982672 
1323.4748909991933 
1335.577641503056 
1335.577641503056 
1351.820806652977 
1366.471504631337 
1393.543446547872 
1396.7283808909938 
1414.2455197781635 
1415.8379869497244 
1395.135913719433 
1428.2592308878993 
1433.6736192712062 
1402.461262708613 
1391.3139925076869 
1389.721525336126 
1379.8482288724485 
1433.6736192712062 
1426.9852571506506 
1385.2626172557555 
1413.6085329095392 
1431.1256717967087 
1417.1119606869731 
1418.385934424222 
1407.5571576576078 
1411.0605854350417 
1431.444165231021 
1448.0058238152542 
1516.1634187580598 
1512.659990980626 
1517.4373924953086 
1504.0606682541973 
1520.9408202727425 
1566.8038748136958 
1550.5607096637748 
1551.1976965323993 
1559.797019258828 
1592.9203364272944 
1594.194310164543 
1590.3723889527969 
1577.951145014622 
1575.7216909744368 
1539.4134394628486 
1574.447717237188 
1590.3723889527969 
1604.7045934968448 
1596.4237642047283 
1608.845008142903 
1586.2319743067385 
1585.276494003802 
1547.6942687549654 
1537.8209722912877 
1510.4305369404408 
1522.2147940099912 
1537.8209722912877 
1530.4956233021078 
1526.992195524674 
1582.4100530949925 
1590.3723889527969 
1576.6771712773732 
1587.5059480439872 
1585.9134808724264 
1613.6224096575856 
1621.9032389497022 
1590.690882387109 
1567.7593551166324 
1584.3210137008655 
1530.81411673642 
1554.064137441209 
1583.365533397929 
1573.1737434999393 
1591.0093758214211 
1605.9785672340936 
1624.4511864241997 
1610.4374753144639 
1645.1532596544912 
1649.6121677348617 
1617.1258374350198 
1633.6874960192529 
1650.8861414721102 
1680.1875374288306 
1655.3450495524808 
1655.3450495524808 
1655.3450495524808 
1692.2902879326932 
1696.7491960130637 
1685.2834323778254 
1695.475222275815 
1679.5505505602061 
1671.9067081367139 
1685.2834323778254 
1716.4957889404186 
1617.1258374350198 
1489.0914768415248 
1454.6941859358099 
1469.9818707827942 
1454.6941859358099 
1454.0571990671856 
1478.262700074911 
1454.0571990671856 
1369.974932408771 
1361.05711624803 
1326.9783187766272 
1346.0879248353579 
1345.7694314010457 
1333.3481874628708 
1326.341331908003 
1333.3481874628708 
1333.3481874628708 
1328.8892793825003 
1331.1187334226856 
1333.3481874628708 
1258.8207238338216 
1223.46795262517 
1155.9473445509886 
1064.2212354690819 
997.9746011321494 
1032.053398603552 
1027.912983957494 
1017.4027006251921 
994.1526799204032 
984.5978768910379 
924.4026178060367 
865.162839023972 
880.1320304366442 
905.2930117473061 
881.4060041738929 
876.6286026592103 
831.7210284211934 
863.5703718524111 
866.7553061955329 
875.6731223562738 
906.5669854845548 
879.813537002332 
882.9984713454538 
845.0977526623049 
867.3922930641571 
821.847731957516 
783.6285198400549 
754.3271238833347 
787.450441051801 
743.8168405510329 
761.9709663068269 
801.1456587272246 
811.018955190902 
804.6490865046585 
833.3134955927543 
861.0224243779137 
856.245022863231 
832.0395218555057 
832.0395218555057 
844.4607657936805 
859.7484506406649 
859.1114637720406 
838.7278839760613 
830.7655481182569 
835.8614430672517 
827.5806137751351 
886.5018991228877 
906.2484920502427 
936.1868748755873 
907.2039723531792 
901.1525971012478 
816.7518370085212 
854.0155688230458 
863.8888652867232 
856.245022863231 
890.0053269003216 
886.5018991228877 
886.8203925572 
895.7382087179409 
876.9470960935224 
894.4642349806921 
885.5464188199512 
873.4436683160885 
885.2279253856391 
876.9470960935224 
860.3854375092893 
847.9641935711144 
853.6970753887337 
846.3717263995535 
836.4984299358761 
824.7141728663256 
823.758692563389 
824.3956794320134 
834.9059627643152 
806.5600471105315 
789.6798950919862 
789.361401657674 
721.2038067148684 
767.3853546901339 
768.6593284273825 
794.1388031723567 
763.5634334783878 
814.2038895340238 
813.8853960997116 
801.4641521615367 
718.6558592403709 
689.3544632836507 
674.0667784366663 
632.6626319760834 
643.4914087426973 
569.1231918308042 
539.3440557226158 
533.1334337535284 
531.7002132991236 
305.633573624341 
239.35508994397716 
253.6872944880251 
252.2859233770515 
268.59278721383487 
277.51060337457585 
272.5739551427371 
283.40273190935113 
271.5547761529382 
274.16642231429796 
253.40065039714412 
254.54722676066794 
250.78900423578426 
167.34372444599416 
159.03104581044636 
128.50345013162428 
131.28389781316957 
143.36116884228727 
134.2331470149003 
140.48835806479144 
146.13843158948944 
152.69302646763404 
150.27884623554775 
158.73166198219292 
157.90357905298123 
154.89700103307428 
159.29858029526858 
161.57899328494375 
156.54679702281135 
148.57809129632074 
151.3999431243266 
150.98590165972078 
145.72439012488363 
153.27905438676845 
153.90330151802033 
157.5341266691791 
160.48337587090987 
160.7827596991633 
158.01186682064736 
158.7762510629966 
161.22865050720037 
162.21598015356813 
161.06940379004428 
156.9926878308484 
155.87796081075578 
157.82077076006007 
151.25980601322925 
146.19576040766566 
153.0115199019462 
154.4765896997822 
155.90981015418703 
152.34268368989063 
155.08172722497537 
154.60398707350708 
157.52673762150306 
157.52673762150306 
157.52673762150306 
157.52673762150306 
157.52673762150306 
157.52673762150306 
157.52673762150306 
157.52673762150306 
157.52673762150306 
157.52673762150306 
157.52673762150306 
157.52673762150306 
157.52673762150306 
157.52673762150306 
157.52673762150306 
157.52673762150306 
157.52673762150306 
157.52673762150306 
157.52673762150306 
157.52673762150306 
157.52673762150306 
157.52673762150306 
157.52673762150306 
157.52673762150306 
157.52673762150306 
157.52673762150306 
157.52673762150306 
157.52673762150306 
157.52673762150306 
157.52673762150306 
157.52673762150306 
157.52673762150306 
157.52673762150306 
157.52673762150306 
157.52673762150306 
157.52673762150306 
157.52673762150306 
157.52673762150306 
157.52673762150306 
157.52673762150306 
157.52673762150306 
157.52673762150306 
157.52673762150306 
157.52673762150306 
157.52673762150306 
157.52673762150306 
157.52673762150306 
157.52673762150306 
157.52673762150306 
157.52673762150306 
157.52673762150306 
157.52673762150306 
157.52673762150306 
157.52673762150306 
157.52673762150306 
157.52673762150306 
157.52673762150306 
157.52673762150306 
157.52673762150306 
157.52673762150306 
157.52673762150306 
157.52673762150306 
157.52673762150306 
157.52673762150306 
157.52673762150306 
157.52673762150306 
157.52673762150306 
157.52673762150306 
157.52673762150306 
157.52673762150306 
157.52673762150306 
157.52673762150306 
157.52673762150306 
157.52673762150306 
157.52673762150306 
157.52673762150306 
157.52673762150306 
157.52673762150306 
157.52673762150306 
157.52673762150306 
157.52673762150306 
157.52673762150306 
157.52673762150306 
157.52673762150306 
157.52673762150306 
157.52673762150306 
157.52673762150306 
157.52673762150306 
157.52673762150306 
157.52673762150306 
157.52673762150306 
157.52673762150306 
157.52673762150306 
157.52673762150306 
157.52673762150306 
157.52673762150306 
157.52673762150306 
157.52673762150306 
157.52673762150306 
157.52673762150306 
157.52673762150306 
157.52673762150306 
157.52673762150306 
157.52673762150306 
157.52673762150306 
157.52673762150306 
157.52673762150306 
157.52673762150306 
157.52673762150306 
157.52673762150306 
157.52673762150306 
157.52673762150306 
157.52673762150306 
157.52673762150306 
157.52673762150306 
157.52673762150306 
157.52673762150306 
157.52673762150306 
157.52673762150306 
157.52673762150306 
157.52673762150306 
157.52673762150306 
157.52673762150306 
157.52673762150306 
157.52673762150306 
157.52673762150306 
157.52673762150306 
157.52673762150306 
157.52673762150306 
157.52673762150306 
157.52673762150306 
157.52673762150306 
157.52673762150306 
157.52673762150306 
157.52673762150306 
157.52673762150306 
157.52673762150306 
157.52673762150306 
157.52673762150306 
157.52673762150306 
157.52673762150306 
157.52673762150306 
157.52673762150306 
157.52673762150306 
157.52673762150306 
157.52673762150306 
157.52673762150306 
157.52673762150306 
157.52673762150306 
157.52673762150306 
157.52673762150306 
157.52673762150306 
157.52673762150306 
157.52673762150306 
157.52673762150306 
157.52673762150306 
157.52673762150306 
157.52673762150306 
157.52673762150306 
157.52673762150306 
157.52673762150306 
157.52673762150306 
157.52673762150306 
157.52673762150306 
157.52673762150306 
157.52673762150306 
157.52673762150306 
157.52673762150306 
157.52673762150306 
157.52673762150306 
157.52673762150306 
157.52673762150306 
157.52673762150306 
157.52673762150306 
157.52673762150306 
157.52673762150306 
157.52673762150306 
157.52673762150306 
157.52673762150306 
157.52673762150306 
157.52673762150306 
157.52673762150306 
157.52673762150306 
157.52673762150306 
157.52673762150306 
157.52673762150306 
157.52673762150306 
157.52673762150306 
157.52673762150306 
157.52673762150306 
157.52673762150306 
157.52673762150306 
157.52673762150306 
157.52673762150306 
157.52673762150306 
157.52673762150306 
157.52673762150306 
157.52673762150306 
157.52673762150306 
157.52673762150306 
157.52673762150306 
157.52673762150306 
157.52673762150306 
157.52673762150306 
157.52673762150306 
157.52673762150306 
157.52673762150306 
157.52673762150306 
157.52673762150306 
157.52673762150306 
157.52673762150306 
157.52673762150306 
157.52673762150306 
157.52673762150306 
157.52673762150306 
157.52673762150306 
157.52673762150306 
157.52673762150306 
157.52673762150306 
157.52673762150306 
157.52673762150306 
157.52673762150306 
157.52673762150306 
157.52673762150306 
157.52673762150306 
157.52673762150306 
157.52673762150306 
157.52673762150306 
157.52673762150306 
157.52673762150306 
157.52673762150306 
157.52673762150306 
157.52673762150306 
157.52673762150306 
157.52673762150306 
157.52673762150306 
157.52673762150306 
157.52673762150306 
157.52673762150306 
157.52673762150306 
157.52673762150306 
157.52673762150306 
157.52673762150306 
157.52673762150306 
157.52673762150306 
157.52673762150306 
157.52673762150306 
157.52673762150306 
157.52673762150306 
157.52673762150306 
157.52673762150306 
157.52673762150306 
157.52673762150306 
157.52673762150306 
157.52673762150306 
157.52673762150306 
157.52673762150306 
157.52673762150306 
157.52673762150306 
157.52673762150306 
157.52673762150306 
157.52673762150306 
157.52673762150306 
157.52673762150306 
157.52673762150306 
157.52673762150306 
157.52673762150306 
157.52673762150306 
157.52673762150306 
157.52673762150306 
157.52673762150306 
157.52673762150306 
157.52673762150306 
157.52673762150306 
157.52673762150306 
157.52673762150306 
157.52673762150306 
157.52673762150306 
157.52673762150306 
157.52673762150306 
157.52673762150306 
157.52673762150306 
157.52673762150306 
157.52673762150306 
157.52673762150306 
157.52673762150306 
157.52673762150306 
157.52673762150306 
157.52673762150306 
157.52673762150306 
157.52673762150306 
157.52673762150306 
157.52673762150306 
157.52673762150306 
157.52673762150306 
157.52673762150306 
157.52673762150306 
157.52673762150306 
157.52673762150306 
157.52673762150306 
157.52673762150306 
157.52673762150306 
157.52673762150306 
157.52673762150306 
157.52673762150306 
157.52673762150306 
157.52673762150306 
157.52673762150306 
157.52673762150306 
157.52673762150306 
157.52673762150306 
157.52673762150306 
157.52673762150306 
157.52673762150306 
157.52673762150306 
157.52673762150306 
157.52673762150306 
157.52673762150306 
157.52673762150306 
157.52673762150306 
157.52673762150306 
157.52673762150306 
157.52673762150306 
157.52673762150306 
157.52673762150306 
157.52673762150306 
157.52673762150306 
157.52673762150306 
157.52673762150306 
157.52673762150306 
157.52673762150306 
157.52673762150306 
157.52673762150306 
157.52673762150306 
157.52673762150306 
157.52673762150306 
157.52673762150306 
157.52673762150306 
157.52673762150306 
157.52673762150306 
157.52673762150306 
157.52673762150306 
157.52673762150306 
157.52673762150306 
157.52673762150306 
157.52673762150306 
157.52673762150306 
157.52673762150306 
157.52673762150306 
157.52673762150306 
157.52673762150306 
157.52673762150306 
157.52673762150306 
157.52673762150306 
157.52673762150306 
157.52673762150306 
157.52673762150306 
157.52673762150306 
157.52673762150306 
157.52673762150306 
157.52673762150306 
157.52673762150306 
157.52673762150306 
157.52673762150306 
157.52673762150306 
157.52673762150306 
157.52673762150306 
157.52673762150306 
157.52673762150306 
157.52673762150306 
157.52673762150306 
157.52673762150306 
157.52673762150306 
157.52673762150306 
157.52673762150306 
157.52673762150306 
157.52673762150306 
157.52673762150306 
157.52673762150306 
157.52673762150306 
157.52673762150306 
157.52673762150306 
157.52673762150306 
157.52673762150306 
157.52673762150306 
157.52673762150306 
157.52673762150306 
157.52673762150306 
157.52673762150306 
157.52673762150306 
157.52673762150306 
157.52673762150306 
157.52673762150306 
157.52673762150306 
157.52673762150306 
157.52673762150306 
157.52673762150306 
157.52673762150306 
157.52673762150306 
157.52673762150306 
157.52673762150306 
157.52673762150306 
157.52673762150306 
157.52673762150306 
157.52673762150306 
157.52673762150306 
157.52673762150306 
157.52673762150306 
157.52673762150306 
157.52673762150306 
157.52673762150306 
157.52673762150306 
157.52673762150306 
157.52673762150306 
157.52673762150306 
157.52673762150306 
157.52673762150306 
157.52673762150306 
157.52673762150306 
157.52673762150306 
157.52673762150306 
157.52673762150306 
157.52673762150306 
157.52673762150306 
157.52673762150306 
157.52673762150306 
157.52673762150306 
157.52673762150306 
157.52673762150306 
157.52673762150306 
157.52673762150306 
157.52673762150306 
157.52673762150306 
157.52673762150306 
157.52673762150306 
157.52673762150306 
157.52673762150306 
157.52673762150306 
157.52673762150306 
157.52673762150306 
157.52673762150306 
157.52673762150306 
157.52673762150306 
157.52673762150306 
157.52673762150306 
157.52673762150306 
157.52673762150306 
157.52673762150306 
157.52673762150306 
157.52673762150306 
157.52673762150306 
157.52673762150306 
157.52673762150306 
157.52673762150306 
157.52673762150306 
157.52673762150306 
157.52673762150306 
157.52673762150306 
157.52673762150306 
157.52673762150306 
157.52673762150306 
157.52673762150306 
157.52673762150306 
157.52673762150306 
157.52673762150306 
157.52673762150306 
157.52673762150306 
157.52673762150306 
157.52673762150306 
157.52673762150306 
157.52673762150306 
157.52673762150306 
157.52673762150306 
157.52673762150306 
157.52673762150306 
157.52673762150306 
157.52673762150306 
157.52673762150306 
157.52673762150306 
157.52673762150306 
157.52673762150306 
157.52673762150306 
157.52673762150306 
157.52673762150306 
157.52673762150306 
157.52673762150306 
157.52673762150306 
157.52673762150306 
157.52673762150306 
157.52673762150306 
157.52673762150306 
157.52673762150306 
157.52673762150306 
157.52673762150306 
157.52673762150306 
157.52673762150306 
157.52673762150306 
157.52673762150306 
157.52673762150306 
