date,current_balance 
442.0,1.0 
0.089658,0.999302487562189 
5.9691,0.998604975124378 
427.7,0.9979074626865669 
0.086774,0.9950653014425852 
5.8231,0.9922388288621442 
426.0,0.9889535057121958 
0.08551399999999999,0.9836330768773262 
5.8034,0.9811380187909376 
402.5,0.9765660277671745 
0.08361,0.9767971266325389 
5.5618,0.9756947230515713 
413.9,0.9747630451978166 
0.08513899999999999,0.9692925556385943 
5.6232,0.9593085232071894 
399.6,0.9610285438602749 
0.082022,0.9625255126299487 
5.3834,0.9678451299098066 
416.0,0.9661967767839329 
0.085,0.9679524383133428 
5.6159,0.9703288460326928 
406.9,0.974987235301466 
0.08406799999999999,0.9739386673153353 
5.5228,0.9717806603054222 
409.2,0.9582354976623737 
0.08301900000000001,0.950319499214445 
5.4948,0.9351562499592487 
394.9,0.9363029303946392 
0.081334,0.9364374506297021 
5.1819,0.9334942410691941 
394.0,0.9446027077870379 
0.08127000000000001,0.9480553938203174 
5.2356,0.9547686156270591 
416.2,0.9566319713345685 
0.08311,0.957435643508149 
5.4841,0.9657972706694506 
410.9,0.9518221028631308 
0.081584,0.9394531397109424 
5.5068,0.9264582974994419 
392.8,0.9255982871728992 
0.079023,0.9237632931971701 
5.2464,0.9210852844981214 
389.5,0.9242386556954449 
0.077614,0.9257494214123045 
5.1451,0.9293114329828838 
404.7,0.932608139234631 
0.08089,0.9351743714112144 
5.3284,0.9418043929476942 
403.2,0.9445994265089583 
0.080231,0.9439992593063702 
5.4068,0.9403696475162032 
408.0,0.9454580419482478 
0.081134,0.9556884782866167 
5.3907,0.9615696973907413 
413.1,0.9617846999723769 
0.082403,0.9620054511273519 
5.46,0.9640646578163292 
408.4,0.9606962840373701 
0.08187,0.9543186452006727 
5.4079,0.9504914327686342 
406.8,0.9507781028774818 
0.08068600000000001,0.9548482022973317 
5.4109,0.9536625984461025 
412.8,0.9560992943713069 
0.081861,0.9522016567912812 
5.4053,0.9566944713854133 
411.7,0.9608511879637032 
0.08037899999999999,0.9618721620554622 
5.5708,0.9673165797407128 
421.8,0.9681765900672556 
0.082585,0.9692734473685372 
5.6029,0.9752950669287281 
416.5,0.9727867034763118 
0.080712,0.9680095105131827 
5.6,0.9623830922367348 
416.6,0.9618814195462515 
0.080001,0.9613226431852212 
5.5375,0.9598094382698364 
413.0,0.9590927629977175 
0.080192,0.9578199946198153 
5.6496,0.9660412213250502 
414.5,0.9680479120869834 
0.079513,0.968003072008629 
5.6236,0.9649298620258373 
415.2,0.9579064443590715 
0.079537,0.9568578763729405 
5.636,0.952593862522028 
399.0,0.9471471304539238 
0.077176,0.9395691572120504 
5.4284,0.9334123372126841 
400.3,0.9324089918317175 
0.077424,0.9313224822408255 
5.4121,0.9288264741329741 
396.0,0.9313348375853905 
0.076503,0.9320039895239083 
5.3864,0.9314267876489677 
404.2,0.9322151304482984 
0.07712000000000001,0.9336465637188389 
5.4232,0.9326377604419157 
402.9,0.9308460722616184 
0.077361,0.9303355852157388 
5.3996,0.932087990908126 
401.2,0.9314429831632189 
0.076795,0.9282800330208439 
5.393,0.9258516251325803 
399.7,0.9293633339659633 
0.076615,0.9325711241866925 
5.4289,0.9375163402503728 
405.9,0.9382330155224918 
0.07795,0.9380536552090746 
5.4734,0.9380172550908351 
405.0,0.9360105643289021 
0.07744,0.9367038609249952 
5.3994,0.9288934355541774 
402.3,0.9345551702039172 
0.076851,0.941764075108567 
5.2681,0.9419876758348953 
416.1,0.9451410470322186 
0.079979,0.9447719786949949 
5.4066,0.9484289009738753 
414.2,0.9439721841266764 
0.078774,0.9380518175105625 
5.3629,0.9380518175105625 
405.4,0.9380518175105625 
0.077234,0.9380518175105625 
5.2943,0.9380518175105625 
401.3,0.9380518175105625 
0.0774,0.9380518175105625 
5.2746,0.9380518175105625 
402.5,0.9380518175105625 
0.077813,0.9380518175105625 
5.25,0.9380518175105625 
405.7,0.9380518175105625 
0.078622,0.9380518175105625 
5.271,0.9380518175105625 
403.8,0.9380518175105625 
0.077549,0.9380518175105625 
5.2332,0.9380518175105625 
410.6,0.9380518175105625 
0.079715,0.9380518175105625 
5.33,0.9380518175105625 
412.4,0.9380518175105625 
0.080182,0.9373543050727515 
5.4293,0.9366567926349405 
408.4,0.9359592801971295 
0.080624,0.9370690745703312 
5.3397,0.9363548290261251 
408.8,0.9370958480183973 
0.081862,0.9369941665810444 
5.3378,0.9389927702258185 
413.6,0.9376174295049731 
0.080176,0.9330009386229146 
5.264,0.925403792831222 
412.7,0.9268544383272648 
0.080095,0.9242316829496489 
5.2827,0.92443716130805 
417.0,0.926540597277312 
0.07932,0.9282032696906112 
5.2404,0.9231995939900886 
418.2,0.926681143180591 
0.0805,0.9267767836291436 
5.2176,0.9210733708162284 
424.0,0.9220888226634583 
0.079929,0.9196463127465762 
5.0959,0.9207070253534573 
421.6,0.9170804116133505 
0.07926799999999999,0.9140640590051529 
5.0924,0.9074831980671736 
416.8,0.9045093748002859 
0.078542,0.9021625053319566 
4.9258,0.8981473471394174 
414.1,0.8987276053378344 
0.078226,0.8968957229001729 
4.9861,0.8989282926075994 
414.1,0.8984205666839844 
0.07741,0.8987258804235947 
4.9977,0.9021912451706826 
415.0,0.9060354557351957 
0.077917,0.9045236009523066 
4.9757,0.8987535465096395 
418.5,0.8959247877923562 
0.076426,0.8914775069346599 
4.8101,0.8833583350432458 
415.1,0.8835759318676523 
0.076613,0.8858823380692863 
4.8397,0.8862044392797528 
416.7,0.8721331779681383 
0.07646499999999999,0.8549068617922972 
4.764,0.8323542235904966 
387.5,0.8237954151638445 
0.07067799999999999,0.8237880582062636 
4.3143,0.825176425492757 
386.4,0.8254665545919656 
0.072783,0.8239914845969812 
4.4483,0.8257297204396712 
388.5,0.8177511702114362 
0.071533,0.8127226897048432 
4.434,0.8174986731703808 
365.1,0.787905505051109 
0.069543,0.7663716902116104 
4.4583,0.7498112452183158 
339.9,0.7535829235080268 
0.06504299999999999,0.7570186226983396 
4.3142,0.7576239508352509 
344.8,0.7596548545297108 
0.065944,0.7609570360215425 
4.235,0.7640058905826822 
334.3,0.767124778399174 
0.06394,0.765289217482722 
4.2613,0.769598709539998 
345.2,0.7651742407770676 
0.066715,0.7602524361553988 
4.3383,0.7585641815350227 
345.3,0.7653096830916214 
0.065011,0.7700144574646517 
4.3559,0.7778281885530371 
341.1,0.775144494385358 
0.063941,0.7798014485341119 
4.286,0.7771857645663581 
350.5,0.782480620626914 
0.06754,0.7902201400020943 
4.5016,0.7951071928505515 
352.5,0.7903200627136107 
0.069261,0.7885985346396636 
4.4932,0.7868269779820979 
346.0,0.7886402848521513 
0.06722,0.7946803470261276 
4.3974,0.7936418482958305 
350.2,0.7979212525091566 
0.070425,0.797704222260518 
4.4647,0.8002032833762063 
353.0,0.7975921214833293 
0.069746,0.7948038345601418 
4.5293,0.7951037218940243 
347.6,0.7919123018027303 
0.068,0.7881970382243405 
4.4092,0.785725744454382 
345.1,0.7816639370654623 
0.068098,0.7813623018046426 
4.47,0.7772083068834541 
336.5,0.7790941460283096 
0.066838,0.7781524554579455 
4.3469,0.7785300913598718 
347.9,0.7778047686118503 
0.06815399999999999,0.7741667530880607 
4.3498,0.7665862677038061 
341.3,0.7625244603148865 
0.06664199999999999,0.7572053799838453 
4.2554,0.756416787365117 
344.7,0.7605511270288388 
0.06699400000000001,0.7669369662091207 
4.2737,0.7667370413198656 
340.6,0.7644160085261972 
0.066968,0.7616497924757526 
4.2169,0.7599726447936684 
338.7,0.75018078769538 
0.06526599999999999,0.7406388137128621 
4.2058,0.7307814059787581 
323.2,0.722802855750523 
0.061946,0.712561970797813 
4.0,0.7075194208132685 
305.9,0.7018619033787019 
0.060591,0.7021010045000835 
3.8955,0.697871571254016 
307.6,0.6988011448878801 
0.061287,0.7006958631002407 
3.88,0.7006958631002407 
309.0,0.7006958631002407 
0.061988999999999995,0.7006958631002407 
3.9469,0.7006958631002407 
285.3,0.7006958631002407 
0.058475,0.7006958631002407 
3.7378,0.7006958631002407 
288.8,0.7006958631002407 
0.058101,0.7006958631002407 
3.7201,0.7006958631002407 
291.7,0.7006958631002407 
0.057972,0.7006958631002407 
3.7936,0.7006958631002407 
317.3,0.7006958631002407 
0.0598,0.7006958631002407 
3.9684,0.7006958631002407 
317.8,0.7006958631002407 
0.059567999999999996,0.7006958631002407 
4.18,0.7006958631002407 
313.1,0.7006958631002407 
0.05954299999999999,0.6999983506624297 
4.17,0.6993008382246186 
308.3,0.6986033257868077 
0.059039,0.6959348897205381 
4.091,0.6949455811315184 
309.6,0.693765046909425 
0.058649,0.6911700578640831 
4.1771,0.6903412878553474 
305.3,0.6840144093423948 
0.057793,0.6807967575559528 
4.129,0.6770888501180253 
303.8,0.6661136526975973 
0.057737000000000004,0.6530781240690515 
3.9699,0.6359661791487969 
283.0,0.6364826590274053 
0.053069000000000005,0.6365600711519745 
3.825,0.6322772943438257 
283.0,0.6338267339796508 
0.051753999999999994,0.6264187302328321 
3.6881,0.6270750394305015 
284.5,0.6301093587173257 
0.05139,0.6338655296312056 
3.68,0.6399926790021477 
291.6,0.6367646797608454 
0.05315399999999999,0.6369834531563672 
3.8016,0.6371511233893483 
279.0,0.6376030432831308 
0.051240999999999995,0.6446239864071034 
3.7501,0.6515559528963555 
301.2,0.6611753906354365 
0.056323000000000005,0.671764022978686 
3.9957,0.6758743389757684 
294.3,0.6742603393551172 
0.055937,0.6695550284791277 
3.8709,0.6656219638711969 
292.2,0.6618774847512862 
0.055123,0.6619212394303905 
3.8375,0.6618685430714535 
297.7,0.6681308615995801 
0.055807,0.6714360227442309 
3.897,0.6739606573951195 
299.0,0.6709908980931212 
0.05633099999999999,0.6704961336447877 
3.9664,0.6691404000466823 
295.0,0.6699796798494209 
0.056840999999999996,0.6695152071020056 
3.9339,0.67030565248606 
314.6,0.6817973297850964 
0.058455999999999994,0.6894072782047045 
4.02,0.6948781183779773 
311.1,0.6940388385752387 
0.058008000000000004,0.6939984496406808 
4.0501,0.6936726903308887 
314.5,0.692639730573672 
0.058538,0.6913338216896349 
4.0977,0.6938057599815866 
311.0,0.6926436802547177 
0.057908,0.6910954377633335 
4.0611,0.6849587072362209 
310.3,0.6814079080707883 
0.05825,0.680970361279745 
4.0183,0.676845673548407 
303.2,0.675360793897408 
0.057,0.6722239199800817 
3.9199,0.6716777940783714 
301.7,0.6694181946094597 
0.057173,0.6714881275055495 
3.9401,0.6732654319751503 
300.9,0.6759123913530183 
0.058251,0.6818091757984643 
3.9029,0.6826379458072 
308.6,0.6874153846843276 
0.0603,0.694103119098198 
3.9676,0.6988601631367793 
314.6,0.7006032827270826 
0.061799,0.7029862298659957 
4.0449,0.703642539063665 
312.0,0.7028678192457526 
0.061251,0.7001583948858302 
4.0255,0.696163052762792 
314.6,0.7006822517006153 
0.061074,0.7021564478119768 
4.0001,0.7061134653103336 
331.1,0.7183153024424564 
0.062402,0.7284360962937442 
4.0808,0.7335188996421176 
335.4,0.7288060207498162 
0.065001,0.724565182621242 
4.1512,0.7244214652786867 
324.9,0.7231948255669918 
0.062747,0.7189842791393362 
4.0363,0.7143422089747989 
325.4,0.7109205297790184 
0.061752,0.7114388544391775 
4.017,0.7131586719717563 
325.0,0.7158701913344502 
0.062204999999999996,0.716593826411945 
4.2553,0.7237174160246043 
325.3,0.7169386176178693 
0.061808,0.708719469435347 
4.2106,0.7023048853792941 
317.3,0.6997870459710782 
0.060351999999999996,0.7005275097713055 
4.1336,0.7012460964840821 
314.2,0.7058298554067315 
0.060171,0.7080546125519598 
4.0798,0.7111541165730696 
321.7,0.711670596451678 
0.061185,0.7144910903816344 
4.2511,0.7173462749204004 
321.6,0.7157322752997491 
0.061707000000000005,0.7159712431625498 
4.2855,0.717839568615769 
319.0,0.7162901289799439 
0.061803,0.7125709812560753 
4.23,0.7077660314366421 
321.0,0.7024075526960802 
0.060502999999999994,0.6983854879630278 
4.1634,0.6923110349510224 
307.4,0.6915363151331099 
0.058732000000000006,0.6891331735269179 
3.9684,0.6850782940994371 
302.6,0.6853908935459649 
0.058145,0.6847436877956317 
3.9002,0.6847436877956317 
309.8,0.6847436877956317 
0.059296,0.6847436877956317 
3.9161,0.6847436877956317 
311.2,0.6847436877956317 
0.059315999999999994,0.6847436877956317 
3.9276,0.6847436877956317 
305.7,0.6847436877956317 
0.056604999999999996,0.6847436877956317 
3.8752,0.6847436877956317 
303.4,0.6847436877956317 
0.056885000000000005,0.6847436877956317 
3.8788,0.6847436877956317 
295.8,0.6847436877956317 
0.055376999999999996,0.6847436877956317 
3.71,0.6847436877956317 
305.7,0.6847436877956317 
0.057665999999999995,0.6847436877956317 
3.8457,0.6847436877956317 
296.6,0.6847436877956317 
0.055617999999999994,0.6840461753578206 
3.6947,0.6833486629200097 
284.7,0.6826511504821987 
0.054152,0.6828123335632239 
3.6747,0.6824877546957361 
288.1,0.6830379223527488 
0.055082000000000006,0.6865345794748293 
3.67,0.6899852464691367 
291.5,0.6946695191058432 
0.05586,0.7013784337092093 
3.7371,0.7106979516544644 
306.5,0.7102157471183328 
0.058692999999999995,0.7068977513090593 
4.0,0.7018385844244922 
297.6,0.7031474253082779 
0.057017,0.7086202953189585 
3.8702,0.7121796447382834 
302.4,0.7196193718671703 
0.05873,0.7255881181746217 
3.8762,0.7302179894803694 
308.0,0.7282891713358431 
0.059848,0.7262363893131827 
3.9912,0.7255027829443141 
306.4,0.7250894647704873 
0.059072,0.7248634035175479 
3.948,0.7227169256234511 
306.9,0.7218214029134924 
0.059227999999999996,0.7236991697725867 
3.9241,0.7236285261963253 
304.9,0.7213552762402766 
0.059289999999999995,0.7195431400675196 
3.8426,0.7155001538568666 
296.4,0.7137091084369493 
0.059059,0.7119553106520476 
3.8031,0.7112108360406775 
301.9,0.7101086542438053 
0.058702,0.7048144455459316 
3.79,0.6999291705413926 
298.4,0.708264420380238 
0.057326999999999996,0.710262510164284 
3.7705,0.7158650891739389 
315.5,0.7180005664053786 
0.059283,0.7315314262385806 
3.8334,0.7311184330235139 
314.4,0.7313939784727319 
0.061463,0.7294250578826137 
3.8491,0.7306803398915664 
312.4,0.7352268398036639 
0.061451,0.7383625281508892 
3.8238,0.7385690247584226 
320.0,0.7367779793385054 
0.062529,0.7383421773628772 
3.8586,0.7397333124031018 
317.6,0.7439353805036768 
0.0629,0.7464220542860114 
3.916,0.7511660421380276 
321.9,0.7483417012835428 
0.062294,0.7447028443410649 
3.932,0.7416053952280647 
318.9,0.7351989635337456 
0.061922000000000005,0.7257773138951052 
3.9041,0.7187781657239748 
303.8,0.7132672567396142 
0.0586,0.7077943867289335 
3.7,0.6977249600510572 
303.5,0.6974494146018392 
0.057537,0.6986963976422474 
3.5971,0.6998429972261826 
302.9,0.7023917926314494 
0.058384000000000005,0.7072120019279984 
3.6119,0.7072174360492492 
305.8,0.7073552087738583 
0.05977999999999999,0.7060936411364861 
3.62,0.5096664602810115 
305.4,0.5109064148024925 
0.058765,0.5113038450697571 
3.63,0.709274316360481 
304.9,0.7067944073175189 
0.059115999999999995,0.7063167617669531 
3.6576,0.5083462904762293 
305.1,0.5087596086500562 
0.059369000000000005,0.5072573951627808 
3.6165,0.7033585287432027 
304.4,0.7032207560185937 
0.058697000000000006,0.7033046174511357 
3.6147,0.7035382846649235 
302.7,0.7017472392450065 
0.05902999999999999,0.6989032428370577 
3.5971,0.695425405236496 
311.2,0.7025895869161647 
0.059332,0.7099402237859397 
3.6394,0.7146842116379559 
311.5,0.7131687116672569 
0.05946,0.7095189162770561 
3.6137,0.7071659417754261 
308.7,0.7047549190947684 
0.058924000000000004,0.7034240746218179 
3.6179,0.7040761691719233 
305.7,0.7049716918818819 
0.059945000000000005,0.7122348211698739 
3.5573,0.7096753500607105 
305.4,0.7098820091476239 
0.061458000000000006,0.7109940846661167 
3.5731,0.713069918983952 
305.1,0.7114166462886439 
0.060762000000000004,0.7111978773341863 
3.5982,0.7114858857604828 
305.6,0.7108659084997422 
0.060319000000000005,0.7066072061863011 
3.5836,0.7040096962283816 
303.2,0.704354128039904 
0.059053999999999995,0.702370622852822 
3.547,0.700952317206343 
308.0,0.7071520898137487 
0.059864,0.7103752857427571 
3.5356,0.7112719157491518 
314.3,0.7139584838790276 
0.061065999999999995,0.7175791100753008 
3.5596,0.720948265250845 
320.5,0.7240481515545476 
0.060658000000000004,0.7210692476246836 
3.6204,0.7219355334980135 
322.6,0.7190857046894761 
0.060113,0.7178601974680969 
3.6444,0.7178601974680969 
318.0,0.7178601974680969 
0.059986000000000005,0.7178601974680969 
3.632,0.7178601974680969 
331.7,0.7178601974680969 
0.060573,0.7178601974680969 
3.6726,0.7178601974680969 
328.2,0.7178601974680969 
0.060163,0.7178601974680969 
3.6955,0.7178601974680969 
331.3,0.7178601974680969 
0.06030599999999999,0.7178601974680969 
3.7106,0.7171626850302859 
330.9,0.7171626850302859 
0.06015499999999999,0.7171626850302859 
3.713,0.7147738593636621 
325.6,0.7147738593636621 
0.05935700000000001,0.7147738593636621 
3.63,0.7125826454851473 
328.5,0.7125826454851473 
0.060127999999999994,0.7118851330473364 
3.6461,0.708456829966591 
323.0,0.70775931752878 
0.059285000000000004,0.7063625406870819 
3.5909,0.7009330770649441 
322.5,0.7013679927146071 
0.058944,0.6987285166737351 
3.5424,0.6905626033860397 
322.7,0.6910596498427974 
0.058539,0.6902456997438993 
3.5067,0.6921351530844032 
325.1,0.6935330962440343 
0.05825,0.6938714047213541 
3.4753,0.6946641064101863 
327.4,0.6945709101995442 
0.058262,0.6962021599862254 
3.5113,0.7011646897368593 
329.8,0.7013510821581435 
0.05872,0.7013678301025652 
3.5363,0.7283522643045901 
326.3,0.7288182453578005 
0.05815,0.7265237769720171 
3.7457,0.7191179885914212 
331.6,0.718931596170137 
0.058552999999999994,0.7199331232465592 
3.721,0.7061422856463291 
327.5,0.7059688785637278 
0.058,0.703388194506954 
3.602,0.7032444873586011 
328.2,0.7032444873586011 
0.057465999999999996,0.7032444873586011 
3.644,0.7010360569681396 
323.1,0.7010360569681396 
0.057453,0.7010360569681396 
3.6175,0.7101297780064844 
328.3,0.7101297780064844 
0.057555999999999996,0.7101297780064844 
3.649,0.7127450595903948 
341.9,0.7127450595903948 
0.057603999999999995,0.7127450595903948 
3.6991,0.7170402300749192 
340.5,0.7170402300749192 
0.057589,0.7170402300749192 
3.7576,0.7244851922480948 
339.6,0.7244851922480948 
0.057536000000000004,0.7244851922480948 
3.7052,0.7259741846827299 
338.8,0.7259741846827299 
0.057936,0.7259741846827299 
3.7303,0.7227289447610892 
334.9,0.7227289447610892 
0.057767,0.7227289447610892 
3.7339,0.010856933479312991 
335.6,0.010856933479312991 
0.057746000000000006,0.010856933479312991 
3.7339,0.7169066025487338 
333.0,0.7169066025487338 
0.05683200000000001,0.7169066025487338 
3.6758,0.7037156567495946 
333.1,0.7037156567495946 
0.0565,0.7037156567495946 
3.6141,0.698771438280742 
333.8,0.698771438280742 
0.056701999999999995,0.698771438280742 
3.6148,0.7015012577442399 
337.9,0.7015012577442399 
0.056476,0.7015012577442399 
3.6127,0.7003367893017687 
338.3,0.7003367893017687 
0.056491,0.7003367893017687 
3.6319,0.7016348852704248 
337.3,0.7016348852704248 
0.056348,0.7016348852704248 
3.6104,0.7054337249434044 
345.6,0.7054337249434044 
0.056601,0.7054337249434044 
3.6358,0.7086026062786535 
344.0,0.7086026062786535 
0.056616999999999994,0.7086026062786535 
3.634,0.7182046985173902 
353.8,0.7182046985173902 
0.057477999999999994,0.7182046985173902 
3.6823,0.7163339131507973 
349.5,0.7163339131507973 
0.057022,0.7163339131507973 
3.6858,0.7372561658220806 
348.8,0.7372561658220806 
0.057,0.7372561658220806 
3.8599,0.7336291329684823 
345.9,0.7336291329684823 
0.0563,0.7336291329684823 
3.7554,0.7257069296303595 
342.8,0.7257069296303595 
0.05574400000000001,0.7257069296303595 
3.73,0.7181283399309988 
351.0,0.7181283399309988 
0.055941,0.7181283399309988 
3.7,0.7092325646163837 
343.9,0.7092325646163837 
0.054783000000000005,0.7092325646163837 
3.6,0.6906010695368467 
341.7,0.6906010695368467 
0.054454999999999996,0.6906010695368467 
3.5801,0.6991914105058954 
337.6,0.6991914105058954 
0.054458000000000006,0.6991914105058954 
3.5701,0.6855423131884069 
335.1,0.6855423131884069 
0.053320000000000006,0.6855423131884069 
3.565,0.7010431062258904 
336.4,0.7010431062258904 
0.053836,0.7010431062258904 
3.6188,0.70077585117352 
333.5,0.70077585117352 
0.053272,0.70077585117352 
3.535,0.6919373447986987 
343.0,0.6919373447986987 
0.053829999999999996,0.6919373447986987 
3.5413,0.6894747803875714 
336.3,0.6894747803875714 
0.051884000000000007,0.6894747803875714 
3.5262,0.677715443545394 
336.2,0.677715443545394 
0.051809,0.677715443545394 
3.4836,0.677715443545394 
338.4,0.677715443545394 
0.052076,0.677715443545394 
3.5052,0.677715443545394 
336.5,0.677715443545394 
0.050861,0.677715443545394 
3.48,0.677715443545394 
335.4,0.677715443545394 
0.051121,0.677715443545394 
3.4799,0.677715443545394 
332.5,0.677715443545394 
0.050569,0.677715443545394 
3.4524,0.677715443545394 
328.4,0.677715443545394 
0.052375,0.677715443545394 
3.3699,0.677715443545394 
325.9,0.677715443545394 
0.051516,0.677715443545394 
3.3067,0.677715443545394 
333.8,0.677715443545394 
0.052091,0.677017931107583 
3.2793,0.6763204186697721 
330.0,0.6756229062319611 
0.050948,0.6733868147933243 
3.2647,0.671871590286524 
327.3,0.6674809523596388 
0.050637,0.660263965593226 
3.2491,0.6530602639420012 
313.8,0.6505301578329814 
0.048851,0.6502386801768258 
3.1101,0.6491153911057874 
311.4,0.6481280326242188 
0.048817,0.6482407373179323 
3.1215,0.6488573253406219 
311.0,0.650400072968073 
0.048389999999999996,0.6454371800759302 
3.1198,0.6473907262864318 
315.3,0.6519572592636869 
0.047591,0.6558980371749107 
3.1547,0.6564657865423378 
319.7,0.6557252676811612 
0.04943,0.6606959333108015 
3.1938,0.6624419152364373 
318.0,0.6579370921642802 
0.050087,0.654738610684066 
3.2304,0.6646943949786625 
308.4,0.66203037837558 
0.048544,0.6661401511454741 
3.1785,0.6661401511454741 
307.6,0.6661401511454741 
0.050401,0.6661401511454741 
3.2409,0.6661401511454741 
315.8,0.6661401511454741 
0.051442999999999996,0.6661401511454741 
3.3152,0.6661401511454741 
315.3,0.6661401511454741 
0.051976,0.6661401511454741 
3.3278,0.6661401511454741 
320.1,0.6661401511454741 
0.053667999999999993,0.6661401511454741 
3.3248,0.6661401511454741 
319.2,0.6661401511454741 
0.052476999999999996,0.6661401511454741 
3.3233,0.6661401511454741 
321.8,0.6661401511454741 
0.052820000000000006,0.6661401511454741 
3.391,0.6661401511454741 
318.6,0.6661401511454741 
0.052770000000000004,0.6661401511454741 
3.3408,0.6661401511454741 
338.1,0.6661401511454741 
0.055499,0.6661401511454741 
3.4502,0.6661401511454741 
338.0,0.6661401511454741 
0.054765,0.6661401511454741 
3.5359,0.6661401511454741 
338.0,0.6661401511454741 
0.053288999999999996,0.6661401511454741 
3.5242,0.6661401511454741 
335.1,0.6661401511454741 
0.05284,0.6661401511454741 
3.4237,0.6661401511454741 
329.5,0.6661401511454741 
0.052742,0.6661401511454741 
3.4131,0.6661401511454741 
330.3,0.6661401511454741 
0.053288,0.6661401511454741 
3.4195,0.6661401511454741 
333.7,0.6661401511454741 
0.0531,0.6661401511454741 
3.3789,0.6661401511454741 
329.3,0.6661401511454741 
0.053,0.6661401511454741 
3.3491,0.6661401511454741 
329.0,0.6661401511454741 
0.051636,0.6661401511454741 
3.3034,0.6661401511454741 
331.2,0.6661401511454741 
0.052002,0.6661401511454741 
3.3032,0.6661401511454741 
338.4,0.6661401511454741 
0.051544000000000006,0.6661401511454741 
3.2787,0.6661401511454741 
338.6,0.6661401511454741 
0.050979000000000003,0.6661401511454741 
3.192,0.6661401511454741 
345.7,0.6661401511454741 
0.052235000000000004,0.6661401511454741 
3.2794,0.6661401511454741 
346.7,0.6661401511454741 
0.052576,0.6661401511454741 
3.2445,0.6661401511454741 
351.5,0.6661401511454741 
0.053006,0.6661401511454741 
3.2482,0.6661401511454741 
347.2,0.6654426387076631 
0.052361000000000005,0.6647451262698522 
3.2069,0.6640476138320411 
338.3,0.6622965456435718 
0.051898,0.660053856753868 
3.1867,0.6578379632171154 
337.9,0.6462456833072989 
0.052007000000000005,0.6350573085740869 
3.1917,0.6284508652248433 
312.1,0.6253321300206793 
0.047443,0.6227102156389459 
2.9891,0.6170376343868254 
310.8,0.6168022581450017 
0.047036,0.6157242316738044 
2.8555,0.6121023611079344 
306.6,0.5998627965331027 
0.046562,0.5912462849526043 
2.7709,0.5851698714422684 
297.1,0.5890535794323591 
0.046022,0.5932963836154286 
2.7839,0.6002624900696455 
303.0,0.609501007561225 
0.047075,0.6120882710920986 
2.9653,0.6106180692770329 
318.0,0.6115595742443276 
0.047925999999999996,0.6134112233120124 
2.9249,0.6124068924858306 
313.9,0.6142688362467769 
0.047179,0.6142688362467769 
2.9108,0.6142688362467769 
313.7,0.6142688362467769 
0.047333,0.6142688362467769 
2.8922,0.6142688362467769 
311.3,0.6142688362467769 
0.045933,0.6142688362467769 
2.85,0.6142688362467769 
304.9,0.6142688362467769 
0.0449,0.6142688362467769 
2.8744,0.6142688362467769 
310.1,0.6142688362467769 
0.045426999999999995,0.6142688362467769 
2.96,0.6142688362467769 
312.1,0.6142688362467769 
0.046967,0.6142688362467769 
2.9683,0.6142688362467769 
313.6,0.6142688362467769 
0.046581,0.6142688362467769 
2.9962,0.6142688362467769 
309.0,0.6142688362467769 
0.046807,0.613571323808966 
2.8903,0.612873811371155 
307.7,0.612176298933344 
0.04678,0.6110307008621414 
2.8539,0.6091305019881178 
309.1,0.6089483795797647 
0.047099,0.6122869654950297 
2.8857,0.6145475630800373 
309.1,0.6136479543482648 
0.047652,0.6124235237270572 
2.9013,0.6117647606271317 
309.8,0.6087446455990382 
0.047075,0.605435717172868 
2.8644,0.6037368018099022 
304.8,0.6029657086112401 
0.047208,0.6047748154460347 
2.8572,0.6054474472428008 
306.4,0.6076322113056769 
0.047467,0.6082211243034203 
2.9097,0.6107382927799779 
304.7,0.6101599728809813 
0.047113,0.6096473219980536 
2.8821,0.6082327149203188 
306.1,0.6159436469069404 
0.0471,0.6205702152057595 
2.886,0.6225588199083305 
319.0,0.623240723327014 
0.049154,0.628816034701982 
2.9513,0.628816034701982 
319.2,0.628816034701982 
0.049511,0.628816034701982 
2.9451,0.628816034701982 
320.0,0.628816034701982 
0.050157,0.628816034701982 
2.9501,0.628816034701982 
317.0,0.628816034701982 
0.050574,0.628816034701982 
2.9848,0.628816034701982 
318.6,0.628816034701982 
0.050255,0.628816034701982 
2.9386,0.628816034701982 
322.9,0.628816034701982 
0.050757,0.628816034701982 
2.9445,0.628816034701982 
323.8,0.628816034701982 
0.050437,0.628816034701982 
2.9267,0.628816034701982 
324.6,0.628816034701982 
0.050003,0.628816034701982 
2.8833,0.628816034701982 
321.3,0.628816034701982 
0.049845,0.628816034701982 
2.88,0.628816034701982 
325.4,0.628816034701982 
0.05011,0.628816034701982 
2.9015,0.628816034701982 
320.7,0.628816034701982 
0.04937,0.628816034701982 
2.8495,0.628816034701982 
321.9,0.628816034701982 
0.049338,0.628816034701982 
2.8394,0.628816034701982 
318.2,0.628816034701982 
0.049229,0.628816034701982 
2.808,0.628816034701982 
316.4,0.628816034701982 
0.049685,0.628816034701982 
2.8344,0.628816034701982 
312.8,0.628816034701982 
0.049075,0.628816034701982 
2.8696,0.628816034701982 
315.6,0.628816034701982 
0.04917,0.628816034701982 
2.8679,0.628816034701982 
306.5,0.628816034701982 
0.047577,0.628816034701982 
2.7314,0.628816034701982 
296.6,0.628816034701982 
0.047322,0.628816034701982 
2.7125,0.628816034701982 
300.3,0.628816034701982 
0.046783,0.628816034701982 
2.6852,0.628816034701982 
292.5,0.628816034701982 
0.046393000000000004,0.628816034701982 
2.603,0.628816034701982 
300.0,0.628816034701982 
0.047047000000000005,0.628816034701982 
2.6664,0.628816034701982 
304.3,0.628816034701982 
0.047262,0.628816034701982 
2.6645,0.628816034701982 
296.1,0.628816034701982 
0.04732,0.628816034701982 
2.5904,0.628816034701982 
297.1,0.628816034701982 
0.047142,0.628816034701982 
2.6085,0.628816034701982 
299.7,0.628816034701982 
0.047833999999999995,0.628816034701982 
2.6209,0.628816034701982 
303.4,0.628816034701982 
0.049757,0.628816034701982 
2.663,0.628816034701982 
312.4,0.628816034701982 
0.049558,0.628816034701982 
2.7312,0.628816034701982 
312.0,0.628816034701982 
0.049299,0.628816034701982 
2.6997,0.628816034701982 
311.5,0.628816034701982 
0.049623,0.628816034701982 
2.74,0.628816034701982 
312.7,0.628816034701982 
0.049503,0.628816034701982 
2.7206,0.628816034701982 
307.9,0.628816034701982 
0.049332,0.628816034701982 
2.7421,0.628816034701982 
313.2,0.628816034701982 
0.049593,0.628816034701982 
2.7447,0.628816034701982 
312.3,0.628816034701982 
0.049621,0.628816034701982 
2.6963,0.628816034701982 
316.2,0.628816034701982 
0.049829000000000005,0.628816034701982 
2.712,0.628816034701982 
314.7,0.628816034701982 
0.049656,0.628816034701982 
2.7046,0.628816034701982 
311.7,0.628816034701982 
0.049631,0.628816034701982 
2.7007,0.628816034701982 
304.4,0.628816034701982 
0.048717,0.628816034701982 
2.6239,0.628816034701982 
301.8,0.628816034701982 
0.049138,0.628816034701982 
2.618,0.628816034701982 
307.3,0.628816034701982 
0.050247,0.628816034701982 
2.6747,0.628816034701982 
306.0,0.628816034701982 
0.050226,0.628118522264171 
2.6879,0.6274210098263601 
306.8,0.626723497388549 
0.052436,0.6265710134357242 
2.7085,0.6269157031376544 
307.6,0.6272265519664102 
0.051651,0.6260083968202583 
2.6939,0.6244661097551433 
308.3,0.622524232702804 
0.052272000000000006,0.6218457665454535 
2.6862,0.6209823809635471 
304.4,0.6192994208515197 
0.050564,0.6148161473231184 
2.6416,0.610971498706253 
303.7,0.610971498706253 
0.049865,0.6070433338520477 
2.6201,0.6065784339233288 
306.2,0.6117567727295667 
0.049504,0.6164906161456258 
2.666,0.6199958140208872 
311.8,0.620448918666433 
0.049638,0.6175615825763449 
2.6559,0.6175173063926573 
311.2,0.6169347432769555 
0.049693,0.6158977694341868 
2.6439,0.6137366784258552 
312.0,0.6115896096983188 
0.049053,0.610736299728282 
2.6281,0.610736299728282 
309.3,0.610736299728282 
0.049917,0.610736299728282 
2.6242,0.610736299728282 
306.9,0.610736299728282 
0.049801,0.610736299728282 
2.6017,0.610736299728282 
310.6,0.610736299728282 
0.049507999999999996,0.610736299728282 
2.6101,0.610736299728282 
305.3,0.610736299728282 
0.04877,0.610736299728282 
2.5462,0.610736299728282 
306.2,0.610736299728282 
0.049177,0.610736299728282 
2.5447,0.610736299728282 
305.3,0.610736299728282 
0.048385000000000004,0.610736299728282 
2.5155,0.610736299728282 
312.2,0.610736299728282 
0.048563,0.610736299728282 
2.535,0.610736299728282 
309.3,0.610736299728282 
0.048931,0.610736299728282 
2.5717,0.610736299728282 
308.2,0.610736299728282 
0.049804,0.610736299728282 
2.5383,0.610736299728282 
305.6,0.610736299728282 
0.049201,0.610736299728282 
2.4943,0.610736299728282 
307.7,0.610736299728282 
0.049222,0.610736299728282 
2.4512,0.610736299728282 
306.6,0.610736299728282 
0.048742,0.610736299728282 
2.4428,0.610736299728282 
308.0,0.610736299728282 
0.048609,0.610736299728282 
2.5601,0.610736299728282 
290.3,0.610736299728282 
0.045635,0.610736299728282 
2.3666,0.610736299728282 
291.8,0.610736299728282 
0.045880000000000004,0.610736299728282 
2.322,0.610736299728282 
286.4,0.610736299728282 
0.044211,0.610736299728282 
2.2359,0.610736299728282 
281.7,0.610736299728282 
0.043712,0.610736299728282 
2.213,0.610736299728282 
280.5,0.610736299728282 
0.044108,0.610736299728282 
2.1767,0.610736299728282 
282.6,0.610736299728282 
0.044077,0.610736299728282 
2.1697,0.610736299728282 
278.0,0.610736299728282 
0.044346,0.610736299728282 
2.2233,0.610736299728282 
280.0,0.610736299728282 
0.044617000000000004,0.610736299728282 
2.1656,0.610736299728282 
277.6,0.610736299728282 
0.044816,0.610736299728282 
2.1013,0.610736299728282 
277.4,0.610736299728282 
0.044719,0.610736299728282 
2.1486,0.610736299728282 
281.6,0.610736299728282 
0.045304000000000004,0.610736299728282 
2.2075,0.610736299728282 
280.9,0.610736299728282 
0.04545,0.610736299728282 
2.2164,0.610736299728282 
282.0,0.610736299728282 
0.044771,0.610736299728282 
2.1745,0.610736299728282 
278.7,0.610736299728282 
0.044708,0.610736299728282 
2.1457,0.610736299728282 
279.7,0.610736299728282 
0.045137000000000004,0.610736299728282 
2.1211,0.610736299728282 
276.9,0.610736299728282 
0.045406999999999996,0.610736299728282 
2.1107,0.610736299728282 
277.0,0.610736299728282 
0.044893,0.610736299728282 
2.0487,0.610736299728282 
277.1,0.610736299728282 
0.044818000000000004,0.610736299728282 
2.0532,0.610736299728282 
275.0,0.610736299728282 
0.044386,0.610736299728282 
1.9925,0.610736299728282 
279.9,0.610736299728282 
0.044879,0.610736299728282 
2.0187,0.610736299728282 
281.3,0.610736299728282 
0.045081,0.610736299728282 
2.0115,0.610736299728282 
280.4,0.610736299728282 
0.044851,0.610736299728282 
2.0307,0.610736299728282 
277.5,0.610736299728282 
0.044463,0.610736299728282 
2.0792,0.610736299728282 
277.9,0.610736299728282 
0.044181,0.610736299728282 
2.0878,0.610736299728282 
282.1,0.610736299728282 
0.044217,0.610736299728282 
2.1969,0.610736299728282 
281.7,0.610736299728282 
0.044456999999999997,0.6100387872904711 
2.137,0.6093412748526602 
281.4,0.6086437624148492 
0.043972000000000004,0.6080370949396624 
2.1182,0.6084609905361011 
282.0,0.6096348875520858 
0.043647000000000005,0.6094850617274286 
2.0728,0.6059748980427597 
287.2,0.605625061079022 
0.043938,0.6073866495628714 
2.1081,0.6102851225250108 
286.2,0.6123141769146894 
0.044534,0.6190563390242669 
2.118,0.6209761068303593 
291.5,0.6244045090749885 
0.045801999999999995,0.6254850710831228 
2.166,0.626341438094664 
294.3,0.6277407859496147 
0.04546,0.6244718588661832 
2.1326,0.6256199552992384 
296.9,0.6257598900847335 
0.045168,0.625555582142019 
2.1712,0.6281623256826444 
295.3,0.6271827821841789 
0.045323,0.6264745146494354 
2.1943,0.6250199329325133 
296.8,0.6279585634279099 
0.045021,0.6296840121067813 
2.1828,0.6296840121067813 
301.5,0.6296840121067813 
0.045381,0.6296840121067813 
2.1783,0.6296840121067813 
303.1,0.6296840121067813 
0.046006,0.6296840121067813 
2.1912,0.6296840121067813 
300.4,0.6296840121067813 
0.046479,0.6296840121067813 
2.1485,0.6296840121067813 
299.6,0.6296840121067813 
0.046006,0.6296840121067813 
2.0877,0.6296840121067813 
298.4,0.6296840121067813 
0.045602,0.6296840121067813 
2.0649,0.6296840121067813 
296.7,0.6296840121067813 
0.04602,0.6296840121067813 
2.0759,0.6296840121067813 
293.3,0.6296840121067813 
0.04556,0.6296840121067813 
2.0667,0.6289864996689702 
298.3,0.6282889872311593 
0.045777,0.6275914747933483 
2.0886,0.6196815439973601 
294.5,0.6181436389281117 
0.045457,0.6165998086290576 
2.0298,0.613316974372985 
293.4,0.6134520098636105 
0.045026,0.6130962177141566 
1.9879,0.6095601362440443 
293.3,0.6078046748659126 
0.044881,0.606399076250786 
1.9193,0.6032287963120646 
290.4,0.6018784414058096 
0.044417,0.6000906956671955 
1.9201,0.5987588029118747 
288.6,0.5977460367321833 
0.043979000000000004,0.5981589313253767 
1.9294,0.6014511451078951 
287.3,0.6034766774672778 
0.044262,0.6029891104476558 
1.9705,0.6020042601708341 
292.8,0.6049075232192827 
0.044323,0.6053775202562155 
1.959,0.6073147113711974 
294.3,0.6077250842272084 
0.043982,0.6053185676232417 
1.9811,0.6053185676232417 
295.6,0.6053185676232417 
0.043841000000000005,0.6053185676232417 
1.985,0.6053185676232417 
299.8,0.6053185676232417 
0.044087,0.6053185676232417 
2.0633,0.6053185676232417 
298.5,0.6053185676232417 
0.044248,0.6053185676232417 
2.0862,0.6053185676232417 
287.2,0.6053185676232417 
0.043762,0.6053185676232417 
2.0747,0.6053185676232417 
286.6,0.6053185676232417 
0.044336,0.6053185676232417 
2.0373,0.6053185676232417 
286.4,0.6053185676232417 
0.043733,0.6053185676232417 
2.0409,0.6053185676232417 
287.3,0.6053185676232417 
0.044203,0.6053185676232417 
2.1266,0.6053185676232417 
291.1,0.6053185676232417 
0.044349,0.6053185676232417 
2.19,0.6053185676232417 
299.8,0.6053185676232417 
0.04559,0.6053185676232417 
2.2464,0.6053185676232417 
300.2,0.6053185676232417 
0.04573,0.6053185676232417 
2.2157,0.6053185676232417 
300.2,0.6053185676232417 
0.046100999999999996,0.6053185676232417 
2.1614,0.6053185676232417 
309.2,0.6053185676232417 
0.04687,0.6053185676232417 
2.3604,0.6053185676232417 
305.7,0.6053185676232417 
0.047028,0.6053185676232417 
2.3308,0.6053185676232417 
300.4,0.6053185676232417 
0.046717,0.6053185676232417 
2.5517,0.6053185676232417 
306.2,0.6053185676232417 
0.047377999999999997,0.6053185676232417 
2.54,0.6053185676232417 
302.6,0.6053185676232417 
0.046715,0.6053185676232417 
2.5864,0.6053185676232417 
306.8,0.6053185676232417 
0.046615,0.6053185676232417 
2.73,0.6053185676232417 
301.1,0.6053185676232417 
0.045814,0.6053185676232417 
2.5315,0.6053185676232417 
298.3,0.6053185676232417 
0.045473,0.6053185676232417 
2.4693,0.6053185676232417 
309.3,0.6053185676232417 
0.046225999999999996,0.6053185676232417 
2.7906,0.6053185676232417 
302.8,0.6053185676232417 
0.046598,0.6053185676232417 
2.813,0.6053185676232417 
304.5,0.6053185676232417 
0.046599,0.6053185676232417 
2.8479,0.6053185676232417 
304.2,0.6053185676232417 
0.046868,0.6046210551854307 
2.7392,0.6039235427476198 
306.6,0.6032260303098088 
0.047718,0.6035361114828909 
2.8186,0.6020261933344875 
306.9,0.6007776899232051 
0.04807,0.5990935841778258 
2.8774,0.5972892568341096 
305.3,0.5967042303495507 
0.047386000000000005,0.5952160477973218 
2.7796,0.5832425038918951 
302.9,0.5810324038391173 
0.047024,0.5760676267531102 
2.6677,0.569624588115779 
300.9,0.5706646351994391 
0.045880000000000004,0.570514566370643 
2.5696,0.5712266189239104 
303.6,0.5722016630648418 
0.046531,0.5741734007320805 
2.5813,0.579185421131292 
302.7,0.5762602887084978 
0.045642,0.571595649280083 
2.611,0.5612190387708189 
301.0,0.561739062312649 
0.045695,0.5620350313916637 
2.5451,0.5630337576855027 
299.3,0.5599185566581696 
0.045233999999999996,0.5573183307359324 
2.5119,0.5573183307359324 
294.5,0.5573183307359324 
0.04458,0.5573183307359324 
2.4247,0.5573183307359324 
295.5,0.5573183307359324 
0.044502,0.5573183307359324 
2.4957,0.5573183307359324 
299.7,0.5573183307359324 
0.04508,0.5573183307359324 
2.5773,0.5573183307359324 
296.8,0.5573183307359324 
0.044594999999999996,0.5573183307359324 
2.5382,0.5573183307359324 
295.2,0.5573183307359324 
0.044407,0.5573183307359324 
2.6075,0.5573183307359324 
297.4,0.5573183307359324 
0.044692,0.5573183307359324 
2.5697,0.5573183307359324 
299.8,0.5573183307359324 
0.04526,0.5566208182981215 
2.9824,0.5559233058603106 
300.0,0.5552257934224997 
0.045895,0.5543557762331653 
2.9722,0.5592949560894247 
300.7,0.558898531836189 
0.045462,0.5580986386295184 
3.1506,0.5631452567982894 
298.9,0.5624515143551267 
0.045298000000000005,0.5620493822512268 
3.1572,0.5538551311009028 
296.5,0.5532935300754854 
0.045087,0.5529919309975605 
3.1235,0.5555672670733767 
296.3,0.5557985145544309 
0.045037,0.5566596017769121 
3.0805,0.5604900890209922 
296.8,0.5600936647677563 
0.045491000000000004,0.5602816178163184 
3.15,0.5536026527914113 
295.7,0.5542303245257014 
0.04555,0.555878191951465 
3.0407,0.5564049652397002 
298.7,0.5566692480751908 
0.045939,0.5567960071079419 
3.1729,0.5580381515283481 
298.1,0.5577738686928576 
0.045774,0.5569827174884459 
3.075,0.5559681911555485 
298.2,0.5558360497378032 
0.045271,0.5539521482510548 
3.1061,0.5499135530412522 
296.9,0.5514331793453229 
0.045107999999999995,0.5520757165113368 
3.028,0.5540202253160567 
304.6,0.5553746748479456 
0.045811000000000004,0.561266784370305 
3.178,0.5678351920384219 
306.2,0.567636979911804 
0.046938,0.568847747224633 
3.1348,0.5656025636341476 
305.2,0.5658007757607655 
0.046566,0.5664214579211327 
3.1075,0.5707136847141596 
304.5,0.5703502958153601 
0.046274,0.5683396352958606 
3.2361,0.5835445235414618 
305.2,0.5833132760604075 
0.046495999999999996,0.5834029078095659 
3.4297,0.5869360998178635 
305.4,0.5865043938060897 
0.046654,0.5865043938060897 
3.42,0.5865043938060897 
304.3,0.5865043938060897 
0.046647,0.5865043938060897 
3.4452,0.5865043938060897 
303.0,0.5865043938060897 
0.046231,0.5865043938060897 
3.4566,0.5865043938060897 
303.2,0.5865043938060897 
0.0467,0.5865043938060897 
3.422,0.5865043938060897 
306.8,0.5865043938060897 
0.047387,0.5865043938060897 
3.5182,0.5865043938060897 
307.7,0.5865043938060897 
0.047242,0.5865043938060897 
3.4921,0.5865043938060897 
305.0,0.5865043938060897 
0.046485000000000005,0.5865043938060897 
3.2335,0.5865043938060897 
300.7,0.5865043938060897 
0.045995,0.5865043938060897 
3.2069,0.5865043938060897 
302.1,0.5865043938060897 
0.046408,0.5865043938060897 
3.2426,0.5865043938060897 
307.6,0.5865043938060897 
0.047156,0.5865043938060897 
3.3398,0.5865043938060897 
306.2,0.5865043938060897 
0.047268,0.5865043938060897 
3.2976,0.5865043938060897 
309.2,0.5865043938060897 
0.047864,0.5865043938060897 
3.3109,0.5865043938060897 
308.1,0.5865043938060897 
0.047999,0.5865043938060897 
3.2736,0.5865043938060897 
316.2,0.5865043938060897 
0.048842,0.5865043938060897 
3.3862,0.5865043938060897 
323.7,0.5865043938060897 
0.050020999999999996,0.5865043938060897 
3.3916,0.5865043938060897 
319.0,0.5865043938060897 
0.048868,0.5858068813682787 
3.2884,0.5851093689304677 
322.8,0.5844118564926568 
0.050881,0.5847903762539783 
3.287,0.586106572385581 
326.3,0.5859533029962369 
0.051884000000000007,0.585761553316821 
3.3341,0.5818873273664871 
321.2,0.5830521747255022 
0.050912,0.5922561593374621 
3.2634,0.5918985384805082 
327.4,0.5911934992895254 
0.055537,0.5934475363373523 
3.3417,0.5946634472509955 
327.1,0.5947247550067332 
0.052901,0.5927876919187569 
3.3107,0.5917684724764383 
323.4,0.5880286993764423 
0.053072,0.5781477209983816 
3.27,0.5675979057182413 
309.1,0.5663717506034885 
0.049675,0.5642781571649688 
3.0855,0.5630682065989414 
309.6,0.5632827837440231 
0.051093,0.5637602013131808 
3.0801,0.5622655011001515 
309.8,0.5620140779938714 
0.050193,0.5623290405387176 
3.0708,0.5623290405387176 
311.5,0.5623290405387176 
0.051398,0.5623290405387176 
2.9473,0.5623290405387176 
321.3,0.5623290405387176 
0.054159000000000006,0.5623290405387176 
3.1089,0.5623290405387176 
323.5,0.5623290405387176 
0.052335,0.5623290405387176 
3.1348,0.5623290405387176 
319.0,0.5623290405387176 
0.051025,0.5623290405387176 
3.2043,0.5623290405387176 
317.4,0.5623290405387176 
0.051815,0.5623290405387176 
3.2074,0.5623290405387176 
318.1,0.5623290405387176 
0.051229,0.5623290405387176 
3.1827,0.5623290405387176 
316.6,0.5623290405387176 
0.050696,0.5616315281009067 
3.14,0.5609340156630956 
313.1,0.5602365032252847 
0.051158999999999996,0.5606797389252024 
3.0841,0.5604475991272615 
315.5,0.5616567755031372 
0.052506,0.5654338415819036 
3.1899,0.5723594922946957 
315.9,0.5719140062614784 
0.052528,0.5732945355469412 
3.25,0.5724110959308775 
315.4,0.5716155851572751 
0.05281,0.5682301860948901 
3.15,0.5631552446507861 
312.6,0.5629961424960657 
0.051895000000000004,0.5626044754796844 
3.0995,0.5629204502328751 
313.5,0.5625067846306018 
0.052063,0.5617428400540957 
3.12,0.5612140659773276 
311.0,0.5612458864082717 
0.051704999999999994,0.5604935755055194 
3.0808,0.5567792600394409 
311.8,0.5552518793541243 
0.051817999999999996,0.5508465948926473 
3.0433,0.5397745816022708 
304.0,0.5396472998784945 
0.049826,0.5348658599656413 
2.8939,0.5370131985944678 
307.7,0.5378405297990144 
0.04945,0.5366073603811009 
2.9391,0.5380195740739329 
306.6,0.5374468063169391 
0.0487,0.5379625658533621 
2.8952,0.5362795166577953 
306.0,0.5352930832985282 
0.048969,0.5331292199803027 
2.8746,0.52751905599508 
303.9,0.5285054893543469 
0.047937,0.5300178669423541 
2.8262,0.5308884096297162 
306.7,0.5303156418727225 
0.048976,0.5274227349992525 
2.9048,0.5307243487468778 
304.5,0.5306288874540456 
0.048087,0.5304854054777475 
2.867,0.5255394333206602 
306.8,0.5258894580610454 
0.048179,0.526750349918834 
2.775,0.5260861580906984 
304.7,0.5244309229138484 
0.048494999999999996,0.5252225207165367 
2.7922,0.5201061027497283 
303.9,0.5194085903119174 
0.048780000000000004,0.5195875319340136 
2.7508,0.5195875319340136 
303.5,0.5170294587534432 
0.048351,0.5024867460705684 
2.7314,0.5024867460705684 
291.6,0.5005189974701296 
0.046189999999999995,0.4930287442492291 
2.5606,0.4930287442492291 
291.3,0.4932583149192803 
0.046442000000000004,0.49428514028112525 
2.5486,0.49428514028112525 
289.4,0.4938915905610375 
0.045734,0.4917901805181919 
2.5901,0.4917901805181919 
289.9,0.4895712816047171 
0.045794999999999995,0.4776742088249221 
2.5694,0.4776742088249221 
282.0,0.4776742088249221 
0.044517,0.4335443782347943 
2.4711,0.4335443782347943 
223.9,0.4335443782347943 
0.037579,0.4335443782347943 
2.1755,0.4335443782347943 
219.4,0.4335443782347943 
0.037586,0.4335443782347943 
2.2937,0.4335443782347943 
230.1,0.4335443782347943 
0.038595,0.4335443782347943 
2.3257,0.4335443782347943 
222.0,0.4335443782347943 
0.03696,0.4335443782347943 
2.1994,0.4335443782347943 
218.5,0.4335443782347943 
0.036993,0.4335443782347943 
2.2139,0.4335443782347943 
220.0,0.4335443782347943 
0.037837,0.4335443782347943 
2.1674,0.4335443782347943 
226.4,0.4335443782347943 
0.038717,0.4335443782347943 
2.363,0.4335443782347943 
227.3,0.4328468657969834 
0.038967,0.4321493533591724 
2.2962,0.43145184092136146 
223.2,0.43066536783307025 
0.038344,0.43172186642582966 
2.2702,0.4330597960959116 
223.2,0.43564080925910753 
0.038555,0.4376916594685817 
2.3269,0.43779693918032586 
223.9,0.4277398878892518 
0.039264999999999994,0.42317208514996846 
2.3,0.41773702003117674 
208.5,0.4119519905274616 
0.036179,0.41018598062485884 
2.1055,0.4095323690811139 
216.0,0.4152283981309258 
0.037683,0.41617355005827184 
2.24,0.41936264799318834 
214.2,0.4174936384612189 
0.037857,0.4174781017172077 
2.2286,0.4169209965758949 
213.3,0.41896800701567094 
0.037573,0.41961278189213447 
2.2411,0.42003828739376714 
218.1,0.4195042846703473 
0.03865,0.42087151814333 
2.239,0.4201722327513068 
213.1,0.41685910185430214 
0.038316,0.41344840848307984 
2.2049,0.41344840848307984 
212.2,0.41344840848307984 
0.03776,0.41344840848307984 
2.1975,0.41344840848307984 
217.0,0.41344840848307984 
0.03834,0.41344840848307984 
2.227,0.41344840848307984 
220.7,0.41344840848307984 
0.039310000000000005,0.41344840848307984 
2.2721,0.41344840848307984 
220.7,0.41344840848307984 
0.039481999999999996,0.41344840848307984 
2.2836,0.41344840848307984 
222.2,0.41344840848307984 
0.039271,0.41344840848307984 
2.2823,0.41344840848307984 
219.9,0.41344840848307984 
0.03879,0.41344840848307984 
2.25,0.41344840848307984 
218.8,0.41344840848307984 
0.03845,0.41275089604526893 
2.2342,0.4120533836074579 
226.9,0.411355871169647 
0.038679000000000005,0.40993066047345633 
2.26,0.41060139434677456 
227.3,0.4093324532125162 
0.038723,0.40878209733753473 
2.2866,0.407387676916689 
223.0,0.40616249237326707 
0.038169,0.4030300930474378 
2.2155,0.4012958929670821 
221.7,0.40120837978540913 
0.037456,0.39960360377611726 
2.1961,0.39931236406796594 
220.8,0.39664321202693975 
0.037472000000000005,0.3927187117221651 
2.1524,0.39192883433187586 
216.5,0.39210386069522185 
0.03677,0.39371892373021433 
2.173,0.3940366397754704 
214.4,0.39508679795554624 
0.036969999999999996,0.3959457646015454 
2.18,0.3968327218945517 
218.3,0.39639515598618674 
0.037458,0.3943583248974702 
2.2035,0.3959248415094963 
216.6,0.39465590037523796 
0.03683,0.39209443097579133 
2.2412,0.39020578559565844 
214.9,0.393793826044251 
0.036998,0.4028104040708171 
2.188,0.40686128364783114 
224.9,0.4089616000079829 
0.038751999999999995,0.41246947577188364 
2.36,0.4199843427867583 
227.7,0.4200280993775948 
0.038968,0.4211082370761566 
2.48,0.4252606092787385 
226.7,0.42486679996121 
0.039083,0.4234471904145288 
2.53,0.422529344061567 
227.6,0.42471717360339173 
0.038932999999999995,0.42785985995492165 
2.6629,0.4312664819957221 
230.8,0.4308289160873571 
0.039302,0.43089063824156065 
2.6227,0.4284857042878868 
231.4,0.42730427633530144 
0.039142,0.4270265266413855 
2.5496,0.4258483296402278 
228.9,0.42506071100517095 
0.03934,0.42357937930428613 
2.58,0.42550773919007606 
225.2,0.4242387980558177 
0.038513,0.4228037579705856 
2.5271,0.42106514516737914 
223.1,0.42154646766658055 
0.038486,0.4204251818652164 
2.5047,0.4213518536638797 
223.2,0.4207830179830053 
0.038301999999999996,0.4196000100274376 
2.5546,0.41591097372418734 
222.9,0.41551716440665887 
0.038241000000000004,0.41430329537398936 
2.4627,0.41331925817826587 
223.1,0.4143256597675053 
0.038234,0.41637792139477275 
2.4663,0.42139959999895793 
224.7,0.42113706045393895 
0.038632,0.42279327159173374 
2.5689,0.4205295447692847 
222.4,0.42022324863342925 
0.038952999999999995,0.42252754239036117 
2.4987,0.42595622804541555 
222.9,0.42626252418127103 
0.03912,0.42668429223499516 
2.592,0.4271299772429237 
225.6,0.4274362733787792 
0.039471,0.42730254204467155 
2.62,0.4276026071985244 
224.2,0.4272525544718324 
0.039588,0.4267176291354018 
2.6237,0.42850036916711604 
222.9,0.4281503164404241 
0.03907,0.4264272396355755 
2.6137,0.4228441086807439 
222.5,0.42140014118313956 
0.0384,0.41636978561555166 
2.56,0.4161623876415651 
218.7,0.4160748744598921 
0.037817,0.4161983187682992 
2.53,0.4153510759809499 
219.3,0.4164012341610257 
0.03793,0.4182837598642335 
2.5402,0.4180013456017837 
222.3,0.41743250992090924 
0.038273,0.4160026133485274 
2.5985,0.41523038684964125 
219.3,0.41514287366796826 
0.03784,0.4137592687112391 
2.5122,0.41410787381645053 
222.6,0.4148954924515075 
0.038380000000000004,0.4185268125238153 
2.5451,0.4199521220046165 
222.1,0.42025841814047193 
0.038698,0.4263843419451726 
2.5578,0.42627402387390323 
222.1,0.4267991029639411 
0.03947,0.4287279202828015 
2.5812,0.43133583948761123 
223.9,0.4310295433517557 
0.040038,0.42975395216488266 
2.6177,0.4286463587293375 
221.9,0.4279900098667901 
0.039527,0.4261332017278338 
2.57,0.42624793252195403 
222.2,0.426335445703627 
0.039624,0.42714812073397357 
2.594,0.4278409182215457 
221.6,0.4269220298139793 
0.039464,0.4265311228373569 
2.6699,0.42726135786559494 
220.2,0.42733101835820664 
0.039407,0.42576017924670106 
2.6631,0.42576017924670106 
222.8,0.42576017924670106 
0.039479,0.42576017924670106 
2.6382,0.42576017924670106 
222.3,0.42576017924670106 
0.039637,0.42576017924670106 
2.7354,0.42576017924670106 
223.2,0.42576017924670106 
0.039721,0.42576017924670106 
2.78,0.42576017924670106 
221.8,0.42576017924670106 
0.039923,0.42576017924670106 
2.7209,0.42576017924670106 
220.0,0.42576017924670106 
0.039361,0.42576017924670106 
2.6856,0.42576017924670106 
221.4,0.42576017924670106 
0.039455000000000004,0.42576017924670106 
2.6318,0.42576017924670106 
222.5,0.42576017924670106 
0.039519,0.4250626668088901 
2.6782,0.42436515437107913 
219.5,0.4236676419332682 
0.038419999999999996,0.42351694566475984 
2.6087,0.4250211462594536 
220.5,0.4254272788617482 
0.038879000000000004,0.42426461148614253 
2.6362,0.42187087094585585 
223.9,0.42259288446104626 
0.0389,0.42403335731577907 
2.6067,0.42523977200593954 
223.5,0.42718018332801394 
0.038928,0.4338732375566117 
2.6143,0.435808845936078 
227.8,0.43802001232634885 
0.0403,0.442732416379689 
2.6962,0.44556520024076196 
234.4,0.4463323396006519 
0.041319999999999996,0.4483387125054582 
2.78,0.4538782938833785 
234.2,0.4538331680386791 
0.041177,0.4533753034527105 
2.8858,0.45309660638821136 
232.9,0.4540893749715983 
0.041681,0.45492793595488923 
2.9,0.4610554536058624 
235.7,0.4603785659353713 
0.041645,0.45917474219248744 
2.9897,0.45614343439505894 
233.8,0.45555679841396673 
0.041249,0.4519556162771347 
2.9551,0.4496267777929642 
233.2,0.4484083799860803 
0.040681,0.45008550195266206 
2.9259,0.45209364792425827 
229.3,0.45168751532196355 
0.040648000000000004,0.45290162815666696 
2.93,0.4519395506189441 
229.3,0.4517139213954471 
0.041145999999999995,0.4497435603120089 
2.8741,0.44729255325161965 
231.8,0.4478340633880125 
0.041234,0.44916650077864034 
2.9068,0.44901760782637373 
228.5,0.44933348873926954 
0.040958,0.45166911258230064 
2.85,0.4550096595882829 
231.7,0.45582192479287215 
0.0421,0.46170214076772786 
3.0081,0.4632865144905652 
232.2,0.46563305841493424 
0.042975,0.4658234066135954 
2.9845,0.4641779486026487 
238.0,0.4643584519814463 
0.042518,0.46306202641218686 
2.8793,0.4615998212655683 
237.8,0.4614644437314701 
0.042407,0.46210236742428024 
2.8993,0.46224744260854 
239.4,0.4616608066274478 
0.042741,0.45857407908159176 
2.9032,0.458780238553961 
237.1,0.4589156160880592 
0.041794,0.4586789669762103 
2.9305,0.46145448431718067 
237.5,0.4597397022186033 
0.041782,0.45606135189312486 
2.9563,0.4496665904816731 
231.9,0.448764073587685 
0.04116,0.44933511818366834 
2.828,0.44785382419701564 
231.7,0.4475379432841198 
0.041260000000000005,0.44735273963136846 
2.814,0.44874240718585706 
231.1,0.44914853978815167 
0.041862,0.45185971548259524 
2.867,0.454112198606629 
230.5,0.4528486749550456 
0.041654000000000004,0.45089374750933686 
2.8896,0.4511877156458633 
232.1,0.4512328414905627 
0.041624,0.4517318624438094 
2.8797,0.4499680536246508 
224.7,0.4475312580108829 
0.040625,0.4430246357939331 
2.767,0.4400696833566413 
222.1,0.4401148092013407 
0.040772,0.44165302842835896 
2.7887,0.44431783049713114 
223.9,0.44337018775844367 
0.041007,0.4408082038953832 
2.85,0.44105254104782077 
220.6,0.4407366601349249 
0.040436,0.4400884473502951 
2.845,0.4402182514625276 
220.5,0.4411207683565157 
0.040094,0.44176898114114543 
2.8065,0.4411886804041062 
223.2,0.4417753163851985 
0.0404,0.4433032465203972 
2.8273,0.4436697522490536 
224.1,0.4431733679573602 
0.040867,0.44089433411933643 
2.8236,0.4400086119417503 
224.0,0.4407757513016402 
0.040388,0.4431833987874078 
2.796,0.4439889478368504 
225.0,0.4444402062838445 
0.040802,0.4433649961887047 
2.8334,0.4425785359792963 
224.4,0.4422626550664004 
0.040473,0.4429777469478571 
2.8156,0.44351605223682106 
223.9,0.44365142977091926 
0.040477,0.44343535884270935 
2.8309,0.4439125798435639 
226.1,0.4440479573776621 
0.040636,0.4444955328718113 
2.8571,0.44603791114657343 
225.8,0.44648916959356744 
0.040798,0.44876305888568135 
2.8508,0.4476288992728183 
226.6,0.44778476394041 
0.041339,0.44888618035241423 
2.8681,0.44888618035241423 
226.9,0.44888618035241423 
0.041587,0.44888618035241423 
2.8776,0.44888618035241423 
225.7,0.44888618035241423 
0.041293,0.44888618035241423 
2.8652,0.44888618035241423 
223.3,0.44888618035241423 
0.041125999999999996,0.44888618035241423 
2.866,0.44888618035241423 
225.3,0.44888618035241423 
0.041561,0.44888618035241423 
2.97,0.44888618035241423 
226.1,0.44888618035241423 
0.041804,0.44888618035241423 
2.9983,0.44888618035241423 
225.4,0.44888618035241423 
0.041602,0.44888618035241423 
3.0199,0.44888618035241423 
224.8,0.44888618035241423 
0.0413,0.4481886679146033 
2.9615,0.4474911554767923 
228.0,0.4467936430389814 
0.041513999999999995,0.4461417233099845 
3.007,0.44635625368319476 
227.9,0.44618091890334943 
0.041522,0.4464640087792602 
3.09,0.44937502092035914 
225.7,0.4484545133261715 
0.041460000000000004,0.4471446228833979 
3.0819,0.44731954764924625 
223.2,0.447012711784517 
0.041124,0.44628339549403506 
3.0404,0.443850951108559 
225.6,0.44450845653297877 
0.0413,0.4444508789310986 
3.0601,0.44305808173887207 
225.9,0.44112939916057414 
0.041095,0.43594261685786995 
3.0181,0.4341306603210635 
221.4,0.4341744940160248 
0.039416,0.4302880058891143 
2.9353,0.430030569441262 
221.7,0.43130174659514015 
0.039623,0.43283714931194434 
2.9186,0.4312991315593909 
224.5,0.43072929352489386 
0.039543,0.42931864227883 
2.9122,0.4286519478882382 
221.8,0.42834511202350894 
0.039169999999999996,0.42650742689683396 
2.8357,0.4248868974622766 
221.2,0.4230897159688626 
0.038551,0.4192272185094021 
2.7856,0.4164119199194277 
215.6,0.4151845764605109 
0.037771,0.4143592975002286 
2.7674,0.4156827848795718 
214.7,0.4161211218291849 
0.038147,0.4185681699090916 
2.7727,0.4201325913998863 
217.2,0.420088757704925 
0.038593,0.41925868061115273 
2.8315,0.4178988880917278 
214.9,0.41772355331188255 
0.03815,0.4171189884921409 
2.7728,0.41675593709132364 
215.9,0.41789561316031787 
0.03814,0.42224272210226965 
2.7884,0.42442433097445376 
218.0,0.4246434994492604 
0.039222,0.4254783746765226 
2.8369,0.42715501205484263 
219.2,0.42728651313972665 
0.039319,0.4274928328797972 
2.9012,0.42832125016711675 
218.0,0.42832125016711675 
0.03921,0.4276159245440848 
2.9348,0.428038384355945 
220.5,0.4281260517458676 
0.039226,0.4293351813853509 
2.911,0.4286453837237979 
218.4,0.42724270548503573 
0.039024,0.42333702482416513 
2.8927,0.41902001362171915 
214.3,0.41731049951822774 
0.038191,0.4139230172742786 
2.7836,0.41195263830802453 
213.3,0.412434808952599 
0.037842,0.4125547622898493 
2.7794,0.414518540321543 
213.2,0.4147377087963496 
0.0376,0.4151743389439408 
2.7779,0.41509182726193683 
214.0,0.41439048814255575 
0.038163,0.41426093853832546 
2.7779,0.4137823707827026 
212.2,0.41404537295247046 
0.038049,0.4135991465378993 
2.7398,0.4123086638313577 
214.5,0.4132730051205067 
0.038058,0.413757616602998 
2.7156,0.4143318979097454 
214.0,0.41398122835005485 
0.037966,0.41519035798953813 
2.7562,0.4161243902298227 
213.3,0.4158175543650936 
0.0384,0.41854289418742097 
2.7624,0.41815673951564253 
214.3,0.4181129058206812 
0.039126999999999995,0.41955234586768514 
2.7844,0.41966786222249064 
214.0,0.41962402852752934 
0.039033,0.41942250692094873 
2.7658,0.4196964457052018 
213.0,0.4193896098404726 
0.039027,0.41667866441861523 
2.7425,0.4146818817141199 
211.7,0.41472571540908126 
0.038399,0.4152247212920426 
2.6949,0.415904617551755 
212.7,0.41612378602656164 
0.038518000000000004,0.41526492013184935 
2.7123,0.4156246710653865 
212.9,0.41781635581345233 
0.038465,0.41876638624447493 
2.7277,0.41927465820561916 
220.3,0.42181701251337556 
0.038868,0.4246719019399333 
2.78,0.42621652062704707 
225.7,0.42683019235650543 
0.039251,0.42761228811537755 
2.91,0.43119329511434845 
224.6,0.4308864592496193 
0.0395,0.430037189621887 
2.8948,0.42992497373436156 
224.7,0.4301003085142069 
0.03893,0.4284209617927023 
2.8801,0.4274539248796162 
224.2,0.4299962791873726 
0.038646,0.43141172856692644 
2.8872,0.4322037284982767 
232.1,0.4319139877745824 
0.039225,0.4322957464675818 
2.895,0.4322957464675818 
229.7,0.4322957464675818 
0.0387,0.4322957464675818 
2.8887,0.4322957464675818 
234.5,0.4322957464675818 
0.038819,0.4322957464675818 
2.9529,0.4322957464675818 
232.7,0.4322957464675818 
0.039275,0.4322957464675818 
2.9818,0.4322957464675818 
