date,current_balance 
442.0,0.999302487562189 
0.089658,0.998604975124378 
5.9691,0.9979074626865669 
427.7,0.9960122351206926 
0.086774,0.9931700738767109 
5.8231,0.9903436012962699 
426.0,0.9845016170075707 
0.08551399999999999,0.9791811881727011 
5.8034,0.9766861300863127 
402.5,0.9709229468753373 
0.08361,0.9711540457407017 
5.5618,0.970051642159734 
413.9,0.9691379667726283 
0.08513899999999999,0.963667477213406 
5.6232,0.9536834447820011 
399.6,0.9553702301120427 
0.082022,0.9568671988817163 
5.3834,0.9621868161615743 
416.0,0.9605703135536178 
0.085,0.9623259750830276 
5.6159,0.9647023828023776 
406.9,0.9692707597379069 
0.08406799999999999,0.9676447826135711 
5.5228,0.9649087105259135 
409.2,0.9510715887672501 
0.08301900000000001,0.9510715887672501 
5.4948,0.9510715887672501 
394.9,0.9510715887672501 
0.081334,0.9510715887672501 
5.1819,0.9510715887672501 
394.0,0.9510715887672501 
0.08127000000000001,0.9510715887672501 
5.2356,0.9510715887672501 
416.2,0.9510715887672501 
0.08311,0.9510715887672501 
5.4841,0.9510715887672501 
410.9,0.9510715887672501 
0.081584,0.9510715887672501 
5.5068,0.9510715887672501 
392.8,0.9510715887672501 
0.079023,0.9510715887672501 
5.2464,0.9510715887672501 
389.5,0.9510715887672501 
0.077614,0.9510715887672501 
5.1451,0.9510715887672501 
404.7,0.9510715887672501 
0.08089,0.9510715887672501 
5.3284,0.950374076329439 
403.2,0.949676563891628 
0.080231,0.948979051453817 
5.4068,0.9469940897830988 
408.0,0.9480375030764154 
0.081134,0.9510490278026942 
5.3907,0.9545510819548633 
413.1,0.9539994251001394 
0.082403,0.9534591029063033 
5.46,0.95565410747971 
408.4,0.9522372320034185 
0.08187,0.9454685186656666 
5.4079,0.9413889142060017 
406.8,0.9416797121188776 
0.08068600000000001,0.9459993885594113 
5.4109,0.9447355980474499 
412.8,0.947207380306895 
0.081861,0.9430707410036718 
5.4053,0.9478598418911046 
411.7,0.9520764116278049 
0.08037899999999999,0.9531599914806845 
5.5708,0.9589634505421915 
421.8,0.9598358442808191 
0.082585,0.9609999604741155 
5.6029,0.9674186859690774 
416.5,0.9648742042314136 
0.080712,0.9598040755279056 
5.6,0.9538066135369307 
416.6,0.9532977171893979 
0.080001,0.9527046768645109 
5.5375,0.9510916810795076 
413.0,0.950364686297318 
0.080192,0.9490138722239645 
5.6496,0.9577772616950654 
414.5,0.9598128470851965 
0.079513,0.9597652574294957 
5.6236,0.9564893793919115 
415.2,0.9493648305264525 
0.079537,0.9482519647316031 
5.636,0.9437067532412156 
399.0,0.9381815928965738 
0.077176,0.9301389410831389 
5.4284,0.9235760991262867 
400.3,0.9225583064312213 
0.077424,0.9214051724661634 
5.4121,0.918744560862034 
396.0,0.921289042599698 
0.076503,0.9214364753530592 
5.3864,0.92022365772508 
404.2,0.920437830387913 
0.07712000000000001,0.920437830387913 
5.4232,0.920437830387913 
402.9,0.920437830387913 
0.077361,0.920437830387913 
5.3996,0.920437830387913 
401.2,0.920437830387913 
0.076795,0.920437830387913 
5.393,0.920437830387913 
399.7,0.920437830387913 
0.076615,0.920437830387913 
5.4289,0.920437830387913 
405.9,0.920437830387913 
0.07795,0.920437830387913 
5.4734,0.920437830387913 
405.0,0.920437830387913 
0.07744,0.920437830387913 
5.3994,0.920437830387913 
402.3,0.920437830387913 
0.076851,0.920437830387913 
5.2681,0.920437830387913 
416.1,0.920437830387913 
0.079979,0.919740317950102 
5.4066,0.919042805512291 
414.2,0.91834529307448 
0.078774,0.9156884822060847 
5.3629,0.9136944121288066 
405.4,0.9113924129626534 
0.077234,0.9092293679164447 
5.2943,0.9073085411524371 
401.3,0.9067090671990542 
0.0774,0.9100257629265804 
5.2746,0.9094880415877238 
402.5,0.9099303364714804 
0.077813,0.9126387800413633 
5.25,0.9097485278450084 
405.7,0.911149128310238 
0.078622,0.9097872555547601 
5.271,0.9116188688652409 
403.8,0.9127246060746328 
0.077549,0.9162746564035189 
5.2332,0.9207220599769799 
410.6,0.9244815664889123 
0.079715,0.9264210875198877 
5.33,0.9264322900477806 
412.4,0.9245156788848348 
0.080182,0.9257245322295846 
5.4293,0.9266431395167982 
408.4,0.9256848339353254 
0.080624,0.9312509150005509 
5.3397,0.931200503625033 
408.8,0.9355497366486412 
0.081862,0.9364755040835446 
5.3378,0.9405364204447022 
413.6,0.93950439904927 
0.080176,0.9347034150376836 
5.264,0.9270408859589752 
412.7,0.9285152022381642 
0.080095,0.9257876312419404 
5.2827,0.9259948780079581 
417.0,0.9281326366127822 
0.07932,0.929861755954007 
5.2404,0.9248150171382785 
418.2,0.9283533762083325 
0.0805,0.9284528388253055 
5.2176,0.9227003407523278 
424.0,0.9237323621477602 
0.079929,0.9211922399296779 
5.0959,0.922262081343445 
421.6,0.9179589944193756 
0.07926799999999999,0.9142189781430414 
5.0924,0.907021566819916 
416.8,0.907021566819916 
0.078542,0.907021566819916 
4.9258,0.907021566819916 
414.1,0.907021566819916 
0.078226,0.907021566819916 
4.9861,0.907021566819916 
414.1,0.907021566819916 
0.07741,0.907021566819916 
4.9977,0.907021566819916 
415.0,0.907021566819916 
0.077917,0.907021566819916 
4.9757,0.907021566819916 
418.5,0.907021566819916 
0.076426,0.907021566819916 
4.8101,0.907021566819916 
415.1,0.907021566819916 
0.076613,0.907021566819916 
4.8397,0.907021566819916 
416.7,0.907021566819916 
0.07646499999999999,0.907021566819916 
4.764,0.907021566819916 
387.5,0.907021566819916 
0.07067799999999999,0.906324054382105 
4.3143,0.9056265419442939 
386.4,0.9049290295064829 
0.072783,0.9036780967586434 
4.4483,0.9036885053693157 
388.5,0.9001524883589319 
0.071533,0.8956712293845682 
4.434,0.8988501493549244 
365.1,0.8767869348388602 
0.069543,0.8523013253998262 
4.4583,0.8322907026943315 
339.9,0.8365638510807479 
0.06504299999999999,0.8404705062252744 
4.3142,0.8412019474978764 
344.8,0.8435028735521006 
0.065944,0.8449835544098763 
4.235,0.8486676026544493 
334.3,0.8522011676662937 
0.06394,0.8501139932368305 
4.2613,0.8553213182601247 
345.2,0.850308586499136 
0.066715,0.844712114782459 
4.3383,0.8426721317836425 
345.3,0.8503144933208877 
0.065011,0.8556641848946023 
4.3559,0.8651058167345187 
341.1,0.8620653073057223 
0.063941,0.8673606235936993 
4.286,0.8641999920396121 
350.5,0.8701988349666968 
0.06754,0.8789992658276001 
4.5016,0.8849044797715422 
352.5,0.8794808683580135 
0.069261,0.8775233580714628 
4.4932,0.8753827180167838 
346.0,0.8774371162794842 
0.06722,0.8843051331395617 
4.3974,0.883050275176474 
350.2,0.8878986550764467 
0.070425,0.8876518749334841 
4.4647,0.8906715866093635 
353.0,0.8877132531110752 
0.069746,0.8845427556811489 
4.5293,0.8849051210822545 
347.6,0.881289380139902 
0.068,0.8770648387095252 
4.4092,0.8740786793856 
345.1,0.8689162230792258 
0.068098,0.868005721467694 
4.47,0.8623966271611591 
336.5,0.8623966271611591 
0.066838,0.8623966271611591 
4.3469,0.8623966271611591 
347.9,0.8623966271611591 
0.06815399999999999,0.8623966271611591 
4.3498,0.8623966271611591 
341.3,0.8623966271611591 
0.06664199999999999,0.8623966271611591 
4.2554,0.8623966271611591 
344.7,0.8623966271611591 
0.06699400000000001,0.8623966271611591 
4.2737,0.8623966271611591 
340.6,0.8623966271611591 
0.066968,0.8623966271611591 
4.2169,0.8623966271611591 
338.7,0.8623966271611591 
0.06526599999999999,0.8623966271611591 
4.2058,0.8623966271611591 
323.2,0.8623966271611591 
0.061946,0.8623966271611591 
4.0,0.8623966271611591 
305.9,0.8623966271611591 
0.060591,0.8616991147233481 
3.8955,0.8610016022855371 
307.6,0.8603040898477261 
0.061287,0.8606503383981376 
3.88,0.8616893485443543 
309.0,0.8507583978643778 
0.061988999999999995,0.835211598354768 
3.9469,0.8222465216900279 
285.3,0.8274863949199955 
0.058475,0.8314844413432829 
3.7378,0.8298835793540502 
288.8,0.8332860944384448 
0.058101,0.8336063384573316 
3.7201,0.8351217175248091 
291.7,0.8485956772590117 
0.057972,0.8536545319948612 
3.7936,0.8684119927596807 
317.3,0.8748087211183426 
0.0598,0.8782013061934226 
3.9684,0.8898736106003521 
317.8,0.8883765039632184 
0.059567999999999996,0.8876909816102894 
4.18,0.9059843268658899 
313.1,0.9005403027308585 
0.05954299999999999,0.9026018736024409 
4.17,0.8932842351311303 
308.3,0.8932161848294424 
0.059039,0.8872966742928352 
4.091,0.8863485909788237 
309.6,0.8853278364535054 
0.058649,0.8814698967884808 
4.1771,0.8801254835645136 
305.3,0.8734565539991002 
0.057793,0.8686729089669813 
4.129,0.8626580197453013 
303.8,0.8510894684583596 
0.057737000000000004,0.8317097015029247 
3.9699,0.8039510654566184 
283.0,0.8044954678701215 
0.053069000000000005,0.804610555564409 
3.825,0.7976631253781273 
283.0,0.7992963326186368 
0.051753999999999994,0.7882829406566145 
3.6881,0.7893475915912014 
284.5,0.7925459557705323 
0.05139,0.7981302108498673 
3.68,0.808069543297579 
291.6,0.8042810469020106 
0.05315399999999999,0.8040864586300347 
3.8016,0.8037753318795449 
279.0,0.8037753318795449 
0.051240999999999995,0.8037753318795449 
3.7501,0.8037753318795449 
301.2,0.8037753318795449 
0.056323000000000005,0.8037753318795449 
3.9957,0.8037753318795449 
294.3,0.8037753318795449 
0.055937,0.8037753318795449 
3.8709,0.8037753318795449 
292.2,0.8037753318795449 
0.055123,0.8037753318795449 
3.8375,0.8037753318795449 
297.7,0.8037753318795449 
0.055807,0.8037753318795449 
3.897,0.8037753318795449 
299.0,0.8037753318795449 
0.05633099999999999,0.8037753318795449 
3.9664,0.8037753318795449 
295.0,0.8037753318795449 
0.056840999999999996,0.8037753318795449 
3.9339,0.8037753318795449 
314.6,0.8037753318795449 
0.058455999999999994,0.8030778194417338 
4.02,0.8023803070039228 
311.1,0.8016827945661118 
0.058008000000000004,0.800964957870003 
4.0501,0.8001005526011963 
314.5,0.798895697970589 
0.058538,0.7968837492398786 
4.0977,0.7987212086472864 
311.0,0.7975767636143689 
0.057908,0.7952339737982235 
4.0611,0.7858311543564398 
310.3,0.7823342389780807 
0.05825,0.7816721462039526 
4.0183,0.775352218382426 
303.2,0.7738898719514758 
0.057,0.7691431760631116 
3.9199,0.7683063911947561 
301.7,0.7660810814085277 
0.057173,0.7692132895322872 
3.9401,0.7719365104635142 
300.9,0.7745433019273819 
0.058251,0.7834662753140924 
3.9029,0.7847361330529125 
308.6,0.7894410737437956 
0.0603,0.7995609071452758 
3.9676,0.8068497437617406 
314.6,0.8085664113111168 
0.061799,0.8121722704194452 
4.0449,0.8131778803051004 
312.0,0.812414916949822 
0.061251,0.8083150347715675 
4.0255,0.8021932928399145 
314.6,0.8066439124123714 
0.061074,0.8088746557590489 
4.0001,0.8149376759455543 
331.1,0.8269543487911881 
0.062402,0.8422690639589041 
4.0808,0.8500570354091246 
335.4,0.845415674997848 
0.065001,0.8389984681101453 
4.1512,0.8387782615658412 
324.9,0.8375702362533172 
0.062747,0.8311988665576695 
4.0363,0.8240861951766482 
325.4,0.8207164403575021 
0.061752,0.8215007656437769 
4.017,0.8241359039572822 
325.0,0.8263895705482152 
0.062204999999999996,0.8268490934915882 
4.2553,0.8371428979724986 
325.3,0.8371428979724986 
0.061808,0.8371428979724986 
4.2106,0.8371428979724986 
317.3,0.8371428979724986 
0.060351999999999996,0.8371428979724986 
4.1336,0.8371428979724986 
314.2,0.8371428979724986 
0.060171,0.8371428979724986 
4.0798,0.8371428979724986 
321.7,0.8371428979724986 
0.061185,0.8371428979724986 
4.2511,0.8371428979724986 
321.6,0.8371428979724986 
0.061707000000000005,0.8371428979724986 
4.2855,0.8371428979724986 
319.0,0.8371428979724986 
0.061803,0.8371428979724986 
4.23,0.8371428979724986 
321.0,0.8371428979724986 
0.060502999999999994,0.8371428979724986 
4.1634,0.8371428979724986 
307.4,0.8371428979724986 
0.058732000000000006,0.8364453855346876 
3.9684,0.8357478730968766 
302.6,0.8350503606590656 
0.058145,0.8342257610366501 
3.9002,0.8323782349565205 
309.8,0.8325532678789496 
0.059296,0.8331376133963486 
3.9161,0.8325963486672612 
311.2,0.8296361535795946 
0.059315999999999994,0.8218227187515486 
3.9276,0.8166049073922145 
305.7,0.8133873040360552 
0.056604999999999996,0.8069751089822396 
3.8752,0.8043094056462663 
303.4,0.8028936601695562 
0.056885000000000005,0.8019087307630319 
3.8788,0.7976678390921654 
295.8,0.7980539514949045 
0.055376999999999996,0.7965664034737105 
3.71,0.7968087401406172 
305.7,0.7981601335502042 
0.057665999999999995,0.8030187801586772 
3.8457,0.8065705269330279 
296.6,0.7977542937371513 
0.055617999999999994,0.7858437556561924 
3.6947,0.7734770126231116 
284.7,0.7730265481532494 
0.054152,0.7754076403783006 
3.6747,0.7764451442334946 
288.1,0.7787618186499293 
0.055082000000000006,0.7836306191698098 
3.67,0.7884394874037388 
291.5,0.7928154279681157 
0.05586,0.8021570264629854 
3.7371,0.8151447572050143 
306.5,0.814694292735152 
0.058692999999999995,0.8100742630447544 
4.0,0.8030237806419387 
297.6,0.8042464699172793 
0.057017,0.8118669804285834 
3.8702,0.8168273090793292 
302.4,0.8237773323286333 
0.05873,0.8320883088156452 
3.8762,0.838540522572035 
308.0,0.8367386646925858 
0.059848,0.833880338631384 
3.9912,0.8328579808178715 
306.4,0.8320779050602043 
0.059072,0.8311618496347568 
3.948,0.8274729939648167 
306.9,0.8274729939648167 
0.059227999999999996,0.8274729939648167 
3.9241,0.8266439377378765 
304.9,0.8266439377378765 
0.059289999999999995,0.8266439377378765 
3.8426,0.8165234181647925 
296.4,0.8165234181647925 
0.059059,0.8165234181647925 
3.8031,0.8137351017770864 
301.9,0.8137351017770864 
0.058702,0.8137351017770864 
3.79,0.7969754570740004 
298.4,0.7969754570740004 
0.057326999999999996,0.7969754570740004 
3.7705,0.8181468288756018 
315.5,0.8181468288756018 
0.059283,0.8181468288756018 
3.8334,0.8165861845914877 
314.4,0.8165861845914877 
0.061463,0.8165861845914877 
3.8491,0.8213297218234663 
312.4,0.8213297218234663 
0.061451,0.8213297218234663 
3.8238,0.8221100439655233 
320.0,0.8221100439655233 
0.062529,0.8221100439655233 
3.8586,0.8273669510278028 
317.6,0.8273669510278028 
0.0629,0.8273669510278028 
3.916,0.8452938255019036 
321.9,0.8452938255019036 
0.062294,0.8452938255019036 
3.932,0.8335889933710472 
318.9,0.8335889933710472 
0.061922000000000005,0.8335889933710472 
3.9041,0.8071401797139546 
303.8,0.8071401797139546 
0.0586,0.8071401797139546 
3.7,0.7690892078920659 
303.5,0.7690892078920659 
0.057537,0.7690892078920659 
3.5971,0.7734220492598038 
302.9,0.7734220492598038 
0.058384000000000005,0.7734220492598038 
3.6119,0.7734425840530159 
305.8,0.7734425840530159 
0.05977999999999999,0.7734425840530159 
3.62,0.031171413817822125 
305.4,0.031171413817822125 
0.058765,0.031171413817822125 
3.63,0.7792744653252319 
304.9,0.7792744653252319 
0.059115999999999995,0.7792744653252319 
3.6576,0.031171413817822125 
305.1,0.031171413817822125 
0.059369000000000005,0.031171413817822125 
3.6165,0.772210496460294 
304.4,0.772210496460294 
0.058697000000000006,0.772210496460294 
3.6147,0.7730934925684114 
302.7,0.7730934925684114 
0.05902999999999999,0.7730934925684114 
3.5971,0.7599512249127132 
311.2,0.7599512249127132 
0.059332,0.7599512249127132 
3.6394,0.777878099386814 
311.5,0.777878099386814 
0.05946,0.777878099386814 
3.6137,0.7689865339260056 
308.7,0.7689865339260056 
0.058924000000000004,0.7689865339260056 
3.6179,0.7714507091114491 
305.7,0.7714507091114491 
0.059945000000000005,0.7714507091114491 
3.5573,0.7617788215085837 
305.4,0.7617788215085837 
0.061458000000000006,0.7617788215085837 
3.5731,0.7696231125155786 
305.1,0.7696231125155786 
0.060762000000000004,0.7696231125155786 
3.5982,0.770711456555816 
305.6,0.770711456555816 
0.060319000000000005,0.770711456555816 
3.5836,0.7608958254004665 
303.2,0.7608958254004665 
0.059053999999999995,0.7608958254004665 
3.547,0.755536244372127 
308.0,0.755536244372127 
0.059864,0.755536244372127 
3.5356,0.7589244852521118 
314.3,0.7589244852521118 
0.061065999999999995,0.7589244852521118 
3.5596,0.7716560570435693 
320.5,0.7716560570435693 
0.060658000000000004,0.7716560570435693 
3.6204,0.77642012906876 
322.6,0.77642012906876 
0.060113,0.77642012906876 
3.6444,0.7734631188462278 
318.0,0.7734631188462278 
0.059986000000000005,0.7734631188462278 
3.632,0.7803833441586814 
331.7,0.7803833441586814 
0.060573,0.7803833441586814 
3.6726,0.7918417587709934 
328.2,0.7918417587709934 
0.060163,0.7918417587709934 
3.6955,0.794408607922497 
331.3,0.794408607922497 
0.06030599999999999,0.794408607922497 
3.7106,0.7983102186327824 
330.9,0.7983102186327824 
0.06015499999999999,0.7983102186327824 
3.713,0.7852706249431443 
325.6,0.7852706249431443 
0.05935700000000001,0.7852706249431443 
3.63,0.7795619524302004 
328.5,0.7795619524302004 
0.060127999999999994,0.7795619524302004 
3.6461,0.7726417271177468 
323.0,0.7726417271177468 
0.059285000000000004,0.7726417271177468 
3.5909,0.7623743305117325 
322.5,0.7623743305117325 
0.058944,0.7623743305117325 
3.5424,0.7469321660162871 
322.7,0.7469321660162871 
0.058539,0.7469321660162871 
3.5067,0.75050522003518 
325.1,0.75050522003518 
0.05825,0.75050522003518 
3.4753,0.7520042599396581 
327.4,0.7520042599396581 
0.058262,0.7520042599396581 
3.5113,0.7613886604375553 
329.8,0.7613886604375553 
0.05872,0.7613886604375553 
3.5363,0.8124176215694459 
326.3,0.8124176215694459 
0.05815,0.8124176215694459 
3.7457,0.7984128925988425 
331.6,0.7984128925988425 
0.058552999999999994,0.7984128925988425 
3.721,0.7723337052195665 
327.5,0.7723337052195665 
0.058,0.7723337052195665 
3.602,0.7733809796733797 
328.2,0.7733809796733797 
0.057465999999999996,0.7733809796733797 
3.644,0.7711016176268446 
323.1,0.7711016176268446 
0.057453,0.7711016176268446 
3.6175,0.7833814239676378 
328.3,0.7833814239676378 
0.057555999999999996,0.7833814239676378 
3.649,0.7861946906376855 
341.9,0.7861946906376855 
0.057603999999999995,0.7861946906376855 
3.6991,0.790815019110392 
340.5,0.790815019110392 
0.057589,0.790815019110392 
3.7576,0.7988235884630832 
339.6,0.7988235884630832 
0.057536000000000004,0.7988235884630832 
3.7052,0.8004253023336214 
338.8,0.8004253023336214 
0.057936,0.8004253023336214 
3.7303,0.7969343874875765 
334.9,0.7969343874875765 
0.057767,0.7969343874875765 
3.7339,0.031171413817822125 
335.6,0.031171413817822125 
0.057746000000000006,0.031171413817822125 
3.7339,0.7906712755579077 
333.0,0.7906712755579077 
0.05683200000000001,0.7906712755579077 
3.6758,0.7764817334483962 
333.1,0.7764817334483962 
0.0565,0.7764817334483962 
3.6141,0.7711632220064808 
333.8,0.7711632220064808 
0.056701999999999995,0.7711632220064808 
3.6148,0.7740996974358008 
337.9,0.7740996974358008 
0.056476,0.7740996974358008 
3.6127,0.772847075049867 
338.3,0.772847075049867 
0.056491,0.772847075049867 
3.6319,0.774243440988285 
337.3,0.774243440988285 
0.056348,0.774243440988285 
3.6104,0.7783298648374786 
345.6,0.7783298648374786 
0.056601,0.7783298648374786 
3.6358,0.7817386405106754 
344.0,0.7817386405106754 
0.056616999999999994,0.7817386405106754 
3.634,0.7920676414963257 
353.8,0.7920676414963257 
0.057477999999999994,0.7920676414963257 
3.6823,0.790055231761547 
349.5,0.790055231761547 
0.057022,0.790055231761547 
3.6858,0.8125613651219301 
348.8,0.8125613651219301 
0.057,0.8125613651219301 
3.8599,0.8086597544116447 
345.9,0.8086597544116447 
0.0563,0.8086597544116447 
3.7554,0.8001378152286529 
342.8,0.8001378152286529 
0.05574400000000001,0.8001378152286529 
3.73,0.7904638741464662 
351.0,0.7904638741464662 
0.055941,0.7904638741464662 
3.7,0.7904638741464662 
343.9,0.7904638741464662 
0.054783000000000005,0.7904638741464662 
3.6,0.7904638741464662 
341.7,0.7904638741464662 
0.054454999999999996,0.7904638741464662 
3.5801,0.7904638741464662 
337.6,0.7904638741464662 
0.054458000000000006,0.7904638741464662 
3.5701,0.7904638741464662 
335.1,0.7904638741464662 
0.053320000000000006,0.7904638741464662 
3.565,0.7904638741464662 
336.4,0.7904638741464662 
0.053836,0.7904638741464662 
3.6188,0.7904638741464662 
333.5,0.7904638741464662 
0.053272,0.7904638741464662 
3.535,0.7904638741464662 
343.0,0.7904638741464662 
0.053829999999999996,0.7904638741464662 
3.5413,0.7904638741464662 
336.3,0.7897663617086552 
0.051884000000000007,0.7890688492708442 
3.5262,0.7883713368330333 
336.2,0.7884148318986643 
0.051809,0.7881530603489739 
3.4836,0.7880866238829026 
338.4,0.7866803734818942 
0.052076,0.7837919824964839 
3.5052,0.7818310435701743 
336.5,0.7796163571293224 
0.050861,0.7777507783363584 
3.48,0.77709902117877 
335.4,0.7778963082974766 
0.051121,0.7778771545111012 
3.4799,0.7767436638022518 
332.5,0.7714284163442076 
0.050569,0.7771477369559023 
3.4524,0.7735432365017609 
328.4,0.7716828998914456 
0.052375,0.7722498519681573 
3.3699,0.7686396840604717 
325.9,0.7731576443998092 
0.051516,0.7717517564798546 
3.3067,0.7694677727015229 
333.8,0.7697335350744252 
0.052091,0.7678832793105614 
3.2793,0.7666337984974754 
330.0,0.7625079262456264 
0.050948,0.7590617003858187 
3.2647,0.7590617003858187 
327.3,0.7590617003858187 
0.050637,0.7590617003858187 
3.2491,0.7590617003858187 
313.8,0.7590617003858187 
0.048851,0.7590617003858187 
3.1101,0.7590617003858187 
311.4,0.7590617003858187 
0.048817,0.7590617003858187 
3.1215,0.7590617003858187 
311.0,0.7590617003858187 
0.048389999999999996,0.7590617003858187 
3.1198,0.7590617003858187 
315.3,0.7590617003858187 
0.047591,0.7590617003858187 
3.1547,0.7590617003858187 
319.7,0.7590617003858187 
0.04943,0.7590617003858187 
3.1938,0.7590617003858187 
318.0,0.7590617003858187 
0.050087,0.7590617003858187 
3.2304,0.7590617003858187 
308.4,0.7590617003858187 
0.048544,0.7590617003858187 
3.1785,0.7590617003858187 
307.6,0.7590617003858187 
0.050401,0.7590617003858187 
3.2409,0.7590617003858187 
315.8,0.7590617003858187 
0.051442999999999996,0.7590617003858187 
3.3152,0.7590617003858187 
315.3,0.7590617003858187 
0.051976,0.7590617003858187 
3.3278,0.7590617003858187 
320.1,0.7590617003858187 
0.053667999999999993,0.7590617003858187 
3.3248,0.7590617003858187 
319.2,0.7590617003858187 
0.052476999999999996,0.7590617003858187 
3.3233,0.7590617003858187 
321.8,0.7590617003858187 
0.052820000000000006,0.7590617003858187 
3.391,0.7590617003858187 
318.6,0.7583641879480076 
0.052770000000000004,0.7576666755101966 
3.3408,0.7569691630723857 
338.1,0.7567444869283066 
0.055499,0.7560433545069557 
3.4502,0.7582850555877688 
338.0,0.7568799659294384 
0.054765,0.7525214264622629 
3.5359,0.759395778098088 
338.0,0.7579800665738647 
0.053288999999999996,0.755272269629141 
3.5242,0.7451744825203829 
335.1,0.7399540462748099 
0.05284,0.7391250549641926 
3.4237,0.7405057020574382 
329.5,0.7419214135816613 
0.052742,0.742819185830714 
3.4131,0.739959686620854 
330.3,0.739959686620854 
0.053288,0.7442675453965507 
3.4195,0.7421359187128369 
333.7,0.741870472802045 
0.0531,0.7379680595581787 
3.3789,0.7366682871900605 
329.3,0.735783467487421 
0.053,0.7320113760216429 
3.3491,0.729571339350422 
329.0,0.7285460102790033 
0.051636,0.7249569485104514 
3.3034,0.7249569485104514 
331.2,0.7249569485104514 
0.052002,0.7249569485104514 
3.3032,0.7249569485104514 
338.4,0.7249569485104514 
0.051544000000000006,0.7249569485104514 
3.2787,0.7249569485104514 
338.6,0.7249569485104514 
0.050979000000000003,0.7249569485104514 
3.192,0.7249569485104514 
345.7,0.7249569485104514 
0.052235000000000004,0.7249569485104514 
3.2794,0.7249569485104514 
346.7,0.7249569485104514 
0.052576,0.7249569485104514 
3.2445,0.7249569485104514 
351.5,0.7249569485104514 
0.053006,0.7249569485104514 
3.2482,0.7249569485104514 
347.2,0.7249569485104514 
0.052361000000000005,0.7249569485104514 
3.2069,0.7242594360726404 
338.3,0.7235619236348294 
0.051898,0.7228644111970185 
3.1867,0.7206485176602659 
337.9,0.7141240165037417 
0.052007000000000005,0.7077885406667124 
3.1917,0.7004845848796577 
312.1,0.6972517357228846 
0.047443,0.6945299454542908 
2.9891,0.6859003467046195 
310.8,0.685656358089014 
0.047036,0.6845372666423089 
2.8555,0.6790273782303942 
306.6,0.6663399702189075 
0.046562,0.6573952321555994 
2.7709,0.6481512904471084 
297.1,0.6521771026045994 
0.046022,0.6565815267984177 
2.7839,0.6671789428380586 
303.0,0.6767554960005749 
0.047075,0.6794413154726675 
2.9653,0.6772047231382142 
318.0,0.6781806776006363 
0.047925999999999996,0.6804828085767155 
2.9249,0.6795036994860966 
313.9,0.6818215913343489 
0.047179,0.6816337438415092 
2.9108,0.6850990220936017 
313.7,0.6822931530141384 
0.047333,0.6780286152511582 
2.8922,0.681666677460419 
311.3,0.676176933609295 
0.045933,0.6709851486476162 
2.85,0.6634882447282688 
304.9,0.6660501251921267 
0.0449,0.6675888759313464 
2.8744,0.6740778734338801 
310.1,0.6756637994353158 
0.045426999999999995,0.6777940699392226 
2.96,0.6829775886542643 
312.1,0.683404568731574 
0.046967,0.6851151799429662 
2.9683,0.6855279416184232 
313.6,0.68583292738793 
0.046581,0.6850255828442355 
2.9962,0.6786325764290175 
309.0,0.6766806675041734 
0.046807,0.6795577157239769 
2.8903,0.6764884199052784 
307.7,0.6759895851806729 
0.04678,0.6759895851806729 
2.8539,0.6759895851806729 
309.1,0.6759895851806729 
0.047099,0.6759895851806729 
2.8857,0.6759895851806729 
309.1,0.6759895851806729 
0.047652,0.6759895851806729 
2.9013,0.6759895851806729 
309.8,0.6759895851806729 
0.047075,0.6759895851806729 
2.8644,0.6759895851806729 
304.8,0.6759895851806729 
0.047208,0.6759895851806729 
2.8572,0.6759895851806729 
306.4,0.6759895851806729 
0.047467,0.6759895851806729 
2.9097,0.6759895851806729 
304.7,0.6759895851806729 
0.047113,0.6759895851806729 
2.8821,0.6759895851806729 
306.1,0.6759895851806729 
0.0471,0.6759895851806729 
2.886,0.675292072742862 
319.0,0.674594560305051 
0.049154,0.67389704786724 
2.9513,0.6744744195961198 
319.2,0.674680342392906 
0.049511,0.6753929590813422 
2.9451,0.6763507159122746 
320.0,0.6739317187034629 
0.050157,0.6753639105625702 
2.9501,0.6756491998313585 
317.0,0.6744086884422243 
0.050574,0.6733435206807157 
2.9848,0.67183556311712 
318.6,0.672455818811687 
0.050255,0.6729864079962589 
2.9386,0.6711727833589614 
322.9,0.6760107777765848 
0.050757,0.6759868414223936 
2.9445,0.6782419851661492 
323.8,0.6778078061799522 
0.050437,0.6768702989741299 
2.9267,0.6726656785603204 
324.6,0.6708049114766191 
0.050003,0.6698235209547796 
2.8833,0.6690695421729818 
321.3,0.6701860024232025 
0.049845,0.6723243167309505 
2.88,0.6734383033995527 
325.4,0.672942098843899 
0.05011,0.6699340970005371 
2.9015,0.670497882936476 
320.7,0.6693193971167987 
0.04937,0.6665268224611576 
2.8495,0.6628724027800114 
321.9,0.6611356868352235 
0.049338,0.660828503623103 
2.8394,0.6570654023157517 
318.2,0.6552666608015072 
0.049229,0.6569222586330657 
2.808,0.6589464539211356 
316.4,0.6588844283516788 
0.049685,0.6605200792214114 
2.8344,0.6636718463813591 
312.8,0.663919948659186 
0.049075,0.6613787057225526 
2.8696,0.6628119446681322 
315.6,0.6594625639174698 
0.04917,0.65564226593706 
2.8679,0.6499347824108832 
306.5,0.6455268732918726 
0.047577,0.6455268732918726 
2.7314,0.6455268732918726 
296.6,0.6455268732918726 
0.047322,0.6455268732918726 
2.7125,0.6455268732918726 
300.3,0.6455268732918726 
0.046783,0.6455268732918726 
2.6852,0.6455268732918726 
292.5,0.6455268732918726 
0.046393000000000004,0.6455268732918726 
2.603,0.6455268732918726 
300.0,0.6455268732918726 
0.047047000000000005,0.6455268732918726 
2.6664,0.6455268732918726 
304.3,0.6455268732918726 
0.047262,0.6455268732918726 
2.6645,0.6455268732918726 
296.1,0.6455268732918726 
0.04732,0.6455268732918726 
2.5904,0.6455268732918726 
297.1,0.6455268732918726 
0.047142,0.6455268732918726 
2.6085,0.6448293608540616 
299.7,0.6441318484162507 
0.047833999999999995,0.6434343359784397 
2.6209,0.6434622090291788 
303.4,0.644793356318055 
0.049757,0.6456834039920236 
2.663,0.6496962307931352 
312.4,0.6504736731451213 
0.049558,0.6488527796841715 
2.7312,0.6496583565466836 
312.0,0.6480386849800459 
0.049299,0.6476085707447079 
2.6997,0.6486249527675036 
311.5,0.6503094111968067 
0.049623,0.6504726953046667 
2.74,0.6511201682969661 
312.7,0.6494357098676629 
0.049503,0.6472851386909728 
2.7206,0.6460880665307913 
307.9,0.648096459273422 
0.049332,0.6495022956167027 
2.7421,0.6518512674027193 
313.2,0.6518512674027193 
0.049593,0.6506963310300524 
2.7447,0.646999711969366 
312.3,0.6493320390253242 
0.049621,0.6506861023587958 
2.6963,0.6490598911223227 
316.2,0.6483472356330022 
0.049829000000000005,0.648853018113446 
2.712,0.6512170474109114 
314.7,0.6492734415309462 
0.049656,0.6472144687562262 
2.7046,0.6460550403746669 
311.7,0.6419734680267399 
0.049631,0.6389308080656451 
2.7007,0.6338263116844937 
304.4,0.6314939846285355 
0.048717,0.6321869464521356 
2.6239,0.6315771172384581 
301.8,0.633974231157082 
0.049138,0.640505595471474 
2.618,0.6419887603491832 
307.3,0.6421831209371797 
0.050247,0.641896378113621 
2.6747,0.6449154091591102 
306.0,0.6447858354337792 
0.050226,0.6489078989287684 
2.6879,0.6484512347215485 
306.8,0.6483140161464229 
0.052436,0.6483140161464229 
2.7085,0.6483140161464229 
307.6,0.6483140161464229 
0.051651,0.6483140161464229 
2.6939,0.6483140161464229 
308.3,0.6483140161464229 
0.052272000000000006,0.6483140161464229 
2.6862,0.6483140161464229 
304.4,0.6483140161464229 
0.050564,0.6483140161464229 
2.6416,0.6483140161464229 
303.7,0.6483140161464229 
0.049865,0.6483140161464229 
2.6201,0.6483140161464229 
306.2,0.6483140161464229 
0.049504,0.6483140161464229 
2.666,0.6483140161464229 
311.8,0.6483140161464229 
0.049638,0.6483140161464229 
2.6559,0.6483140161464229 
311.2,0.6483140161464229 
0.049693,0.6483140161464229 
2.6439,0.6476165037086119 
312.0,0.646918991270801 
0.049053,0.64622147883299 
2.6281,0.6448161388008968 
309.3,0.6441831336483774 
0.049917,0.6452337636574683 
2.6242,0.6450146090355791 
306.9,0.6445632043135616 
0.049801,0.6433035328592356 
2.6017,0.6426838542732041 
310.6,0.6418455312180289 
0.049507999999999996,0.6381427390131151 
2.6101,0.6333817937789703 
305.3,0.633123848223532 
0.04877,0.6342952624422045 
2.5462,0.6337209261917363 
306.2,0.6335274670251573 
0.049177,0.6322276786455343 
2.5447,0.6318498258491736 
305.3,0.6335264719595239 
0.048385000000000004,0.6317894090941635 
2.5155,0.6298019033853062 
312.2,0.6315430358845162 
0.048563,0.6337815603160892 
2.535,0.638542505550234 
309.3,0.6359630499958489 
0.048931,0.6365327103350663 
2.5717,0.6360188305320158 
308.2,0.6353739666434195 
0.049804,0.6375844092272847 
2.5383,0.6330501756709562 
305.6,0.6331791484486754 
0.049201,0.6325091957962155 
2.4943,0.6277104652824346 
307.7,0.6278394380601537 
0.049222,0.6259098139533678 
2.4512,0.6264388078682728 
306.6,0.6268902125902902 
0.048742,0.6274478378519186 
2.4428,0.6296544981826651 
308.0,0.6198525670760017 
0.048609,0.6084633719841815 
2.5601,0.6062718257652895 
290.3,0.6058849074321317 
0.045635,0.6046733762881621 
2.3666,0.5977208848351252 
291.8,0.5939806742812669 
0.045880000000000004,0.5885354194728478 
2.322,0.5810215899055374 
286.4,0.5781430464796213 
0.044211,0.5781430464796213 
2.2359,0.5781430464796213 
281.7,0.5781430464796213 
0.043712,0.5781430464796213 
2.213,0.5781430464796213 
280.5,0.5781430464796213 
0.044108,0.5781430464796213 
2.1767,0.5781430464796213 
282.6,0.5781430464796213 
0.044077,0.5781430464796213 
2.1697,0.5781430464796213 
278.0,0.5781430464796213 
0.044346,0.5781430464796213 
2.2233,0.5781430464796213 
280.0,0.5781430464796213 
0.044617000000000004,0.5781430464796213 
2.1656,0.5781430464796213 
277.6,0.5781430464796213 
0.044816,0.5781430464796213 
2.1013,0.5781430464796213 
277.4,0.5781430464796213 
0.044719,0.5774455340418104 
2.1486,0.5767480216039994 
281.6,0.5760505091661885 
0.045304000000000004,0.5768079118817279 
2.2075,0.5773526334757664 
280.9,0.5767872784327994 
0.04545,0.5731301004700462 
2.2164,0.5692031486479361 
282.0,0.5695564955497905 
0.044771,0.5692272178220515 
2.1745,0.5691543277650286 
278.7,0.5684122992711345 
0.044708,0.5690971969448315 
2.1457,0.5668376051771209 
279.7,0.5664842582752665 
0.045137000000000004,0.5672306211248079 
2.1211,0.5658274875271165 
276.9,0.5649441202724808 
0.045406999999999996,0.5638026241496525 
2.1107,0.559237884328592 
277.0,0.5598739087519299 
0.044893,0.5597861013578661 
2.0487,0.5582007426176175 
277.1,0.5567520203200146 
0.044818000000000004,0.5558256523126425 
2.0532,0.5514522488912671 
275.0,0.5533249874710953 
0.044386,0.5548879590854292 
1.9925,0.5554437457702289 
279.9,0.5564331170954212 
0.044879,0.5565736089259231 
2.0187,0.55799496503787 
281.3,0.5576062834458303 
0.045081,0.5591033995146164 
2.0115,0.5585749466012002 
280.4,0.5577269140367497 
0.044851,0.5551058633239482 
2.0307,0.558841478746373 
277.5,0.558912148126744 
0.044463,0.556848674366247 
2.0792,0.5574864623651975 
277.9,0.5573097889142704 
0.044181,0.5557555980393428 
2.0878,0.5619694754005471 
282.1,0.5635948711490772 
0.044217,0.5655661471458073 
2.1969,0.5692835400539764 
281.7,0.5692835400539764 
0.044456999999999997,0.5665675519867133 
2.137,0.5599704733732251 
281.4,0.5597006576789691 
0.043972000000000004,0.5597006576789691 
2.1182,0.5597006576789691 
282.0,0.5597006576789691 
0.043647000000000005,0.5597006576789691 
2.0728,0.5597006576789691 
287.2,0.5597006576789691 
0.043938,0.5597006576789691 
2.1081,0.5597006576789691 
286.2,0.5597006576789691 
0.044534,0.5597006576789691 
2.118,0.5597006576789691 
291.5,0.5597006576789691 
0.045801999999999995,0.5597006576789691 
2.166,0.5597006576789691 
294.3,0.5597006576789691 
0.04546,0.5597006576789691 
2.1326,0.5597006576789691 
296.9,0.5597006576789691 
0.045168,0.5597006576789691 
2.1712,0.5597006576789691 
295.3,0.5597006576789691 
0.045323,0.5590031452411582 
2.1943,0.5583056328033473 
296.8,0.5576081203655364 
0.045021,0.557951859047319 
2.1828,0.5578801196904859 
301.5,0.5591073170370862 
0.045381,0.5591732953438949 
2.1783,0.5581624375796144 
303.1,0.5576649251418034 
0.046006,0.5629343925789247 
2.1912,0.5616503300134873 
300.4,0.560456300162741 
0.046479,0.5578435592131166 
2.1485,0.5531535434599228 
299.6,0.5530872084682148 
0.046006,0.5508351489291445 
2.0877,0.5470831363265897 
298.4,0.5464197864095084 
0.045602,0.5463362138875506 
2.0649,0.547219576077958 
296.7,0.5466225611525849 
0.04602,0.5475990400933536 
2.0759,0.5441839800788922 
293.3,0.5449136649876816 
0.04556,0.5434005624848688 
2.0667,0.5578075623325434 
298.3,0.5575422223657108 
0.045777,0.5577797442702221 
2.0886,0.5432270351952639 
294.5,0.5423978477989123 
0.045457,0.5406956074832479 
2.0298,0.5375082181364172 
293.4,0.5375745531281254 
0.045026,0.5372182702713585 
1.9879,0.5337849966034867 
293.3,0.5329226417112809 
0.044881,0.531515104499362 
1.9193,0.5284369970729942 
290.4,0.5277736471559129 
0.044417,0.5259834357645036 
1.9201,0.5246902663723608 
288.6,0.5241927539345499 
0.043979000000000004,0.5246062179905511 
1.9294,0.527802714164087 
287.3,0.528797739039709 
0.044262,0.5283094995693245 
1.9705,0.5273532827652754 
292.8,0.5285838631964528 
0.044323,0.5286639608609185 
1.959,0.5305448302076565 
294.3,0.5305448302076565 
0.043982,0.5305448302076565 
1.9811,0.5305448302076565 
295.6,0.5305448302076565 
0.043841000000000005,0.5305448302076565 
1.985,0.5305448302076565 
299.8,0.5305448302076565 
0.044087,0.5305448302076565 
2.0633,0.5305448302076565 
298.5,0.5305448302076565 
0.044248,0.5305448302076565 
2.0862,0.5305448302076565 
287.2,0.5305448302076565 
0.043762,0.5305448302076565 
2.0747,0.5305448302076565 
286.6,0.5305448302076565 
0.044336,0.5305448302076565 
2.0373,0.5305448302076565 
286.4,0.5305448302076565 
0.043733,0.5305448302076565 
2.0409,0.5305448302076565 
287.3,0.5305448302076565 
0.044203,0.5298473177698456 
2.1266,0.5291498053320346 
291.1,0.5284522928942237 
0.044349,0.5303700658874483 
2.19,0.5330783809185469 
299.8,0.5353444130962038 
0.04559,0.5374925741675705 
2.2464,0.5425190738733193 
300.2,0.542654359376463 
0.04573,0.5433570704515684 
2.2157,0.5385051657995843 
300.2,0.5400271277099509 
0.046100999999999996,0.5425310918573203 
2.1614,0.5518121973469112 
309.2,0.5523871607352719 
0.04687,0.5548955724210913 
2.3604,0.56050099256827 
305.7,0.5584378886453287 
0.047028,0.5567522715727656 
2.3308,0.5658679712219481 
300.4,0.566307649107165 
0.046717,0.5673750583351733 
2.5517,0.575075619127527 
306.2,0.5754138328853863 
0.047377999999999997,0.5751736658090845 
2.54,0.575642315690242 
302.6,0.5762511004543887 
0.046715,0.5753171173798814 
2.5864,0.5851955217376145 
306.8,0.5847220224766115 
0.046615,0.5810394606399829 
2.73,0.5731459263671526 
301.1,0.5717254285841438 
0.045814,0.570595753817835 
2.5315,0.5611768101279035 
298.3,0.5634090209297746 
0.045473,0.5665534306139489 
2.4693,0.585179966086623 
309.3,0.5852814302139808 
0.046225999999999996,0.5871449488245453 
2.7906,0.604429859147239 
302.8,0.6034490392494472 
0.046598,0.6031777394039951 
2.813,0.5974620486965441 
304.5,0.5980031907091188 
0.046599,0.5977630236328169 
2.8479,0.5924424690996752 
304.2,0.5932146787516195 
0.046868,0.5966748636657463 
2.7392,0.6095598867414389 
306.6,0.6095598867414389 
0.047718,0.6095598867414389 
2.8186,0.6095598867414389 
306.9,0.6095598867414389 
0.04807,0.6095598867414389 
2.8774,0.6095598867414389 
305.3,0.6095598867414389 
0.047386000000000005,0.6095598867414389 
2.7796,0.6095598867414389 
302.9,0.6095598867414389 
0.047024,0.6095598867414389 
2.6677,0.6095598867414389 
300.9,0.6095598867414389 
0.045880000000000004,0.6095598867414389 
2.5696,0.6095598867414389 
303.6,0.6095598867414389 
0.046531,0.6095598867414389 
2.5813,0.6095598867414389 
302.7,0.6095598867414389 
0.045642,0.6095598867414389 
2.611,0.6095598867414389 
301.0,0.6095598867414389 
0.045695,0.6088623743036279 
2.5451,0.608164861865817 
299.3,0.607467349428006 
0.045233999999999996,0.605599941170075 
2.5119,0.6030514761020802 
294.5,0.601950847576914 
0.04458,0.6013954777348247 
2.4247,0.5984456413763255 
295.5,0.6000613853142538 
0.044502,0.5993164844943086 
2.4957,0.6065042259177136 
299.7,0.6070428072303564 
0.04508,0.6094361867879318 
2.5773,0.6105731857077845 
296.8,0.6089574417698562 
0.044594999999999996,0.6061497386792937 
2.5382,0.6128922217844347 
295.2,0.6135654484252382 
0.044407,0.6144602109486043 
2.6075,0.6099678725589761 
297.4,0.6116509391609848 
0.044692,0.6136828875514861 
2.5697,0.6320815973454676 
299.8,0.6329567919785122 
0.04526,0.6347595401167226 
2.9824,0.6483637719479682 
300.0,0.6487677079324503 
0.045895,0.6484194998568547 
2.9722,0.6618329066945585 
300.7,0.6610250347255944 
0.045462,0.660218426145417 
3.1506,0.6663884342699329 
298.9,0.6649746583242456 
0.045298000000000005,0.6645691501855773 
3.1572,0.6545508380246365 
296.5,0.6534063527352707 
0.045087,0.6531022216312694 
3.1235,0.6562508340247079 
296.3,0.6567220926732703 
0.045037,0.6575904090136798 
3.0805,0.6622735723968497 
296.8,0.6614657004278854 
0.045491000000000004,0.6616552314057413 
3.15,0.6534895118904349 
295.7,0.6547686425079616 
0.04555,0.65643034433707 
3.0407,0.6570743786902734 
298.7,0.6572111783436846 
0.045939,0.6569353358400526 
3.1729,0.657957633036704 
298.1,0.657957633036704 
0.045774,0.657957633036704 
3.075,0.657957633036704 
298.2,0.657957633036704 
0.045271,0.657957633036704 
3.1061,0.657957633036704 
296.9,0.657957633036704 
0.045107999999999995,0.657957633036704 
3.028,0.657957633036704 
304.6,0.657957633036704 
0.045811000000000004,0.657957633036704 
3.178,0.657957633036704 
306.2,0.657957633036704 
0.046938,0.657957633036704 
3.1348,0.657957633036704 
305.2,0.657957633036704 
0.046566,0.657957633036704 
3.1075,0.657957633036704 
304.5,0.657957633036704 
0.046274,0.657957633036704 
3.2361,0.657957633036704 
305.2,0.657957633036704 
0.046495999999999996,0.657260120598893 
3.4297,0.6565626081610821 
305.4,0.6558650957232711 
0.046654,0.6551058558561215 
3.42,0.6522017443740562 
304.3,0.6513402528862087 
0.046647,0.6498753683190805 
3.4452,0.6552335684423746 
303.0,0.655102276929615 
0.046231,0.6543996433436379 
3.4566,0.6500922971238348 
303.2,0.6529807104045449 
0.0467,0.6569154584860171 
3.422,0.6624353284406174 
306.8,0.662500974196997 
0.047387,0.6630758562218875 
3.5182,0.6609914701825457 
307.7,0.6603350126187479 
0.047242,0.6594833355448363 
3.4921,0.6555051029101923 
305.0,0.6530762099241405 
0.046485000000000005,0.648788015856995 
3.2335,0.6361315776347315 
300.7,0.6353438285581742 
0.045995,0.6364680422957376 
3.2069,0.6402846050990753 
302.1,0.6432386641361652 
0.046408,0.6469690097198986 
3.2426,0.6502024063460243 
307.6,0.6511214469353411 
0.047156,0.6519518320824051 
3.3398,0.6489609402032388 
306.2,0.6496173977670365 
0.047268,0.6497621828696015 
3.2976,0.6529436141928073 
309.2,0.6523528023853894 
0.047864,0.6548056323582552 
3.3109,0.6509659738647309 
308.1,0.655036010760277 
0.047999,0.6566073549616441 
3.2736,0.6641192281948398 
316.2,0.6707494495891972 
0.048842,0.6766686052528836 
3.3862,0.6762182392942447 
323.7,0.6761525935378649 
0.050020999999999996,0.6755862282837136 
3.3916,0.6748760358104753 
319.0,0.673927192047762 
0.048868,0.6775418628513167 
3.2884,0.6736264851375156 
322.8,0.6736264851375156 
0.050881,0.6736264851375156 
3.287,0.6736264851375156 
326.3,0.6736264851375156 
0.051884000000000007,0.6736264851375156 
3.3341,0.6736264851375156 
321.2,0.6736264851375156 
0.050912,0.6736264851375156 
3.2634,0.6736264851375156 
327.4,0.6736264851375156 
0.055537,0.6736264851375156 
3.3417,0.6736264851375156 
327.1,0.6736264851375156 
0.052901,0.6736264851375156 
3.3107,0.6736264851375156 
323.4,0.6736264851375156 
0.053072,0.6736264851375156 
3.27,0.6736264851375156 
309.1,0.6736264851375156 
0.049675,0.6736264851375156 
3.0855,0.6736264851375156 
309.6,0.6729289726997045 
0.051093,0.6722314602618936 
3.0801,0.6715339478240826 
309.8,0.6707723022972855 
0.050193,0.6704328610949924 
3.0708,0.667560835784307 
311.5,0.6713459082383824 
0.051398,0.6796021314873628 
2.9473,0.682221151937022 
321.3,0.6856854555390572 
0.054159000000000006,0.685257325979524 
3.1089,0.6883584546711603 
323.5,0.6882943009007523 
0.052335,0.6815817007425661 
3.1348,0.6852561473435805 
319.0,0.6831390729201146 
0.051025,0.6831626396848595 
3.2043,0.6874299491239808 
317.4,0.6869167189607164 
0.051815,0.6891594894056106 
3.2074,0.6847879403466023 
318.1,0.6849162478874185 
0.051229,0.6832312242081546 
3.1827,0.6816871748385793 
316.6,0.6787361013998088 
0.050696,0.678099798751695 
3.14,0.6737114540839324 
313.1,0.6732460826333924 
0.051158999999999996,0.6751383995753528 
3.0841,0.6751383995753528 
315.5,0.6751383995753528 
0.052506,0.6751383995753528 
3.1899,0.6751383995753528 
315.9,0.6751383995753528 
0.052528,0.6751383995753528 
3.25,0.6751383995753528 
315.4,0.6751383995753528 
0.05281,0.6751383995753528 
3.15,0.6751383995753528 
312.6,0.6751383995753528 
0.051895000000000004,0.6751383995753528 
3.0995,0.6751383995753528 
313.5,0.6751383995753528 
0.052063,0.6751383995753528 
3.12,0.6751383995753528 
311.0,0.6751383995753528 
0.051704999999999994,0.6751383995753528 
3.0808,0.6751383995753528 
311.8,0.6751383995753528 
0.051817999999999996,0.6751383995753528 
3.0433,0.6751383995753528 
304.0,0.6751383995753528 
0.049826,0.6751383995753528 
2.8939,0.6751383995753528 
307.7,0.6751383995753528 
0.04945,0.6751383995753528 
2.9391,0.6751383995753528 
306.6,0.6751383995753528 
0.0487,0.6751383995753528 
2.8952,0.6751383995753528 
306.0,0.6751383995753528 
0.048969,0.6751383995753528 
2.8746,0.6751383995753528 
303.9,0.6751383995753528 
0.047937,0.6751383995753528 
2.8262,0.6751383995753528 
306.7,0.6751383995753528 
0.048976,0.6751383995753528 
2.9048,0.6751383995753528 
304.5,0.6751383995753528 
0.048087,0.6751383995753528 
2.867,0.6751383995753528 
306.8,0.6744408871375418 
0.048179,0.6737433746997309 
2.775,0.6730458622619199 
304.7,0.670850112695513 
0.048494999999999996,0.6709437742176947 
2.7922,0.667615879440107 
303.9,0.6692568460236545 
0.048780000000000004,0.669864303808783 
2.7508,0.6713651090446442 
303.5,0.666245293303976 
0.048351,0.6587464732132338 
2.7314,0.6523896971901872 
291.6,0.6484513773896732 
0.046189999999999995,0.644589095120714 
2.5606,0.6398918633488602 
291.3,0.6403513339922535 
0.046442000000000004,0.6408808073319938 
2.5486,0.6392789863591036 
289.4,0.6384913223990007 
0.045734,0.6374077490525554 
2.5901,0.6364336687312031 
289.9,0.6323640716040052 
0.045794999999999995,0.62658911820079 
2.5694,0.619619032345781 
282.0,0.5915256844354471 
0.044517,0.5740900042244604 
2.4711,0.5609177108548791 
223.9,0.5500558248450611 
0.037579,0.541721224930872 
2.1755,0.541721224930872 
219.4,0.541721224930872 
0.037586,0.541721224930872 
2.2937,0.541721224930872 
230.1,0.541721224930872 
0.038595,0.541721224930872 
2.3257,0.541721224930872 
222.0,0.541721224930872 
0.03696,0.541721224930872 
2.1994,0.541721224930872 
218.5,0.541721224930872 
0.036993,0.541721224930872 
2.2139,0.541721224930872 
220.0,0.541721224930872 
0.037837,0.541721224930872 
2.1674,0.541721224930872 
226.4,0.541721224930872 
0.038717,0.541721224930872 
2.363,0.541721224930872 
227.3,0.541721224930872 
0.038967,0.541721224930872 
2.2962,0.541721224930872 
223.2,0.541721224930872 
0.038344,0.541721224930872 
2.2702,0.541721224930872 
223.2,0.541721224930872 
0.038555,0.541721224930872 
2.3269,0.541721224930872 
223.9,0.541721224930872 
0.039264999999999994,0.541721224930872 
2.3,0.541721224930872 
208.5,0.541721224930872 
0.036179,0.541721224930872 
2.1055,0.541721224930872 
216.0,0.541721224930872 
0.037683,0.541721224930872 
2.24,0.541721224930872 
214.2,0.541721224930872 
0.037857,0.541721224930872 
2.2286,0.541721224930872 
213.3,0.541721224930872 
0.037573,0.541721224930872 
2.2411,0.541721224930872 
218.1,0.5410237124930611 
0.03865,0.5403262000552501 
2.239,0.5396286876174392 
213.1,0.5374010810092871 
0.038316,0.5334756326689863 
2.2049,0.5330857958493019 
212.2,0.5363567948239311 
0.03776,0.541817196155235 
2.1975,0.5421308579641765 
217.0,0.5472709992100222 
0.03834,0.5535710560651921 
2.227,0.5538354281612998 
220.7,0.554302713729104 
0.039310000000000005,0.5542551860579418 
2.2721,0.5572215305939306 
220.7,0.5568477021396874 
0.039481999999999996,0.5577771321535263 
2.2836,0.5571587703016132 
222.2,0.5581867985507823 
0.039271,0.5563543427848612 
2.2823,0.5571250546582601 
219.9,0.5549755410463609 
0.03879,0.5531219618710344 
2.25,0.5500570379093781 
218.8,0.5559448360637105 
0.03845,0.5562828106141975 
2.2342,0.557375706935975 
226.9,0.5587263491411562 
0.038679000000000005,0.5568194439187856 
2.26,0.5568194439187856 
227.3,0.5568194439187856 
0.038723,0.5568194439187856 
2.2866,0.5568194439187856 
223.0,0.5568194439187856 
0.038169,0.5568194439187856 
2.2155,0.5568194439187856 
221.7,0.5568194439187856 
0.037456,0.5568194439187856 
2.1961,0.5568194439187856 
220.8,0.5568194439187856 
0.037472000000000005,0.5568194439187856 
2.1524,0.5568194439187856 
216.5,0.5568194439187856 
0.03677,0.5568194439187856 
2.173,0.5568194439187856 
214.4,0.5568194439187856 
0.036969999999999996,0.5568194439187856 
2.18,0.5568194439187856 
218.3,0.5568194439187856 
0.037458,0.5568194439187856 
2.2035,0.5568194439187856 
216.6,0.5568194439187856 
0.03683,0.5568194439187856 
2.2412,0.5568194439187856 
214.9,0.5568194439187856 
0.036998,0.5568194439187856 
2.188,0.5568194439187856 
224.9,0.5568194439187856 
0.038751999999999995,0.5568194439187856 
2.36,0.5568194439187856 
227.7,0.5568194439187856 
0.038968,0.5568194439187856 
2.48,0.5568194439187856 
226.7,0.5568194439187856 
0.039083,0.5568194439187856 
2.53,0.5568194439187856 
227.6,0.5568194439187856 
0.038932999999999995,0.5568194439187856 
2.6629,0.5568194439187856 
230.8,0.5568194439187856 
0.039302,0.5568194439187856 
2.6227,0.5568194439187856 
231.4,0.5561219314809747 
0.039142,0.5554244190431636 
2.5496,0.5547269066053527 
228.9,0.553243158532722 
0.03934,0.5518161520028635 
2.58,0.5535374847713476 
225.2,0.5509939699725876 
0.038513,0.5495753558115921 
2.5271,0.5480233990363457 
223.1,0.5489881805117373 
0.038486,0.5478797293035043 
2.5047,0.5487069143867574 
223.2,0.5475667180976582 
0.038301999999999996,0.5463972512265867 
2.5546,0.5431042667999214 
222.9,0.5423149001382374 
0.038241000000000004,0.5411149254357465 
2.4627,0.5402365336568633 
223.1,0.5422538040145004 
0.038234,0.5442825748038812 
2.4663,0.5487651301597962 
224.7,0.5482388857186735 
0.038632,0.5498761393381737 
2.5689,0.5478554443490837 
222.4,0.5472414925011072 
0.038952999999999995,0.5495194105804118 
2.4987,0.5523762951532327 
222.9,0.5525978440629454 
0.03912,0.5526153047117943 
2.592,0.5526153047117943 
225.6,0.5526153047117943 
0.039471,0.5526153047117943 
2.62,0.5526153047117943 
224.2,0.5526153047117943 
0.039588,0.5526153047117943 
2.6237,0.5526153047117943 
222.9,0.5526153047117943 
0.03907,0.5526153047117943 
2.6137,0.5526153047117943 
222.5,0.5526153047117943 
0.0384,0.5526153047117943 
2.56,0.5526153047117943 
218.7,0.5526153047117943 
0.037817,0.5526153047117943 
2.53,0.5526153047117943 
219.3,0.5526153047117943 
0.03793,0.5526153047117943 
2.5402,0.5526153047117943 
222.3,0.5526153047117943 
0.038273,0.5526153047117943 
2.5985,0.5526153047117943 
219.3,0.5526153047117943 
0.03784,0.5526153047117943 
2.5122,0.5526153047117943 
222.6,0.5526153047117943 
0.038380000000000004,0.5526153047117943 
2.5451,0.5526153047117943 
222.1,0.5526153047117943 
0.038698,0.5526153047117943 
2.5578,0.5526153047117943 
222.1,0.5526153047117943 
0.03947,0.5526153047117943 
2.5812,0.5526153047117943 
223.9,0.5526153047117943 
0.040038,0.5526153047117943 
2.6177,0.5526153047117943 
221.9,0.5526153047117943 
0.039527,0.5526153047117943 
2.57,0.5526153047117943 
222.2,0.5526153047117943 
0.039624,0.5526153047117943 
2.594,0.5526153047117943 
221.6,0.5519177922739834 
0.039464,0.5512202798361724 
2.6699,0.5505227673983615 
220.2,0.5500968723060342 
0.039407,0.548826491229778 
2.6631,0.5488833324710544 
222.8,0.5502395706230725 
0.039479,0.5512823249899536 
2.6382,0.5520288399587154 
222.3,0.5529329987267275 
0.039637,0.5538036480039291 
2.7354,0.5581235823409272 
223.2,0.5576715029569211 
0.039721,0.5575044597816441 
2.78,0.5580084521209606 
221.8,0.5559288869545328 
0.039923,0.5561009920442122 
2.7209,0.5533044029734187 
220.0,0.5527619077126115 
0.039361,0.5505903464340097 
2.6856,0.546725142027222 
221.4,0.5475388849184328 
0.039455000000000004,0.5472351700542927 
2.6318,0.5495277667857698 
222.5,0.547448201619342 
0.039519,0.5448463776165419 
2.6782,0.5426518282368503 
219.5,0.544423075263386 
0.038419999999999996,0.5451035079211767 
2.6087,0.5451035079211767 
220.5,0.5451035079211767 
0.038879000000000004,0.5451035079211767 
2.6362,0.5451035079211767 
223.9,0.5451035079211767 
0.0389,0.5451035079211767 
2.6067,0.5451035079211767 
223.5,0.5451035079211767 
0.038928,0.5451035079211767 
2.6143,0.5451035079211767 
227.8,0.5451035079211767 
0.0403,0.5451035079211767 
2.6962,0.5451035079211767 
234.4,0.5451035079211767 
0.041319999999999996,0.5451035079211767 
2.78,0.5451035079211767 
234.2,0.5451035079211767 
0.041177,0.5451035079211767 
2.8858,0.5451035079211767 
232.9,0.5451035079211767 
0.041681,0.5451035079211767 
2.9,0.5444059954833658 
235.7,0.5437084830455547 
0.041645,0.5430109706077438 
2.9897,0.5397127281967821 
233.8,0.538463602821526 
0.041249,0.5367767115332351 
2.9551,0.5327270025844031 
233.2,0.5304293007065956 
0.040681,0.5312149100779996 
2.9259,0.5347069541879761 
229.3,0.5339410535620404 
0.040648000000000004,0.5345097769106641 
2.93,0.5328367823940974 
229.3,0.5324112820463552 
0.041145999999999995,0.5314883115271903 
2.8741,0.5272261588302227 
231.8,0.5282473596648039 
0.041234,0.5288715094414715 
2.9068,0.5286125936234315 
228.5,0.5292082941102705 
0.040958,0.530302363602962 
2.85,0.5361113723410408 
231.7,0.5376431735929126 
0.0421,0.5403976260822219 
3.0081,0.5431527559408535 
232.2,0.5475779595573718 
0.042975,0.5476671238111814 
2.9845,0.544805772078482 
238.0,0.5451461723566757 
0.042518,0.544538891492891 
2.8793,0.5419962053823948 
237.8,0.5417409051737495 
0.042407,0.5420397259162468 
2.8993,0.5422920028671576 
239.4,0.5411857019630281 
0.042741,0.539739795144493 
2.9032,0.5400982939694716 
237.1,0.5403535941781169 
0.041794,0.5402427413220292 
2.9305,0.5450691977249815 
237.5,0.5418353950821413 
0.041782,0.5401123561233869 
2.9563,0.5289922536819218 
231.9,0.5272902522909533 
0.04116,0.5275577450523823 
2.828,0.5249818646062399 
231.7,0.5243861641194009 
0.041260000000000005,0.5241006071621189 
2.814,0.5261432139672386 
231.1,0.5265151012711652 
0.041862,0.5265151012711652 
2.867,0.5265151012711652 
230.5,0.5265151012711652 
0.041654000000000004,0.5265151012711652 
2.8896,0.5265151012711652 
232.1,0.5265151012711652 
0.041624,0.5265151012711652 
2.8797,0.5265151012711652 
224.7,0.5265151012711652 
0.040625,0.5265151012711652 
2.767,0.5265151012711652 
222.1,0.5265151012711652 
0.040772,0.5265151012711652 
2.7887,0.5265151012711652 
223.9,0.5265151012711652 
0.041007,0.5265151012711652 
2.85,0.5265151012711652 
220.6,0.5265151012711652 
0.040436,0.5265151012711652 
2.845,0.5265151012711652 
220.5,0.5265151012711652 
0.040094,0.5265151012711652 
2.8065,0.5258175888333543 
223.2,0.5251200763955433 
0.0404,0.5244225639577323 
2.8273,0.5240633275595123 
224.1,0.5228771868345657 
0.040867,0.5217945223459365 
2.8236,0.5201622913065478 
224.0,0.5216763235614752 
0.040388,0.522820086497544 
2.796,0.5243045724859535 
225.0,0.5251951796947344 
0.040802,0.5246843966741396 
2.8334,0.5232350880788202 
224.4,0.5226116630326737 
0.040473,0.5229513704004376 
2.8156,0.5239433728855833 
223.9,0.5242105550482176 
0.040477,0.5241079096565191 
2.8309,0.524987344483776 
226.1,0.5252545266464103 
0.040636,0.5254671492434999 
2.8571,0.5283094826051942 
225.8,0.529200089813975 
0.040798,0.5302803103647067 
2.8508,0.5285917954963735 
226.6,0.5293042812633981 
0.041339,0.5300301308189802 
2.8681,0.5318171423879662 
226.9,0.5306593530165511 
0.041587,0.5307375590292738 
2.8776,0.5308501266871627 
225.7,0.5281783050608202 
0.041293,0.5264186697745605 
2.8652,0.5245190905476856 
223.3,0.5263003049652473 
0.041125999999999996,0.5278033267722608 
2.866,0.5317009819266633 
225.3,0.532591589135444 
0.041561,0.5332147932993276 
2.97,0.5395467240555771 
226.1,0.5399029669390895 
0.041804,0.5402304546173655 
2.9983,0.5428969010136084 
225.4,0.5417391116421933 
0.041602,0.5407053259115158 
3.0199,0.5380248085580368 
224.8,0.5401622658591108 
0.0413,0.5402528577490984 
2.9615,0.5409472876306148 
228.0,0.540097648353438 
0.041513999999999995,0.540097648353438 
3.007,0.540097648353438 
227.9,0.540097648353438 
0.041522,0.540097648353438 
3.09,0.540097648353438 
225.7,0.540097648353438 
0.041460000000000004,0.540097648353438 
3.0819,0.540097648353438 
223.2,0.540097648353438 
0.041124,0.540097648353438 
3.0404,0.540097648353438 
225.6,0.540097648353438 
0.0413,0.540097648353438 
3.0601,0.540097648353438 
225.9,0.540097648353438 
0.041095,0.540097648353438 
3.0181,0.540097648353438 
221.4,0.540097648353438 
0.039416,0.540097648353438 
2.9353,0.540097648353438 
221.7,0.540097648353438 
0.039623,0.540097648353438 
2.9186,0.5394001359156271 
224.5,0.5387026234778161 
0.039543,0.5380051110400051 
2.9122,0.5366120178128959 
221.8,0.5356016044708014 
0.039169999999999996,0.5346304650605695 
2.8357,0.5312370757590248 
221.2,0.5275658837612673 
0.038551,0.5255247160713544 
2.7856,0.5196294796676525 
215.6,0.5171223241569889 
0.037771,0.5166861988865975 
2.7674,0.5194575820025231 
214.7,0.5203529946849029 
0.038147,0.521646156823854 
2.7727,0.524922056068115 
217.2,0.524832514799877 
0.038593,0.5243938539174485 
2.8315,0.5215464478232807 
214.9,0.5211882827503287 
0.03815,0.5208687956336467 
2.7728,0.5201085658512233 
215.9,0.5224366388254109 
0.03814,0.524733903331077 
2.7884,0.5293021932054579 
218.0,0.5297498995466479 
0.039222,0.5301910960411135 
2.8369,0.5337019753999419 
219.2,0.5339705992046557 
0.039319,0.5340796305222536 
2.9012,0.5358143366621472 
218.0,0.5358143366621472 
0.03921,0.5354416016926848 
2.9348,0.5363262327122321 
220.5,0.536505315248708 
0.039226,0.5371442894820722 
2.911,0.5356998528954675 
218.4,0.532834532311852 
0.039024,0.5307705441136046 
2.8927,0.5217307208826056 
214.3,0.5182386114213241 
0.038191,0.51644846932309 
2.7836,0.5123224949584826 
213.3,0.5133074489091004 
0.037842,0.5133708392100294 
2.7794,0.5174829912149563 
213.2,0.5179306975561463 
0.0376,0.5179691526483019 
2.7779,0.5174133970326309 
214.0,0.5156010817634941 
0.038163,0.5156010817634941 
2.7779,0.5156010817634941 
212.2,0.5156010817634941 
0.038049,0.5156010817634941 
2.7398,0.5156010817634941 
214.5,0.5156010817634941 
0.038058,0.5156010817634941 
2.7156,0.5156010817634941 
214.0,0.5156010817634941 
0.037966,0.5156010817634941 
2.7562,0.5156010817634941 
213.3,0.5156010817634941 
0.0384,0.5156010817634941 
2.7624,0.5156010817634941 
214.3,0.5156010817634941 
0.039126999999999995,0.5156010817634941 
2.7844,0.5156010817634941 
214.0,0.5156010817634941 
0.039033,0.5156010817634941 
2.7658,0.5156010817634941 
213.0,0.5156010817634941 
0.039027,0.5156010817634941 
2.7425,0.5149035693256832 
211.7,0.5142060568878721 
0.038399,0.5135085444500612 
2.6949,0.5135695249236554 
212.7,0.5131061359859909 
0.038518000000000004,0.5126436942029549 
2.7123,0.5134433349674021 
212.9,0.5181203091135178 
0.038465,0.5186318368958704 
2.7277,0.5197616045814197 
220.3,0.5251868945909139 
0.038868,0.5267240614116202 
2.78,0.530157381391082 
225.7,0.5314669341519944 
0.039251,0.5318880403566585 
2.91,0.5398477672321202 
224.6,0.5391929908516642 
0.0395,0.5387357160159245 
2.8948,0.5384862867866475 
224.7,0.5388604447183367 
0.03893,0.5379562289414507 
2.8801,0.5358067358773859 
224.2,0.5412320258868799 
0.038646,0.5419941506131125 
2.8872,0.5441803244461886 
232.1,0.543993245480344 
0.039225,0.5444014343167669 
2.895,0.5484216466004103 
229.7,0.5489828834979441 
0.0387,0.5477970690933993 
2.8887,0.5468947221757201 
234.5,0.5494202882146226 
0.038819,0.5505673505144437 
2.9529,0.5524233974264178 
232.7,0.5508332262167385 
0.039275,0.552225718513143 
2.9818,0.5533041331220765 
