date,current_balance 
442.0,1.0 
0.089658,0.999302487562189 
5.9691,0.998604975124378 
427.7,0.9979074626865669 
0.086774,0.9950653014425852 
5.8231,0.9922388288621442 
426.0,0.9889535057121958 
0.08551399999999999,0.9836330768773262 
5.8034,0.9811380187909376 
402.5,0.9765660277671745 
0.08361,0.9767971266325389 
5.5618,0.9756947230515713 
413.9,0.9747630451978166 
0.08513899999999999,0.9692925556385943 
5.6232,0.9593085232071894 
399.6,0.9610285438602749 
0.082022,0.9625255126299487 
5.3834,0.9678451299098066 
416.0,0.9661967767839329 
0.085,0.9679524383133428 
5.6159,0.9703288460326928 
406.9,0.974987235301466 
0.08406799999999999,0.9739386673153353 
5.5228,0.9717806603054222 
409.2,0.9582354976623737 
0.08301900000000001,0.950319499214445 
5.4948,0.9351562499592487 
394.9,0.9363029303946392 
0.081334,0.9364374506297021 
5.1819,0.9334942410691941 
394.0,0.9446027077870379 
0.08127000000000001,0.9480553938203174 
5.2356,0.9547686156270591 
416.2,0.9566319713345685 
0.08311,0.957435643508149 
5.4841,0.9657972706694506 
410.9,0.9518221028631308 
0.081584,0.9394531397109424 
5.5068,0.9264582974994419 
392.8,0.9255982871728992 
0.079023,0.9237632931971701 
5.2464,0.9210852844981214 
389.5,0.9242386556954449 
0.077614,0.9257494214123045 
5.1451,0.9293114329828838 
404.7,0.932608139234631 
0.08089,0.9351743714112144 
5.3284,0.9412433527252521 
403.2,0.9434567326356643 
0.080231,0.9423076607877576 
5.4068,0.9423076607877576 
408.0,0.9423076607877576 
0.081134,0.9423076607877576 
5.3907,0.9423076607877576 
413.1,0.9423076607877576 
0.082403,0.9423076607877576 
5.46,0.9423076607877576 
408.4,0.9423076607877576 
0.08187,0.9423076607877576 
5.4079,0.9423076607877576 
406.8,0.9423076607877576 
0.08068600000000001,0.9423076607877576 
5.4109,0.9423076607877576 
412.8,0.9416101483499466 
0.081861,0.9416101483499466 
5.4053,0.9409126359121356 
411.7,0.941614867417717 
0.08037899999999999,0.941614867417717 
5.5708,0.9428227798446086 
421.8,0.9427004543546124 
0.082585,0.9427004543546124 
5.6029,0.9461782091934131 
416.5,0.9429724964753202 
0.080712,0.9422749840375092 
5.6,0.9357834423534999 
416.6,0.9351142896921201 
0.080001,0.9349128701693836 
5.5375,0.9328356574659736 
413.0,0.9318797250925737 
0.080192,0.931420936179674 
5.6496,0.9427064113827361 
414.5,0.9453830220282557 
0.079513,0.9453668587332213 
5.6236,0.9411481896345435 
415.2,0.9317800523752247 
0.079537,0.9314020799374969 
5.636,0.9255487657904312 
399.0,0.9182836797525918 
0.077176,0.9155520828917773 
5.4284,0.9071004683184529 
400.3,0.9057621629956931 
0.077424,0.9053705139237056 
5.4121,0.9019441836912769 
396.0,0.9052899469981766 
0.076503,0.9055311530933055 
5.3864,0.9047388142270563 
404.2,0.9057903398377962 
0.07712000000000001,0.9063063219485099 
5.4232,0.9049215134795698 
402.9,0.9025316825460701 
0.077361,0.9023476696487553 
5.3996,0.9047532389994397 
401.2,0.9038928998633798 
0.076795,0.9027527658982606 
5.393,0.8994192321096268 
399.7,0.9041033007392864 
0.076615,0.90525959799944 
5.4289,0.9120480147724395 
405.9,0.9130039471458393 
0.07795,0.9129392939657015 
5.4734,0.912889326649812 
405.0,0.9102127160042924 
0.07744,0.9104626254121321 
5.3994,0.8997410670598238 
402.3,0.907292932809683 
0.076851,0.9098914933190605 
5.2681,0.9101984354023823 
416.1,0.9144045378453419 
0.079979,0.9142715014939049 
5.4066,0.9200605719491126 
414.2,0.9148985371327532 
0.078774,0.9129576983982373 
5.3629,0.9079466904333101 
405.4,0.9016375367688707 
0.077234,0.9009188918050333 
5.2943,0.8985704279582227 
401.3,0.8987616144329027 
0.0774,0.8998395818786589 
5.2746,0.8991543158321731 
402.5,0.899727875256213 
0.077813,0.9006081531703947 
5.25,0.8969248481705336 
405.7,0.8987411196799935 
0.078622,0.8982984940621281 
5.271,0.9006326815329703 
403.8,0.9020665800930702 
0.077549,0.9032203906924493 
5.2332,0.9088881119519252 
410.6,0.9137633670562647 
0.079715,0.9143937355626065 
5.33,0.9144080119385749 
412.4,0.9119225877677353 
0.080182,0.912116283722106 
5.4293,0.9125229034624395 
408.4,0.9104999593738505 
0.080624,0.9104999593738505 
5.3397,0.9104999593738505 
408.8,0.9104999593738505 
0.081862,0.9104999593738505 
5.3378,0.9104999593738505 
413.6,0.9104999593738505 
0.080176,0.9104999593738505 
5.264,0.9104999593738505 
412.7,0.9104999593738505 
0.080095,0.9104999593738505 
5.2827,0.9104999593738505 
417.0,0.9104999593738505 
0.07932,0.9104999593738505 
5.2404,0.9104999593738505 
418.2,0.9104999593738505 
0.0805,0.9104999593738505 
5.2176,0.9104999593738505 
424.0,0.9104999593738505 
0.079929,0.9104999593738505 
5.0959,0.9104999593738505 
421.6,0.9104999593738505 
0.07926799999999999,0.9104999593738505 
5.0924,0.9104999593738505 
416.8,0.9104999593738505 
0.078542,0.9104999593738505 
4.9258,0.9104999593738505 
414.1,0.9104999593738505 
0.078226,0.9104999593738505 
4.9861,0.9104999593738505 
414.1,0.9104999593738505 
0.07741,0.9104999593738505 
4.9977,0.9104999593738505 
415.0,0.9104999593738505 
0.077917,0.9104999593738505 
4.9757,0.9104999593738505 
418.5,0.9104999593738505 
0.076426,0.9104999593738505 
4.8101,0.9104999593738505 
415.1,0.9104999593738505 
0.076613,0.9104999593738505 
4.8397,0.9104999593738505 
416.7,0.9104999593738505 
0.07646499999999999,0.9104999593738505 
4.764,0.9104999593738505 
387.5,0.9104999593738505 
0.07067799999999999,0.9104999593738505 
4.3143,0.9104999593738505 
386.4,0.9104999593738505 
0.072783,0.9104999593738505 
4.4483,0.9104999593738505 
388.5,0.9104999593738505 
0.071533,0.9104999593738505 
4.434,0.9104999593738505 
365.1,0.9104999593738505 
0.069543,0.9104999593738505 
4.4583,0.9104999593738505 
339.9,0.9104999593738505 
0.06504299999999999,0.9104999593738505 
4.3142,0.9104999593738505 
344.8,0.9104999593738505 
0.065944,0.9104999593738505 
4.235,0.9104999593738505 
334.3,0.9104999593738505 
0.06394,0.9104999593738505 
4.2613,0.9104999593738505 
345.2,0.9104999593738505 
0.066715,0.9104999593738505 
4.3383,0.9104999593738505 
345.3,0.9104999593738505 
0.065011,0.9104999593738505 
4.3559,0.9104999593738505 
341.1,0.9104999593738505 
0.063941,0.9104999593738505 
4.286,0.9104999593738505 
350.5,0.9104999593738505 
0.06754,0.9104999593738505 
4.5016,0.9104999593738505 
352.5,0.9104999593738505 
0.069261,0.9104999593738505 
4.4932,0.9104999593738505 
346.0,0.9104999593738505 
0.06722,0.9104999593738505 
4.3974,0.9104999593738505 
350.2,0.9104999593738505 
0.070425,0.9104999593738505 
4.4647,0.9104999593738505 
353.0,0.9104999593738505 
0.069746,0.9104999593738505 
4.5293,0.9104999593738505 
347.6,0.9104999593738505 
0.068,0.9104999593738505 
4.4092,0.9104999593738505 
345.1,0.9104999593738505 
0.068098,0.9104999593738505 
4.47,0.9104999593738505 
336.5,0.9104999593738505 
0.066838,0.9104999593738505 
4.3469,0.9104999593738505 
347.9,0.9104999593738505 
0.06815399999999999,0.9104999593738505 
4.3498,0.9104999593738505 
341.3,0.9104999593738505 
0.06664199999999999,0.9104999593738505 
4.2554,0.9104999593738505 
344.7,0.9104999593738505 
0.06699400000000001,0.9104999593738505 
4.2737,0.9104999593738505 
340.6,0.9104999593738505 
0.066968,0.9104999593738505 
4.2169,0.9104999593738505 
338.7,0.9104999593738505 
0.06526599999999999,0.9104999593738505 
4.2058,0.9104999593738505 
323.2,0.9104999593738505 
0.061946,0.9104999593738505 
4.0,0.9104999593738505 
305.9,0.9104999593738505 
0.060591,0.9104999593738505 
3.8955,0.9104999593738505 
307.6,0.9104999593738505 
0.061287,0.9104999593738505 
3.88,0.9104999593738505 
309.0,0.9104999593738505 
0.061988999999999995,0.9104999593738505 
3.9469,0.9104999593738505 
285.3,0.9104999593738505 
0.058475,0.9104999593738505 
3.7378,0.9104999593738505 
288.8,0.9104999593738505 
0.058101,0.9104999593738505 
3.7201,0.9104999593738505 
291.7,0.9104999593738505 
0.057972,0.9104999593738505 
3.7936,0.9104999593738505 
317.3,0.9104999593738505 
0.0598,0.9104999593738505 
3.9684,0.9104999593738505 
317.8,0.9104999593738505 
0.059567999999999996,0.9104999593738505 
4.18,0.9104999593738505 
313.1,0.9098024469360395 
0.05954299999999999,0.9091049344982285 
4.17,0.9084074220604175 
308.3,0.9076777185881315 
0.059039,0.9050092825218619 
4.091,0.9040199739328423 
309.6,0.9023565741936239 
0.058649,0.8990640727104713 
4.1771,0.8975377902639246 
305.3,0.8880561903724231 
0.057793,0.8831919334603198 
4.129,0.877619573862392 
303.8,0.8611719005812158 
0.057737000000000004,0.8414655543253833 
3.9699,0.8157491867752562 
283.0,0.8165231949296645 
0.053069000000000005,0.8166402220311064 
3.825,0.8102039307125695 
283.0,0.8125259551757944 
0.051753999999999994,0.8013269703812973 
3.6881,0.8023132924289924 
284.5,0.8068605903361412 
0.05139,0.8125389488234918 
3.68,0.8217470210789825 
291.6,0.8169094701139307 
0.05315399999999999,0.817240198878875 
3.8016,0.8174921789640526 
279.0,0.8181694360991598 
0.051240999999999995,0.8287832853864479 
3.7501,0.839200862050791 
301.2,0.8536167639266453 
0.056323000000000005,0.8696240361499474 
3.9957,0.8758011479523016 
294.3,0.8733823724697757 
0.055937,0.8662691599560515 
3.8709,0.8603584271008851 
292.2,0.8547468679814252 
0.055123,0.8548130137344139 
3.8375,0.8547338199933581 
297.7,0.8641186688655585 
0.055807,0.8691152172836395 
3.897,0.8729093174233139 
299.0,0.8684587705354663 
0.05633099999999999,0.8677108147132077 
3.9664,0.8656733757387716 
295.0,0.866931138989685 
0.056840999999999996,0.8662289763810342 
3.9339,0.8674168824968715 
314.6,0.8846385639324559 
0.058455999999999994,0.8961428368176708 
4.02,0.9043645870254662 
311.1,0.9031068237745526 
0.058008000000000004,0.9030457661564092 
4.0501,0.9025562048480641 
314.5,0.9010081885392475 
0.058538,0.8990339922192725 
4.0977,0.9027488986178911 
311.0,0.9010073802704724 
0.057908,0.8986668382416362 
4.0611,0.8894443671241354 
310.3,0.8841230610625783 
0.05825,0.8834616035326899 
4.0183,0.8772628934373204 
303.2,0.8750376199933968 
0.057,0.8702954783175806 
3.9199,0.8694747431830021 
301.7,0.8660884575074658 
0.057173,0.869217660437323 
3.9401,0.8718886493402056 
300.9,0.875855441131548 
0.058251,0.8847698533805073 
3.9029,0.8860153549443852 
308.6,0.8925739130407637 
0.0603,0.9019865245405565 
3.9676,0.9084380470907849 
314.6,0.907740534652974 
0.061799,0.9124943988133644 
4.0449,0.9138192235254091 
312.0,0.9134381096247559 
0.061251,0.9080329392164026 
4.0255,0.8999679479036629 
314.6,0.9021911123241395 
0.061074,0.9051320621860759 
4.0001,0.9131196914718348 
331.1,0.9191222354071217 
0.062402,0.9393127290939772 
4.0808,0.9495728679222948 
335.4,0.9472544250266548 
0.065001,0.9387941583005366 
4.1512,0.9385040506993588 
324.9,0.937900620356658 
0.062747,0.9295007841071546 
4.0363,0.9201303085891154 
325.4,0.9184470555278974 
0.061752,0.9194810881277563 
4.017,0.9229527090885159 
325.0,0.9242866077408021 
0.062204999999999996,0.9257302246821635 
4.2553,0.9401098914472041 
325.3,0.9367751448164892 
0.061808,0.9203783421615837 
4.2106,0.9074298728956861 
317.3,0.9061912527185635 
0.060351999999999996,0.9076684421469333 
4.1336,0.9091189801528219 
314.2,0.9113739040650195 
0.060171,0.9158121868475309 
4.0798,0.9220688407795962 
321.7,0.922322916713365 
0.061185,0.9279496655359739 
4.2511,0.9337131365460374 
321.6,0.93291914925301 
0.061707000000000005,0.9333958785685292 
4.2855,0.9371672773838392 
319.0,0.9364050495825329 
0.061803,0.9289855299536751 
4.23,0.9192862658209677 
321.0,0.916650228008117 
0.060502999999999994,0.9086264036131078 
4.1634,0.8963645223366643 
307.4,0.8959834084360112 
0.058732000000000006,0.8911892572912108 
3.9684,0.8837721729544346 
302.6,0.8841215273633666 
0.058145,0.8828303832290025 
3.9002,0.8776942244931729 
309.8,0.8778542183318316 
0.059296,0.8771567058940206 
3.9161,0.876837549252791 
311.2,0.8739029763078445 
0.059315999999999994,0.8711147184914777 
3.9276,0.86096037576008 
305.7,0.8577706225590511 
0.056604999999999996,0.8577706225590511 
3.8752,0.8525829177093385 
303.4,0.8511794263008858 
0.056885000000000005,0.8511794263008858 
3.8788,0.8429262594945248 
295.8,0.8433090298786483 
0.055376999999999996,0.8433090298786483 
3.71,0.8437806394104403 
305.7,0.8451203357548724 
0.057665999999999995,0.8451203357548724 
3.8457,0.8520323629551998 
296.6,0.8429252347958784 
0.055617999999999994,0.8429252347958784 
3.6947,0.8177809894256403 
284.7,0.8177809894256403 
0.054152,0.8177809894256403 
3.6747,0.8177809894256403 
288.1,0.8177809894256403 
0.055082000000000006,0.8177809894256403 
3.67,0.8177809894256403 
291.5,0.8177809894256403 
0.05586,0.8177809894256403 
3.7371,0.8177809894256403 
306.5,0.8177809894256403 
0.058692999999999995,0.8177809894256403 
4.0,0.8170834769878292 
297.6,0.8170834769878292 
0.057017,0.8170834769878292 
3.8702,0.8180961676346763 
302.4,0.8180961676346763 
0.05873,0.8180961676346763 
3.8762,0.8218102053938032 
308.0,0.8218102053938032 
0.059848,0.8218102053938032 
3.9912,0.820074603695196 
306.4,0.820074603695196 
0.059072,0.820074603695196 
3.948,0.815344215250281 
306.9,0.815344215250281 
0.059227999999999996,0.815344215250281 
3.9241,0.8144808807294808 
304.9,0.8144808807294808 
0.059289999999999995,0.8144808807294808 
3.8426,0.8023985880308745 
296.4,0.8023985880308745 
0.059059,0.8023985880308745 
3.8031,0.7992490311617213 
301.9,0.7992490311617213 
0.058702,0.7992490311617213 
3.79,0.78081642303644 
298.4,0.78081642303644 
0.057326999999999996,0.78081642303644 
3.7705,0.8019554875271686 
315.5,0.8019554875271686 
0.059283,0.8019554875271686 
3.8334,0.8003972247713051 
314.4,0.8003972247713051 
0.061463,0.8003972247713051 
3.8491,0.8051335234108379 
312.4,0.8051335234108379 
0.061451,0.8051335234108379 
3.8238,0.8059126547887696 
320.0,0.8059126547887696 
0.062529,0.8059126547887696 
3.8586,0.8111615398611522 
317.6,0.8111615398611522 
0.0629,0.8111615398611522 
3.916,0.8290610580962694 
321.9,0.8290610580962694 
0.062294,0.8290610580962694 
3.932,0.8173740874272926 
318.9,0.8173740874272926 
0.061922000000000005,0.8173740874272926 
3.9041,0.7909656344068674 
303.8,0.7909656344068674 
0.0586,0.7909656344068674 
3.7,0.7529727280040355 
303.5,0.7529727280040355 
0.057537,0.7529727280040355 
3.5971,0.7572989574972884 
302.9,0.7572989574972884 
0.058384000000000005,0.7572989574972884 
3.6119,0.7573194609546023 
305.8,0.7573194609546023 
0.05977999999999999,0.7573194609546023 
3.62,0.016180989425640002 
305.4,0.016180989425640002 
0.058765,0.016180989425640002 
3.63,0.7631424428317768 
304.9,0.7631424428317768 
0.059115999999999995,0.7631424428317768 
3.6576,0.016180989425640002 
305.1,0.016180989425640002 
0.059369000000000005,0.016180989425640002 
3.6165,0.7560892535157626 
304.4,0.7560892535157626 
0.058697000000000006,0.7560892535157626 
3.6147,0.7569709021802644 
302.7,0.7569709021802644 
0.05902999999999999,0.7569709021802644 
3.5971,0.7438486894993079 
311.2,0.7438486894993079 
0.059332,0.7438486894993079 
3.6394,0.7617482077344253 
311.5,0.7617482077344253 
0.05946,0.7617482077344253 
3.6137,0.7528702107174656 
308.7,0.7528702107174656 
0.058924000000000004,0.7528702107174656 
3.6179,0.7553306255951449 
305.7,0.7553306255951449 
0.059945000000000005,0.7553306255951449 
3.5573,0.7456734972002534 
305.4,0.7456734972002534 
0.061458000000000006,0.7456734972002534 
3.5731,0.7535058178941993 
305.1,0.7535058178941993 
0.060762000000000004,0.7535058178941993 
3.5982,0.7545925011318411 
305.6,0.7545925011318411 
0.060319000000000005,0.7545925011318411 
3.5836,0.7447918485357516 
303.2,0.7447918485357516 
0.059053999999999995,0.7447918485357516 
3.547,0.7394404461767992 
308.0,0.7394404461767992 
0.059864,0.7394404461767992 
3.5356,0.7428235166336081 
314.3,0.7428235166336081 
0.061065999999999995,0.7428235166336081 
3.5596,0.7555356601682848 
320.5,0.7555356601682848 
0.060658000000000004,0.7555356601682848 
3.6204,0.7602924622651317 
322.6,0.7602924622651317 
0.060113,0.7602924622651317 
3.6444,0.7573399644119163 
318.0,0.7573399644119163 
0.059986000000000005,0.7573399644119163 
3.632,0.7642496295267325 
331.7,0.7642496295267325 
0.060573,0.7642496295267325 
3.6726,0.7756905587079415 
328.2,0.7756905587079415 
0.060163,0.7756905587079415 
3.6955,0.778253490872191 
331.3,0.778253490872191 
0.06030599999999999,0.778253490872191 
3.7106,0.7821491477618499 
330.9,0.7821491477618499 
0.06015499999999999,0.7821491477618499 
3.713,0.7691294523674632 
325.6,0.7691294523674632 
0.05935700000000001,0.7691294523674632 
3.63,0.7634294912341728 
328.5,0.7634294912341728 
0.060127999999999994,0.7634294912341728 
3.6461,0.7565198261193566 
323.0,0.7565198261193566 
0.059285000000000004,0.7565198261193566 
3.5909,0.7462680974623592 
322.5,0.7462680974623592 
0.058944,0.7462680974623592 
3.5424,0.7308494975622353 
322.7,0.7308494975622353 
0.058539,0.7308494975622353 
3.5067,0.7344170991348704 
325.1,0.7344170991348704 
0.05825,0.7344170991348704 
3.4753,0.735913851518792 
327.4,0.735913851518792 
0.058262,0.735913851518792 
3.5113,0.7452839315112876 
329.8,0.7452839315112876 
0.05872,0.7452839315112876 
3.5363,0.7962350229365642 
326.3,0.7962350229365642 
0.05815,0.7962350229365642 
3.7457,0.7822516650484197 
331.6,0.7822516650484197 
0.058552999999999994,0.7822516650484197 
3.721,0.7562122742596467 
327.5,0.7562122742596467 
0.058,0.7562122742596467 
3.602,0.7572579505826604 
328.2,0.7572579505826604 
0.057465999999999996,0.7572579505826604 
3.644,0.7549820668208069 
323.1,0.7549820668208069 
0.057453,0.7549820668208069 
3.6175,0.7672431342945758 
328.3,0.7672431342945758 
0.057555999999999996,0.7672431342945758 
3.649,0.770052107946593 
341.9,0.770052107946593 
0.057603999999999995,0.770052107946593 
3.6991,0.7746653858422419 
340.5,0.7746653858422419 
0.057589,0.7746653858422419 
3.7576,0.7826617341946998 
339.6,0.7826617341946998 
0.057536000000000004,0.7826617341946998 
3.7052,0.7842610038651914 
338.8,0.7842610038651914 
0.057936,0.7842610038651914 
3.7303,0.7807754161218121 
334.9,0.7807754161218121 
0.057767,0.7807754161218121 
3.7339,0.016180989425640002 
335.6,0.016180989425640002 
0.057746000000000006,0.016180989425640002 
3.7339,0.7745218616410439 
333.0,0.7745218616410439 
0.05683200000000001,0.7745218616410439 
3.6758,0.7603539726370736 
333.1,0.7603539726370736 
0.0565,0.7603539726370736 
3.6141,0.7550435771927491 
333.8,0.7550435771927491 
0.056701999999999995,0.7550435771927491 
3.6148,0.7579755715886503 
337.9,0.7579755715886503 
0.056476,0.7579755715886503 
3.6127,0.7567248606924966 
338.3,0.7567248606924966 
0.056491,0.7567248606924966 
3.6319,0.758119095789848 
337.3,0.758119095789848 
0.056348,0.758119095789848 
3.6104,0.7621992837953331 
345.6,0.7621992837953331 
0.056601,0.7621992837953331 
3.6358,0.7656028577094562 
344.0,0.7656028577094562 
0.056616999999999994,0.7656028577094562 
3.634,0.7759160967383956 
353.8,0.7759160967383956 
0.057477999999999994,0.7759160967383956 
3.6823,0.7739067579216241 
349.5,0.7739067579216241 
0.057022,0.7739067579216241 
3.6858,0.796378547137762 
348.8,0.796378547137762 
0.057,0.796378547137762 
3.8599,0.7924828902481031 
345.9,0.7924828902481031 
0.0563,0.7924828902481031 
3.7554,0.7839739554627954 
342.8,0.7839739554627954 
0.05574400000000001,0.7839739554627954 
3.73,0.7758340829091395 
351.0,0.7758340829091395 
0.055941,0.7758340829091395 
3.7,0.7662794718008179 
343.9,0.7662794718008179 
0.054783000000000005,0.7662794718008179 
3.6,0.7462680974623592 
341.7,0.7462680974623592 
0.054454999999999996,0.7462680974623592 
3.5801,0.7554946532536568 
337.6,0.7554946532536568 
0.054458000000000006,0.7554946532536568 
3.5701,0.7408346812741506 
335.1,0.7408346812741506 
0.053320000000000006,0.7408346812741506 
3.565,0.7574834886131143 
336.4,0.7574834886131143 
0.053836,0.7574834886131143 
3.6188,0.7571964402107185 
333.5,0.7571964402107185 
0.053272,0.7571964402107185 
3.535,0.7477033394743389 
343.0,0.7477033394743389 
0.053829999999999996,0.7477033394743389 
3.5413,0.7450583934808337 
336.3,0.7450583934808337 
0.051884000000000007,0.7450583934808337 
3.5262,0.7324281407546691 
336.2,0.7324281407546691 
0.051809,0.7324281407546691 
3.4836,0.7324281407546691 
338.4,0.7324281407546691 
0.052076,0.7324281407546691 
3.5052,0.7324281407546691 
336.5,0.7324281407546691 
0.050861,0.7324281407546691 
3.48,0.7324281407546691 
335.4,0.7324281407546691 
0.051121,0.7324281407546691 
3.4799,0.7324281407546691 
332.5,0.7324281407546691 
0.050569,0.7324281407546691 
3.4524,0.7324281407546691 
328.4,0.7324281407546691 
0.052375,0.7324281407546691 
3.3699,0.7324281407546691 
325.9,0.7324281407546691 
0.051516,0.7324281407546691 
3.3067,0.7324281407546691 
333.8,0.7324281407546691 
0.052091,0.7324281407546691 
3.2793,0.7324281407546691 
330.0,0.7324281407546691 
0.050948,0.7324281407546691 
3.2647,0.7324281407546691 
327.3,0.7324281407546691 
0.050637,0.7324281407546691 
3.2491,0.7324281407546691 
313.8,0.7324281407546691 
0.048851,0.7324281407546691 
3.1101,0.7324281407546691 
311.4,0.7324281407546691 
0.048817,0.7324281407546691 
3.1215,0.7324281407546691 
311.0,0.7324281407546691 
0.048389999999999996,0.7324281407546691 
3.1198,0.7324281407546691 
315.3,0.7324281407546691 
0.047591,0.7324281407546691 
3.1547,0.7324281407546691 
319.7,0.7324281407546691 
0.04943,0.7324281407546691 
3.1938,0.7324281407546691 
318.0,0.7324281407546691 
0.050087,0.7324281407546691 
3.2304,0.7324281407546691 
308.4,0.7324281407546691 
0.048544,0.7324281407546691 
3.1785,0.7324281407546691 
307.6,0.7324281407546691 
0.050401,0.7324281407546691 
3.2409,0.7324281407546691 
315.8,0.7324281407546691 
0.051442999999999996,0.7324281407546691 
3.3152,0.7324281407546691 
315.3,0.7324281407546691 
0.051976,0.7324281407546691 
3.3278,0.7324281407546691 
320.1,0.7324281407546691 
0.053667999999999993,0.7324281407546691 
3.3248,0.7324281407546691 
319.2,0.7324281407546691 
0.052476999999999996,0.7324281407546691 
3.3233,0.7324281407546691 
321.8,0.7324281407546691 
0.052820000000000006,0.7324281407546691 
3.391,0.7324281407546691 
318.6,0.7324281407546691 
0.052770000000000004,0.7324281407546691 
3.3408,0.7324281407546691 
338.1,0.7324281407546691 
0.055499,0.7324281407546691 
3.4502,0.7324281407546691 
338.0,0.7324281407546691 
0.054765,0.7324281407546691 
3.5359,0.7324281407546691 
338.0,0.7324281407546691 
0.053288999999999996,0.7324281407546691 
3.5242,0.7324281407546691 
335.1,0.7324281407546691 
0.05284,0.7324281407546691 
3.4237,0.7324281407546691 
329.5,0.7324281407546691 
0.052742,0.7324281407546691 
3.4131,0.7324281407546691 
330.3,0.7324281407546691 
0.053288,0.7324281407546691 
3.4195,0.7324281407546691 
333.7,0.7324281407546691 
0.0531,0.7324281407546691 
3.3789,0.7324281407546691 
329.3,0.7324281407546691 
0.053,0.7324281407546691 
3.3491,0.7324281407546691 
329.0,0.7324281407546691 
0.051636,0.7324281407546691 
3.3034,0.7324281407546691 
331.2,0.7324281407546691 
0.052002,0.7324281407546691 
3.3032,0.7324281407546691 
338.4,0.7324281407546691 
0.051544000000000006,0.7324281407546691 
3.2787,0.7324281407546691 
338.6,0.7324281407546691 
0.050979000000000003,0.7324281407546691 
3.192,0.7324281407546691 
345.7,0.7324281407546691 
0.052235000000000004,0.7324281407546691 
3.2794,0.7324281407546691 
346.7,0.7324281407546691 
0.052576,0.7324281407546691 
3.2445,0.7324281407546691 
351.5,0.7324281407546691 
0.053006,0.7324281407546691 
3.2482,0.7324281407546691 
347.2,0.7324281407546691 
0.052361000000000005,0.7324281407546691 
3.2069,0.7324281407546691 
338.3,0.7324281407546691 
0.051898,0.7324281407546691 
3.1867,0.7324281407546691 
337.9,0.7324281407546691 
0.052007000000000005,0.7324281407546691 
3.1917,0.7324281407546691 
312.1,0.7324281407546691 
0.047443,0.7324281407546691 
2.9891,0.7324281407546691 
310.8,0.7324281407546691 
0.047036,0.7324281407546691 
2.8555,0.7324281407546691 
306.6,0.7324281407546691 
0.046562,0.7324281407546691 
2.7709,0.7324281407546691 
297.1,0.7324281407546691 
0.046022,0.7324281407546691 
2.7839,0.7324281407546691 
303.0,0.7324281407546691 
0.047075,0.7324281407546691 
2.9653,0.7324281407546691 
318.0,0.7324281407546691 
0.047925999999999996,0.7317306283168581 
2.9249,0.7310331158790471 
313.9,0.7303356034412362 
0.047179,0.7295397021934567 
2.9108,0.7300988507551542 
313.7,0.7279615413913098 
0.047333,0.7227945474836142 
2.8922,0.7254167330110266 
311.3,0.7197413847704103 
0.045933,0.7115155342267349 
2.85,0.7061120331794812 
304.9,0.7087605290251022 
0.0449,0.711198521680464 
2.8744,0.715875559718804 
310.1,0.7175151047660933 
0.045426999999999995,0.7208902997928668 
2.96,0.7246263952672803 
312.1,0.7250678112415504 
0.046967,0.7277780991804982 
2.9683,0.7280756030793867 
313.6,0.7283909002038653 
0.046581,0.7271117456158573 
2.9962,0.7225038945307474 
309.0,0.7204859929340837 
0.046807,0.7256406059768488 
2.8903,0.7238279078022258 
307.7,0.7237017889524344 
0.04678,0.7223593098798715 
2.8539,0.7199446852121487 
309.1,0.7209536360104805 
0.047099,0.7259436053934027 
2.8857,0.7281991000686969 
309.1,0.7273162681201566 
0.047652,0.7254861905165213 
2.9013,0.7248289144608375 
309.8,0.7218651214907379 
0.047075,0.7169194792470039 
2.8644,0.7152243988928719 
304.8,0.714467685794123 
0.047208,0.7171716412846152 
2.8572,0.717842754730945 
306.4,0.7199867751774002 
0.047467,0.7208669855127126 
2.9097,0.7233784719149572 
304.7,0.7228109370908955 
0.047113,0.7220447108277818 
2.8821,0.7206332969818923 
306.1,0.7282004279693808 
0.0471,0.7351154616827706 
2.886,0.7375024115692015 
319.0,0.738574421792429 
0.049154,0.7475348363569406 
2.9513,0.7501155097124151 
319.2,0.7519442330343915 
0.049511,0.7563896118501422 
2.9451,0.7573651478906835 
320.0,0.7549058303197498 
0.050157,0.7571791793152689 
2.9501,0.7574697645188343 
317.0,0.7562085760209196 
0.050574,0.7545178122833051 
2.9848,0.7529818619216018 
318.6,0.7536124561705592 
0.050255,0.7544546718151387 
2.9386,0.7526073801639008 
322.9,0.7575260153057684 
0.050757,0.7574880206150354 
2.9445,0.7597850274622675 
323.8,0.7593436114879974 
0.050437,0.7578554861009583 
2.9267,0.7535728136960287 
324.6,0.7516810309491566 
0.050003,0.7494903204059815 
2.8833,0.7480248327873189 
321.3,0.7487521601940663 
0.049845,0.7487521601940663 
2.88,0.749756299229627 
325.4,0.749756299229627 
0.05011,0.749756299229627 
2.9015,0.7502053125657031 
320.7,0.7502053125657031 
0.04937,0.7502053125657031 
2.8495,0.7402319408129787 
321.9,0.7402319408129787 
0.049338,0.7402319408129787 
2.8394,0.728047839466684 
318.2,0.728047839466684 
0.049229,0.728047839466684 
2.808,0.7352879629920229 
316.4,0.7352879629920229 
0.049685,0.7352879629920229 
2.8344,0.7465611754610069 
312.8,0.7465611754610069 
0.049075,0.7465611754610069 
2.8696,0.7516875716484112 
315.6,0.7516875716484112 
0.04917,0.7516875716484112 
2.8679,0.7326397298904728 
306.5,0.7326397298904728 
0.047577,0.7326397298904728 
2.7314,0.7181594828397951 
296.6,0.7181594828397951 
0.047322,0.7181594828397951 
2.7125,0.7070077489534511 
300.3,0.7070077489534511 
0.046783,0.7070077489534511 
2.6852,0.684631394031179 
292.5,0.684631394031179 
0.046393000000000004,0.684631394031179 
2.603,0.6896606073524715 
300.0,0.6896606073524715 
0.047047000000000005,0.6896606073524715 
2.6664,0.6928919376506931 
304.3,0.6928919376506931 
0.047262,0.6928919376506931 
2.6645,0.6810113322685096 
296.1,0.6810113322685096 
0.04732,0.6810113322685096 
2.5904,0.6798208421586385 
297.1,0.6798208421586385 
0.047142,0.6798208421586385 
2.6085,0.6891989887384399 
299.7,0.6891989887384399 
0.047833999999999995,0.6891989887384399 
2.6209,0.6938637663118125 
303.4,0.6938637663118125 
0.049757,0.6938637663118125 
2.663,0.7068133832212272 
312.4,0.7068133832212272 
0.049558,0.7068133832212272 
2.7312,0.7094130248897214 
312.0,0.7094130248897214 
0.049299,0.7094130248897214 
2.6997,0.712692946620999 
311.5,0.712692946620999 
0.049623,0.712692946620999 
2.74,0.7147823782424055 
312.7,0.7147823782424055 
0.049503,0.7147823782424055 
2.7206,0.7109193593144563 
307.9,0.7109193593144563 
0.049332,0.7109193593144563 
2.7421,0.718499622871187 
313.2,0.718499622871187 
0.049593,0.718499622871187 
2.7447,0.7052559306089174 
312.3,0.7052559306089174 
0.049621,0.7052559306089174 
2.6963,0.7052559306089174 
316.2,0.7052559306089174 
0.049829000000000005,0.7052559306089174 
2.712,0.7052559306089174 
314.7,0.7052559306089174 
0.049656,0.7052559306089174 
2.7046,0.7052559306089174 
311.7,0.7052559306089174 
0.049631,0.7052559306089174 
2.7007,0.7052559306089174 
304.4,0.7052559306089174 
0.048717,0.7052559306089174 
2.6239,0.7052559306089174 
301.8,0.7052559306089174 
0.049138,0.7052559306089174 
2.618,0.7052559306089174 
307.3,0.7052559306089174 
0.050247,0.7052559306089174 
2.6747,0.7052559306089174 
306.0,0.7052559306089174 
0.050226,0.7052559306089174 
2.6879,0.7052559306089174 
306.8,0.7052559306089174 
0.052436,0.7052559306089174 
2.7085,0.7052559306089174 
307.6,0.7052559306089174 
0.051651,0.7052559306089174 
2.6939,0.7052559306089174 
308.3,0.7052559306089174 
0.052272000000000006,0.7052559306089174 
2.6862,0.7052559306089174 
304.4,0.7052559306089174 
0.050564,0.7052559306089174 
2.6416,0.7052559306089174 
303.7,0.7052559306089174 
0.049865,0.7052559306089174 
2.6201,0.7052559306089174 
306.2,0.7052559306089174 
0.049504,0.7052559306089174 
2.666,0.7052559306089174 
311.8,0.7052559306089174 
0.049638,0.7052559306089174 
2.6559,0.7052559306089174 
311.2,0.7052559306089174 
0.049693,0.7052559306089174 
2.6439,0.7052559306089174 
312.0,0.7052559306089174 
0.049053,0.7052559306089174 
2.6281,0.7052559306089174 
309.3,0.7052559306089174 
0.049917,0.7052559306089174 
2.6242,0.7052559306089174 
306.9,0.7052559306089174 
0.049801,0.7052559306089174 
2.6017,0.7052559306089174 
310.6,0.7052559306089174 
0.049507999999999996,0.7045584181711064 
2.6101,0.7038609057332954 
305.3,0.7038609057332954 
0.04877,0.7037587160363545 
2.5462,0.7027646355349048 
306.2,0.7027646355349048 
0.049177,0.7007499245613719 
2.5447,0.6996616077199486 
305.3,0.6996616077199486 
0.048385000000000004,0.6963203957122093 
2.5155,0.6932333865399523 
312.2,0.6932333865399523 
0.048563,0.6969904597691434 
2.535,0.7037809409339122 
309.3,0.7037809409339122 
0.048931,0.7037809409339122 
2.5717,0.7037809409339122 
308.2,0.7037809409339122 
0.049804,0.7037809409339122 
2.5383,0.7037809409339122 
305.6,0.7037809409339122 
0.049201,0.7037809409339122 
2.4943,0.7037809409339122 
307.7,0.7037809409339122 
0.049222,0.7037809409339122 
2.4512,0.7037809409339122 
306.6,0.7037809409339122 
0.048742,0.7037809409339122 
2.4428,0.7037809409339122 
308.0,0.7037809409339122 
0.048609,0.7037809409339122 
2.5601,0.7037809409339122 
290.3,0.7037809409339122 
0.045635,0.7037809409339122 
2.3666,0.7037809409339122 
291.8,0.7037809409339122 
0.045880000000000004,0.7037809409339122 
2.322,0.7037809409339122 
286.4,0.7037809409339122 
0.044211,0.7037809409339122 
2.2359,0.7037809409339122 
281.7,0.7037809409339122 
0.043712,0.7037809409339122 
2.213,0.7037809409339122 
280.5,0.7037809409339122 
0.044108,0.7037809409339122 
2.1767,0.7037809409339122 
282.6,0.7037809409339122 
0.044077,0.7037809409339122 
2.1697,0.7037809409339122 
278.0,0.7037809409339122 
0.044346,0.7037809409339122 
2.2233,0.7037809409339122 
280.0,0.7037809409339122 
0.044617000000000004,0.7037809409339122 
2.1656,0.7037809409339122 
277.6,0.7037809409339122 
0.044816,0.7037809409339122 
2.1013,0.7037809409339122 
277.4,0.7037809409339122 
0.044719,0.7037809409339122 
2.1486,0.7037809409339122 
281.6,0.7037809409339122 
0.045304000000000004,0.7037809409339122 
2.2075,0.7037809409339122 
280.9,0.7037809409339122 
0.04545,0.7037809409339122 
2.2164,0.7037809409339122 
282.0,0.7037809409339122 
0.044771,0.7037809409339122 
2.1745,0.7037809409339122 
278.7,0.7037809409339122 
0.044708,0.7037809409339122 
2.1457,0.7037809409339122 
279.7,0.7037809409339122 
0.045137000000000004,0.7037809409339122 
2.1211,0.7037809409339122 
276.9,0.7037809409339122 
0.045406999999999996,0.7037809409339122 
2.1107,0.7037809409339122 
277.0,0.7037809409339122 
0.044893,0.7037809409339122 
2.0487,0.7037809409339122 
277.1,0.7037809409339122 
0.044818000000000004,0.7030834284961012 
2.0532,0.7023859160582901 
275.0,0.7016884036204792 
0.044386,0.7017853756749335 
1.9925,0.701391619204558 
279.9,0.7016948501761369 
0.044879,0.7011396007152237 
2.0187,0.7026908735810782 
281.3,0.7019084899026032 
0.045081,0.7041789233900204 
2.0115,0.7036021680937412 
280.4,0.701895149158887 
0.044851,0.6979202260152269 
2.0307,0.7019972893165112 
277.5,0.7021395408944158 
0.044463,0.6990102044161574 
2.0792,0.6997062883944254 
277.9,0.699350659449664 
0.044181,0.6969936698468907 
2.0878,0.7037755166065882 
282.1,0.7070473028983923 
0.044217,0.7100368179595371 
2.1969,0.7140939931471567 
281.7,0.7140939931471567 
0.044456999999999997,0.7105585087429968 
2.137,0.7037766619832992 
281.4,0.7036344104053947 
0.043972000000000004,0.7039007369141825 
2.1182,0.7062574783834616 
282.0,0.7100271451979316 
0.043647000000000005,0.7098074258281817 
2.0728,0.706098292629696 
287.2,0.7057426636849348 
0.043938,0.7083260308201778 
2.1081,0.7113888003245573 
286.2,0.713451448204173 
0.044534,0.7233388198429257 
2.118,0.7253674074367354 
291.5,0.7288525710953964 
0.045801999999999995,0.7304372138226847 
2.166,0.7313421229944332 
294.3,0.7327646387734785 
0.04546,0.7279707616152953 
2.1326,0.7291839365488483 
296.9,0.7293261881267529 
0.045168,0.7290265708043664 
2.1712,0.7317810745469414 
295.3,0.7307853135016097 
0.045323,0.7297466401173367 
2.1943,0.7286428498089402 
296.8,0.732056887678649 
0.045021,0.7351928823196271 
2.1828,0.736555218105666 
301.5,0.7391868722968997 
0.045381,0.7392867447376952 
2.1783,0.7381829544292987 
303.1,0.7371160675950148 
0.046006,0.7450925465332139 
2.1912,0.7436904345198453 
300.4,0.7411299061175638 
0.046479,0.7371749574620627 
2.1485,0.7320537681933763 
299.6,0.7319115166154717 
0.046006,0.7285025373029861 
2.0877,0.7244055858880367 
298.4,0.7229830701089914 
0.045602,0.7228565650173171 
2.0649,0.72382113853006 
296.7,0.7225408743289192 
0.04602,0.7240189864526924 
2.0759,0.720289965140542 
293.3,0.7214325298142712 
0.04556,0.718444609400884 
2.0667,0.7334785948719313 
298.3,0.7334785948719313 
0.045777,0.7339563668414812 
2.0886,0.7108533456651271 
294.5,0.7108533456651271 
0.045457,0.7074293132166858 
2.0298,0.702369202195582 
293.4,0.702369202195582 
0.045026,0.701652544241257 
1.9879,0.6962020817985252 
293.3,0.6962020817985252 
0.044881,0.6933708404974884 
1.9193,0.6884842189971081 
290.4,0.6884842189971081 
0.044417,0.684883233967352 
1.9201,0.6828302746387898 
288.6,0.6828302746387898 
0.043979000000000004,0.6836619517709692 
1.9294,0.6887365202521334 
287.3,0.6887365202521334 
0.044262,0.6877544334258363 
1.9705,0.6862364001195052 
292.8,0.6862364001195052 
0.044323,0.6871830964295393 
1.959,0.6907396316043724 
294.3,0.6907396316043724 
0.043982,0.686669722234132 
1.9811,0.6890407456840206 
295.6,0.6890407456840206 
0.043841000000000005,0.6911553290307325 
1.985,0.6919215744139282 
299.8,0.6919215744139282 
0.044087,0.693390280838841 
2.0633,0.7001419146869996 
298.5,0.7001419146869996 
0.044248,0.6962489578980742 
2.0862,0.713294303309164 
287.2,0.713294303309164 
0.043762,0.7174703842281932 
2.0747,0.7003382940567415 
286.6,0.7003382940567415 
0.044336,0.6975424432719677 
2.0373,0.7028917034942774 
286.4,0.7028917034942774 
0.043733,0.7021927407980839 
2.0409,0.7092768962276293 
287.3,0.7092768962276293 
0.044203,0.7110021838954488 
2.1266,0.7113925353170768 
291.1,0.7113925353170768 
0.044349,0.7208624535255265 
2.19,0.7307044294716718 
299.8,0.730006917033861 
0.04559,0.72930940459605 
2.2464,0.7389910839360462 
300.2,0.7391233570999707 
0.04573,0.7394664990816981 
2.2157,0.7271204903222679 
300.2,0.7286085634164182 
0.046100999999999996,0.7298312781994092 
2.1614,0.7534476964702892 
309.2,0.7540098574169682 
0.04687,0.7552347439846536 
2.3604,0.7694981253165711 
305.7,0.7674809595667228 
0.047028,0.7666578531675158 
2.3308,0.7898533847761425 
300.4,0.7902832725588971 
0.046717,0.7908045008855717 
2.5517,0.8103991132726979 
306.2,0.8105289393830897 
0.047377999999999997,0.8102079148566907 
2.54,0.8102057168930101 
302.6,0.8102057168930101 
0.046715,0.8102057168930101 
2.5864,0.8102057168930101 
306.8,0.8102057168930101 
0.046615,0.8102057168930101 
2.73,0.8102057168930101 
301.1,0.8102057168930101 
0.045814,0.8102057168930101 
2.5315,0.8102057168930101 
298.3,0.8102057168930101 
0.045473,0.8102057168930101 
2.4693,0.8102057168930101 
309.3,0.8102057168930101 
0.046225999999999996,0.8102057168930101 
2.7906,0.8102057168930101 
302.8,0.8102057168930101 
0.046598,0.8102057168930101 
2.813,0.8102057168930101 
304.5,0.8102057168930101 
0.046599,0.8102057168930101 
2.8479,0.8102057168930101 
304.2,0.8102057168930101 
0.046868,0.8102057168930101 
2.7392,0.8102057168930101 
306.6,0.8102057168930101 
0.047718,0.8102057168930101 
2.8186,0.8102057168930101 
306.9,0.8102057168930101 
0.04807,0.8102057168930101 
2.8774,0.8102057168930101 
305.3,0.8102057168930101 
0.047386000000000005,0.8102057168930101 
2.7796,0.8102057168930101 
302.9,0.8102057168930101 
0.047024,0.8102057168930101 
2.6677,0.8102057168930101 
300.9,0.8102057168930101 
0.045880000000000004,0.8102057168930101 
2.5696,0.8102057168930101 
303.6,0.8102057168930101 
0.046531,0.8102057168930101 
2.5813,0.8102057168930101 
302.7,0.8102057168930101 
0.045642,0.8102057168930101 
2.611,0.8102057168930101 
301.0,0.8102057168930101 
0.045695,0.8102057168930101 
2.5451,0.8102057168930101 
299.3,0.8102057168930101 
0.045233999999999996,0.8102057168930101 
2.5119,0.8102057168930101 
294.5,0.8102057168930101 
0.04458,0.8102057168930101 
2.4247,0.8102057168930101 
295.5,0.8102057168930101 
0.044502,0.8102057168930101 
2.4957,0.8102057168930101 
299.7,0.8102057168930101 
0.04508,0.8102057168930101 
2.5773,0.8102057168930101 
296.8,0.8102057168930101 
0.044594999999999996,0.8102057168930101 
2.5382,0.8102057168930101 
295.2,0.8102057168930101 
0.044407,0.8102057168930101 
2.6075,0.8102057168930101 
297.4,0.8102057168930101 
0.044692,0.8102057168930101 
2.5697,0.8102057168930101 
299.8,0.8102057168930101 
0.04526,0.8102057168930101 
2.9824,0.8102057168930101 
300.0,0.8102057168930101 
0.045895,0.8102057168930101 
2.9722,0.8102057168930101 
300.7,0.8102057168930101 
0.045462,0.8102057168930101 
3.1506,0.8102057168930101 
298.9,0.8102057168930101 
0.045298000000000005,0.8102057168930101 
3.1572,0.8102057168930101 
296.5,0.8102057168930101 
0.045087,0.8102057168930101 
3.1235,0.8102057168930101 
296.3,0.8102057168930101 
0.045037,0.8102057168930101 
3.0805,0.8102057168930101 
296.8,0.8102057168930101 
0.045491000000000004,0.8102057168930101 
3.15,0.8102057168930101 
295.7,0.8102057168930101 
0.04555,0.8102057168930101 
3.0407,0.8102057168930101 
298.7,0.8102057168930101 
0.045939,0.8102057168930101 
3.1729,0.8102057168930101 
298.1,0.8102057168930101 
0.045774,0.8102057168930101 
3.075,0.8102057168930101 
298.2,0.8102057168930101 
0.045271,0.8102057168930101 
3.1061,0.8102057168930101 
296.9,0.8102057168930101 
0.045107999999999995,0.8102057168930101 
3.028,0.8102057168930101 
304.6,0.8102057168930101 
0.045811000000000004,0.8102057168930101 
3.178,0.8102057168930101 
306.2,0.8102057168930101 
0.046938,0.8102057168930101 
3.1348,0.8102057168930101 
305.2,0.8102057168930101 
0.046566,0.8102057168930101 
3.1075,0.8102057168930101 
304.5,0.8102057168930101 
0.046274,0.8102057168930101 
3.2361,0.8102057168930101 
305.2,0.8102057168930101 
0.046495999999999996,0.8102057168930101 
3.4297,0.8102057168930101 
305.4,0.8102057168930101 
0.046654,0.8102057168930101 
3.42,0.8102057168930101 
304.3,0.8102057168930101 
0.046647,0.8102057168930101 
3.4452,0.8102057168930101 
303.0,0.8102057168930101 
0.046231,0.8102057168930101 
3.4566,0.8102057168930101 
303.2,0.8102057168930101 
0.0467,0.8102057168930101 
3.422,0.8102057168930101 
306.8,0.8102057168930101 
0.047387,0.8102057168930101 
3.5182,0.8102057168930101 
307.7,0.8102057168930101 
0.047242,0.8102057168930101 
3.4921,0.8102057168930101 
305.0,0.8102057168930101 
0.046485000000000005,0.8102057168930101 
3.2335,0.8102057168930101 
300.7,0.8095082044551991 
0.045995,0.8088106920173881 
3.2069,0.8081131795795771 
302.1,0.8089017646991171 
0.046408,0.8100858319505557 
3.2426,0.8110954177338416 
307.6,0.8113157846346652 
0.047156,0.8114481884738114 
3.3398,0.8083166908082906 
306.2,0.809296220234015 
0.047268,0.8095123027007673 
3.2976,0.8128432973218136 
309.2,0.8119617208386616 
0.047864,0.8156224120401132 
3.3109,0.8116022461181609 
308.1,0.8176753285576525 
0.047999,0.8200204588585824 
3.2736,0.8278854751961163 
316.2,0.8377787223959333 
0.048842,0.8466126820661027 
3.3862,0.8461411438075881 
323.7,0.8460431908650157 
0.050020999999999996,0.8451979270980139 
3.3916,0.8444543475365098 
319.0,0.8436707239959302 
0.048868,0.8497083223316576 
3.2884,0.8460085606110037 
322.8,0.8478696665198803 
0.050881,0.8513460520879254 
3.287,0.8553903994590323 
326.3,0.8549006347461701 
0.051884000000000007,0.8545892217793799 
3.3341,0.8506597362917573 
321.2,0.8543819481095102 
0.050912,0.8693297705154374 
3.2634,0.8689670487781184 
327.4,0.8667141310989522 
0.055537,0.8703748223004037 
3.3417,0.8716080762072884 
327.1,0.8718039820924333 
0.052901,0.8686580755911858 
3.3107,0.8676243186398266 
323.4,0.8556740596459883 
0.053072,0.8396267588062918 
3.27,0.8289264675553809 
309.1,0.8250083498524832 
0.049675,0.8216082286844684 
3.0855,0.8203810201398724 
309.6,0.8210666907378794 
0.051093,0.8218420454715202 
3.0801,0.8206994719989653 
309.8,0.8205035661138205 
0.050193,0.8216602428476123 
3.0708,0.8175796233027735 
311.5,0.8233588469145477 
0.051398,0.8367178276531783 
2.9473,0.8391480632932157 
321.3,0.8444375221921278 
0.054159000000000006,0.8437447872251863 
3.1089,0.8466223796745838 
323.5,0.8465244267320113 
0.052335,0.8356631050943713 
3.1348,0.83907268942517 
319.0,0.8358402423202793 
0.051025,0.8358783745202943 
3.2043,0.8398380868193602 
317.4,0.8390544632787806 
0.051815,0.8426833776468863 
3.2074,0.838626939551202 
318.1,0.8388228454363469 
0.051229,0.8360963931352658 
3.1827,0.8346636422728557 
316.6,0.82954501330579 
0.050696,0.8278179314675709 
3.14,0.823420657309106 
313.1,0.822723144871295 
0.051158999999999996,0.827581782510498 
3.0841,0.8289176873199335 
315.5,0.8301268636958091 
0.052506,0.8382162877309949 
3.1899,0.8481799111013684 
315.9,0.847734425068151 
0.052528,0.8506911344691018 
3.25,0.8494201694767916 
315.4,0.8486246587031891 
0.05281,0.841374076380071 
3.15,0.8340729855118365 
312.6,0.833913883357116 
0.051895000000000004,0.8330750416450483 
3.0995,0.8335296203649257 
313.5,0.8331159547626524 
0.052063,0.8314797981559466 
3.12,0.830719074583907 
311.0,0.830750895014851 
0.051704999999999994,0.8291396544986025 
3.0808,0.8237960352608602 
311.8,0.8222686545755437 
0.051817999999999996,0.8128337616556557 
3.0433,0.796904952226483 
304.0,0.7967776705027068 
0.049826,0.7865371573246944 
2.8939,0.7896264371965143 
307.7,0.7904537684010606 
0.04945,0.7878126628125708 
2.9391,0.7898443513769207 
306.6,0.7892715836199271 
0.0487,0.7903761969635408 
2.8952,0.7879548694964388 
306.0,0.7869684361371718 
0.048969,0.782334043312086 
2.8746,0.7742629517550795 
303.9,0.7752493851143465 
0.047937,0.7784884768738151 
2.8262,0.7797408876326609 
306.7,0.7791681198756671 
0.048976,0.7729723187152477 
2.9048,0.7777222024821298 
304.5,0.7776267411892974 
0.048087,0.7773194427403223 
2.867,0.7702038942067315 
306.8,0.7705539189471164 
0.048179,0.7723977096409678 
2.775,0.7709234830210552 
304.7,0.7692682478442052 
0.048494999999999996,0.7716489304552339 
2.7922,0.7716489304552339 
303.9,0.7716489304552339 
0.048780000000000004,0.7716489304552339 
2.7508,0.7716489304552339 
303.5,0.7716489304552339 
0.048351,0.7716489304552339 
2.7314,0.7716489304552339 
291.6,0.7716489304552339 
0.046189999999999995,0.7716489304552339 
2.5606,0.7716489304552339 
291.3,0.7716489304552339 
0.046442000000000004,0.7716489304552339 
2.5486,0.7716489304552339 
289.4,0.7716489304552339 
0.045734,0.7716489304552339 
2.5901,0.7716489304552339 
289.9,0.7716489304552339 
0.045794999999999995,0.7716489304552339 
2.5694,0.7716489304552339 
282.0,0.7716489304552339 
0.044517,0.7716489304552339 
2.4711,0.7716489304552339 
223.9,0.7716489304552339 
0.037579,0.7716489304552339 
2.1755,0.7716489304552339 
219.4,0.7716489304552339 
0.037586,0.7716489304552339 
2.2937,0.7716489304552339 
230.1,0.7716489304552339 
0.038595,0.7716489304552339 
2.3257,0.7716489304552339 
222.0,0.7716489304552339 
0.03696,0.7716489304552339 
2.1994,0.7716489304552339 
218.5,0.7716489304552339 
0.036993,0.7716489304552339 
2.2139,0.7716489304552339 
220.0,0.7716489304552339 
0.037837,0.7716489304552339 
2.1674,0.7716489304552339 
226.4,0.7716489304552339 
0.038717,0.7716489304552339 
2.363,0.7716489304552339 
227.3,0.7716489304552339 
0.038967,0.7716489304552339 
2.2962,0.7716489304552339 
223.2,0.7716489304552339 
0.038344,0.7716489304552339 
2.2702,0.7716489304552339 
223.2,0.7716489304552339 
0.038555,0.7716489304552339 
2.3269,0.7716489304552339 
223.9,0.7716489304552339 
0.039264999999999994,0.7716489304552339 
2.3,0.7716489304552339 
208.5,0.7716489304552339 
0.036179,0.7716489304552339 
2.1055,0.7716489304552339 
216.0,0.7716489304552339 
0.037683,0.7716489304552339 
2.24,0.7716489304552339 
214.2,0.7716489304552339 
0.037857,0.7716489304552339 
2.2286,0.7716489304552339 
213.3,0.7716489304552339 
0.037573,0.7716489304552339 
2.2411,0.7716489304552339 
218.1,0.7709514180174228 
0.03865,0.7709514180174228 
2.239,0.7709514180174228 
213.1,0.769225379060298 
0.038316,0.769225379060298 
2.2049,0.769225379060298 
212.2,0.769225379060298 
0.03776,0.769225379060298 
2.1975,0.769225379060298 
217.0,0.769225379060298 
0.03834,0.769225379060298 
2.227,0.769225379060298 
220.7,0.769225379060298 
0.039310000000000005,0.769225379060298 
2.2721,0.769225379060298 
220.7,0.769225379060298 
0.039481999999999996,0.769225379060298 
2.2836,0.769225379060298 
222.2,0.769225379060298 
0.039271,0.769225379060298 
2.2823,0.769225379060298 
219.9,0.769225379060298 
0.03879,0.769225379060298 
2.25,0.769225379060298 
218.8,0.769225379060298 
0.03845,0.769225379060298 
2.2342,0.769225379060298 
226.9,0.769225379060298 
0.038679000000000005,0.769225379060298 
2.26,0.769225379060298 
227.3,0.769225379060298 
0.038723,0.769225379060298 
2.2866,0.769225379060298 
223.0,0.769225379060298 
0.038169,0.769225379060298 
2.2155,0.769225379060298 
221.7,0.769225379060298 
0.037456,0.769225379060298 
2.1961,0.769225379060298 
220.8,0.769225379060298 
0.037472000000000005,0.769225379060298 
2.1524,0.769225379060298 
216.5,0.769225379060298 
0.03677,0.769225379060298 
2.173,0.769225379060298 
214.4,0.769225379060298 
0.036969999999999996,0.769225379060298 
2.18,0.769225379060298 
218.3,0.769225379060298 
0.037458,0.769225379060298 
2.2035,0.769225379060298 
216.6,0.769225379060298 
0.03683,0.769225379060298 
2.2412,0.769225379060298 
214.9,0.769225379060298 
0.036998,0.769225379060298 
2.188,0.769225379060298 
224.9,0.769225379060298 
0.038751999999999995,0.769225379060298 
2.36,0.769225379060298 
227.7,0.769225379060298 
0.038968,0.769225379060298 
2.48,0.769225379060298 
226.7,0.769225379060298 
0.039083,0.769225379060298 
2.53,0.769225379060298 
227.6,0.769225379060298 
0.038932999999999995,0.769225379060298 
2.6629,0.769225379060298 
230.8,0.769225379060298 
0.039302,0.769225379060298 
2.6227,0.769225379060298 
231.4,0.769225379060298 
0.039142,0.769225379060298 
2.5496,0.7685278666224871 
228.9,0.767830354184676 
0.03934,0.7671328417468651 
2.58,0.7681566620775383 
225.2,0.7661823478081772 
0.038513,0.7647729186110419 
2.5271,0.7609978839804616 
223.1,0.761972787569086 
0.038486,0.7608562495299399 
2.5047,0.7633223326545479 
223.2,0.7621701738679918 
0.038301999999999996,0.7609921750193513 
2.5546,0.7511748155328168 
222.9,0.7503771671421242 
0.038241000000000004,0.7491684378887365 
2.4627,0.7465496924754624 
223.1,0.7485881272516771 
0.038234,0.750631699167362 
2.4663,0.7639955210521422 
224.7,0.763463755458347 
0.038632,0.7651129538464436 
2.5689,0.7590886650706157 
222.4,0.7584682718778546 
0.038952999999999995,0.7607628087656412 
2.4987,0.7698873163266906 
222.9,0.7705077095194517 
0.03912,0.7709276917176626 
2.592,0.7721137602680692 
225.6,0.7727341534608302 
0.039471,0.7726009883735926 
2.62,0.7733995295758466 
224.2,0.7726905087841197 
0.039588,0.7721578484351692 
2.6237,0.776902122636796 
222.9,0.7761931018450692 
0.03907,0.7744773209133538 
2.6137,0.7649417994982031 
222.5,0.7620170887323298 
0.0384,0.7570080327585457 
2.56,0.7564560998687525 
218.7,0.7562788446708208 
0.037817,0.7564017662898094 
2.53,0.7541470617187392 
219.3,0.7562741240939198 
0.03793,0.7581486787834955 
2.5402,0.7573971105931387 
222.3,0.7562449518065826 
0.038273,0.7548211097199651 
2.5985,0.7527660404494585 
219.3,0.7525887852515267 
0.03784,0.7512110387720299 
2.5122,0.7521387557570014 
222.6,0.7537340525383869 
0.038380000000000004,0.7573499968303006 
2.5451,0.7611430675410069 
222.1,0.761763460733768 
0.038698,0.7678634460760755 
2.5578,0.7675698647517174 
222.1,0.7686333959393077 
0.03947,0.7705540462360041 
2.5812,0.7774943087438293 
223.9,0.7768739155510682 
0.040038,0.7756037254881865 
2.6177,0.7726561689916313 
221.9,0.7713267550071433 
0.039527,0.7694778089881904 
2.57,0.7697831335655227 
222.2,0.7699603887634545 
0.039624,0.7707696227551293 
2.594,0.772613313472098 
221.6,0.770752133893815 
0.039464,0.7703628821003512 
2.6699,0.7723062025755542 
220.2,0.7724472977131078 
0.039407,0.77088310986801 
2.6631,0.77088310986801 
222.8,0.77088310986801 
0.039479,0.77088310986801 
2.6382,0.77088310986801 
222.3,0.77088310986801 
0.039637,0.77088310986801 
2.7354,0.77088310986801 
223.2,0.77088310986801 
0.039721,0.77088310986801 
2.78,0.77088310986801 
221.8,0.77088310986801 
0.039923,0.77088310986801 
2.7209,0.77088310986801 
220.0,0.77088310986801 
0.039361,0.77088310986801 
2.6856,0.77088310986801 
221.4,0.77088310986801 
0.039455000000000004,0.77088310986801 
2.6318,0.77088310986801 
222.5,0.770185597430199 
0.039519,0.769488084992388 
2.6782,0.7687905725545771 
219.5,0.769187998081687 
0.038419999999999996,0.7690373018131786 
2.6087,0.7698439899700614 
220.5,0.7699632118713905 
0.038879000000000004,0.7688005444957848 
2.6362,0.7640487112125003 
223.9,0.7662197618718725 
0.0389,0.7676602347266053 
2.6067,0.7700550980719288 
223.5,0.7758897967189917 
0.038928,0.7825828509475894 
2.6143,0.7864252424541687 
227.8,0.7930740850984961 
0.0403,0.7977864891518363 
2.6962,0.8034098708044632 
234.4,0.8057166121300461 
0.041319999999999996,0.8077229850348526 
2.78,0.8187196518515125 
234.2,0.8185839611853019 
0.041177,0.8181260965993332 
2.8858,0.8175728528518376 
232.9,0.8205580475084743 
0.041681,0.8213966084917652 
2.9,0.8335603922551968 
235.7,0.8315250322620353 
0.041645,0.8303212085191516 
2.9897,0.8243037354299524 
233.8,0.8225397567692124 
0.041249,0.8189385746323804 
2.9551,0.8143155789341292 
233.2,0.8106519309464386 
0.040681,0.8123290529130204 
2.9259,0.816315439367578 
229.3,0.8150942233716811 
0.040648000000000004,0.8163083362063845 
2.93,0.8143985084753037 
229.3,0.8137200551442498 
0.041145999999999995,0.8117496940608118 
2.8741,0.8068841805554391 
231.8,0.8085124685499683 
0.041234,0.8098449059405961 
2.9068,0.8095493373631669 
228.5,0.8104991720266422 
0.040958,0.8128347958696733 
2.85,0.8194661421581485 
231.7,0.8219085741499422 
0.0421,0.8273502175859908 
3.0081,0.8300428170116447 
232.2,0.8364528440834411 
0.042975,0.8364528440834411 
2.9845,0.8364528440834411 
238.0,0.8364528440834411 
0.042518,0.8364528440834411 
2.8793,0.8364528440834411 
237.8,0.8364528440834411 
0.042407,0.8364528440834411 
2.8993,0.8364528440834411 
239.4,0.8364528440834411 
0.042741,0.8364528440834411 
2.9032,0.8364528440834411 
237.1,0.8364528440834411 
0.041794,0.8364528440834411 
2.9305,0.8364528440834411 
237.5,0.8364528440834411 
0.041782,0.8364528440834411 
2.9563,0.8364528440834411 
231.9,0.8364528440834411 
0.04116,0.8364528440834411 
2.828,0.8364528440834411 
231.7,0.8364528440834411 
0.041260000000000005,0.8364528440834411 
2.814,0.8364528440834411 
231.1,0.8364528440834411 
0.041862,0.8364528440834411 
2.867,0.8364528440834411 
230.5,0.8364528440834411 
0.041654000000000004,0.8364528440834411 
2.8896,0.8364528440834411 
232.1,0.8364528440834411 
0.041624,0.8364528440834411 
2.8797,0.8364528440834411 
224.7,0.8364528440834411 
0.040625,0.8364528440834411 
2.767,0.8364528440834411 
222.1,0.8364528440834411 
0.040772,0.8364528440834411 
2.7887,0.8364528440834411 
223.9,0.8364528440834411 
0.041007,0.8364528440834411 
2.85,0.8364528440834411 
220.6,0.8364528440834411 
0.040436,0.8364528440834411 
2.845,0.8364528440834411 
220.5,0.8364528440834411 
0.040094,0.8364528440834411 
2.8065,0.8357553316456301 
223.2,0.8350578192078191 
0.0404,0.834360306770008 
2.8273,0.8344989012823955 
224.1,0.8333127605574489 
0.040867,0.8315325836310087 
2.8236,0.8308350711931978 
224.0,0.8316515910103143 
0.040388,0.8335512539775003 
2.796,0.8340978555366394 
225.0,0.8348297506266658 
0.040802,0.8348297506266658 
2.8334,0.8348297506266658 
224.4,0.8348297506266658 
0.040473,0.8348297506266658 
2.8156,0.8348297506266658 
223.9,0.8348297506266658 
0.040477,0.8348297506266658 
2.8309,0.8348297506266658 
226.1,0.8348297506266658 
0.040636,0.8348297506266658 
2.8571,0.8348297506266658 
225.8,0.8348297506266658 
0.040798,0.8348297506266658 
2.8508,0.8348297506266658 
226.6,0.8348297506266658 
0.041339,0.8348297506266658 
2.8681,0.8348297506266658 
226.9,0.8348297506266658 
0.041587,0.8348297506266658 
2.8776,0.8348297506266658 
225.7,0.8348297506266658 
0.041293,0.8348297506266658 
2.8652,0.8348297506266658 
223.3,0.8348297506266658 
0.041125999999999996,0.8348297506266658 
2.866,0.8348297506266658 
225.3,0.8348297506266658 
0.041561,0.8348297506266658 
2.97,0.8348297506266658 
226.1,0.8348297506266658 
0.041804,0.8348297506266658 
2.9983,0.8348297506266658 
225.4,0.8348297506266658 
0.041602,0.8348297506266658 
3.0199,0.8348297506266658 
224.8,0.8348297506266658 
0.0413,0.8348297506266658 
2.9615,0.8348297506266658 
228.0,0.8348297506266658 
0.041513999999999995,0.8348297506266658 
3.007,0.8348297506266658 
227.9,0.8348297506266658 
0.041522,0.8348297506266658 
3.09,0.8348297506266658 
225.7,0.8348297506266658 
0.041460000000000004,0.8348297506266658 
3.0819,0.8348297506266658 
223.2,0.8348297506266658 
0.041124,0.8348297506266658 
3.0404,0.8348297506266658 
225.6,0.8348297506266658 
0.0413,0.8348297506266658 
3.0601,0.8348297506266658 
225.9,0.8348297506266658 
0.041095,0.8348297506266658 
3.0181,0.8348297506266658 
221.4,0.8348297506266658 
0.039416,0.8348297506266658 
2.9353,0.8348297506266658 
221.7,0.8348297506266658 
0.039623,0.8348297506266658 
2.9186,0.8348297506266658 
224.5,0.8348297506266658 
0.039543,0.8348297506266658 
2.9122,0.8348297506266658 
221.8,0.8348297506266658 
0.039169999999999996,0.8348297506266658 
2.8357,0.8348297506266658 
221.2,0.8348297506266658 
0.038551,0.8348297506266658 
2.7856,0.8348297506266658 
215.6,0.8348297506266658 
0.037771,0.8348297506266658 
2.7674,0.8348297506266658 
214.7,0.8348297506266658 
0.038147,0.8348297506266658 
2.7727,0.8348297506266658 
217.2,0.8348297506266658 
0.038593,0.8348297506266658 
2.8315,0.8348297506266658 
214.9,0.8348297506266658 
0.03815,0.8348297506266658 
2.7728,0.8348297506266658 
215.9,0.8348297506266658 
0.03814,0.8341322381888547 
2.7884,0.8334347257510437 
218.0,0.8327372133132327 
0.039222,0.8324836464339187 
2.8369,0.8335682262144688 
219.2,0.8330072679681888 
0.039319,0.8325286895816215 
2.9012,0.8335767283319175 
218.0,0.8335767283319175 
0.03921,0.8324552972752682 
2.9348,0.8337827873545838 
220.5,0.8339647348459642 
0.039226,0.8358871880859344 
2.911,0.8337196456908018 
218.4,0.8308084858287146 
0.039024,0.8245986567123031 
2.8927,0.8110333674642967 
214.3,0.8074853913823778 
0.038191,0.8020994707973821 
2.7836,0.7959079740993241 
213.3,0.7969086853019166 
0.037842,0.7970994048693739 
2.7794,0.8032701595349426 
213.2,0.8037250282633938 
0.0376,0.8044192474889386 
2.7779,0.8041599720828223 
214.0,0.8027043921517787 
0.038163,0.8024984150189247 
2.7779,0.8009946176634499 
212.2,0.8015404601375913 
0.038049,0.80083098334665 
2.7398,0.7967759159949905 
214.5,0.7987773384001755 
0.038058,0.7995478454527032 
2.7156,0.801352402279273 
214.0,0.8006246123137511 
0.037966,0.8025470655537212 
2.7562,0.805482063150958 
213.3,0.8048452469311265 
0.0384,0.8091783955037577 
2.7624,0.8079649866031333 
214.3,0.8078740128574431 
0.039126999999999995,0.8101626476669314 
2.7844,0.8105256332354942 
214.0,0.810434659489804 
0.039033,0.8101142506164756 
2.7658,0.8109750449647818 
213.0,0.8103382287449502 
0.039027,0.806027966520414 
2.7425,0.7997535016923988 
211.7,0.799844475438089 
0.038399,0.8006378688387116 
2.6949,0.80277429818511 
212.7,0.8032291669135612 
0.038518000000000004,0.8018636148105667 
2.7123,0.8029940555812338 
212.9,0.8075427428657453 
0.038465,0.8090532418400074 
2.7277,0.810650378341684 
220.3,0.8159268555917172 
0.038868,0.8204659812972024 
2.78,0.8253196168997001 
225.7,0.8265932493393633 
0.039251,0.8278367409191852 
2.91,0.8390892935446339 
224.6,0.8384524773248023 
0.0395,0.8371021827872043 
2.8948,0.836749568234886 
224.7,0.8371134632176469 
0.03893,0.8344433892732439 
2.8801,0.8314046815135605 
224.2,0.8366811587635938 
0.038646,0.8383356891551998 
2.8872,0.8407287395582954 
232.1,0.8398492796291042 
0.039225,0.8391517671912931 
2.895,0.8467142364242064 
229.7,0.8475190875427613 
0.0387,0.8463545293860208 
2.8887,0.8446571138465166 
234.5,0.8482789438800136 
0.038819,0.8494054445806514 
2.9529,0.8528968765440219 
232.7,0.8506164650414497 
0.039275,0.8519839962974041 
2.9818,0.8540126148690068 
