date,current_balance 
442.0,0.999302487562189 
0.089658,0.998604975124378 
5.9691,0.9979074626865669 
427.7,0.9960122351206926 
0.086774,0.9931700738767109 
5.8231,0.9903436012962699 
426.0,0.9845016170075707 
0.08551399999999999,0.9791811881727011 
5.8034,0.9766861300863127 
402.5,0.9709229468753373 
0.08361,0.9711540457407017 
5.5618,0.970051642159734 
413.9,0.9691379667726283 
0.08513899999999999,0.963667477213406 
5.6232,0.9536834447820011 
399.6,0.9553702301120427 
0.082022,0.9568671988817163 
5.3834,0.9621868161615743 
416.0,0.9605703135536178 
0.085,0.9623259750830276 
5.6159,0.9647023828023776 
406.9,0.9692707597379069 
0.08406799999999999,0.968222191751776 
5.5228,0.966064184741863 
409.2,0.9527807502677856 
0.08301900000000001,0.944303174678548 
5.4948,0.9284424129855408 
394.9,0.9288694241010907 
0.081334,0.9281719116632798 
5.1819,0.9241593720106801 
394.0,0.938952785734659 
0.08127000000000001,0.939974270489655 
5.2356,0.9484290348919611 
416.2,0.9509105107424349 
0.08311,0.9509105107424349 
5.4841,0.9653067969857261 
410.9,0.946695728107172 
0.081584,0.946695728107172 
5.5068,0.92432239519549 
392.8,0.9231770986491175 
0.079023,0.9231770986491175 
5.2464,0.918566347768959 
389.5,0.9227657684389916 
0.077614,0.9227657684389916 
5.1451,0.928898514755319 
404.7,0.9325216603797686 
0.08089,0.9325216603797686 
5.3284,0.9429706783180988 
403.2,0.9429706783180988 
0.080231,0.9429706783180988 
5.4068,0.9429706783180988 
408.0,0.9429706783180988 
0.081134,0.9429706783180988 
5.3907,0.9429706783180988 
413.1,0.9429706783180988 
0.082403,0.9429706783180988 
5.46,0.9429706783180988 
408.4,0.9429706783180988 
0.08187,0.9429706783180988 
5.4079,0.9429706783180988 
406.8,0.9429706783180988 
0.08068600000000001,0.9429706783180988 
5.4109,0.9429706783180988 
412.8,0.9429706783180988 
0.081861,0.9429706783180988 
5.4053,0.9429706783180988 
411.7,0.9429706783180988 
0.08037899999999999,0.9429706783180988 
5.5708,0.9429706783180988 
421.8,0.9429706783180988 
0.082585,0.9429706783180988 
5.6029,0.9422731658802879 
416.5,0.9415756534424768 
0.080712,0.9408781410046658 
5.6,0.9382878421473351 
416.6,0.9374228171042005 
0.080001,0.9365238851436533 
5.5375,0.9347983851988866 
413.0,0.9336218617697023 
0.080192,0.9320058409114298 
5.6496,0.9404250052497962 
414.5,0.9424390371972766 
0.079513,0.9423904065656674 
5.6236,0.9392432047162211 
415.2,0.9321940929000399 
0.079537,0.9310568842839491 
5.636,0.9266902082830253 
399.0,0.9212235501398642 
0.077176,0.9130049733979186 
5.4284,0.9066999192697556 
400.3,0.9056929032960155 
0.077424,0.9045145456839476 
5.4121,0.9019584426590167 
396.0,0.9044759825933673 
0.076503,0.9052017012496882 
5.3864,0.904610602425173 
404.2,0.9054018292616832 
0.07712000000000001,0.9069542686553596 
5.4232,0.9059211770161166 
402.9,0.9041229342058663 
0.077361,0.9035692931690853 
5.3996,0.9053638905011722 
401.2,0.9047165230894821 
0.076795,0.9012861931521293 
5.393,0.8987993179174569 
399.7,0.9023238738255477 
0.076615,0.9058028343945095 
5.4289,0.910867113512654 
405.9,0.9115864106367542 
0.07795,0.9113918881103176 
5.4734,0.9113546116078708 
405.0,0.9093405796603904 
0.07744,0.910092484041424 
5.3994,0.9020940116592441 
402.3,0.9077764589396352 
0.076851,0.9155947681752593 
5.2681,0.915823752404576 
416.1,0.9189886597506167 
0.079979,0.9185883922442952 
5.4066,0.9223333600869802 
414.2,0.9178603389910511 
0.078774,0.9114394945486188 
5.3629,0.9114394945486188 
405.4,0.9114394945486188 
0.077234,0.9114394945486188 
5.2943,0.9114394945486188 
401.3,0.9114394945486188 
0.0774,0.9114394945486188 
5.2746,0.9114394945486188 
402.5,0.9114394945486188 
0.077813,0.9114394945486188 
5.25,0.9114394945486188 
405.7,0.9114394945486188 
0.078622,0.9114394945486188 
5.271,0.9114394945486188 
403.8,0.9114394945486188 
0.077549,0.9114394945486188 
5.2332,0.9114394945486188 
410.6,0.9114394945486188 
0.079715,0.9114394945486188 
5.33,0.9114394945486188 
412.4,0.9114394945486188 
0.080182,0.9114394945486188 
5.4293,0.9114394945486188 
408.4,0.9114394945486188 
0.080624,0.9114394945486188 
5.3397,0.9114394945486188 
408.8,0.9114394945486188 
0.081862,0.9114394945486188 
5.3378,0.9114394945486188 
413.6,0.9114394945486188 
0.080176,0.9114394945486188 
5.264,0.9114394945486188 
412.7,0.9114394945486188 
0.080095,0.9114394945486188 
5.2827,0.9114394945486188 
417.0,0.9114394945486188 
0.07932,0.9114394945486188 
5.2404,0.9114394945486188 
418.2,0.9114394945486188 
0.0805,0.9114394945486188 
5.2176,0.9114394945486188 
424.0,0.9114394945486188 
0.079929,0.9114394945486188 
5.0959,0.9114394945486188 
421.6,0.9114394945486188 
0.07926799999999999,0.9114394945486188 
5.0924,0.9107419821108078 
416.8,0.9100444696729968 
0.078542,0.9093469572351858 
4.9258,0.9072100918731143 
414.1,0.9067045765169477 
0.078226,0.9053733308002945 
4.9861,0.9061437833169121 
414.1,0.905110599524878 
0.07741,0.9046250085352436 
4.9977,0.9083789685268454 
415.0,0.9121921541516202 
0.077917,0.910616948400466 
4.9757,0.9043663643759882 
418.5,0.9015604353313426 
0.076426,0.8969268008954653 
4.8101,0.8881314651459113 
415.1,0.8883473058416533 
0.076613,0.8907503569510785 
4.8397,0.8910992827195287 
416.7,0.877141584394881 
0.07646499999999999,0.8591934371134807 
4.764,0.8347626173604447 
387.5,0.826272883327927 
0.07067799999999999,0.8262652180931283 
4.3143,0.827769208474379 
386.4,0.8280569960687015 
0.072783,0.8265201164915413 
4.4483,0.8284031124488671 
388.5,0.8204889536049946 
0.071533,0.815249765620012 
4.434,0.8204234925315144 
365.1,0.791069157910606 
0.069543,0.7686330156545058 
4.4583,0.7506934183869476 
339.9,0.7544346571131417 
0.06504299999999999,0.7580143217641833 
4.3142,0.7586700615704087 
344.8,0.7606845747306672 
0.065944,0.7620413212900556 
4.235,0.7653440841672821 
334.3,0.7684378008062503 
0.06394,0.7665253247239487 
4.2613,0.7711937108673509 
345.2,0.7668049500539307 
0.066715,0.7616769079735306 
4.3383,0.7598480556699297 
345.3,0.7665391172379309 
0.065011,0.7709412155914754 
4.3559,0.7788675817945119 
341.1,0.7757082495840381 
0.063941,0.7757082495840381 
4.286,0.7757082495840381 
350.5,0.7757082495840381 
0.06754,0.7757082495840381 
4.5016,0.7757082495840381 
352.5,0.7757082495840381 
0.069261,0.7757082495840381 
4.4932,0.7757082495840381 
346.0,0.7757082495840381 
0.06722,0.7757082495840381 
4.3974,0.7757082495840381 
350.2,0.7757082495840381 
0.070425,0.7757082495840381 
4.4647,0.7757082495840381 
353.0,0.7757082495840381 
0.069746,0.7757082495840381 
4.5293,0.7757082495840381 
347.6,0.7757082495840381 
0.068,0.7757082495840381 
4.4092,0.7757082495840381 
345.1,0.7757082495840381 
0.068098,0.7757082495840381 
4.47,0.7757082495840381 
336.5,0.7757082495840381 
0.066838,0.7757082495840381 
4.3469,0.7757082495840381 
347.9,0.7757082495840381 
0.06815399999999999,0.7757082495840381 
4.3498,0.7757082495840381 
341.3,0.7757082495840381 
0.06664199999999999,0.7757082495840381 
4.2554,0.7757082495840381 
344.7,0.7757082495840381 
0.06699400000000001,0.7757082495840381 
4.2737,0.7757082495840381 
340.6,0.7757082495840381 
0.066968,0.7757082495840381 
4.2169,0.7757082495840381 
338.7,0.7757082495840381 
0.06526599999999999,0.7757082495840381 
4.2058,0.7757082495840381 
323.2,0.7757082495840381 
0.061946,0.7757082495840381 
4.0,0.7757082495840381 
305.9,0.7757082495840381 
0.060591,0.7750107371462271 
3.8955,0.7743132247084161 
307.6,0.7736157122706052 
0.061287,0.7739619608210166 
3.88,0.7750009709672334 
309.0,0.7640700202872568 
0.061988999999999995,0.7485232207776471 
3.9469,0.7362556565507178 
285.3,0.7414955297806854 
0.058475,0.7454935762039729 
3.7378,0.7444458489109599 
288.8,0.7478483639953545 
0.058101,0.7481686080142411 
3.7201,0.7491603887042292 
291.7,0.7626343484384318 
0.057972,0.7676932031742812 
3.7936,0.7773516212783189 
317.3,0.7837483496369808 
0.0598,0.7871409347120608 
3.9684,0.7947801890523791 
317.8,0.7932830824152455 
0.059567999999999996,0.7925975600623165 
4.18,0.8045701331096596 
313.1,0.7991261089746282 
0.05954299999999999,0.8011876798462106 
4.17,0.7950895001164892 
308.3,0.7950214498148013 
0.059039,0.789101939278194 
4.091,0.788481440590099 
309.6,0.7874606860647807 
0.058649,0.783602746399756 
4.1771,0.7827228589158179 
305.3,0.7760539293504045 
0.057793,0.7712702843182857 
4.129,0.767333677887256 
303.8,0.7557651266003145 
0.057737000000000004,0.7363853596448795 
3.9699,0.7182179718262263 
283.0,0.7187623742397294 
0.053069000000000005,0.7188774619340168 
3.825,0.7143305289245331 
283.0,0.7159637361650425 
0.051753999999999994,0.7049503442030203 
3.6881,0.7056471337134221 
284.5,0.7088454978927531 
0.05139,0.7144297529720882 
3.68,0.7209348170874459 
291.6,0.7175323020030513 
0.05315399999999999,0.7173377137310752 
3.8016,0.7171340884402837 
279.0,0.7172235065367015 
0.051240999999999995,0.7172235065367015 
3.7501,0.7172235065367015 
301.2,0.7172235065367015 
0.056323000000000005,0.7172235065367015 
3.9957,0.7172235065367015 
294.3,0.7172235065367015 
0.055937,0.7172235065367015 
3.8709,0.7172235065367015 
292.2,0.7172235065367015 
0.055123,0.7172235065367015 
3.8375,0.7172235065367015 
297.7,0.7172235065367015 
0.055807,0.7172235065367015 
3.897,0.7172235065367015 
299.0,0.7172235065367015 
0.05633099999999999,0.7172235065367015 
3.9664,0.7172235065367015 
295.0,0.7172235065367015 
0.056840999999999996,0.7172235065367015 
3.9339,0.7172235065367015 
314.6,0.7172235065367015 
0.058455999999999994,0.7172235065367015 
4.02,0.7172235065367015 
311.1,0.7172235065367015 
0.058008000000000004,0.7172235065367015 
4.0501,0.7172235065367015 
314.5,0.7172235065367015 
0.058538,0.7172235065367015 
4.0977,0.7172235065367015 
311.0,0.7172235065367015 
0.057908,0.7172235065367015 
4.0611,0.7172235065367015 
310.3,0.7172235065367015 
0.05825,0.7172235065367015 
4.0183,0.7172235065367015 
303.2,0.7172235065367015 
0.057,0.7172235065367015 
3.9199,0.7172235065367015 
301.7,0.7172235065367015 
0.057173,0.7172235065367015 
3.9401,0.7172235065367015 
300.9,0.7172235065367015 
0.058251,0.7172235065367015 
3.9029,0.7172235065367015 
308.6,0.7172235065367015 
0.0603,0.7165259940988906 
3.9676,0.7158284816610796 
314.6,0.7151309692232687 
0.061799,0.7155849214753782 
4.0449,0.7152259117019168 
312.0,0.7141472853634528 
0.061251,0.7108463064929881 
4.0255,0.7067319613020409 
314.6,0.7111868380356714 
0.061074,0.7133168604947997 
4.0001,0.7173917395448267 
331.1,0.729419906725629 
0.062402,0.7440431431059922 
4.0808,0.7492773400455546 
335.4,0.7446315400233401 
0.065001,0.7385040781546146 
4.1512,0.7383560801261633 
324.9,0.7371468992984636 
0.062747,0.7310632050145145 
4.0363,0.7262828686955363 
325.4,0.722909890597216 
0.061752,0.7236588026033934 
4.017,0.7254298456771946 
325.0,0.7281027717173729 
0.062204999999999996,0.7291483306870363 
4.2553,0.7364840996306079 
325.3,0.7298017845301621 
0.061808,0.717926179860775 
4.2106,0.7113205345242302 
317.3,0.708838531772636 
0.060351999999999996,0.7099084060671754 
4.1336,0.7106483962094321 
314.2,0.7151669140392573 
0.060171,0.7183813999878506 
4.0798,0.7215732241347845 
321.7,0.7220823529043423 
0.061185,0.7261576013535422 
4.2511,0.7290978288521089 
321.6,0.7275068014472409 
0.061707000000000005,0.7278520790604787 
4.2855,0.7297760534303461 
319.0,0.7282486671216728 
0.061803,0.7228749803241 
4.23,0.7179269129062101 
321.0,0.7126447019220482 
0.060502999999999994,0.7068333392767093 
4.1634,0.7005779559408326 
307.4,0.6994237610202452 
0.058732000000000006,0.6953804045511524 
3.9684,0.6912047487102853 
302.6,0.6912047487102853 
0.058145,0.6912047487102853 
3.9002,0.6912047487102853 
309.8,0.6912047487102853 
0.059296,0.6912047487102853 
3.9161,0.6912047487102853 
311.2,0.6912047487102853 
0.059315999999999994,0.6912047487102853 
3.9276,0.6912047487102853 
305.7,0.6912047487102853 
0.056604999999999996,0.6912047487102853 
3.8752,0.6912047487102853 
303.4,0.6912047487102853 
0.056885000000000005,0.6912047487102853 
3.8788,0.6912047487102853 
295.8,0.6912047487102853 
0.055376999999999996,0.6912047487102853 
3.71,0.6912047487102853 
305.7,0.6912047487102853 
0.057665999999999995,0.6912047487102853 
3.8457,0.6912047487102853 
296.6,0.6912047487102853 
0.055617999999999994,0.6912047487102853 
3.6947,0.6912047487102853 
284.7,0.6912047487102853 
0.054152,0.6912047487102853 
3.6747,0.6912047487102853 
288.1,0.6912047487102853 
0.055082000000000006,0.6912047487102853 
3.67,0.6912047487102853 
291.5,0.6912047487102853 
0.05586,0.6912047487102853 
3.7371,0.6912047487102853 
306.5,0.6912047487102853 
0.058692999999999995,0.6912047487102853 
4.0,0.6905072362724742 
297.6,0.6905072362724742 
0.057017,0.6905072362724742 
3.8702,0.6915199269193213 
302.4,0.6915199269193213 
0.05873,0.6915199269193213 
3.8762,0.6952339646784482 
308.0,0.6952339646784482 
0.059848,0.6952339646784482 
3.9912,0.6934983629798412 
306.4,0.6928008505420302 
0.059072,0.6921033381042193 
3.948,0.6880704620971152 
306.9,0.6876478772103761 
0.059227999999999996,0.6885132331232817 
3.9241,0.6883805055584908 
304.9,0.6873077900767686 
0.059289999999999995,0.6864726796132461 
3.8426,0.6788765789821438 
296.4,0.6780314092086656 
0.059059,0.6772231835890392 
3.8031,0.675824439252398 
301.9,0.6753043347764114 
0.058702,0.6728645351928408 
3.79,0.6636859135969255 
298.4,0.6676192036965742 
0.057326999999999996,0.6685400096000156 
3.7705,0.679066326469191 
315.5,0.680074028891415 
0.059283,0.6863096323725654 
3.8334,0.6855336866091732 
314.4,0.68566371272817 
0.061463,0.6847563492466767 
3.8491,0.6871148159748819 
312.4,0.6892602469383267 
0.061451,0.6907053072977416 
3.8238,0.6910932801794378 
320.0,0.6902481104059596 
0.062529,0.6907595609550279 
3.8586,0.6926757605623275 
317.6,0.6946586588770265 
0.0629,0.6946586588770265 
3.916,0.7058121903303819 
321.9,0.7044794226106662 
0.062294,0.7044794226106662 
3.932,0.697197048122221 
318.9,0.6941739408555488 
0.061922000000000005,0.6941739408555488 
3.9041,0.6777183297307816 
303.8,0.6751178073508486 
0.0586,0.6751178073508486 
3.7,0.6514437022156051 
303.5,0.6511178567613995 
0.057537,0.6504203443235885 
3.5971,0.6531161004938726 
302.9,0.6531161004938726 
0.058384000000000005,0.6551707770689379 
3.6119,0.6544860407267208 
305.8,0.6544860407267208 
0.05977999999999999,0.6544860407267208 
3.62,0.09316602573676774 
305.4,0.09316602573676774 
0.058765,0.09316602573676774 
3.63,0.6588962237089087 
304.9,0.6588962237089087 
0.059115999999999995,0.6588962237089087 
3.6576,0.09316602573676774 
305.1,0.09316602573676774 
0.059369000000000005,0.09316602573676774 
3.6165,0.653554311927667 
304.4,0.653554311927667 
0.058697000000000006,0.653554311927667 
3.6147,0.6542220509003223 
302.7,0.6542220509003223 
0.05902999999999999,0.6542220509003223 
3.5971,0.6442836103770817 
311.2,0.6442836103770817 
0.059332,0.6442836103770817 
3.6394,0.6578402644033143 
311.5,0.6578402644033143 
0.05946,0.6578402644033143 
3.6137,0.6511162882368096 
308.7,0.6511162882368096 
0.058924000000000004,0.6511162882368096 
3.6179,0.6529797458349171 
305.7,0.6529797458349171 
0.059945000000000005,0.6529797458349171 
3.5573,0.6456656747623448 
305.4,0.6456656747623448 
0.061458000000000006,0.6456656747623448 
3.5731,0.651597681449654 
305.1,0.651597681449654 
0.060762000000000004,0.651597681449654 
3.5982,0.6524207085554847 
305.6,0.6524207085554847 
0.060319000000000005,0.6524207085554847 
3.5836,0.6449979357896896 
303.2,0.6449979357896896 
0.059053999999999995,0.6449979357896896 
3.547,0.6409449155138056 
308.0,0.6409449155138056 
0.059864,0.6409449155138056 
3.5356,0.6435071697112036 
314.3,0.6435071697112036 
0.061065999999999995,0.6435071697112036 
3.5596,0.6531350339680928 
320.5,0.6531350339680928 
0.060658000000000004,0.6531350339680928 
3.6204,0.6567377186577674 
322.6,0.6567377186577674 
0.060113,0.6567377186577674 
3.6444,0.6545015695400382 
318.0,0.6545015695400382 
0.059986000000000005,0.6545015695400382 
3.632,0.659734779628057 
331.7,0.659734779628057 
0.060573,0.659734779628057 
3.6726,0.6683998574592573 
328.2,0.6683998574592573 
0.060163,0.6683998574592573 
3.6955,0.6703409591239526 
331.3,0.6703409591239526 
0.06030599999999999,0.6703409591239526 
3.7106,0.6732914336542897 
330.9,0.6732914336542897 
0.06015499999999999,0.6732914336542897 
3.713,0.6634306371976371 
325.6,0.6634306371976371 
0.05935700000000001,0.6634306371976371 
3.63,0.6591136270953546 
328.5,0.6591136270953546 
0.060127999999999994,0.6591136270953546 
3.6461,0.6538804170073358 
323.0,0.6538804170073358 
0.059285000000000004,0.6538804170073358 
3.5909,0.6461160103485541 
322.5,0.6461160103485541 
0.058944,0.6461160103485541 
3.5424,0.6344383427337468 
322.7,0.6344383427337468 
0.058539,0.6344383427337468 
3.5067,0.6371403562510027 
325.1,0.6371403562510027 
0.05825,0.6371403562510027 
3.4753,0.6382739596231848 
327.4,0.6382739596231848 
0.058262,0.6382739596231848 
3.5113,0.6453706273093112 
329.8,0.6453706273093112 
0.05872,0.6453706273093112 
3.5363,0.6839597284034555 
326.3,0.6839597284034555 
0.05815,0.6839597284034555 
3.7457,0.6733690777208774 
331.6,0.6733690777208774 
0.058552999999999994,0.6733690777208774 
3.721,0.6536474848075724 
327.5,0.6536474848075724 
0.058,0.6536474848075724 
3.602,0.654439454286768 
328.2,0.654439454286768 
0.057465999999999996,0.654439454286768 
3.644,0.6527157560085186 
323.1,0.6527157560085186 
0.057453,0.6527157560085186 
3.6175,0.6620019863724214 
328.3,0.6620019863724214 
0.057555999999999996,0.6620019863724214 
3.649,0.6641294337969275 
341.9,0.6641294337969275 
0.057603999999999995,0.6641294337969275 
3.6991,0.6676234167933792 
340.5,0.6676234167933792 
0.057589,0.6676234167933792 
3.7576,0.6736796539872287 
339.6,0.6736796539872287 
0.057536000000000004,0.6736796539872287 
3.7052,0.6748909014259987 
338.8,0.6748909014259987 
0.057936,0.6748909014259987 
3.7303,0.6722510031620128 
334.9,0.6722510031620128 
0.057767,0.6722510031620128 
3.7339,0.09316602573676774 
335.6,0.09316602573676774 
0.057746000000000006,0.09316602573676774 
3.7339,0.6675147151001561 
333.0,0.6675147151001561 
0.05683200000000001,0.6675147151001561 
3.6758,0.65678430509772 
333.1,0.65678430509772 
0.0565,0.65678430509772 
3.6141,0.6527623424484712 
333.8,0.6527623424484712 
0.056701999999999995,0.6527623424484712 
3.6148,0.6549829627528827 
337.9,0.6549829627528827 
0.056476,0.6549829627528827 
3.6127,0.6540357051405115 
338.3,0.6540357051405115 
0.056491,0.6540357051405115 
3.6319,0.6550916644461056 
337.3,0.6550916644461056 
0.056348,0.6550916644461056 
3.6104,0.6581818982963008 
345.6,0.6581818982963008 
0.056601,0.6581818982963008 
3.6358,0.6607596813070162 
344.0,0.6607596813070162 
0.056616999999999994,0.6607596813070162 
3.634,0.6685706744057505 
353.8,0.6685706744057505 
0.057477999999999994,0.6685706744057505 
3.6823,0.6670488507006294 
349.5,0.6670488507006294 
0.057022,0.6670488507006294 
3.6858,0.6840684300966784 
348.8,0.6840684300966784 
0.057,0.6840684300966784 
3.8599,0.6811179555663414 
345.9,0.6811179555663414 
0.0563,0.6811179555663414 
3.7554,0.6746734980395528 
342.8,0.6746734980395528 
0.05574400000000001,0.6746734980395528 
3.73,0.6685085591524802 
351.0,0.6685085591524802 
0.055941,0.6685085591524802 
3.7,0.6601359199336763 
343.9,0.6601359199336763 
0.054783000000000005,0.6601359199336763 
3.6,0.6601359199336763 
341.7,0.6601359199336763 
0.054454999999999996,0.6601359199336763 
3.5801,0.6601359199336763 
337.6,0.6601359199336763 
0.054458000000000006,0.6601359199336763 
3.5701,0.6601359199336763 
335.1,0.6601359199336763 
0.053320000000000006,0.6601359199336763 
3.565,0.6601359199336763 
336.4,0.6601359199336763 
0.053836,0.6601359199336763 
3.6188,0.6601359199336763 
333.5,0.6601359199336763 
0.053272,0.6601359199336763 
3.535,0.6601359199336763 
343.0,0.6601359199336763 
0.053829999999999996,0.6601359199336763 
3.5413,0.6601359199336763 
336.3,0.6601359199336763 
0.051884000000000007,0.6601359199336763 
3.5262,0.6601359199336763 
336.2,0.6601359199336763 
0.051809,0.6601359199336763 
3.4836,0.6601359199336763 
338.4,0.6601359199336763 
0.052076,0.6601359199336763 
3.5052,0.6601359199336763 
336.5,0.6601359199336763 
0.050861,0.6601359199336763 
3.48,0.6601359199336763 
335.4,0.6601359199336763 
0.051121,0.6601359199336763 
3.4799,0.6601359199336763 
332.5,0.6601359199336763 
0.050569,0.6601359199336763 
3.4524,0.6601359199336763 
328.4,0.6601359199336763 
0.052375,0.6601359199336763 
3.3699,0.6601359199336763 
325.9,0.6601359199336763 
0.051516,0.6601359199336763 
3.3067,0.6601359199336763 
333.8,0.6601359199336763 
0.052091,0.6594384074958652 
3.2793,0.6587408950580543 
330.0,0.6580433826202433 
0.050948,0.6558072911816065 
3.2647,0.6542920666748062 
327.3,0.649901428747921 
0.050637,0.6426844419815082 
3.2491,0.6354807403302835 
313.8,0.6329506342212636 
0.048851,0.6326591565651081 
3.1101,0.6315358674940696 
311.4,0.630548509012501 
0.048817,0.6306612137062145 
3.1215,0.6312778017289041 
311.0,0.6328205493563552 
0.048389999999999996,0.6278576564642124 
3.1198,0.629811202674714 
315.3,0.6343777356519691 
0.047591,0.6383185135631929 
3.1547,0.63888626293062 
319.7,0.6381457440694435 
0.04943,0.6431164096990837 
3.1938,0.6448623916247195 
318.0,0.6403575685525624 
0.050087,0.6371590870723483 
3.2304,0.6475250916518225 
308.4,0.6452418251631948 
0.048544,0.6497422401742374 
3.1785,0.6377889792987308 
307.6,0.6400105358822603 
0.050401,0.6460188619678144 
3.2409,0.6528074350493076 
315.8,0.6551524114430332 
0.051442999999999996,0.661137419316095 
3.3152,0.665923607531824 
315.3,0.6683920037357457 
0.051976,0.6706577567162619 
3.3278,0.6685454848761571 
320.1,0.6680518056353727 
0.053667999999999993,0.664305346161586 
3.3248,0.664641111916516 
319.2,0.6645176921063198 
0.052476999999999996,0.662457916669487 
3.3233,0.6638131893530224 
321.8,0.6641834487836106 
0.052820000000000006,0.664552653814741 
3.391,0.6658774023387375 
318.6,0.6764915060156007 
0.052770000000000004,0.6855702655038357 
3.3408,0.6868100958159944 
338.1,0.6873799250796697 
0.055499,0.6873799250796697 
3.4502,0.6873799250796697 
338.0,0.6873799250796697 
0.054765,0.6873799250796697 
3.5359,0.6873799250796697 
338.0,0.6873799250796697 
0.053288999999999996,0.6873799250796697 
3.5242,0.6873799250796697 
335.1,0.6873799250796697 
0.05284,0.6873799250796697 
3.4237,0.6873799250796697 
329.5,0.6873799250796697 
0.052742,0.6873799250796697 
3.4131,0.6873799250796697 
330.3,0.6873799250796697 
0.053288,0.6873799250796697 
3.4195,0.6873799250796697 
333.7,0.6873799250796697 
0.0531,0.6873799250796697 
3.3789,0.6873799250796697 
329.3,0.6873799250796697 
0.053,0.6873799250796697 
3.3491,0.6873799250796697 
329.0,0.6873799250796697 
0.051636,0.6873799250796697 
3.3034,0.6873799250796697 
331.2,0.6873799250796697 
0.052002,0.6873799250796697 
3.3032,0.6873799250796697 
338.4,0.6873799250796697 
0.051544000000000006,0.6873799250796697 
3.2787,0.6873799250796697 
338.6,0.6873799250796697 
0.050979000000000003,0.6873799250796697 
3.192,0.6873799250796697 
345.7,0.6873799250796697 
0.052235000000000004,0.6873799250796697 
3.2794,0.6873799250796697 
346.7,0.6873799250796697 
0.052576,0.6873799250796697 
3.2445,0.6873799250796697 
351.5,0.6873799250796697 
0.053006,0.6873799250796697 
3.2482,0.6873799250796697 
347.2,0.6866824126418587 
0.052361000000000005,0.6859849002040478 
3.2069,0.6852873877662368 
338.3,0.6835363195777674 
0.051898,0.6812936306880636 
3.1867,0.679077737151311 
337.9,0.6674854572414946 
0.052007000000000005,0.6562970825082826 
3.1917,0.6496906391590389 
312.1,0.646571903954875 
0.047443,0.6439499895731415 
2.9891,0.638277408321021 
310.8,0.6380420320791974 
0.047036,0.636964005608 
2.8555,0.63334213504213 
306.6,0.6211025704672983 
0.046562,0.6124860588868 
2.7709,0.606409645376464 
297.1,0.6102933533665548 
0.046022,0.6145361575496242 
2.7839,0.6215022640038411 
303.0,0.6307407814954207 
0.047075,0.6333280450262943 
2.9653,0.6318578432112285 
318.0,0.6327993481785232 
0.047925999999999996,0.6350170026335578 
2.9249,0.6343733949720268 
313.9,0.6366094692693518 
0.047179,0.6364285148259723 
2.9108,0.6387063811574689 
313.7,0.6359995543764965 
0.047333,0.6318915035023269 
2.8922,0.6342829476564467 
311.3,0.6289869822154137 
0.045933,0.6239857094079663 
2.85,0.6190576938819305 
304.9,0.6215291444210792 
0.0449,0.6230114308189756 
2.8744,0.6272769090463765 
310.1,0.6288068546182304 
0.045426999999999995,0.6308589550080452 
2.96,0.6342662896867384 
312.1,0.6346781981099299 
0.046967,0.6363260385730457 
2.9683,0.6365973633715343 
313.6,0.6368915836738138 
0.046581,0.6361138645767357 
2.9962,0.631911485139681 
309.0,0.6296647012233529 
0.046807,0.6324361763775869 
2.8903,0.6304186051760262 
307.7,0.6304186051760262 
0.04678,0.6304186051760262 
2.8539,0.6304186051760262 
309.1,0.6304186051760262 
0.047099,0.6304186051760262 
2.8857,0.6304186051760262 
309.1,0.6304186051760262 
0.047652,0.6304186051760262 
2.9013,0.6304186051760262 
309.8,0.6304186051760262 
0.047075,0.6304186051760262 
2.8644,0.6304186051760262 
304.8,0.6304186051760262 
0.047208,0.6304186051760262 
2.8572,0.6304186051760262 
306.4,0.6304186051760262 
0.047467,0.6304186051760262 
2.9097,0.6304186051760262 
304.7,0.6304186051760262 
0.047113,0.6304186051760262 
2.8821,0.6304186051760262 
306.1,0.6304186051760262 
0.0471,0.6304186051760262 
2.886,0.6304186051760262 
319.0,0.6304186051760262 
0.049154,0.6304186051760262 
2.9513,0.6304186051760262 
319.2,0.6304186051760262 
0.049511,0.6304186051760262 
2.9451,0.6304186051760262 
320.0,0.6304186051760262 
0.050157,0.6304186051760262 
2.9501,0.6304186051760262 
317.0,0.6304186051760262 
0.050574,0.6304186051760262 
2.9848,0.6304186051760262 
318.6,0.6304186051760262 
0.050255,0.6304186051760262 
2.9386,0.6304186051760262 
322.9,0.6304186051760262 
0.050757,0.6304186051760262 
2.9445,0.6304186051760262 
323.8,0.6304186051760262 
0.050437,0.6304186051760262 
2.9267,0.6304186051760262 
324.6,0.6297210927382153 
0.050003,0.6290235803004044 
2.8833,0.6283260678625934 
321.3,0.6281856455573235 
0.049845,0.6285553333863126 
2.88,0.6284248063889034 
325.4,0.6279309936694306 
0.05011,0.6249444279660206 
2.9015,0.6255167020280995 
320.7,0.6243438968193518 
0.04937,0.6215712230893955 
2.8495,0.6178617839882087 
321.9,0.6161334394700541 
0.049338,0.6158284453597589 
2.8394,0.612008688367087 
318.2,0.6102186172589983 
0.049229,0.6118624166846153 
2.808,0.6139170874135255 
316.4,0.6138553608235914 
0.049685,0.6154793554368515 
2.8344,0.6186785742899197 
312.8,0.618925480649656 
0.049075,0.6164023475553958 
2.8696,0.6178571647493556 
315.6,0.6145239288929146 
0.04917,0.6111135402050684 
2.8679,0.6053201271850457 
306.5,0.6009334653447895 
0.047577,0.5961036103018545 
2.7314,0.5961036103018545 
296.6,0.5961036103018545 
0.047322,0.5961036103018545 
2.7125,0.5961036103018545 
300.3,0.5961036103018545 
0.046783,0.5961036103018545 
2.6852,0.5954060978640436 
292.5,0.5954060978640436 
0.046393000000000004,0.5954060978640436 
2.603,0.595993196407047 
300.0,0.595993196407047 
0.047047000000000005,0.595993196407047 
2.6664,0.595993196407047 
304.3,0.595993196407047 
0.047262,0.595993196407047 
2.6645,0.595993196407047 
296.1,0.595993196407047 
0.04732,0.595993196407047 
2.5904,0.595993196407047 
297.1,0.595993196407047 
0.047142,0.595993196407047 
2.6085,0.595993196407047 
299.7,0.595993196407047 
0.047833999999999995,0.595993196407047 
2.6209,0.595993196407047 
303.4,0.595993196407047 
0.049757,0.595993196407047 
2.663,0.595993196407047 
312.4,0.595993196407047 
0.049558,0.595993196407047 
2.7312,0.595993196407047 
312.0,0.595993196407047 
0.049299,0.595993196407047 
2.6997,0.595993196407047 
311.5,0.595993196407047 
0.049623,0.595993196407047 
2.74,0.595993196407047 
312.7,0.595993196407047 
0.049503,0.595993196407047 
2.7206,0.595993196407047 
307.9,0.595993196407047 
0.049332,0.595993196407047 
2.7421,0.595993196407047 
313.2,0.595993196407047 
0.049593,0.595993196407047 
2.7447,0.595295683969236 
312.3,0.594598171531425 
0.049621,0.5939006590936141 
2.6963,0.5924086568837554 
316.2,0.5913644458830101 
0.049829000000000005,0.5916184164986099 
2.712,0.5939376180338846 
314.7,0.5920432288740488 
0.049656,0.5910093484940088 
2.7046,0.5898719057028231 
311.7,0.585893688467168 
0.049631,0.5843658652363158 
2.7007,0.5793581625582387 
304.4,0.5770848955664357 
0.048717,0.5774328553074937 
2.6239,0.5768345899432986 
301.8,0.5791710032404294 
0.049138,0.582450623788332 
2.618,0.5839056642419915 
307.3,0.5840951031579751 
0.050247,0.5839511198168477 
2.6747,0.5869129026692208 
306.0,0.5867866100585651 
0.050226,0.5890623467558292 
2.6879,0.5890106448107754 
306.8,0.5892632300320868 
0.052436,0.5898271647848359 
2.7085,0.5919026285791422 
307.6,0.5938601640443059 
0.051651,0.5932282371582466 
2.6939,0.5916845647987803 
308.3,0.5897901756389445 
0.052272000000000006,0.589438216360633 
2.6862,0.588574055279018 
304.4,0.5869322513404935 
0.050564,0.5846065204275602 
2.6416,0.5807584185171203 
303.7,0.5807584185171203 
0.049865,0.5787206542864418 
2.6201,0.5782553367809568 
306.2,0.5833070412071855 
0.049504,0.5857627570808589 
2.666,0.5892711033523732 
311.8,0.5897131274896682 
0.049638,0.5882153007882176 
2.6559,0.5881709848353143 
311.2,0.5876026680873635 
0.049693,0.5870647303267624 
2.6439,0.5849016982095191 
312.0,0.582807135261794 
0.049053,0.5823644744776467 
2.6281,0.5823644744776467 
309.3,0.5823644744776467 
0.049917,0.5823644744776467 
2.6242,0.5823644744776467 
306.9,0.5823644744776467 
0.049801,0.5823644744776467 
2.6017,0.5823644744776467 
310.6,0.5823644744776467 
0.049507999999999996,0.5823644744776467 
2.6101,0.5823644744776467 
305.3,0.5823644744776467 
0.04877,0.5823644744776467 
2.5462,0.5823644744776467 
306.2,0.5823644744776467 
0.049177,0.5823644744776467 
2.5447,0.5823644744776467 
305.3,0.5823644744776467 
0.048385000000000004,0.5823644744776467 
2.5155,0.5823644744776467 
312.2,0.5823644744776467 
0.048563,0.5823644744776467 
2.535,0.5823644744776467 
309.3,0.5823644744776467 
0.048931,0.5823644744776467 
2.5717,0.5823644744776467 
308.2,0.5823644744776467 
0.049804,0.5823644744776467 
2.5383,0.5823644744776467 
305.6,0.5823644744776467 
0.049201,0.5823644744776467 
2.4943,0.5823644744776467 
307.7,0.5823644744776467 
0.049222,0.5823644744776467 
2.4512,0.5823644744776467 
306.6,0.5823644744776467 
0.048742,0.5823644744776467 
2.4428,0.5823644744776467 
308.0,0.5823644744776467 
0.048609,0.5823644744776467 
2.5601,0.5823644744776467 
290.3,0.5823644744776467 
0.045635,0.5823644744776467 
2.3666,0.5823644744776467 
291.8,0.5823644744776467 
0.045880000000000004,0.5823644744776467 
2.322,0.5816669620398358 
286.4,0.5809694496020248 
0.044211,0.5802719371642139 
2.2359,0.5771132324545467 
281.7,0.5766627996240205 
0.043712,0.5770023290294739 
2.213,0.5770646391055594 
280.5,0.5755134907672378 
0.044108,0.5750562578345605 
2.1767,0.5714956820582466 
282.6,0.5706496011464349 
0.044077,0.5718266364186736 
2.1697,0.573624727185712 
278.0,0.573695233928363 
0.044346,0.5735707398130301 
2.2233,0.5741404319372404 
280.0,0.5708971217752954 
0.044617000000000004,0.5711302653003735 
2.1656,0.5661009520163302 
277.6,0.5691327419503222 
0.044816,0.5693251419467458 
2.1013,0.5705535405895741 
277.4,0.5722457024131975 
0.044719,0.5732439188652307 
2.1486,0.5748550794040127 
281.6,0.5749960928893146 
0.045304000000000004,0.5764854952145705 
2.2075,0.578897785303023 
280.9,0.5777696774206074 
0.04545,0.5758841574556559 
2.2164,0.5720476370566777 
282.0,0.5727527044831875 
0.044771,0.5725829397804608 
2.1745,0.5725117282649346 
278.7,0.571031086669264 
0.044708,0.5713841972509357 
2.1457,0.5691766402696211 
279.7,0.5684715728431113 
0.045137000000000004,0.5688563728359586 
2.1211,0.5674855511620778 
276.9,0.5657228825958033 
0.045406999999999996,0.5651343649596839 
2.1107,0.5606747437998509 
277.0,0.5619438651675686 
0.044893,0.5618985945801747 
2.0487,0.5603497441174782 
277.1,0.5574589676687881 
0.044818000000000004,0.5567795195308296 
2.0532,0.5521510914734415 
275.0,0.5554953672908627 
0.044386,0.5554953672908627 
1.9925,0.5554953672908627 
279.9,0.5554953672908627 
0.044879,0.5554953672908627 
2.0187,0.5554953672908627 
281.3,0.5554953672908627 
0.045081,0.5554953672908627 
2.0115,0.5554953672908627 
280.4,0.5554953672908627 
0.044851,0.5554953672908627 
2.0307,0.5554953672908627 
277.5,0.5554953672908627 
0.044463,0.5554953672908627 
2.0792,0.5554953672908627 
277.9,0.5554953672908627 
0.044181,0.5554953672908627 
2.0878,0.5554953672908627 
282.1,0.5554953672908627 
0.044217,0.5554953672908627 
2.1969,0.5554953672908627 
281.7,0.5554953672908627 
0.044456999999999997,0.5554953672908627 
2.137,0.5554953672908627 
281.4,0.5554953672908627 
0.043972000000000004,0.5554953672908627 
2.1182,0.5554953672908627 
282.0,0.5554953672908627 
0.043647000000000005,0.5554953672908627 
2.0728,0.5554953672908627 
287.2,0.5554953672908627 
0.043938,0.5554953672908627 
2.1081,0.5554953672908627 
286.2,0.5554953672908627 
0.044534,0.5554953672908627 
2.118,0.5554953672908627 
291.5,0.5554953672908627 
0.045801999999999995,0.5554953672908627 
2.166,0.5554953672908627 
294.3,0.5554953672908627 
0.04546,0.5554953672908627 
2.1326,0.5554953672908627 
296.9,0.5554953672908627 
0.045168,0.5554953672908627 
2.1712,0.5554953672908627 
295.3,0.5554953672908627 
0.045323,0.5547978548530518 
2.1943,0.5541003424152409 
296.8,0.55340282997743 
0.045021,0.5537465686592126 
2.1828,0.5536748293023794 
301.5,0.5549020266489797 
0.045381,0.5549680049557885 
2.1783,0.5539571471915079 
303.1,0.553459634753697 
0.046006,0.5587291021908183 
2.1912,0.5574450396253808 
300.4,0.5562510097746345 
0.046479,0.5536382688250101 
2.1485,0.5489482530718164 
299.6,0.5488819180801083 
0.046006,0.5466298585410381 
2.0877,0.5428778459384832 
298.4,0.5422144960214019 
0.045602,0.5421309234994441 
2.0649,0.5430142856898516 
296.7,0.5424172707644784 
0.04602,0.5433937497052471 
2.0759,0.5399786896907858 
293.3,0.5407083745995751 
0.04556,0.5391952720967623 
2.0667,0.5536022719444369 
298.3,0.5533369319776044 
0.045777,0.5535744538821157 
2.0886,0.5390217448071575 
294.5,0.5381925574108058 
0.045457,0.5364903170951414 
2.0298,0.5333029277483108 
293.4,0.533369262740019 
0.045026,0.533012979883252 
1.9879,0.5295797062153802 
293.3,0.5287173513231744 
0.044881,0.5273098141112555 
1.9193,0.5242317066848877 
290.4,0.5235683567678064 
0.044417,0.5217781453763971 
1.9201,0.5204849759842544 
288.6,0.5199874635464434 
0.043979000000000004,0.5204009276024446 
1.9294,0.5235974237759805 
287.3,0.5245924486516025 
0.044262,0.524104209181218 
1.9705,0.5231479923771689 
292.8,0.5245741946988935 
0.044323,0.5246542923633593 
1.959,0.5265351617100974 
294.3,0.5267367537498984 
0.043982,0.5267367537498984 
1.9811,0.5267367537498984 
295.6,0.5267367537498984 
0.043841000000000005,0.5267367537498984 
1.985,0.5267367537498984 
299.8,0.5267367537498984 
0.044087,0.5267367537498984 
2.0633,0.5267367537498984 
298.5,0.5267367537498984 
0.044248,0.5267367537498984 
2.0862,0.5267367537498984 
287.2,0.5267367537498984 
0.043762,0.5267367537498984 
2.0747,0.5267367537498984 
286.6,0.5267367537498984 
0.044336,0.5267367537498984 
2.0373,0.5267367537498984 
286.4,0.5267367537498984 
0.043733,0.5267367537498984 
2.0409,0.5267367537498984 
287.3,0.5267367537498984 
0.044203,0.5267367537498984 
2.1266,0.5267367537498984 
291.1,0.5267367537498984 
0.044349,0.5267367537498984 
2.19,0.5267367537498984 
299.8,0.5267367537498984 
0.04559,0.5267367537498984 
2.2464,0.5267367537498984 
300.2,0.5267367537498984 
0.04573,0.5267367537498984 
2.2157,0.5267367537498984 
300.2,0.5267367537498984 
0.046100999999999996,0.5267367537498984 
2.1614,0.5267367537498984 
309.2,0.5267367537498984 
0.04687,0.5267367537498984 
2.3604,0.5267367537498984 
305.7,0.5267367537498984 
0.047028,0.5267367537498984 
2.3308,0.5267367537498984 
300.4,0.5267367537498984 
0.046717,0.5267367537498984 
2.5517,0.5267367537498984 
306.2,0.5260392413120875 
0.047377999999999997,0.5253417288742764 
2.54,0.5246442164364655 
302.6,0.524536445446175 
0.046715,0.5233934754661952 
2.5864,0.5275804709697515 
306.8,0.5266657979641847 
0.046615,0.5231451486738923 
2.73,0.5197994471505855 
301.1,0.517055428133885 
0.045814,0.5159754221921771 
2.5315,0.5119831706655303 
298.3,0.5162952005489168 
0.045473,0.5193013588197339 
2.4693,0.527196279643649 
309.3,0.5273922810019848 
0.046225999999999996,0.5291738656066133 
2.7906,0.5365001340179523 
302.8,0.5346054542207067 
0.046598,0.5343460827150209 
2.813,0.5319234676422655 
304.5,0.5329688082200563 
0.046599,0.5327392006576459 
2.8479,0.5304840654050327 
304.2,0.5323787452022782 
0.046868,0.5360907341279124 
2.7392,0.5417772582536726 
306.6,0.5408625852481058 
0.047718,0.5429077933503167 
2.8186,0.5419886017793034 
306.9,0.540877927415401 
0.04807,0.5391601226892196 
2.8774,0.5381435591297516 
305.3,0.5375555550547444 
0.047386000000000005,0.536037593947698 
2.7796,0.5292916625875496 
302.9,0.5270703138597446 
0.047024,0.522006191511027 
2.6677,0.5183761637814321 
300.9,0.5194215043592229 
0.045880000000000004,0.5192684326509492 
2.5696,0.519669605243383 
303.6,0.5206496120350617 
0.046531,0.5226608042021007 
2.5813,0.5254845918672898 
302.7,0.5225445714922536 
0.045642,0.5177865925600833 
2.611,0.5119403783732572 
301.0,0.5120705232751921 
0.045695,0.5119861807639333 
2.5451,0.5125488662210569 
299.3,0.5125488662210569 
0.045233999999999996,0.5125488662210569 
2.5119,0.5125488662210569 
294.5,0.5125488662210569 
0.04458,0.5125488662210569 
2.4247,0.5125488662210569 
295.5,0.5125488662210569 
0.044502,0.5125488662210569 
2.4957,0.5125488662210569 
299.7,0.5125488662210569 
0.04508,0.5125488662210569 
2.5773,0.5125488662210569 
296.8,0.5125488662210569 
0.044594999999999996,0.5125488662210569 
2.5382,0.5125488662210569 
295.2,0.5125488662210569 
0.044407,0.5125488662210569 
2.6075,0.5125488662210569 
297.4,0.5125488662210569 
0.044692,0.5125488662210569 
2.5697,0.5125488662210569 
299.8,0.5125488662210569 
0.04526,0.5125488662210569 
2.9824,0.5125488662210569 
300.0,0.5125488662210569 
0.045895,0.5125488662210569 
2.9722,0.5125488662210569 
300.7,0.5125488662210569 
0.045462,0.5125488662210569 
3.1506,0.5125488662210569 
298.9,0.5125488662210569 
0.045298000000000005,0.5125488662210569 
3.1572,0.5125488662210569 
296.5,0.5125488662210569 
0.045087,0.5125488662210569 
3.1235,0.5125488662210569 
296.3,0.5125488662210569 
0.045037,0.5125488662210569 
3.0805,0.5125488662210569 
296.8,0.5125488662210569 
0.045491000000000004,0.5125488662210569 
3.15,0.5125488662210569 
295.7,0.5125488662210569 
0.04555,0.5125488662210569 
3.0407,0.5125488662210569 
298.7,0.511851353783246 
0.045939,0.511153841345435 
3.1729,0.510456328907624 
298.1,0.509492053768574 
0.045774,0.5084012336884588 
3.075,0.5079039284611593 
298.2,0.5076368072079023 
0.045271,0.5057599900913758 
3.1061,0.5037803327442409 
296.9,0.5068522271566954 
0.045107999999999995,0.5074923480757891 
3.028,0.5084455164281133 
304.6,0.5111835092739966 
0.045811000000000004,0.5170534616477268 
3.178,0.5202731942090895 
306.2,0.5198725123292041 
0.046938,0.5210787265781086 
3.1348,0.5194879874215542 
305.2,0.5198886693014395 
0.046566,0.5205070174001559 
3.1075,0.5226110010541156 
304.5,0.5218764176076591 
0.046274,0.5198733181329441 
3.2361,0.5273265208343954 
305.2,0.5268590586411958 
0.046495999999999996,0.527355478945799 
3.4297,0.5290873954055342 
305.4,0.5282147102711439 
0.046654,0.5276815548639999 
3.42,0.5276815548639999 
304.3,0.5276815548639999 
0.046647,0.5276815548639999 
3.4452,0.5276815548639999 
303.0,0.5276815548639999 
0.046231,0.5276815548639999 
3.4566,0.5276815548639999 
303.2,0.5276815548639999 
0.0467,0.5276815548639999 
3.422,0.5276815548639999 
306.8,0.5276815548639999 
0.047387,0.5276815548639999 
3.5182,0.5276815548639999 
307.7,0.5276815548639999 
0.047242,0.5276815548639999 
3.4921,0.5276815548639999 
305.0,0.5276815548639999 
0.046485000000000005,0.5276815548639999 
3.2335,0.5276815548639999 
300.7,0.5276815548639999 
0.045995,0.5276815548639999 
3.2069,0.5276815548639999 
302.1,0.5276815548639999 
0.046408,0.5276815548639999 
3.2426,0.5276815548639999 
307.6,0.5276815548639999 
0.047156,0.5276815548639999 
3.3398,0.5276815548639999 
306.2,0.5276815548639999 
0.047268,0.5276815548639999 
3.2976,0.5276815548639999 
309.2,0.5276815548639999 
0.047864,0.5276815548639999 
3.3109,0.5276815548639999 
308.1,0.5276815548639999 
0.047999,0.5276815548639999 
3.2736,0.5276815548639999 
316.2,0.5276815548639999 
0.048842,0.5276815548639999 
3.3862,0.5276815548639999 
323.7,0.5276815548639999 
0.050020999999999996,0.5276815548639999 
3.3916,0.5276815548639999 
319.0,0.5276815548639999 
0.048868,0.5276815548639999 
3.2884,0.526984042426189 
322.8,0.526286529988378 
0.050881,0.5255890175505671 
3.287,0.5269052136821697 
326.3,0.5260544318550147 
0.051884000000000007,0.5259590726285376 
3.3341,0.5220848466782037 
321.2,0.5244163384455381 
0.050912,0.5289935813164386 
3.2634,0.5286359604594847 
327.4,0.5272247943897822 
0.055537,0.5283457518275537 
3.3417,0.529561662741197 
327.1,0.5296843728342147 
0.052901,0.5287210500361297 
3.3107,0.527701830593811 
323.4,0.520216514919737 
0.053072,0.5153025955961725 
3.27,0.5047527803160322 
309.1,0.50229857845568 
0.049675,0.5012574113910833 
3.0855,0.5000474608250558 
309.6,0.5004769461506176 
0.051093,0.5007143711634788 
3.0801,0.49958786546407397 
309.8,0.4994651553710564 
0.050193,0.49981934678368556 
3.0708,0.49579611214295405 
311.5,0.4994160598869736 
0.051398,0.5035067760921745 
2.9473,0.5059028358337657 
321.3,0.5092160083452412 
0.054159000000000006,0.5090038827189961 
3.1089,0.5118410081841638 
323.5,0.511779653137655 
0.052335,0.5084537568509336 
3.1348,0.5118153929063003 
319.0,0.5097906763715099 
0.051025,0.5098023530114866 
3.2043,0.5137063806999 
317.4,0.5132155403278297 
0.051815,0.5143267672322872 
3.2074,0.5103273739820193 
318.1,0.510450084075037 
0.051229,0.5096152043166966 
3.1827,0.5082026019317287 
316.6,0.5053802697923238 
0.050696,0.5050650005129504 
3.14,0.5010502414865289 
313.1,0.500605171979154 
0.051158999999999996,0.5015427594627301 
3.0841,0.5015427594627301 
315.5,0.5015427594627301 
0.052506,0.5015427594627301 
3.1899,0.5015427594627301 
315.9,0.5015427594627301 
0.052528,0.5015427594627301 
3.25,0.5015427594627301 
315.4,0.5015427594627301 
0.05281,0.5015427594627301 
3.15,0.5015427594627301 
312.6,0.5015427594627301 
0.051895000000000004,0.5015427594627301 
3.0995,0.5015427594627301 
313.5,0.5015427594627301 
0.052063,0.5015427594627301 
3.12,0.5015427594627301 
311.0,0.5015427594627301 
0.051704999999999994,0.5015427594627301 
3.0808,0.5015427594627301 
311.8,0.5015427594627301 
0.051817999999999996,0.5015427594627301 
3.0433,0.5015427594627301 
304.0,0.5015427594627301 
0.049826,0.5015427594627301 
2.8939,0.5015427594627301 
307.7,0.5015427594627301 
0.04945,0.5015427594627301 
2.9391,0.5015427594627301 
306.6,0.5015427594627301 
0.0487,0.5015427594627301 
2.8952,0.5015427594627301 
306.0,0.5015427594627301 
0.048969,0.5015427594627301 
2.8746,0.5015427594627301 
303.9,0.5015427594627301 
0.047937,0.5015427594627301 
2.8262,0.5015427594627301 
306.7,0.5015427594627301 
0.048976,0.5015427594627301 
2.9048,0.5015427594627301 
304.5,0.5015427594627301 
0.048087,0.5015427594627301 
2.867,0.5015427594627301 
306.8,0.5015427594627301 
0.048179,0.5015427594627301 
2.775,0.5008452470249192 
304.7,0.5001477345871083 
0.048494999999999996,0.49945022214929724 
2.7922,0.4961223273717097 
303.9,0.4962515222084266 
0.048780000000000004,0.49655404836314143 
2.7508,0.4980548535990026 
303.5,0.49291745372190476 
0.048351,0.48918289098768974 
2.7314,0.4828261149646432 
291.6,0.47887426890533724 
0.046189999999999995,0.47695077490813076 
2.5606,0.4722535431362768 
291.3,0.4727145918431958 
0.046442000000000004,0.4729782801807512 
2.5486,0.471376459207861 
289.4,0.4705860899959998 
0.045734,0.4700464487470492 
2.5901,0.469072368425697 
289.9,0.4649887941644141 
0.045794999999999995,0.46211275159898413 
2.5694,0.45514266574397516 
282.0,0.4269528305209258 
0.044517,0.4182695122423568 
2.4711,0.4054260828200835 
223.9,0.3948219625609458 
0.037579,0.39082779968045533 
2.1755,0.38773238888149164 
219.4,0.38990590421411 
0.037586,0.39074807161777525 
2.2937,0.3993777017239769 
230.1,0.39654554538147424 
0.038595,0.3947794467485449 
2.3257,0.3828307281399581 
222.0,0.380986533312282 
0.03696,0.37838644365824725 
2.1994,0.37977180233750374 
218.5,0.38029871514541114 
0.036993,0.38176841991054555 
2.2139,0.3795605045154806 
220.0,0.3813388352421683 
0.037837,0.383597560924329 
2.1674,0.38890810252814545 
226.4,0.3916743947696596 
0.038717,0.39331784766419103 
2.363,0.40238040235766026 
227.3,0.3996141101161461 
0.038967,0.3978380935311717 
2.2962,0.3896098855331042 
223.2,0.3891837447997091 
0.038344,0.3891837447997091 
2.2702,0.3891837447997091 
223.2,0.3891837447997091 
0.038555,0.3891837447997091 
2.3269,0.3891837447997091 
223.9,0.3891837447997091 
0.039264999999999994,0.3891837447997091 
2.3,0.3891837447997091 
208.5,0.3891837447997091 
0.036179,0.3891837447997091 
2.1055,0.3891837447997091 
216.0,0.3891837447997091 
0.037683,0.3891837447997091 
2.24,0.3891837447997091 
214.2,0.3891837447997091 
0.037857,0.3891837447997091 
2.2286,0.3891837447997091 
213.3,0.3891837447997091 
0.037573,0.3891837447997091 
2.2411,0.3891837447997091 
218.1,0.3891837447997091 
0.03865,0.3891837447997091 
2.239,0.3891837447997091 
213.1,0.3891837447997091 
0.038316,0.3891837447997091 
2.2049,0.3891837447997091 
212.2,0.3891837447997091 
0.03776,0.3891837447997091 
2.1975,0.3891837447997091 
217.0,0.3891837447997091 
0.03834,0.3891837447997091 
2.227,0.3891837447997091 
220.7,0.3891837447997091 
0.039310000000000005,0.3891837447997091 
2.2721,0.3891837447997091 
220.7,0.3891837447997091 
0.039481999999999996,0.3891837447997091 
2.2836,0.3891837447997091 
222.2,0.3891837447997091 
0.039271,0.3891837447997091 
2.2823,0.3891837447997091 
219.9,0.3891837447997091 
0.03879,0.3891837447997091 
2.25,0.3891837447997091 
218.8,0.3891837447997091 
0.03845,0.38848623236189816 
2.2342,0.38778871992408714 
226.9,0.38709120748627623 
0.038679000000000005,0.3863635092278965 
2.26,0.3870342431012147 
227.3,0.38576530196695635 
0.038723,0.38549113396115836 
2.2866,0.3840967135403126 
223.0,0.38287152899689075 
0.038169,0.38131107744987214 
2.2155,0.3795768773695164 
221.7,0.3794893641878434 
0.037456,0.37868992103075017 
2.1961,0.3783986813225988 
220.8,0.37572952928157266 
0.037472000000000005,0.37377448079162984 
2.1524,0.37298460340134065 
216.5,0.37315962976468664 
0.03677,0.3739641975574023 
2.173,0.3742819136026583 
214.4,0.37533207178273414 
0.036969999999999996,0.3757599788572039 
2.18,0.3766469361502102 
218.3,0.37620937024184525 
0.037458,0.37519469238861153 
2.2035,0.37676120900063764 
216.6,0.3754922678663793 
0.03683,0.3742162335964035 
2.2412,0.3723275882162706 
214.9,0.3759156286648631 
0.036998,0.3804073717878904 
2.188,0.38445825136490447 
224.9,0.38655856772505626 
0.038751999999999995,0.3883060684722922 
2.36,0.39582093548716685 
227.7,0.3958646920780033 
0.038968,0.3964027788183545 
2.48,0.4005551510209364 
226.7,0.40016134170340795 
0.039083,0.3994541419875178 
2.53,0.398536295634556 
227.6,0.40072412517638073 
0.038932999999999995,0.4022897013590217 
2.6629,0.40569632339982215 
230.8,0.40525875749145723 
0.039302,0.4052895053051916 
2.6227,0.4028845713515177 
231.4,0.4017031433989323 
0.039142,0.40136346717597327 
2.5496,0.39996233059094854 
228.9,0.3989769321653107 
0.03934,0.3989769321653107 
2.58,0.3989769321653107 
225.2,0.3989769321653107 
0.038513,0.3989769321653107 
2.5271,0.3989769321653107 
223.1,0.3989769321653107 
0.038486,0.3989769321653107 
2.5047,0.3989769321653107 
223.2,0.3989769321653107 
0.038301999999999996,0.3989769321653107 
2.5546,0.3989769321653107 
222.9,0.3989769321653107 
0.038241000000000004,0.3989769321653107 
2.4627,0.3989769321653107 
223.1,0.3989769321653107 
0.038234,0.3989769321653107 
2.4663,0.3989769321653107 
224.7,0.3989769321653107 
0.038632,0.3989769321653107 
2.5689,0.3989769321653107 
222.4,0.3989769321653107 
0.038952999999999995,0.3989769321653107 
2.4987,0.3989769321653107 
222.9,0.3989769321653107 
0.03912,0.3989769321653107 
2.592,0.3989769321653107 
225.6,0.3989769321653107 
0.039471,0.3989769321653107 
2.62,0.3989769321653107 
224.2,0.3989769321653107 
0.039588,0.3989769321653107 
2.6237,0.3989769321653107 
222.9,0.3989769321653107 
0.03907,0.3989769321653107 
2.6137,0.3989769321653107 
222.5,0.3989769321653107 
0.0384,0.3989769321653107 
2.56,0.3989769321653107 
218.7,0.3989769321653107 
0.037817,0.3989769321653107 
2.53,0.3989769321653107 
219.3,0.3989769321653107 
0.03793,0.3989769321653107 
2.5402,0.3989769321653107 
222.3,0.3982794197274998 
0.038273,0.3975819072896888 
2.5985,0.3968843948518779 
219.3,0.39679410221343664 
0.03784,0.3960888384815061 
2.5122,0.3964015153517294 
222.6,0.3972141490977001 
0.038380000000000004,0.3990651386692353 
2.5451,0.4003435516955912 
222.1,0.4006595759301354 
0.038698,0.4037821376577536 
2.5578,0.4036831892811007 
222.1,0.4042249451117478 
0.03947,0.40520811945923463 
2.5812,0.40754725908330997 
223.9,0.4072312348487658 
0.040038,0.40658102888029446 
2.6177,0.405587587178699 
221.9,0.4049103923903901 
0.039527,0.4039639232185428 
2.57,0.40406682953026185 
222.2,0.40415712216870303 
0.039624,0.40457136629377755 
2.594,0.405192762099158 
221.6,0.4042446893955255 
0.039464,0.40404543272776816 
2.6699,0.4049082625721817 
220.2,0.40517914048750525 
0.039407,0.40458399228249325 
2.6631,0.404643361308485 
222.8,0.4053205560967939 
0.039479,0.40586064653834664 
2.6382,0.40664035974637175 
222.3,0.4070918229385777 
0.039637,0.4075427722392917 
2.7354,0.41205481821466544 
223.2,0.4118290866185625 
0.039721,0.41174256727598363 
2.78,0.41226897263977724 
221.8,0.41123060729770355 
0.039923,0.41131974843854235 
2.7209,0.40839879235974774 
220.0,0.4081279144444242 
0.039361,0.4070031629908992 
2.6856,0.40296606922345957 
221.4,0.403372386096445 
0.039455000000000004,0.403215078200847 
2.6318,0.405609628915848 
222.5,0.40437433532933414 
0.039519,0.40282444880076285 
2.6782,0.4005323056976626 
219.5,0.4005323056976626 
0.038419999999999996,0.4005323056976626 
2.6087,0.4005323056976626 
220.5,0.4005323056976626 
0.038879000000000004,0.4005323056976626 
2.6362,0.4005323056976626 
223.9,0.4005323056976626 
0.0389,0.4005323056976626 
2.6067,0.4005323056976626 
223.5,0.4005323056976626 
0.038928,0.4005323056976626 
2.6143,0.4005323056976626 
227.8,0.4005323056976626 
0.0403,0.4005323056976626 
2.6962,0.4005323056976626 
234.4,0.4005323056976626 
0.041319999999999996,0.4005323056976626 
2.78,0.4005323056976626 
234.2,0.4005323056976626 
0.041177,0.4005323056976626 
2.8858,0.4005323056976626 
232.9,0.4005323056976626 
0.041681,0.4005323056976626 
2.9,0.4005323056976626 
235.7,0.4005323056976626 
0.041645,0.4005323056976626 
2.9897,0.4005323056976626 
233.8,0.4005323056976626 
0.041249,0.4005323056976626 
2.9551,0.4005323056976626 
233.2,0.4005323056976626 
0.040681,0.4005323056976626 
2.9259,0.4005323056976626 
229.3,0.4005323056976626 
0.040648000000000004,0.4005323056976626 
2.93,0.4005323056976626 
229.3,0.4005323056976626 
0.041145999999999995,0.4005323056976626 
2.8741,0.4005323056976626 
231.8,0.4005323056976626 
0.041234,0.4005323056976626 
2.9068,0.4005323056976626 
228.5,0.4005323056976626 
0.040958,0.4005323056976626 
2.85,0.4005323056976626 
231.7,0.39983479325985166 
0.0421,0.3991372808220407 
3.0081,0.3984397683842298 
232.2,0.400662332539399 
0.042975,0.40074870420015674 
2.9845,0.39931233845211433 
238.0,0.3994833049255888 
0.042518,0.39889504388475194 
2.8793,0.3976186446237305 
237.8,0.39749041976862454 
0.042407,0.39777988155062366 
2.8993,0.39790652168618196 
239.4,0.39735088064738966 
0.042741,0.3959502591215876 
2.9032,0.3961302214194862 
237.1,0.39625844627459206 
0.041794,0.39615106529094724 
2.9305,0.3985738910422857 
237.5,0.39694970954427744 
0.041782,0.3952806355593633 
2.9563,0.3896984716893607 
231.9,0.388843639321988 
0.04116,0.38910275430426133 
2.828,0.3878096918675085 
231.7,0.38751050053892805 
0.041260000000000005,0.38742646324737995 
2.814,0.38845182843337345 
231.1,0.38863860930564437 
0.041862,0.38967378533167263 
2.867,0.38967378533167263 
230.5,0.38967378533167263 
0.041654000000000004,0.38967378533167263 
2.8896,0.38967378533167263 
232.1,0.38967378533167263 
0.041624,0.38967378533167263 
2.8797,0.38967378533167263 
224.7,0.38967378533167263 
0.040625,0.38967378533167263 
2.767,0.38967378533167263 
222.1,0.38967378533167263 
0.040772,0.38967378533167263 
2.7887,0.38967378533167263 
223.9,0.38967378533167263 
0.041007,0.38967378533167263 
2.85,0.38967378533167263 
220.6,0.38967378533167263 
0.040436,0.38967378533167263 
2.845,0.38967378533167263 
220.5,0.38967378533167263 
0.040094,0.38967378533167263 
2.8065,0.38967378533167263 
223.2,0.38967378533167263 
0.0404,0.38967378533167263 
2.8273,0.38967378533167263 
224.1,0.38967378533167263 
0.040867,0.38967378533167263 
2.8236,0.38967378533167263 
224.0,0.38967378533167263 
0.040388,0.38967378533167263 
2.796,0.38967378533167263 
225.0,0.38967378533167263 
0.040802,0.38967378533167263 
2.8334,0.38967378533167263 
224.4,0.38967378533167263 
0.040473,0.38967378533167263 
2.8156,0.38967378533167263 
223.9,0.38967378533167263 
0.040477,0.38967378533167263 
2.8309,0.38967378533167263 
226.1,0.38967378533167263 
0.040636,0.38967378533167263 
2.8571,0.38967378533167263 
225.8,0.38967378533167263 
0.040798,0.38967378533167263 
2.8508,0.3889762728938617 
226.6,0.3882787604560507 
0.041339,0.3875812480182398 
2.8681,0.3884668923340683 
226.9,0.3878978063955252 
0.041587,0.3879746181968903 
2.8776,0.38803040681521017 
225.7,0.3867171315724185 
0.041293,0.38498886604170235 
2.8652,0.38404743310755396 
223.3,0.3849229499360818 
0.041125999999999996,0.3863991767435685 
2.866,0.3883308576528951 
225.3,0.388768616067159 
0.041561,0.38938071010928765 
2.97,0.3925188198897821 
226.1,0.3926939232554877 
0.041804,0.39301557267370424 
2.9983,0.3943370655701569 
225.4,0.3937679796316138 
0.041602,0.3927526236323181 
3.0199,0.3914241571585755 
224.8,0.3924747773528089 
0.0413,0.3927628216079282 
2.9615,0.39331722100248223 
228.0,0.3930983417953503 
0.041513999999999995,0.3931439488024109 
3.007,0.39337059006433545 
227.9,0.3931954866986299 
0.041522,0.3933371084573969 
3.09,0.3964124560422815 
225.7,0.3954931633723272 
0.041460000000000004,0.39483786269193066 
3.0819,0.39502266249011536 
223.2,0.3947162316001306 
0.041124,0.39435137554364613 
3.0404,0.3917816123122857 
225.6,0.3924382499336816 
0.0413,0.3924094455081696 
3.0601,0.3909380206999822 
225.9,0.38901188367722095 
0.041095,0.38641708501235406 
3.0181,0.38450283804625246 
221.4,0.38454661388767886 
0.039416,0.38260231516562315 
2.9353,0.38233034565131363 
221.7,0.383599845052679 
0.039623,0.38436796306633064 
2.9186,0.3825416110683921 
224.5,0.3817776350838187 
0.039543,0.380883536114453 
2.9122,0.380883536114453 
221.8,0.380883536114453 
0.039169999999999996,0.380883536114453 
2.8357,0.380883536114453 
221.2,0.380883536114453 
0.038551,0.380883536114453 
2.7856,0.380883536114453 
215.6,0.380883536114453 
0.037771,0.380883536114453 
2.7674,0.380883536114453 
214.7,0.380883536114453 
0.038147,0.380883536114453 
2.7727,0.380883536114453 
217.2,0.380883536114453 
0.038593,0.380883536114453 
2.8315,0.380883536114453 
214.9,0.380883536114453 
0.03815,0.380883536114453 
2.7728,0.380883536114453 
215.9,0.380883536114453 
0.03814,0.380883536114453 
2.7884,0.380883536114453 
218.0,0.380883536114453 
0.039222,0.380883536114453 
2.8369,0.380883536114453 
219.2,0.380883536114453 
0.039319,0.380883536114453 
2.9012,0.380883536114453 
218.0,0.380883536114453 
0.03921,0.380883536114453 
2.9348,0.380883536114453 
220.5,0.380883536114453 
0.039226,0.380883536114453 
2.911,0.380883536114453 
218.4,0.380883536114453 
0.039024,0.380883536114453 
2.8927,0.380883536114453 
214.3,0.380883536114453 
0.038191,0.380883536114453 
2.7836,0.380883536114453 
213.3,0.380883536114453 
0.037842,0.380883536114453 
2.7794,0.380883536114453 
213.2,0.380883536114453 
0.0376,0.380883536114453 
2.7779,0.3801860236766421 
214.0,0.3794885112388311 
0.038163,0.3787909988010202 
2.7779,0.3782702689964034 
212.2,0.3785518798102587 
0.038049,0.3783076535937561 
2.7398,0.3769034787413067 
214.5,0.3779360517254426 
0.038058,0.3782012866487411 
2.7156,0.37882616241428124 
214.0,0.37845068132914095 
0.037966,0.3791124555932125 
2.7562,0.3801287765222232 
213.3,0.3798002305727254 
0.0384,0.3812918487552359 
2.7624,0.38087167367151065 
214.3,0.3808247385358681 
0.039126999999999995,0.3816125650407152 
2.7844,0.3817382584418296 
214.0,0.38169132330618705 
0.039033,0.3815810275955084 
2.7658,0.3818791005181511 
213.0,0.3815505545686534 
0.039027,0.3800668146511913 
2.7425,0.37789411443192816 
211.7,0.37794104956757074 
0.038399,0.37821416275591774 
2.6949,0.37895395820247674 
212.7,0.3791886338806894 
0.038518000000000004,0.37871856406613064 
2.7123,0.37911000922960125 
212.9,0.3814567660117284 
0.038465,0.3819767315049274 
2.7277,0.38252978246983077 
220.3,0.3852520203370982 
0.038868,0.38681454290504497 
2.78,0.38849524323994605 
225.7,0.38915233513894165 
0.039251,0.3895803875399086 
2.91,0.39347688297445493 
224.6,0.3931483370249571 
0.0395,0.39268351938709734 
2.8948,0.39256141722601473 
224.7,0.3927491577685849 
0.03893,0.3918300268462633 
2.8801,0.3907777935169342 
224.2,0.39350003138420164 
0.038646,0.39406957742543913 
2.8872,0.39493135293091963 
232.1,0.3946211116843224 
0.039225,0.3946211116843224 
2.895,0.3946211116843224 
229.7,0.3946211116843224 
0.0387,0.3946211116843224 
2.8887,0.3946211116843224 
234.5,0.3946211116843224 
0.038819,0.3946211116843224 
2.9529,0.3946211116843224 
232.7,0.3946211116843224 
0.039275,0.3946211116843224 
2.9818,0.3946211116843224 
