date,current_balance 
23.19,9937.223880597016 
23.19,9816.690666457587 
22.82,9907.215953817033 
23.07,10011.063523622135 
22.16,10253.143714105705 
23.11,10234.714421807592 
22.8,10244.920273314148 
23.18,10477.61053359685 
23.61,10544.880674960245 
23.92,10009.20607719504 
23.92,10034.026038675926 
23.92,9781.70538411154 
23.14,9309.875045313665 
23.49,9307.154443479012 
23.03,8844.860228988291 
20.71,8837.597599311452 
21.33,9149.766583602996 
21.62,9198.102743044221 
22.99,9493.310199181782 
23.12,9512.885335688039 
23.12,9567.641822760688 
23.13,9573.727173518739 
22.82,9479.165923857607 
23.15,9384.626204176458 
21.52,9550.012515794308 
22.78,9652.624339739634 
22.78,9779.946251642974 
23.03,9962.041604790518 
23.17,9934.150822694573 
23.29,9748.142243460585 
22.89,9653.605168328455 
23.0,9350.621494007992 
22.02,9401.81580514656 
22.95,9294.55938882603 
22.24,9276.132287987657 
22.5,9296.79921379524 
22.61,9256.124725020836 
22.38,8896.25085527019 
22.63,8837.736058649272 
21.9,9086.796051049976 
22.57,9142.686404119282 
21.74,8788.820664636401 
21.82,8809.497993282648 
22.32,9012.715313207043 
22.23,9271.629300291026 
22.66,9242.436365189576 
22.69,9441.536854165637 
23.76,9495.758437347375 
23.41,9383.290644535284 
23.52,9449.921047865184 
23.17,9454.333957671637 
23.17,9593.814716074912 
23.7,9584.601976986116 
22.43,9559.954996297376 
23.61,9577.060941539676 
23.86,9654.699325010406 
23.18,8649.165084698603 
23.08,9425.135941870227 
22.43,9297.888116377655 
22.32,9295.726499145549 
22.52,9363.103237619618 
23.19,9396.407084568651 
23.04,9363.004203282446 
22.87,9327.858667806833 
22.6,9452.934178637455 
23.47,9485.126631544053 
22.99,9396.996637633583 
22.79,9435.685525421663 
23.57,9498.1266375069 
23.56,9398.205526751963 
23.22,9346.992974238825 
23.14,8362.651686969266 
23.2,9355.161872261106 
23.1,9385.645422919017 
23.29,9439.890784760551 
23.59,9540.604970476577 
23.78,9520.075596007156 
23.5,9513.85782116283 
24.28,9605.025534560882 
23.96,9541.190421844596 
23.44,9526.675879718183 
23.34,9596.022999152672 
24.07,9630.791990654317 
23.89,9555.771716640067 
24.11,9409.350680355443 
23.37,9355.229822220914 
24.3,9379.225777600064 
23.17,9371.029078371497 
24.1,9447.288401595042 
23.97,9367.53500904899 
23.28,9328.712896464995 
23.28,8906.867339258133 
22.33,8730.401976578203 
22.07,8724.171974886336 
22.01,8685.002610706662 
21.78,8222.039191968728 
20.25,8102.212629188064 
20.25,8220.420345418788 
22.38,8261.330908829843 
21.43,8083.894904669268 
21.21,7240.960416995375 
21.21,7309.596018577717 
21.21,8439.203426119711 
22.05,8363.91598483334 
21.69,8361.575873390108 
21.91,8424.565387573413 
21.35,8418.328504854378 
21.38,7337.4951805526125 
21.38,7255.484330798529 
20.83,8169.4553327959175 
20.98,8081.015334057871 
20.13,7979.491340801161 
20.85,8134.527689923629 
20.61,7211.163232416782 
266.01,7668.830391229035 
18.59,7465.730396471341 
18.23,7426.771505678539 
19.77,7524.734785241989 
18.84,7120.819220812614 
18.11,7141.599646185066 
18.14,7226.7924098519 
18.19,7375.381130318049 
18.2,7499.088167406812 
18.62,7522.814897110541 
18.45,7464.338480504552 
18.57,7371.05672329084 
17.85,7371.085881283046 
17.57,7160.799868594451 
16.86,6758.371781689619 
16.04,6658.028248905207 
15.08,6583.599944511347 
15.08,6728.389517248106 
16.05,6678.188373832164 
14.1,6767.026357640068 
14.2,7123.134874981977 
16.42,7068.069881894296 
16.08,6294.858997068923 
16.08,7172.110656182078 
16.84,7193.075147196455 
16.48,7253.241487142518 
18.08,7512.57722609524 
18.23,7500.355978374092 
18.04,7483.879586877399 
18.07,7414.90522037501 
18.08,7318.027204590836 
17.79,7260.86825727989 
17.2,7301.937894462191 
17.3,7398.346968301329 
17.63,7473.250911634066 
17.89,7545.440808136937 
18.0,7503.7334278147955 
18.07,7566.444039388278 
18.07,7780.081029325768 
18.45,7759.4856852861185 
18.32,7647.894651811988 
18.34,7629.641174734321 
18.27,7715.086800544704 
18.22,7604.949490995463 
18.2,7472.124239737921 
18.23,7611.841469636158 
18.3,7658.816469694994 
18.08,7668.135920759419 
18.35,7619.678810863868 
18.33,7483.522480268318 
18.25,7417.605949373312 
18.11,7431.196567286286 
18.24,7424.465751296615 
18.3,7275.471453178346 
17.71,7179.7705810455645 
17.64,7190.4978227310285 
17.45,7223.904355815737 
17.68,7280.628837855607 
17.44,7035.67719409001 
17.26,7018.079944964475 
17.38,7068.478596392431 
17.31,7247.728438558225 
17.55,7167.86228306914 
17.31,7188.509903917268 
17.37,7367.04805053704 
17.61,7358.518609108699 
17.58,7343.092290783956 
17.54,7330.157162487134 
17.7,7313.776862906857 
17.44,7262.601345786878 
17.53,7180.372405240061 
17.33,7219.163905387128 
17.26,7287.00819256637 
17.28,7278.359542642704 
17.38,7327.671687043735 
17.42,7356.910297033439 
17.6,7465.707507932201 
17.66,7405.838366021155 
17.58,7208.1016453267 
17.03,7021.634753571246 
16.73,7023.351893252996 
16.79,7049.840799104788 
16.85,6498.363576831112 
16.86,7092.759855746232 
16.89,6509.644743608686 
16.58,7045.983132840964 
16.72,7061.477128643076 
16.66,6979.02800422334 
16.72,7148.539329844769 
212.58,7126.462492927624 
17.03,7053.562761098775 
16.61,7034.165740453518 
16.75,7055.579398720464 
16.75,7066.551480602212 
16.82,6300.602301336665 
16.82,6280.074225521776 
16.62,7038.708648260519 
16.74,7130.3398880557315 
16.51,7264.094845833844 
16.45,7255.990445154392 
16.77,7351.8885862431525 
16.77,7392.937059871573 
16.9,7392.90134439552 
16.83,7462.884360901331 
16.66,7398.217285777766 
16.76,7469.843127751474 
17.11,7447.72602023697 
16.94,7405.316483270661 
17.11,7367.033884175656 
17.05,7404.741561941704 
17.15,7518.60130555569 
17.21,7606.685528287269 
17.15,7589.654748201835 
17.24,7644.507066116126 
17.49,7651.155768107103 
17.47,7653.519700967755 
17.43,7572.615256579243 
17.12,7541.496182795227 
17.26,7641.0819783076295 
17.45,7693.308068687179 
18.08,7683.4661078114095 
17.9,7660.024054009735 
17.95,7619.005956157995 
17.8,7051.692767604473 
17.82,7619.502592215428 
17.85,7524.722235917345 
17.86,7567.3471566095795 
18.02,7641.525164948676 
18.16,7672.665828608413 
18.1,7642.421697352794 
18.09,7731.042370136619 
18.5,7743.462667469269 
18.45,7811.151920183825 
18.62,7749.661822782627 
18.4,7850.474743392312 
18.28,7827.5005361074855 
18.6,6941.616936937291 
18.08,7724.030995786221 
18.69,7684.716656907149 
18.27,7588.272048723308 
18.28,6934.6208069327695 
18.28,6772.394416834868 
18.28,6812.632121540851 
18.28,7602.874513243337 
18.28,7569.345155101947 
18.52,7532.7544532101565 
18.1,7427.6986104883 
18.21,7449.353300162053 
17.94,7432.95463949139 
17.94,7457.887535099608 
18.0,7485.086891655923 
18.0,7371.285604266244 
17.89,7431.095362808173 
18.01,7478.928497179183 
18.04,6716.234329777968 
18.04,6649.01834522254 
17.81,7208.6671555031235 
17.55,7148.594408963001 
17.47,7098.97651711224 
17.37,6402.5430861966715 
17.52,7186.449308024221 
17.54,6434.318461573823 
17.54,7107.7208108316945 
16.98,7010.146383179266 
17.09,7072.916932028771 
17.01,7101.122019458142 
17.0,7167.973353249854 
17.17,6449.705538856404 
16.84,7155.67335782288 
16.78,6494.504877722321 
16.78,7322.92533352976 
17.18,7350.760720538811 
17.14,7318.925985502376 
16.73,7242.285866257446 
16.77,7199.834283064567 
16.25,7196.45585405416 
16.97,6470.829916151498 
16.97,6450.422640822848 
16.97,7146.924485470132 
16.97,6399.864159289398 
16.97,7122.741000399135 
16.87,7034.37916984548 
16.47,7007.081652783544 
16.25,7014.21491657815 
16.5,6989.114697544559 
16.6,6321.826701965883 
16.6,6224.423732771237 
16.6,6182.634965885038 
16.6,6618.11202869796 
15.26,6493.43107898427 
15.26,6443.054526381616 
15.4,6235.805178368681 
14.49,6336.07898578195 
15.11,5759.42479907541 
14.98,6404.497374728933 
14.8,6554.943887638283 
15.2,6504.181290867113 
15.18,6379.029572722564 
14.86,6411.623995330327 
14.91,6459.102575935531 
14.8,6489.138033702762 
14.77,6468.11809796761 
14.78,6434.065321312717 
14.75,6412.725699964985 
14.76,6412.700076304648 
14.61,5783.877798711679 
14.61,6380.224892992206 
14.38,6382.372788774572 
14.87,6441.778676906369 
14.82,5826.085331655145 
14.82,6566.586074162841 
14.99,6656.544548515115 
14.96,6698.77143303424 
15.1,6650.5614797579465 
14.93,6652.593735153281 
15.53,6697.218159327984 
15.35,6766.741234940409 
15.25,6716.908669252594 
15.55,6684.778948903263 
15.68,6710.070435256015 
15.85,6733.541782205446 
16.0,6662.9662394595025 
15.89,6595.508676210228 
15.79,6573.049949257467 
15.81,6595.64735489938 
15.81,6603.570725494247 
15.94,6515.801316041802 
15.68,6400.707595074518 
15.59,6364.688236214162 
15.55,6287.743861394191 
15.39,6320.651978904575 
15.49,6351.542582851858 
15.57,6302.865720825299 
15.56,6310.415088568494 
15.46,6325.131945511458 
15.15,6421.124182097223 
15.34,6475.201896070694 
15.38,6472.59535209366 
15.41,6445.539853474544 
15.3,6475.482713228052 
15.34,6466.175814128728 
15.25,6552.73563953938 
15.83,6571.38937354049 
15.58,6538.362497067344 
15.47,6529.874692700119 
15.32,6502.815745352642 
15.32,6403.1397731344805 
15.08,6359.645697876563 
14.91,6413.759291354035 
15.1,6447.763655590062 
15.2,6463.900231754551 
15.2,6469.403359850574 
15.15,6481.1545291911225 
15.39,6470.688698688872 
15.25,6402.5517389096585 
15.05,6360.610305975817 
15.13,6539.811465417385 
15.43,6520.234501817385 
15.22,6475.53316557249 
15.26,6445.868219361057 
15.08,6443.331124089871 
15.15,6432.847330675806 
15.24,6415.487422695237 
15.17,6376.276846842986 
15.16,6361.6476235245045 
15.14,6362.257251417323 
15.17,6388.7335052149565 
15.43,6356.195694137558 
15.26,6342.465997227244 
15.24,6324.10456720732 
15.27,6313.875610034589 
15.24,6325.600683340052 
15.31,6068.863302923211 
15.14,6005.759606338256 
15.1,5957.257447988739 
15.04,5869.254260549422 
14.82,5224.302747391971 
14.85,5811.950551099348 
14.6,5827.503576016432 
14.52,5806.22412354315 
14.52,5763.639288875696 
14.49,5794.98551586266 
14.49,5831.975828000154 
14.4,5845.176960991133 
14.43,5223.469311495162 
14.37,5859.252224881589 
14.37,5249.786436045004 
14.37,5850.358492637023 
14.49,5197.791377229327 
14.49,5187.164932466489 
14.49,5756.024310651718 
14.3,5798.2041943157665 
14.31,5229.098417841006 
14.31,5836.303214739388 
14.17,5820.255663338279 
14.17,5795.204478533164 
14.07,5800.112801195324 
14.3,5859.69705852532 
14.3,5836.609206431607 
13.94,5829.179401622931 
13.95,5830.681029143375 
13.95,5880.498592597242 
13.74,5925.2049631005675 
13.96,5965.728683467772 
14.03,5957.7702343555475 
13.95,5954.568007734075 
13.99,5945.623688324034 
14.06,5981.839393178712 
14.18,5978.334152193469 
14.31,5979.677085511737 
14.13,5918.3989748865915 
14.11,5910.325410892844 
13.98,5880.171259410018 
14.17,5858.936694606609 
14.12,5914.566958044054 
14.09,5876.2690105886995 
13.91,5839.689170875555 
13.9,5236.788626314042 
13.88,5785.56240164152 
13.63,5752.396693932371 
13.59,5741.798274852336 
13.58,5753.601390095574 
13.78,5789.039432080168 
13.95,5817.862538015945 
13.96,5844.582901404409 
14.17,5860.98322267225 
13.71,5790.436193916329 
13.58,5693.51152686201 
13.51,5717.593841877722 
13.51,5718.694945808439 
13.49,5739.248917163533 
13.59,5797.278285116074 
13.69,5915.648904952066 
14.06,5921.749666818022 
14.01,5977.2109604696525 
14.3,6040.747098352862 
14.22,6046.482087276187 
14.11,6045.4627376464305 
14.28,6057.71231381132 
14.3,6093.950173569009 
13.9,6078.077732103096 
14.09,5969.041295095263 
13.97,6049.701703299938 
14.12,6096.712380189675 
14.37,6059.563730501155 
14.34,6072.770017653944 
14.52,6115.48665584025 
14.54,6097.942011266534 
14.56,6078.189096363599 
14.53,6028.234715443608 
13.99,5963.675302692407 
14.22,5958.567427855725 
14.22,5994.401080958907 
14.19,5918.0322199968095 
14.2,5946.483622792391 
14.32,5870.948243691406 
14.18,5865.5936424261245 
14.04,5899.471020614601 
14.0,5894.485554621782 
14.0,5881.554701876678 
13.92,5860.034611229114 
13.85,5951.824015791013 
14.31,5982.609372384708 
14.26,6017.238835871286 
14.42,6049.035074954879 
14.44,5997.613426158955 
14.3,5988.545326693982 
14.23,6003.5343242544 
14.31,5943.171586363682 
14.22,5953.975551329446 
14.49,5975.588351618557 
14.15,5964.281839995622 
14.45,5955.261862264159 
14.42,6017.479781709144 
14.59,6120.15161875881 
14.79,6120.016735496129 
14.92,6128.461273703116 
14.96,6164.566856337292 
15.04,6170.762281120558 
15.05,6154.929763064363 
14.99,6173.172954415977 
14.99,6162.328053724304 
15.12,6242.768651808657 
15.54,6253.127182980909 
15.47,6226.542324144142 
15.48,6111.749495590652 
15.01,6124.903511152985 
15.36,6229.893854788328 
15.73,6235.097167374135 
15.71,6236.3069469220945 
15.71,6233.181028845312 
15.87,6353.948035315413 
16.3,6509.609168780928 
16.52,6576.858671230295 
16.62,6593.191518349003 
16.81,6663.184574148618 
16.99,6653.589096481685 
16.96,6799.246642579918 
17.15,6812.952495686288 
17.07,6802.216494777607 
16.94,6544.832232550532 
16.49,6495.988875984232 
16.94,6565.315038083157 
16.78,6558.171202429622 
16.91,6688.45383996371 
17.34,6752.343747952397 
17.68,6706.7604709387415 
17.67,6668.412018304635 
17.48,6626.845978086627 
17.37,6623.686607932833 
17.38,6531.8759262798085 
17.17,6534.815676325403 
17.36,6614.308830100379 
17.53,6566.951846817516 
17.34,6498.116811274757 
17.03,6517.597360853466 
17.2,6515.09098625094 
17.22,6056.934756899436 
17.23,6396.557353880686 
17.08,6387.600278109878 
17.1,6405.4632812840955 
17.13,6399.389327550436 
16.86,6331.53152960529 
16.8,6340.877828080754 
16.76,6329.595237850966 
16.72,6302.426766971672 
16.73,6382.112648595229 
16.73,6343.67049141393 
16.7,6310.864269755622 
16.73,6174.8323968261175 
16.63,6125.583750934021 
16.6,6156.471383088125 
16.57,6118.592245792704 
16.44,5952.729917564232 
16.25,5425.638916624212 
15.0,5267.210402233555 
14.07,5364.316268147001 
14.81,5232.776050157349 
14.46,5183.69168459371 
14.44,5213.228155468421 
14.28,5238.630690337619 
14.05,5355.347803544596 
14.18,5306.877397557533 
14.32,5322.9152520874595 
14.39,5402.02193071898 
14.45,5214.663922712692 
14.11,5073.05958110858 
13.65,5192.628426502566 
13.99,5188.621500442104 
14.1,4601.134379291964 
14.1,5210.160680006011 
14.11,5174.870871518084 
14.07,5241.0050112252775 
14.14,5307.56586662688 
14.33,5344.828981174962 
14.35,5356.493296825108 
14.47,5390.0497138324135 
14.48,5334.238184983613 
14.28,5391.008107164897 
14.31,5398.5800898250145 
14.25,5349.337847514943 
14.35,5305.039077708909 
14.36,5318.481207966121 
14.28,5258.358134485203 
14.2,5223.074490736994 
14.1,5267.403643031892 
14.03,5261.6430372490895 
14.06,5195.157839947332 
13.91,5306.102943324101 
14.21,5438.601441567698 
14.39,5466.879769716159 
14.28,5452.977614552878 
14.47,5533.652943934527 
14.56,5540.392973228691 
14.42,5510.148685101335 
14.51,5517.566256904219 
14.67,5512.714054371878 
14.47,5495.0616864410895 
14.52,5445.825508386257 
14.59,5405.695138963273 
14.53,5446.6180540515215 
14.65,5458.14372447937 
14.63,5464.522796855271 
14.6,5494.369524236561 
14.69,5518.652707651424 
14.36,5476.994188322265 
14.39,5467.804570221935 
14.31,5397.092531590917 
14.04,5399.265252458368 
14.22,5429.553376995694 
14.4,5402.760256776953 
14.38,5381.238635524047 
14.31,5419.83471246641 
14.31,5438.565181704632 
14.07,5475.570753001246 
14.29,5461.76339536602 
14.41,4827.290783681575 
14.41,4831.98885708781 
14.41,5437.641147302216 
14.38,5427.9205073126905 
14.36,5440.2192436459245 
14.32,5469.815498030839 
14.35,5469.6104651603755 
14.38,5433.068958924854 
14.45,5377.47685005572 
14.27,5393.599876052102 
14.32,5346.051152235061 
14.27,5361.5917381278705 
14.44,5362.09238058454 
14.5,4783.549816540492 
14.5,5474.471770910602 
14.54,5552.104344547148 
14.62,5609.49877434364 
14.76,5597.210614422494 
14.8,5654.054366798276 
14.82,5630.413858698064 
14.84,5589.632083025163 
14.85,5583.209864935077 
14.69,5563.763252295273 
14.63,5539.095816261884 
14.62,5576.256320353962 
14.79,5586.641567924737 
14.71,5640.131660590233 
14.6,5727.024023585869 
15.22,5749.017581223803 
15.07,5754.076621924805 
15.34,5065.736420778237 
15.34,5087.615588500327 
15.39,5680.0345186340655 
15.38,5651.673119110296 
15.38,5665.278798097268 
15.33,5008.980149045788 
15.33,5643.779811414025 
15.34,5620.329706876254 
15.15,5546.617450177281 
15.04,5555.725704915883 
14.97,5536.841804996364 
14.86,5529.018120561888 
14.84,5550.240673091107 
14.89,4927.040757253122 
14.89,5546.79747426833 
14.85,5550.473122087829 
14.89,5529.812283294139 
14.73,5523.268478766904 
14.79,5531.444055632261 
14.82,5548.209867966019 
14.94,5573.829890806325 
15.07,5634.7229567302875 
15.07,5630.57510002856 
15.12,5564.358368107531 
14.95,5576.527495606562 
14.99,5625.556088865102 
15.09,5646.25134065723 
15.05,5615.700058464359 
14.98,5663.995591790266 
15.13,5672.885808657469 
15.13,5718.181216694395 
15.3,5679.891465354488 
15.19,5614.185489952615 
14.93,5626.831330077577 
14.9,5556.494487073278 
14.85,5534.270190908525 
14.81,5557.890053791661 
14.84,5539.740791126915 
14.88,5499.272101601543 
14.75,5382.607286223891 
14.72,5381.847249822055 
14.74,5407.143226917197 
14.76,5074.624418067344 
14.75,5404.107710438851 
14.76,5479.624501925598 
14.99,5495.394735854861 
14.69,5526.46135854371 
14.65,5513.9526671922495 
14.63,4886.510480498585 
14.63,5437.987908400818 
14.47,5370.268439027825 
14.46,5409.713390027106 
14.47,5398.878076187306 
14.23,5396.658175522603 
14.21,5381.714809937365 
173.99,5404.19591682509 
14.19,5408.148138122241 
14.25,5400.174435039616 
14.23,5385.569940702313 
14.21,5377.032192273788 
14.19,4751.3431475831785 
14.19,4749.367183785502 
14.19,5372.939425993663 
14.3,5412.683168653109 
14.46,5463.60135803587 
14.7,5509.733113293683 
14.79,4869.416550899651 
14.79,4511.702157506909 
14.79,5510.951697562542 
14.85,5521.054994512227 
14.65,5461.131720909414 
14.46,5514.626413743452 
14.54,5521.715380868014 
