date,current_balance 
105.23,9937.223880597016 
109.85,9987.576431904858 
110.75,10267.971785900323 
113.91,10306.633900664701 
111.21,10416.246874657421 
113.01,10452.760497357789 
112.0,10350.996011348287 
107.67,10307.662931767585 
110.15,10402.848742531976 
112.32,10510.088578309174 
112.47,10666.028914522196 
112.31,10831.521031649447 
113.95,10775.511661844706 
113.01,10598.915764828058 
110.06,10514.228326928744 
108.03,10187.745177146688 
104.4,10218.760427135847 
106.74,10075.53807502928 
102.11,10083.637268051667 
106.42,10091.719583971057 
104.03,10058.062503441784 
103.5,9680.200318683694 
100.12,9611.4528300706 
101.99,9876.511717822708 
103.07,9917.01446676782 
100.93,9577.744922278542 
98.0,9612.772626547638 
97.79,9796.092777415017 
102.0,10039.93695999382 
103.02,9998.828394207816 
101.78,10186.617636860132 
105.35,10265.854424158522 
103.95,10153.666459271692 
103.65,10208.285354952586 
102.94,10224.72770728997 
103.55,10345.826614094167 
106.22,10383.978188359299 
104.61,10331.051253718384 
101.88,10374.433580706887 
102.94,10476.849502626344 
104.26,10491.378497321934 
104.29,10274.491377335908 
100.19,10135.326932364494 
100.36,10136.73230993445 
98.95,10182.566788841948 
100.25,10205.039282693391 
100.17,10192.006260660588 
102.08,10166.885630563898 
101.01,10292.67466258248 
102.29,10334.579043955358 
101.52,10282.930881099936 
101.68,10336.248149986497 
106.03,10371.498816430589 
104.95,10267.511406124115 
102.94,10212.7813119719 
102.78,10246.37406646248 
102.5,10237.426018786198 
103.43,10298.884890782438 
103.58,10329.651207521245 
106.22,10421.52430808074 
107.11,10419.434538066 
105.89,10396.772526782994 
105.14,10475.263712084608 
105.79,10417.721791898128 
105.08,10397.696675998372 
106.52,10446.334968627612 
105.13,10452.356388992508 
105.57,10375.426255630886 
104.13,10266.229706052194 
102.55,10208.370583166636 
101.72,10217.081303143897 
99.36,10219.82183436634 
100.7,10247.471208583995 
101.89,10166.004262012513 
102.32,10159.485938168276 
101.2,9691.625340579323 
96.26,9541.67661421796 
96.52,9524.76211619367 
95.84,9533.020352391362 
93.62,9026.33494266656 
89.3,8962.475000516228 
89.72,9072.192062744249 
89.86,9087.976985043566 
91.21,8930.519671453207 
87.46,8989.79631729495 
86.79,9091.239180424292 
89.93,9295.434539490372 
90.95,9235.692256977069 
90.03,9212.839708100719 
90.28,9325.97671679954 
93.52,9315.33303198192 
91.7,9147.706264770924 
89.46,9028.368570341703 
87.38,9065.431735311424 
91.12,8984.920775459523 
88.46,8880.341622784941 
89.72,9040.334489181087 
89.7,8997.419580606202 
89.32,8640.689672114971 
82.41,8440.484597304985 
81.32,8381.65263578421 
83.0,8473.080845584907 
84.12,8168.353483618715 
78.96,8128.593195584859 
78.4,8214.747354210547 
78.12,8307.014463301022 
78.94,8459.92865750731 
79.27,8516.951813010175 
80.34,8455.617587819474 
79.11,8373.577243526015 
78.19,8327.893791502107 
77.09,8166.6314711451 
75.71,7743.838996881086 
68.51,7627.256414645162 
66.84,7536.973290959739 
67.46,7618.860416644675 
71.03,7582.444864667746 
66.85,7878.937047618423 
74.41,8063.51443839652 
75.27,7992.024905823406 
73.66,7905.031354489301 
74.77,8049.570171038617 
76.12,8085.1675126694845 
78.03,8102.1065903860235 
79.69,8408.502620384681 
79.32,8392.156354990997 
78.92,8385.620074909073 
77.29,8323.193274602083 
77.4,8238.63945814173 
74.73,8222.67357841161 
74.47,8289.850088208615 
74.26,8381.661566061803 
75.64,8461.294093158036 
76.54,8525.54353476508 
76.72,8483.84357847444 
76.93,8549.86803489101 
77.62,8765.881763021931 
79.15,8731.979137211812 
78.0,8608.939369253994 
75.94,8619.907458552247 
75.87,8708.89979103205 
76.26,8628.743301515304 
74.33,8491.473660186033 
74.17,8624.65142949697 
75.19,8676.064685123963 
75.51,8695.958204785686 
75.37,8646.876513329997 
74.92,8471.894203907432 
71.55,8413.502959142286 
71.69,8434.226161118271 
72.84,8415.95700283341 
73.15,8276.157433368959 
70.44,8209.289995535353 
70.83,8181.40105145387 
69.85,8250.543385428968 
72.9,8289.22995917665 
70.7,8081.056971633703 
68.56,8076.092532541123 
68.7,8132.642212925223 
69.32,8342.39892473798 
71.02,8243.01577087991 
70.42,8261.138909246638 
70.82,8436.9429250529 
71.99,8434.518384582756 
71.31,8427.75106699413 
71.56,8443.655579358763 
71.34,8438.736402775794 
69.7,8377.725507659525 
69.97,8267.689680204769 
71.46,8272.46802235727 
71.51,8358.292187291278 
71.25,8350.272867932727 
71.0,8380.38960421135 
71.27,8428.051433705536 
71.88,8553.912856180146 
72.77,8502.36113071278 
73.0,8275.531824013311 
68.99,8025.144558636297 
69.15,8079.405883833252 
68.58,8113.343786932972 
68.95,7457.579319861834 
68.95,8185.654920612613 
69.27,7482.6328609753045 
68.87,8123.937478420437 
68.94,8136.256048656414 
68.98,8005.440590340305 
68.46,8196.673559057843 
69.07,8160.972176426187 
68.92,8070.883414498732 
67.45,8062.533698500122 
66.77,8076.881730581786 
66.94,8077.335157571123 
67.32,8042.310983566452 
66.31,8025.723620968539 
66.19,8075.392266254788 
66.4,8169.040578075466 
67.29,8306.28157148109 
66.96,8298.790818388625 
66.81,8360.686014579594 
66.67,8409.729194498794 
67.06,8411.848912772364 
67.11,8521.881407648652 
68.67,8451.445342137571 
67.56,8521.1852003472 
67.82,8517.377248919087 
67.16,8444.018348674532 
66.81,8404.428645555978 
66.58,8455.567979501977 
66.68,8570.355326902569 
66.91,8672.095387781654 
67.52,8659.113275679818 
67.15,8701.53259454155 
68.01,8704.538755219372 
67.07,8722.561903844216 
67.27,8621.67866954132 
66.17,8579.848939753385 
66.4,8690.260406274123 
66.58,8749.584748725683 
66.58,8742.518250689145 
64.99,8701.614542520254 
65.12,8674.89244769808 
65.73,8012.8905256551525 
65.05,8698.25237383363 
64.24,8575.44965908258 
63.55,8614.217995061883 
63.8,8700.189304419831 
65.12,8730.570308883573 
66.01,8684.332186667565 
65.95,8771.173473659435 
67.23,8795.893526114249 
66.53,8902.73442773398 
67.88,8820.201782078215 
67.05,8945.579505601629 
66.75,8935.929535127183 
66.5,8818.710596371462 
65.96,8837.10552541585 
66.3,8774.900088944514 
64.16,8648.713381234606 
63.72,8770.250170839108 
64.01,8601.057511351659 
62.42,8660.282571513706 
62.59,8690.725286643737 
61.97,8660.45372077652 
61.58,8624.272946480512 
60.77,8531.955843447151 
62.02,8588.417360472535 
62.39,8575.26552041665 
61.57,8584.104639153817 
62.06,8563.91466868229 
62.92,8460.772827682445 
62.29,8535.97902351204 
61.12,8597.710188004068 
62.29,8618.487713171306 
61.83,8540.822389252238 
61.26,8336.525097559184 
58.76,8300.881559394582 
58.08,8256.705927374001 
58.19,8317.353531510687 
58.44,8347.824386882417 
58.47,8344.46512211116 
58.77,8283.143236859056 
56.75,8178.568209344382 
56.39,8244.657301642508 
56.11,8281.044505748516 
56.1,8335.901088630373 
58.33,8369.873028016282 
58.73,8361.796634225506 
58.61,8427.778490840077 
58.66,8522.801724602332 
59.73,8520.898271003034 
59.94,8481.759907097505 
58.85,8387.51990852316 
57.93,8374.64633053561 
57.18,8370.428083821336 
57.61,8379.991515758295 
57.2,8370.695088869052 
56.63,8331.472570457565 
56.81,8305.192169355376 
56.78,8259.323059304852 
56.53,8145.300622409983 
55.44,8106.8476124090885 
55.43,8101.11680524576 
55.33,8038.031427483841 
55.59,8102.927904934421 
55.38,8009.292461009401 
54.45,7960.434204074915 
54.87,7709.032078159374 
51.5,7602.860653749079 
50.86,7540.799361184456 
49.08,7314.5947688371525 
48.91,7505.330671835968 
51.0,7509.053080403366 
50.48,7525.826578180774 
49.99,7692.725045517171 
50.72,7644.304519362426 
50.71,7495.834842265418 
48.62,7540.127064160166 
49.85,7611.511688795179 
50.01,7667.866858775703 
49.89,7634.2044855506465 
49.05,7606.174483616826 
48.93,7580.150732627258 
48.72,7586.724698759716 
48.88,7580.15007398984 
48.9,7556.925838327312 
48.05,7536.094689977339 
50.11,7582.2476914394265 
51.31,7594.303854179951 
50.67,7695.264809414441 
52.25,7796.842286965851 
53.03,7827.1748181507155 
52.78,7802.2484653369065 
52.9,7811.40777685239 
52.52,7826.423435012507 
53.24,7889.656404131453 
53.63,7844.566039067715 
54.05,7808.925696729817 
53.15,7815.607839186875 
54.21,7855.713983992531 
52.94,7779.457758674849 
52.95,7694.9543810002815 
52.21,7677.848003304184 
52.35,7699.745195422758 
52.32,7691.837931322217 
51.88,7611.8958962590195 
49.61,7487.766808028622 
50.0,7438.112000079129 
49.67,7347.210712549677 
48.3,7401.59219973178 
49.45,7412.335670719029 
49.97,7363.073833919137 
48.88,7374.605169699918 
49.05,7405.824548351111 
49.68,7510.611264670226 
50.37,7571.88921253738 
51.08,7560.186599290096 
50.54,7529.472395823237 
50.89,7588.427627656135 
50.87,7580.6374108812015 
50.36,7662.8845680638815 
51.17,7671.295496115181 
51.24,7630.474983258869 
51.14,7615.999841880298 
50.69,7580.399331228693 
50.67,7494.682813808894 
49.41,7467.386971357318 
49.41,7506.827846089528 
50.08,7552.6616936673945 
50.26,7571.029033157394 
50.06,7577.152478934836 
50.24,7584.849588966937 
50.25,7562.060959550482 
50.22,7496.898403581494 
50.04,7437.085124638826 
50.19,7627.859180576856 
51.36,7595.863891294002 
52.3,7557.674917630811 
51.36,7533.235144091519 
52.04,7524.574140464685 
51.49,7502.07693850707 
51.56,7475.6964621851175 
50.35,7429.687291615005 
50.25,7414.812225804005 
50.28,7410.444761430246 
50.15,7430.818608069502 
50.42,7398.336803040239 
50.53,7382.608848988975 
49.61,7356.986041628273 
50.18,7361.968364341499 
49.66,7365.840645285706 
49.71,7085.30570333797 
46.63,6984.549476455691 
46.74,6936.730840080986 
45.82,6829.6472147234135 
44.93,6827.872025732398 
45.28,6766.801226371208 
45.19,6802.377960028949 
44.97,6772.226334313967 
45.08,6724.026753693285 
44.0,6763.622636313367 
44.07,6806.7840874142075 
44.58,6833.7925829607375 
44.63,6822.64825147139 
44.94,6841.8170886151975 
44.54,6848.62305393359 
44.75,6826.702141005524 
44.83,6788.173592790021 
44.24,6784.6438101591375 
44.3,6742.618643688137 
44.35,6782.3774771372055 
44.89,6818.924343137863 
45.28,6815.8644437907415 
45.12,6808.550052136003 
44.91,6770.578563336794 
44.81,6765.341690637109 
44.84,6873.811876697771 
45.11,6860.799043448448 
45.05,6851.990256302553 
45.0,6842.3951930228295 
45.29,6899.805322228438 
45.58,6945.5026939952095 
46.92,6987.973608504879 
46.7,6962.587628902478 
46.41,6975.623016400645 
45.95,6970.416370812726 
45.77,7006.869706213739 
46.51,6996.519253325478 
46.37,6998.379345826697 
45.69,6938.972667347685 
45.5,6918.527611816549 
45.34,6888.87979249842 
45.38,6857.576527718547 
44.92,6938.516630658781 
45.27,6894.378716955767 
44.85,6877.8862170789735 
44.74,6879.062277824116 
45.1,6839.313952748679 
44.97,6816.178195731837 
45.24,6800.229806376754 
44.74,6807.006667756248 
45.0,6841.571804016573 
45.07,6866.679179748564 
44.7,6916.227962048353 
45.84,6939.632169979071 
46.38,6858.436364036283 
44.71,6753.727551122132 
45.77,6772.207197379373 
45.41,6778.390775978443 
45.92,6810.127168574868 
45.89,6891.095098141583 
46.73,7015.281688031179 
46.9,7030.186191714869 
47.02,7073.259058025549 
48.38,7127.476306151815 
48.33,7131.403360192301 
47.31,7151.152227775054 
48.23,7164.143475475448 
48.08,7202.531781980229 
48.22,7198.988373328198 
47.06,7112.271796161607 
45.48,7186.183875487626 
47.26,7236.332327608858 
46.89,7184.673370307895 
47.14,7184.093742940225 
47.24,7232.808176567212 
46.62,7192.876581856662 
46.41,7164.616522797849 
46.03,7110.5213668194465 
45.67,7029.766153066151 
44.59,7026.033596782077 
44.94,7076.6223929318085 
45.23,6988.2570322441525 
44.85,7007.575607900176 
45.2,6970.625934631591 
44.23,6955.2999671197695 
44.55,6989.188639237773 
44.48,6982.2008134359585 
44.11,6971.756930164428 
44.01,6958.819253895052 
44.05,7044.723451898251 
44.65,7129.922043380026 
44.27,7134.884757159914 
44.66,7164.9034653620365 
44.61,7120.485758739882 
44.34,7126.800437507196 
43.77,7162.591535907788 
44.05,7095.341068015796 
43.97,7118.476823506326 
44.84,7163.07221707916 
44.55,7117.104758090109 
44.7,7106.1606661193555 
45.17,7173.505856692211 
45.86,7279.675822391791 
46.74,7277.9132606090025 
46.42,7272.244448995805 
46.57,7307.438528435564 
47.35,7318.1152496409495 
46.91,7294.242603893467 
46.74,7309.165918132951 
46.49,7301.67946964738 
46.67,7359.654259732502 
48.56,7344.619437922969 
48.75,7303.605778998452 
48.51,7563.268328374101 
47.52,7208.744470267387 
47.71,7318.678366413513 
48.57,7303.309233763853 
48.39,7299.375529725958 
48.21,7284.14827971497 
48.35,7391.1690527364 
50.08,7517.143295604902 
50.59,7556.473672354172 
50.93,7569.451474638363 
51.24,7632.6573167819915 
52.0,7648.645991980783 
51.05,7804.365164130432 
53.02,7822.620101519377 
52.68,7848.47923070036 
52.83,7513.3611166814 
48.97,7466.190430960918 
49.58,7547.617430225346 
49.13,7556.531448258806 
48.73,7680.748852645167 
50.68,7711.499652164616 
51.28,7651.232204588868 
49.57,7622.139398637019 
49.24,7603.211043899416 
49.05,7558.423650348996 
48.8,7466.473239329175 
48.58,7468.272118649511 
48.77,7541.575045246438 
49.2,7500.768985697368 
48.45,7474.357659604216 
48.12,7455.855435250824 
48.11,7456.182707249685 
47.89,7428.032461339139 
47.89,7321.822216258168 
46.39,7328.277706437082 
47.03,7350.215537171196 
46.57,7353.717732460112 
46.62,7267.950698303562 
45.97,7277.119750290386 
46.25,7258.922712449998 
45.8,7214.678954039461 
45.52,7300.8039419822335 
45.48,7267.059314283398 
45.49,7241.28151558623 
44.58,7099.495051388921 
44.06,7055.261071919988 
44.5,7080.782543409424 
44.23,7036.363166010498 
45.67,6830.598390128636 
43.2,6353.680956884695 
32.63,6210.159440315665 
36.37,6308.0030955907005 
36.72,6169.545299835963 
34.16,6102.3984160718155 
34.97,6125.965989976393 
36.23,6172.566791729894 
37.31,6297.909903604903 
37.15,6223.016388798703 
37.72,6240.649311551708 
37.09,6343.22751734383 
37.72,6143.511982457951 
33.5,6013.782665568004 
35.24,6132.079303448738 
35.17,6111.158107850008 
35.37,6126.858228526016 
35.45,6134.454372975192 
35.44,6093.165342611807 
36.03,6152.619430855155 
37.18,6203.611515435405 
37.54,6243.729491691157 
37.2,6228.4382341127 
40.54,6255.745015488675 
38.9,6210.355982170171 
38.77,6256.976965646371 
40.53,6257.263663405049 
40.41,6218.2045555831155 
38.54,6176.527944081964 
37.7,6186.100057155523 
37.55,6128.060052251852 
37.39,6093.991022782901 
36.68,6144.791584732227 
38.28,6145.215198702666 
37.6,6058.211664683958 
36.66,6179.520613357653 
37.83,6320.110069701777 
38.89,6342.757237322001 
38.64,6316.692647813492 
38.84,6417.480767258601 
39.22,6422.880563931309 
38.95,6408.2934954920565 
38.56,6405.700776844373 
38.65,6414.747802556674 
37.85,6373.454977954663 
38.18,6321.091794861574 
37.88,6267.362721236285 
37.79,6312.290024364575 
38.13,6334.383126020506 
37.8,6353.150509353024 
37.66,6368.243884977274 
38.29,6401.607376796129 
38.0,6371.586319352162 
37.6,6351.606777050645 
37.59,6282.727114227903 
37.01,6298.838382117412 
36.9,6336.009874649492 
37.32,6303.993492808959 
36.75,6266.133333954336 
36.7,6320.881598571934 
36.72,6361.782916817262 
37.12,6410.499302343984 
37.61,6384.5375646203365 
37.17,6359.97677524495 
37.08,6362.6466938514495 
37.05,6346.285425739803 
36.68,6342.70991190022 
36.92,6347.133121865883 
36.67,6384.921417351431 
36.81,6382.530376789786 
36.58,6345.310832580183 
36.24,6287.687514285669 
36.54,6318.727089261215 
36.72,6253.2021113184 
35.7,6257.4403638144995 
35.44,6249.394171265818 
36.26,6299.579964567971 
36.32,6367.266965129603 
36.86,6460.6544123991125 
37.71,6523.580113893323 
37.76,6501.773864742754 
37.41,6562.088414606396 
37.65,6542.070932319775 
37.28,6501.5461520350855 
37.15,6497.345660477604 
37.02,6468.163094594493 
36.19,6449.781972153207 
36.7,6470.84768992589 
36.4,6486.389606222734 
36.41,6548.517337410168 
36.82,6618.431766124702 
37.87,6623.386876853684 
38.09,6620.207584731527 
38.03,6594.715343545306 
37.91,6604.230932548422 
37.92,6514.094774487769 
37.4,6490.147129586421 
37.58,6502.374573099536 
37.73,6507.685180583963 
37.51,6490.034686778772 
37.72,6475.225377091748 
36.49,6405.346895181848 
36.39,6430.924522687857 
36.38,6419.786306124852 
36.38,6414.618082570967 
36.09,6424.242771372761 
36.36,6447.29653512086 
36.37,6420.988180935906 
35.98,6429.875840773093 
36.21,6407.512456213432 
37.0,6401.481138359269 
36.66,6403.63635404476 
36.69,5887.652433422424 
36.5,6431.852607384779 
36.62,6499.215260670345 
37.23,6496.060882736991 
37.37,6423.24811004446 
36.93,6438.9942729462155 
37.15,6489.988747483384 
37.27,6512.660620845143 
37.12,6482.307410037905 
36.83,6521.526739571911 
36.95,6526.447433272318 
37.27,6573.1111329459045 
36.9,6544.358645242313 
36.73,6492.214847356348 
36.86,6503.988626074342 
37.48,6407.309754180706 
36.78,6384.760679985044 
36.77,6407.617225704263 
36.71,6398.072391375022 
36.47,6363.182690655779 
36.24,6234.484491118518 
35.79,6258.18889158031 
35.63,6284.783428984857 
35.77,6294.7608648462765 
35.77,6305.758876211363 
35.92,6387.91152085521 
36.25,6430.581352129921 
36.63,6460.055468538517 
36.48,6420.741468422357 
36.34,6423.8165167212 
36.7,6349.764489203616 
35.58,6291.592775924779 
35.69,6326.8343331836495 
36.17,6336.145076360792 
36.4,6329.390279093241 
35.91,6287.564367607592 
35.83,6301.48067386596 
36.36,6310.712970042809 
35.99,6299.861628529513 
36.26,6285.000879348218 
35.8,6276.722219865557 
35.73,6254.997782763719 
35.58,6258.376884309269 
35.82,6279.087214575218 
36.19,6315.894821919758 
36.3,6361.848365940465 
36.8,6399.1407111668905 
36.28,6394.388985081342 
36.3,6368.004413570231 
36.32,6393.758371699499 
36.51,6413.733253004753 
36.3,6374.521458679421 
36.75,6415.152763307074 
36.85,6400.638116114571 
