date,current_balance 
442.0,1.0 
0.089658,1.0 
5.9691,1.0 
427.7,1.0 
0.086774,1.0 
5.8231,1.0 
426.0,1.0 
0.08551399999999999,1.0 
5.8034,1.0 
402.5,1.0 
0.08361,1.0 
5.5618,1.0 
413.9,1.0 
0.08513899999999999,1.0 
5.6232,1.0 
399.6,1.0 
0.082022,1.0 
5.3834,1.0 
416.0,1.0 
0.085,1.0 
5.6159,1.0 
406.9,0.999302487562189 
0.08406799999999999,0.998604975124378 
5.5228,0.998604975124378 
409.2,0.9938593717459214 
0.08301900000000001,0.9909375618755472 
5.4948,0.9909375618755472 
394.9,0.9909375618755472 
0.081334,0.9909375618755472 
5.1819,0.9909375618755472 
394.0,0.9909375618755472 
0.08127000000000001,0.9909375618755472 
5.2356,0.9909375618755472 
416.2,0.9909375618755472 
0.08311,0.9909375618755472 
5.4841,0.9909375618755472 
410.9,0.9909375618755472 
0.081584,0.9909375618755472 
5.5068,0.9909375618755472 
392.8,0.9909375618755472 
0.079023,0.9909375618755472 
5.2464,0.9909375618755472 
389.5,0.9909375618755472 
0.077614,0.9909375618755472 
5.1451,0.9909375618755472 
404.7,0.9909375618755472 
0.08089,0.9902400494377361 
5.3284,0.9895425369999251 
403.2,0.9888450245621141 
0.080231,0.9879303967306532 
5.4068,0.9859454350599353 
408.0,0.9869888483532516 
0.081134,0.9937013170885276 
5.3907,0.9972033712406967 
413.1,0.9966517143859728 
0.082403,0.996888763165543 
5.46,0.9990837677389497 
408.4,0.9956668922626581 
0.08187,0.9888184048653885 
5.4079,0.9847388004057236 
406.8,0.9850295983185995 
0.08068600000000001,0.9894001851919245 
5.4109,0.9881363946799631 
412.8,0.9906081769394082 
0.081861,0.9864227844251223 
5.4053,0.9912118853125551 
411.7,0.9954284550492554 
0.08037899999999999,0.9965248056547673 
5.5708,1.0023282647162741 
421.8,1.0025910006305576 
0.082585,1.0031657402121743 
5.6029,1.0089539007569575 
416.5,1.0089539007569575 
0.080712,1.0089539007569575 
5.6,1.0089539007569575 
416.6,1.0089539007569575 
0.080001,1.0089539007569575 
5.5375,1.0089539007569575 
413.0,1.0089539007569575 
0.080192,1.0089539007569575 
5.6496,1.0089539007569575 
414.5,1.0089539007569575 
0.079513,1.0089539007569575 
5.6236,1.0089539007569575 
415.2,1.0089539007569575 
0.079537,1.0089539007569575 
5.636,1.0089539007569575 
399.0,1.0089539007569575 
0.077176,1.0089539007569575 
5.4284,1.0089539007569575 
400.3,1.0089539007569575 
0.077424,1.0089539007569575 
5.4121,1.0089539007569575 
396.0,1.0089539007569575 
0.076503,1.0089539007569575 
5.3864,1.0089539007569575 
404.2,1.0089539007569575 
0.07712000000000001,1.0089539007569575 
5.4232,1.0089539007569575 
402.9,1.0089539007569575 
0.077361,1.0089539007569575 
5.3996,1.0089539007569575 
401.2,1.0089539007569575 
0.076795,1.0089539007569575 
5.393,1.0089539007569575 
399.7,1.0089539007569575 
0.076615,1.0089539007569575 
5.4289,1.0089539007569575 
405.9,1.0089539007569575 
0.07795,1.0089539007569575 
5.4734,1.0089539007569575 
405.0,1.0089539007569575 
0.07744,1.0089539007569575 
5.3994,1.0089539007569575 
402.3,1.0089539007569575 
0.076851,1.0089539007569575 
5.2681,1.0089539007569575 
416.1,1.0089539007569575 
0.079979,1.0082563883191464 
5.4066,1.0075588758813354 
414.2,1.0068613634435244 
0.078774,1.004204552575129 
5.3629,1.0022104824978508 
405.4,0.9999084833316978 
0.077234,0.9977454382854891 
5.2943,0.9958246115214814 
401.3,0.9952251375680986 
0.0774,0.9978443208578139 
5.2746,0.9973065995189572 
402.5,0.997748894402714 
0.077813,1.0013604796619424 
5.25,0.9984702274655874 
405.7,0.9998708279308172 
0.078622,0.9980548330829564 
5.271,0.9998864463934372 
403.8,1.000992183602829 
0.077549,1.0057260128691627 
5.2332,1.0101734164426237 
410.6,1.013932922954556 
0.079715,1.0165191852800206 
5.33,1.0165303878079133 
412.4,1.0140101915602675 
0.080182,1.0148048831483532 
5.4293,1.0150259779977557 
408.4,1.0143284655599447 
0.080624,1.013630953122134 
5.3397,1.01286629620241 
408.8,1.013607315194682 
0.081862,1.0132050370231265 
5.3378,1.0192645570290582 
413.6,1.0185867287460237 
0.080176,1.0155291176219177 
5.264,1.0002694427515166 
412.7,1.0012377688701373 
0.080095,0.999500655936681 
5.2827,0.9999133810610997 
417.0,1.0013174539330996 
0.07932,1.0024186812064828 
5.2404,0.9923682666902317 
418.2,0.9946922493749211 
0.0805,0.9947555943065759 
5.2176,0.9832996834206827 
424.0,0.9839775117037172 
0.079929,0.9823597796029949 
5.0959,0.984490333623643 
421.6,0.9820695183270916 
0.07926799999999999,0.9800717166364407 
5.0924,0.9657383084925661 
416.8,0.9633517719406137 
0.078542,0.961416384498391 
4.9258,0.961416384498391 
414.1,0.961416384498391 
0.078226,0.961416384498391 
4.9861,0.961416384498391 
414.1,0.961416384498391 
0.07741,0.961416384498391 
4.9977,0.961416384498391 
415.0,0.961416384498391 
0.077917,0.961416384498391 
4.9757,0.961416384498391 
418.5,0.961416384498391 
0.076426,0.961416384498391 
4.8101,0.961416384498391 
415.1,0.961416384498391 
0.076613,0.961416384498391 
4.8397,0.961416384498391 
416.7,0.961416384498391 
0.07646499999999999,0.961416384498391 
4.764,0.961416384498391 
387.5,0.961416384498391 
0.07067799999999999,0.961416384498391 
4.3143,0.9607188720605799 
386.4,0.9600213596227689 
0.072783,0.9600213596227689 
4.4483,0.960031768233441 
388.5,0.9564957512230573 
0.071533,0.9557982387852463 
4.434,0.9589771587556024 
365.1,0.9369139442395382 
0.069543,0.9279342255996934 
4.4583,0.9072260904563878 
339.9,0.9114992388428043 
0.06504299999999999,0.9142620508375539 
4.3142,0.9152505922913642 
344.8,0.9175515183455886 
0.065944,0.9185986655041981 
4.235,0.9235776495238485 
334.3,0.9271112145356929 
0.06394,0.9256351511680484 
4.2613,0.9326728407841662 
345.2,0.9276601090231775 
0.066715,0.923702247728772 
4.3383,0.9209452146832826 
345.3,0.9280134951699985 
0.065011,0.931411067657606 
4.3559,0.9434739022428336 
341.1,0.9427763898050225 
0.063941,0.9420788773672116 
4.286,0.9360618442777444 
350.5,0.9374660915598525 
0.06754,0.9406155865928114 
4.5016,0.9525331555696704 
352.5,0.948772020829029 
0.069261,0.9480714677513556 
4.4932,0.9437513489972443 
346.0,0.9451760212474873 
0.06722,0.9476339446524866 
4.3974,0.9451014612449041 
350.2,0.9484636877554775 
0.070425,0.9483753701666255 
4.4647,0.9544695815752466 
353.0,0.9524180535348967 
0.069746,0.9512833970543916 
4.5293,0.952014702423426 
347.6,0.9495072792629984 
0.068,0.9479954018945153 
4.4092,0.94196890394599 
345.1,0.9387776381054458 
0.068098,0.9386548916260243 
4.47,0.9273349345625866 
336.5,0.9284248658209124 
0.066838,0.9278393202068237 
4.3469,0.9278393202068237 
347.9,0.9278393202068237 
0.06815399999999999,0.9278393202068237 
4.3498,0.9278393202068237 
341.3,0.9278393202068237 
0.06664199999999999,0.9278393202068237 
4.2554,0.9278393202068237 
344.7,0.9278393202068237 
0.06699400000000001,0.9278393202068237 
4.2737,0.9278393202068237 
340.6,0.9278393202068237 
0.066968,0.9278393202068237 
4.2169,0.9278393202068237 
338.7,0.9278393202068237 
0.06526599999999999,0.9278393202068237 
4.2058,0.9278393202068237 
323.2,0.9278393202068237 
0.061946,0.9278393202068237 
4.0,0.9278393202068237 
305.9,0.9271418077690128 
0.060591,0.9264442953312018 
3.8955,0.9257467828933907 
307.6,0.925664482711903 
0.061287,0.9260107312623146 
3.88,0.9270497414085312 
309.0,0.9058220803332484 
0.061988999999999995,0.8902752808236387 
3.9469,0.8773102041588985 
285.3,0.8850433060065976 
0.058475,0.889041352429885 
3.7378,0.8874404904406523 
288.8,0.8924619851469504 
0.058101,0.8927822291658372 
3.7201,0.8942976082333147 
291.7,0.9141827272702552 
0.057972,0.9192415820061046 
3.7936,0.9339990427709242 
317.3,0.9434394528187646 
0.0598,0.9468320378938446 
3.9684,0.9585043423007741 
317.8,0.9562948846300029 
0.059567999999999996,0.9556093622770738 
4.18,0.9739027075326744 
313.1,0.9652474583971107 
0.05954299999999999,0.9667113338379437 
4.17,0.9567471025464773 
308.3,0.9567471025464773 
0.059039,0.9567471025464773 
4.091,0.9567471025464773 
309.6,0.9567471025464773 
0.058649,0.9567471025464773 
4.1771,0.9567471025464773 
305.3,0.9567471025464773 
0.057793,0.9567471025464773 
4.129,0.9567471025464773 
303.8,0.9567471025464773 
0.057737000000000004,0.9567471025464773 
3.9699,0.9567471025464773 
283.0,0.9567471025464773 
0.053069000000000005,0.9567471025464773 
3.825,0.9567471025464773 
283.0,0.9567471025464773 
0.051753999999999994,0.9567471025464773 
3.6881,0.9567471025464773 
284.5,0.9567471025464773 
0.05139,0.9567471025464773 
3.68,0.9567471025464773 
291.6,0.9567471025464773 
0.05315399999999999,0.9567471025464773 
3.8016,0.9567471025464773 
279.0,0.9567471025464773 
0.051240999999999995,0.9567471025464773 
3.7501,0.9567471025464773 
301.2,0.9567471025464773 
0.056323000000000005,0.9567471025464773 
3.9957,0.9567471025464773 
294.3,0.9567471025464773 
0.055937,0.9567471025464773 
3.8709,0.9567471025464773 
292.2,0.9567471025464773 
0.055123,0.9567471025464773 
3.8375,0.9567471025464773 
297.7,0.9567471025464773 
0.055807,0.9567471025464773 
3.897,0.9567471025464773 
299.0,0.9567471025464773 
0.05633099999999999,0.9567471025464773 
3.9664,0.9567471025464773 
295.0,0.9567471025464773 
0.056840999999999996,0.9567471025464773 
3.9339,0.9567471025464773 
314.6,0.9560495901086663 
0.058455999999999994,0.9553520776708553 
4.02,0.9546545652330443 
311.1,0.9535465379306479 
0.058008000000000004,0.9528287012345391 
4.0501,0.9519642959657324 
314.5,0.95025419227102 
0.058538,0.9482422435403096 
4.0977,0.9500797029477175 
311.0,0.9483668527176818 
0.057908,0.9460240629015362 
4.0611,0.9366212434597525 
310.3,0.9313875344235325 
0.05825,0.9307254416494044 
4.0183,0.9244055138278777 
303.2,0.9222168718672765 
0.057,0.9174701759789123 
3.9199,0.9166333911105569 
301.7,0.9133028489965986 
0.057173,0.9164350571203581 
3.9401,0.9191582780515851 
300.9,0.923059770242222 
0.058251,0.9319827436289324 
3.9029,0.9332526013677525 
308.6,0.9397031953340671 
0.0603,0.94919983645841 
3.9676,0.9557911606370637 
314.6,0.9550936481992527 
0.061799,0.9543961357614417 
4.0449,0.9550427358736355 
312.0,0.9539641095351714 
0.061251,0.9519723525225967 
4.0255,0.9417362653999963 
314.6,0.9461911421336269 
0.061074,0.9476088177930586 
4.0001,0.9577467170295908 
331.1,0.9697748842103933 
0.062402,0.9795076483837069 
4.0808,0.9925298167734897 
335.4,0.987884016751275 
0.065001,0.9838057717035946 
4.1512,0.9834375671308392 
324.9,0.9822283863031395 
0.062747,0.9781792715772282 
4.0363,0.9662862638772285 
325.4,0.9629132857789082 
0.061752,0.9634117379514026 
4.017,0.9678179193387089 
325.0,0.9704908453788872 
0.062204999999999996,0.9707828800913252 
4.2553,0.9879950201432927 
325.3,0.9809089659285877 
0.061808,0.9809089659285877 
4.2106,0.9809089659285877 
317.3,0.9809089659285877 
0.060351999999999996,0.9809089659285877 
4.1336,0.9809089659285877 
314.2,0.9809089659285877 
0.060171,0.9809089659285877 
4.0798,0.9809089659285877 
321.7,0.9809089659285877 
0.061185,0.9809089659285877 
4.2511,0.9809089659285877 
321.6,0.9809089659285877 
0.061707000000000005,0.9809089659285877 
4.2855,0.9809089659285877 
319.0,0.9809089659285877 
0.061803,0.9809089659285877 
4.23,0.9809089659285877 
321.0,0.9809089659285877 
0.060502999999999994,0.9809089659285877 
4.1634,0.9809089659285877 
307.4,0.9809089659285877 
0.058732000000000006,0.9809089659285877 
3.9684,0.9809089659285877 
302.6,0.9809089659285877 
0.058145,0.9809089659285877 
3.9002,0.9809089659285877 
309.8,0.9809089659285877 
0.059296,0.9809089659285877 
3.9161,0.9809089659285877 
311.2,0.9809089659285877 
0.059315999999999994,0.9809089659285877 
3.9276,0.9809089659285877 
305.7,0.9809089659285877 
0.056604999999999996,0.9809089659285877 
3.8752,0.9809089659285877 
303.4,0.9809089659285877 
0.056885000000000005,0.9809089659285877 
3.8788,0.9809089659285877 
295.8,0.9809089659285877 
0.055376999999999996,0.9809089659285877 
3.71,0.9809089659285877 
305.7,0.9809089659285877 
0.057665999999999995,0.9809089659285877 
3.8457,0.9809089659285877 
296.6,0.9809089659285877 
0.055617999999999994,0.9809089659285877 
3.6947,0.9802114534907767 
284.7,0.9795139410529656 
0.054152,0.9788164286151546 
3.6747,0.9784918497476667 
288.1,0.9790420174046794 
0.055082000000000006,0.9800853219981945 
3.67,0.9828384765546909 
291.5,0.9868252367535866 
0.05586,0.9927503846515322 
3.7371,1.0066418186361485 
306.5,1.0059254905998707 
0.058692999999999995,1.0010785340363824 
4.0,0.9935374698733048 
297.6,0.9954817888289162 
0.057017,1.0034766039957252 
3.8702,1.0087820787828528 
302.4,1.0198339970568542 
0.05873,1.0285531925452396 
3.8762,1.035454359749259 
308.0,1.032589047604147 
0.059848,1.0295903261258572 
3.9912,1.0284968313224034 
306.4,1.0278828358627368 
0.059072,1.0269217855763888 
3.948,1.0230247883432873 
306.9,1.0210706454603211 
0.059227999999999996,1.0210706454603211 
3.9241,1.02023473900472 
304.9,1.02023473900472 
0.059289999999999995,1.02023473900472 
3.8426,1.0097221755759596 
296.4,1.0097221755759596 
0.059059,1.0097221755759596 
3.8031,1.0068616683169795 
301.9,1.0068616683169795 
0.058702,1.0068616683169795 
3.79,0.9896283039549514 
298.4,0.9896283039549514 
0.057326999999999996,0.9896283039549514 
3.7705,1.0106454391456268 
315.5,1.0106454391456268 
0.059283,1.0106454391456268 
3.8334,1.008149912392239 
314.4,1.008149912392239 
0.061463,1.008149912392239 
3.8491,1.014215877994116 
312.4,1.014215877994116 
0.061451,1.014215877994116 
3.8238,1.0152137424654202 
320.0,1.0152137424654202 
0.062529,1.0152137424654202 
3.8586,1.02193619785105 
317.6,1.02193619785105 
0.0629,1.02193619785105 
3.916,1.0448608210997015 
321.9,1.0448608210997015 
0.062294,1.0448608210997015 
3.932,1.0298928540301353 
318.9,1.0298928540301353 
0.061922000000000005,1.0298928540301353 
3.9041,0.9960705003711856 
303.8,0.9960705003711856 
0.0586,0.9960705003711856 
3.7,0.9474114775994202 
303.5,0.9474114775994202 
0.057537,0.9474114775994202 
3.5971,0.9529522513742947 
302.9,0.9529522513742947 
0.058384000000000005,0.9529522513742947 
3.6119,0.9529785109656448 
305.8,0.9529785109656448 
0.05977999999999999,0.9529785109656448 
3.62,0.0037730624329930795 
305.4,0.0037730624329930795 
0.058765,0.0037730624329930795 
3.63,0.9604362349090778 
304.9,0.9604362349090778 
0.059115999999999995,0.9604362349090778 
3.6576,0.0037730624329930795 
305.1,0.0037730624329930795 
0.059369000000000005,0.0037730624329930795 
3.6165,0.9514029354846378 
304.4,0.9514029354846378 
0.058697000000000006,0.9514029354846378 
3.6147,0.9525320979126928 
302.7,0.9525320979126928 
0.05902999999999999,0.9525320979126928 
3.5971,0.9357259594486185 
311.2,0.9357259594486185 
0.059332,0.9357259594486185 
3.6394,0.95865058269727 
311.5,0.95865058269727 
0.05946,0.95865058269727 
3.6137,0.9472801796426695 
308.7,0.9472801796426695 
0.058924000000000004,0.9472801796426695 
3.6179,0.9504313306046834 
305.7,0.9504313306046834 
0.059945000000000005,0.9504313306046834 
3.5573,0.9380630630787787 
305.4,0.9380630630787787 
0.061458000000000006,0.9380630630787787 
3.5731,0.9480942269745232 
305.1,0.9480942269745232 
0.060762000000000004,0.9480942269745232 
3.5982,0.9494859853160793 
305.6,0.9494859853160793 
0.060319000000000005,0.9494859853160793 
3.5836,0.9369339006507238 
303.2,0.9369339006507238 
0.059053999999999995,0.9369339006507238 
3.547,0.9300801473083433 
308.0,0.9300801473083433 
0.059864,0.9300801473083433 
3.5356,0.9344129798811127 
314.3,0.9344129798811127 
0.061065999999999995,0.9344129798811127 
3.5596,0.9506939265181846 
320.5,0.9506939265181846 
0.060658000000000004,0.9506939265181846 
3.6204,0.9567861517114116 
322.6,0.9567861517114116 
0.060113,0.9567861517114116 
3.6444,0.9530047705569948 
318.0,0.9530047705569948 
0.059986000000000005,0.9530047705569948 
3.632,0.961854252841984 
331.7,0.961854252841984 
0.060573,0.961854252841984 
3.6726,0.9765071048153489 
328.2,0.9765071048153489 
0.060163,0.9765071048153489 
3.6955,0.9797895537341135 
331.3,0.9797895537341135 
0.06030599999999999,0.9797895537341135 
3.7106,0.9847788760906355 
330.9,0.9847788760906355 
0.06015499999999999,0.9847788760906355 
3.713,0.9681040355833117 
325.6,0.9681040355833117 
0.05935700000000001,0.9681040355833117 
3.63,0.9608038691879794 
328.5,0.9608038691879794 
0.060127999999999994,0.9608038691879794 
3.6461,0.9519543869029903 
323.0,0.9519543869029903 
0.059285000000000004,0.9519543869029903 
3.5909,0.938824591227932 
322.5,0.938824591227932 
0.058944,0.938824591227932 
3.5424,0.9190773785326447 
322.7,0.9190773785326447 
0.058539,0.9190773785326447 
3.5067,0.923646547427565 
325.1,0.923646547427565 
0.05825,0.923646547427565 
3.4753,0.9255634975961236 
327.4,0.9255634975961236 
0.058262,0.9255634975961236 
3.5113,0.9375641308431266 
329.8,0.9375641308431266 
0.05872,0.9375641308431266 
3.5363,1.0028192153481654 
326.3,1.0028192153481654 
0.05815,1.0028192153481654 
3.7457,0.9849101740473862 
331.6,0.9849101740473862 
0.058552999999999994,0.9849101740473862 
3.721,0.9515604930327386 
327.5,0.9515604930327386 
0.058,0.9515604930327386 
3.602,0.9528997321915944 
328.2,0.9528997321915944 
0.057465999999999996,0.9528997321915944 
3.644,0.9499849175517316 
323.1,0.9499849175517316 
0.057453,0.9499849175517316 
3.6175,0.9656881531791011 
328.3,0.9656881531791011 
0.057555999999999996,0.9656881531791011 
3.649,0.969285717194067 
341.9,0.969285717194067 
0.057603999999999995,0.969285717194067 
3.6991,0.9751941252478431 
340.5,0.9751941252478431 
0.057589,0.9751941252478431 
3.7576,0.9854353658743886 
339.6,0.9854353658743886 
0.057536000000000004,0.9854353658743886 
3.7052,0.9874836139996976 
338.8,0.9874836139996976 
0.057936,0.9874836139996976 
3.7303,0.9830194834701778 
334.9,0.9830194834701778 
0.057767,0.9830194834701778 
3.7339,0.0037730624329930795 
335.6,0.0037730624329930795 
0.057746000000000006,0.0037730624329930795 
3.7339,0.9750103081083923 
333.0,0.9750103081083923 
0.05683200000000001,0.9750103081083923 
3.6758,0.9568649304854622 
333.1,0.9568649304854622 
0.0565,0.9568649304854622 
3.6141,0.950063696325782 
333.8,0.950063696325782 
0.056701999999999995,0.950063696325782 
3.6148,0.9538188178888485 
337.9,0.9538188178888485 
0.056476,0.9538188178888485 
3.6127,0.9522169828164915 
338.3,0.9522169828164915 
0.056491,0.9522169828164915 
3.6319,0.9540026350282993 
337.3,0.9540026350282993 
0.056348,0.9540026350282993 
3.6104,0.9592282937069725 
345.6,0.9592282937069725 
0.056601,0.9592282937069725 
3.6358,0.9635873858710917 
344.0,0.9635873858710917 
0.056616999999999994,0.9635873858710917 
3.634,0.9767959603202003 
353.8,0.9767959603202003 
0.057477999999999994,0.9767959603202003 
3.6823,0.9742225203678889 
349.5,0.9742225203678889 
0.057022,0.9742225203678889 
3.6858,1.0030030324876162 
348.8,1.0030030324876162 
0.057,1.0030030324876162 
3.8599,0.9980137101310942 
345.9,0.9980137101310942 
0.0563,0.9980137101310942 
3.7554,0.987115979720796 
342.8,0.987115979720796 
0.05574400000000001,0.987115979720796 
3.73,0.9766909219547999 
351.0,0.9766909219547999 
0.055941,0.9766909219547999 
3.7,0.9625325906057403 
343.9,0.9625325906057403 
0.054783000000000005,0.9625325906057403 
3.6,0.9625325906057403 
341.7,0.9625325906057403 
0.054454999999999996,0.9625325906057403 
3.5801,0.9625325906057403 
337.6,0.9625325906057403 
0.054458000000000006,0.9625325906057403 
3.5701,0.9625325906057403 
335.1,0.9625325906057403 
0.053320000000000006,0.9625325906057403 
3.565,0.9625325906057403 
336.4,0.9625325906057403 
0.053836,0.9625325906057403 
3.6188,0.9625325906057403 
333.5,0.9625325906057403 
0.053272,0.9625325906057403 
3.535,0.9625325906057403 
343.0,0.9625325906057403 
0.053829999999999996,0.9618350781679292 
3.5413,0.9618350781679292 
336.3,0.9611375657301182 
0.051884000000000007,0.959681888303033 
3.5262,0.959681888303033 
336.2,0.9602224088163438 
0.051809,0.9606923404960362 
3.4836,0.9606923404960362 
338.4,0.9606923404960362 
0.052076,0.9606923404960362 
3.5052,0.9606923404960362 
336.5,0.9606923404960362 
0.050861,0.9606923404960362 
3.48,0.9606923404960362 
335.4,0.9606923404960362 
0.051121,0.9606923404960362 
3.4799,0.9606923404960362 
332.5,0.9606923404960362 
0.050569,0.9606923404960362 
3.4524,0.9606923404960362 
328.4,0.9606923404960362 
0.052375,0.9606923404960362 
3.3699,0.9606923404960362 
325.9,0.9606923404960362 
0.051516,0.9606923404960362 
3.3067,0.9606923404960362 
333.8,0.9606923404960362 
0.052091,0.9606923404960362 
3.2793,0.9606923404960362 
330.0,0.9606923404960362 
0.050948,0.9606923404960362 
3.2647,0.9606923404960362 
327.3,0.9606923404960362 
0.050637,0.9606923404960362 
3.2491,0.9606923404960362 
313.8,0.9606923404960362 
0.048851,0.9606923404960362 
3.1101,0.9606923404960362 
311.4,0.9606923404960362 
0.048817,0.9606923404960362 
3.1215,0.9606923404960362 
311.0,0.9606923404960362 
0.048389999999999996,0.9606923404960362 
3.1198,0.9606923404960362 
315.3,0.9606923404960362 
0.047591,0.9606923404960362 
3.1547,0.9606923404960362 
319.7,0.9606923404960362 
0.04943,0.9606923404960362 
3.1938,0.9606923404960362 
318.0,0.9606923404960362 
0.050087,0.9606923404960362 
3.2304,0.9606923404960362 
308.4,0.9606923404960362 
0.048544,0.9606923404960362 
3.1785,0.9606923404960362 
307.6,0.9606923404960362 
0.050401,0.9606923404960362 
3.2409,0.9606923404960362 
315.8,0.9606923404960362 
0.051442999999999996,0.9606923404960362 
3.3152,0.9606923404960362 
315.3,0.9606923404960362 
0.051976,0.9606923404960362 
3.3278,0.9606923404960362 
320.1,0.9606923404960362 
0.053667999999999993,0.9606923404960362 
3.3248,0.9606923404960362 
319.2,0.9606923404960362 
0.052476999999999996,0.9606923404960362 
3.3233,0.9606923404960362 
321.8,0.9606923404960362 
0.052820000000000006,0.9606923404960362 
3.391,0.9606923404960362 
318.6,0.9599948280582253 
0.052770000000000004,0.9592973156204143 
3.3408,0.9592973156204143 
338.1,0.9595702012664343 
0.055499,0.9593675835477371 
3.4502,0.9593675835477371 
338.0,0.9593675835477371 
0.054765,0.9593675835477371 
3.5359,0.9593675835477371 
338.0,0.9593675835477371 
0.053288999999999996,0.9593675835477371 
3.5242,0.9593675835477371 
335.1,0.9593675835477371 
0.05284,0.9593675835477371 
3.4237,0.9593675835477371 
329.5,0.9593675835477371 
0.052742,0.9593675835477371 
3.4131,0.9593675835477371 
330.3,0.9593675835477371 
0.053288,0.9593675835477371 
3.4195,0.9593675835477371 
333.7,0.9593675835477371 
0.0531,0.9593675835477371 
3.3789,0.9593675835477371 
329.3,0.9593675835477371 
0.053,0.9586700711099261 
3.3491,0.9579725586721151 
329.0,0.957275046234304 
0.051636,0.9548799822901739 
3.3034,0.9528455381944508 
331.2,0.9542323219441903 
0.052002,0.9535694789092017 
3.3032,0.9541093534541264 
338.4,0.9533520464069453 
0.051544000000000006,0.9503736920681977 
3.2787,0.9407204635123714 
338.6,0.9483186839057396 
0.050979000000000003,0.9533135116100204 
3.192,0.9548439015030172 
345.7,0.9547545106748601 
0.052235000000000004,0.9577734262594659 
3.2794,0.9619933179170785 
346.7,0.969323365825975 
0.052576,0.9697637450667236 
3.2445,0.9658245758155187 
351.5,0.9630534601426433 
0.053006,0.9685292283335313 
3.2482,0.9723506752852749 
347.2,0.9630719073225502 
0.052361000000000005,0.9565404342023136 
3.2069,0.9493904707333554 
338.3,0.9493904707333554 
0.051898,0.9493904707333554 
3.1867,0.9493904707333554 
337.9,0.9493904707333554 
0.052007000000000005,0.9493904707333554 
3.1917,0.9493904707333554 
312.1,0.9493904707333554 
0.047443,0.9493904707333554 
2.9891,0.9493904707333554 
310.8,0.9493904707333554 
0.047036,0.9493904707333554 
2.8555,0.9493904707333554 
306.6,0.9493904707333554 
0.046562,0.9493904707333554 
2.7709,0.9493904707333554 
297.1,0.9493904707333554 
0.046022,0.9493904707333554 
2.7839,0.9493904707333554 
303.0,0.9493904707333554 
0.047075,0.9493904707333554 
2.9653,0.9493904707333554 
318.0,0.9493904707333554 
0.047925999999999996,0.9493904707333554 
2.9249,0.9493904707333554 
313.9,0.9493904707333554 
0.047179,0.9493904707333554 
2.9108,0.9493904707333554 
313.7,0.9493904707333554 
0.047333,0.9493904707333554 
2.8922,0.9493904707333554 
311.3,0.9493904707333554 
0.045933,0.9493904707333554 
2.85,0.9493904707333554 
304.9,0.9493904707333554 
0.0449,0.9493904707333554 
2.8744,0.9493904707333554 
310.1,0.9493904707333554 
0.045426999999999995,0.9493904707333554 
2.96,0.9493904707333554 
312.1,0.9493904707333554 
0.046967,0.9493904707333554 
2.9683,0.9493904707333554 
313.6,0.9493904707333554 
0.046581,0.9493904707333554 
2.9962,0.9493904707333554 
309.0,0.9493904707333554 
0.046807,0.9486929582955443 
2.8903,0.9479954458577333 
307.7,0.9472979334199223 
0.04678,0.9461523353487196 
2.8539,0.9442521364746961 
309.1,0.9440700140663428 
0.047099,0.9467110875437971 
2.8857,0.9482741726909937 
309.1,0.9466770515214101 
0.047652,0.9448491705632779 
2.9013,0.9438627676478032 
309.8,0.9393296739993852 
0.047075,0.9343899680191038 
2.8644,0.9318460868160376 
304.8,0.9306887012036755 
0.047208,0.9333894111314351 
2.8572,0.9343965804240777 
306.4,0.9376758396591034 
0.047467,0.9385549934763366 
2.9097,0.9423240909323082 
304.7,0.9414560517230367 
0.047113,0.9406907451627113 
2.8821,0.9385725746915867 
306.1,0.950146430815207 
0.0471,0.9564444610673519 
2.886,0.9593291486910015 
319.0,0.9602712658707034 
0.049154,0.9595737534328925 
2.9513,0.9647215669413942 
319.2,0.9684220174058663 
0.049511,0.9698321465321136 
2.9451,0.9717781028449788 
320.0,0.9668016349789644 
0.050157,0.9675227693896806 
2.9501,0.9681024159509597 
317.0,0.9655503811478754 
0.050574,0.9650140499844737 
2.9848,0.9619502038748562 
318.6,0.9632262212763982 
0.050255,0.9634933824926246 
2.9386,0.9598084864959223 
322.9,0.9697614222279507 
0.050757,0.9697493698422563 
2.9445,0.9743313378980809 
323.8,0.9734381257170013 
0.050437,0.9729660739439698 
2.9267,0.9644231877194056 
324.6,0.9605951355147793 
0.050003,0.960100987701308 
2.8833,0.9577746452331577 
321.3,0.9592464037040964 
0.049845,0.960120157474861 
2.88,0.960120157474861 
325.4,0.960120157474861 
0.05011,0.960120157474861 
2.9015,0.960120157474861 
320.7,0.960120157474861 
0.04937,0.960120157474861 
2.8495,0.960120157474861 
321.9,0.960120157474861 
0.049338,0.960120157474861 
2.8394,0.960120157474861 
318.2,0.960120157474861 
0.049229,0.960120157474861 
2.808,0.960120157474861 
316.4,0.960120157474861 
0.049685,0.960120157474861 
2.8344,0.960120157474861 
312.8,0.960120157474861 
0.049075,0.960120157474861 
2.8696,0.960120157474861 
315.6,0.960120157474861 
0.04917,0.960120157474861 
2.8679,0.960120157474861 
306.5,0.960120157474861 
0.047577,0.960120157474861 
2.7314,0.960120157474861 
296.6,0.960120157474861 
0.047322,0.960120157474861 
2.7125,0.960120157474861 
300.3,0.960120157474861 
0.046783,0.960120157474861 
2.6852,0.960120157474861 
292.5,0.960120157474861 
0.046393000000000004,0.960120157474861 
2.603,0.960120157474861 
300.0,0.960120157474861 
0.047047000000000005,0.960120157474861 
2.6664,0.960120157474861 
304.3,0.960120157474861 
0.047262,0.960120157474861 
2.6645,0.960120157474861 
296.1,0.960120157474861 
0.04732,0.960120157474861 
2.5904,0.960120157474861 
297.1,0.960120157474861 
0.047142,0.960120157474861 
2.6085,0.95942264503705 
299.7,0.958725132599239 
0.047833999999999995,0.958027620161428 
2.6209,0.958055493212167 
303.4,0.9593866405010432 
0.049757,0.9607720205174748 
2.663,0.9640873348807755 
312.4,0.9641672647949506 
0.049558,0.9634697523571396 
2.7312,0.9639712380429876 
312.0,0.9608554786969483 
0.049299,0.9606403855511603 
2.6997,0.9626475579420978 
311.5,0.9659997724860782 
0.049623,0.9658826901170542 
2.74,0.9664638208319887 
312.7,0.9631116062880083 
0.049503,0.9631116062880083 
2.7206,0.9601699874950509 
307.9,0.9641668586821044 
0.049332,0.9641668586821044 
2.7421,0.9699390917852662 
313.2,0.9699390917852662 
0.049593,0.9699390917852662 
2.7447,0.9598542605241575 
312.3,0.9636817159454112 
0.049621,0.9636817159454112 
2.6963,0.9636817159454112 
316.2,0.9636817159454112 
0.049829000000000005,0.9636817159454112 
2.712,0.9636817159454112 
314.7,0.9636817159454112 
0.049656,0.9636817159454112 
2.7046,0.9636817159454112 
311.7,0.9636817159454112 
0.049631,0.9636817159454112 
2.7007,0.9636817159454112 
304.4,0.9636817159454112 
0.048717,0.9636817159454112 
2.6239,0.9636817159454112 
301.8,0.9636817159454112 
0.049138,0.9636817159454112 
2.618,0.9636817159454112 
307.3,0.9636817159454112 
0.050247,0.9636817159454112 
2.6747,0.9636817159454112 
306.0,0.9629842035076002 
0.050226,0.9622866910697891 
2.6879,0.9615891786319781 
306.8,0.9610219476836103 
0.052436,0.9608694637307854 
2.7085,0.9612141534327157 
307.6,0.9625346838046558 
0.051651,0.9606190162206929 
2.6939,0.958379216717767 
308.3,0.9554602284946042 
0.052272000000000006,0.9544413779214062 
2.6862,0.9531452120032626 
304.4,0.9506154222098548 
0.050564,0.9438829039335512 
2.6416,0.9381110881783995 
303.7,0.9381110881783995 
0.049865,0.9322121749165309 
2.6201,0.9315142394221458 
306.2,0.9392982080172465 
0.049504,0.946407006334788 
2.666,0.951669218395627 
311.8,0.9523503156476985 
0.049638,0.9480144117878948 
2.6559,0.9479479417408105 
311.2,0.9464666525171629 
0.049693,0.9443386325830222 
2.6439,0.9410942738982031 
312.0,0.9410942738982031 
0.049053,0.9410942738982031 
2.6281,0.9410942738982031 
309.3,0.9410942738982031 
0.049917,0.9410942738982031 
2.6242,0.9410942738982031 
306.9,0.9410942738982031 
0.049801,0.9410942738982031 
2.6017,0.9410942738982031 
310.6,0.9410942738982031 
0.049507999999999996,0.9410942738982031 
2.6101,0.9410942738982031 
305.3,0.9410942738982031 
0.04877,0.9410942738982031 
2.5462,0.9410942738982031 
306.2,0.9410942738982031 
0.049177,0.9410942738982031 
2.5447,0.9410942738982031 
305.3,0.9410942738982031 
0.048385000000000004,0.9410942738982031 
2.5155,0.9410942738982031 
312.2,0.9410942738982031 
0.048563,0.9410942738982031 
2.535,0.9410942738982031 
309.3,0.9410942738982031 
0.048931,0.9410942738982031 
2.5717,0.9410942738982031 
308.2,0.9410942738982031 
0.049804,0.9410942738982031 
2.5383,0.9410942738982031 
305.6,0.9410942738982031 
0.049201,0.9410942738982031 
2.4943,0.9410942738982031 
307.7,0.9410942738982031 
0.049222,0.9410942738982031 
2.4512,0.9410942738982031 
306.6,0.9410942738982031 
0.048742,0.9410942738982031 
2.4428,0.9410942738982031 
308.0,0.9410942738982031 
0.048609,0.9410942738982031 
2.5601,0.9410942738982031 
290.3,0.9410942738982031 
0.045635,0.9410942738982031 
2.3666,0.9410942738982031 
291.8,0.9410942738982031 
0.045880000000000004,0.9403967614603921 
2.322,0.9396992490225811 
286.4,0.93900173658477 
0.044211,0.9367138949521567 
2.2359,0.9335551902424897 
281.7,0.9331047574119634 
0.043712,0.9330808771516231 
2.213,0.9324456747898977 
280.5,0.9301970140137652 
0.044108,0.9288341779788247 
2.1767,0.9234715921954989 
282.6,0.9221996803811385 
0.044077,0.9257079711641534 
2.1697,0.9284160769847329 
278.0,0.9285220696359296 
0.044346,0.9281510004184955 
2.2233,0.9290090141438276 
280.0,0.9241333521887796 
0.044617000000000004,0.9248282636323384 
2.1656,0.9172536112133907 
277.6,0.9218112952148485 
0.044816,0.9223847658236104 
2.1013,0.924234857918858 
277.4,0.9261821549066436 
0.044719,0.9285502376917524 
2.1486,0.9302792953208963 
281.6,0.9295817828830855 
0.045304000000000004,0.9288842704452744 
2.2075,0.9330621439075161 
280.9,0.9317992764267381 
0.04545,0.9292864466990325 
2.2164,0.9195813086953888 
282.0,0.920290021624251 
0.044771,0.9199600964839845 
2.1745,0.919779954711295 
278.7,0.9182916575606845 
0.044708,0.9189779018524389 
2.1457,0.9133935068990662 
279.7,0.912684793970204 
0.045137000000000004,0.9134326242881414 
2.1211,0.9099648951638697 
276.9,0.9081931128417142 
0.045406999999999996,0.9070493723554569 
2.1107,0.8957679938407807 
277.0,0.8970436771127326 
0.044893,0.8969556970753283 
2.0487,0.8930376135193329 
277.1,0.8901318905109978 
0.044818000000000004,0.8892037011163815 
2.0532,0.8774952965295449 
275.0,0.880856863693724 
0.044386,0.8820275084754194 
1.9925,0.8820275084754194 
279.9,0.8820275084754194 
0.044879,0.8820275084754194 
2.0187,0.8820275084754194 
281.3,0.8820275084754194 
0.045081,0.8820275084754194 
2.0115,0.8820275084754194 
280.4,0.8820275084754194 
0.044851,0.8820275084754194 
2.0307,0.8820275084754194 
277.5,0.8820275084754194 
0.044463,0.8820275084754194 
2.0792,0.8820275084754194 
277.9,0.8820275084754194 
0.044181,0.8820275084754194 
2.0878,0.8820275084754194 
282.1,0.8820275084754194 
0.044217,0.8820275084754194 
2.1969,0.8820275084754194 
281.7,0.8820275084754194 
0.044456999999999997,0.8820275084754194 
2.137,0.8820275084754194 
281.4,0.8820275084754194 
0.043972000000000004,0.8820275084754194 
2.1182,0.8820275084754194 
282.0,0.8820275084754194 
0.043647000000000005,0.8820275084754194 
2.0728,0.8820275084754194 
287.2,0.8820275084754194 
0.043938,0.8820275084754194 
2.1081,0.8820275084754194 
286.2,0.8820275084754194 
0.044534,0.8820275084754194 
2.118,0.8820275084754194 
291.5,0.8820275084754194 
0.045801999999999995,0.8820275084754194 
2.166,0.8820275084754194 
294.3,0.8820275084754194 
0.04546,0.8820275084754194 
2.1326,0.8820275084754194 
296.9,0.8820275084754194 
0.045168,0.8820275084754194 
2.1712,0.8820275084754194 
295.3,0.8820275084754194 
0.045323,0.8820275084754194 
2.1943,0.8813299960376084 
296.8,0.8806324835997974 
0.045021,0.8799349711619864 
2.1828,0.8798632318051532 
301.5,0.8803929167139426 
0.045381,0.8797282217192591 
2.1783,0.8780198515171675 
303.1,0.8763333754352787 
0.046006,0.8815745508500687 
2.1912,0.8796472122302401 
300.4,0.8760883621078024 
0.046479,0.8734896490891169 
2.1485,0.8664500789528637 
299.6,0.8662523650571726 
0.046006,0.8640123969333224 
2.0877,0.8583807408243198 
298.4,0.8564036018674099 
0.045602,0.856320478050314 
2.0649,0.8576463776682103 
296.7,0.8558669526069914 
0.04602,0.8568381887856921 
2.0759,0.8517122882010417 
293.3,0.8538871410536426 
0.04556,0.8523821624704309 
2.0667,0.8734039318473332 
298.3,0.8720278431333239 
0.045777,0.8718659704368739 
2.0886,0.8718659704368739 
294.5,0.8718659704368739 
0.045457,0.8718659704368739 
2.0298,0.8718659704368739 
293.4,0.8718659704368739 
0.045026,0.8718659704368739 
1.9879,0.8718659704368739 
293.3,0.8718659704368739 
0.044881,0.8718659704368739 
1.9193,0.8718659704368739 
290.4,0.8718659704368739 
0.044417,0.8718659704368739 
1.9201,0.8718659704368739 
288.6,0.8718659704368739 
0.043979000000000004,0.8718659704368739 
1.9294,0.8718659704368739 
287.3,0.8718659704368739 
0.044262,0.8718659704368739 
1.9705,0.8718659704368739 
292.8,0.8711684579990628 
0.044323,0.8704709455612518 
1.959,0.8697734331234408 
294.3,0.8694808138191485 
0.043982,0.8677523036500929 
1.9811,0.8678817515305407 
295.6,0.86886787526512 
0.043841000000000005,0.86924731242551 
1.985,0.8697796083785914 
299.8,0.8698802768286893 
0.044087,0.8710022007390411 
2.0633,0.8756924311180787 
298.5,0.8696523241122018 
0.044248,0.866678549891992 
2.0862,0.8785196240180848 
287.2,0.8693587950591715 
0.043762,0.8725488437681239 
2.0747,0.8606475097228143 
286.6,0.8636675632257527 
0.044336,0.8615318526494202 
2.0373,0.8652478810011203 
286.4,0.8652478810011203 
0.043733,0.864713953357037 
2.0409,0.8696351800930722 
287.3,0.8698618854426927 
0.044203,0.8705827283136716 
2.1266,0.8704260926969876 
291.1,0.8704260926969876 
0.044349,0.8704260926969876 
2.19,0.8704260926969876 
299.8,0.8704260926969876 
0.04559,0.8704260926969876 
2.2464,0.8704260926969876 
300.2,0.8704260926969876 
0.04573,0.8704260926969876 
2.2157,0.8704260926969876 
300.2,0.8704260926969876 
0.046100999999999996,0.8704260926969876 
2.1614,0.8704260926969876 
309.2,0.8704260926969876 
0.04687,0.8704260926969876 
2.3604,0.8704260926969876 
305.7,0.8704260926969876 
0.047028,0.8704260926969876 
2.3308,0.8704260926969876 
300.4,0.8704260926969876 
0.046717,0.8704260926969876 
2.5517,0.8704260926969876 
306.2,0.8704260926969876 
0.047377999999999997,0.8704260926969876 
2.54,0.8704260926969876 
302.6,0.8704260926969876 
0.046715,0.8704260926969876 
2.5864,0.8704260926969876 
306.8,0.8704260926969876 
0.046615,0.8704260926969876 
2.73,0.8704260926969876 
301.1,0.8704260926969876 
0.045814,0.8704260926969876 
2.5315,0.8704260926969876 
298.3,0.8704260926969876 
0.045473,0.8704260926969876 
2.4693,0.8704260926969876 
309.3,0.8704260926969876 
0.046225999999999996,0.8704260926969876 
2.7906,0.8704260926969876 
302.8,0.8704260926969876 
0.046598,0.8704260926969876 
2.813,0.8704260926969876 
304.5,0.8704260926969876 
0.046599,0.8704260926969876 
2.8479,0.8704260926969876 
304.2,0.8697285802591765 
0.046868,0.8690310678213655 
2.7392,0.8683335553835545 
306.6,0.8671843455313887 
0.047718,0.8674944267044706 
2.8186,0.8659845085560673 
306.9,0.864187515427354 
0.04807,0.8618058972441636 
2.8774,0.8600015699004475 
305.3,0.8591261665066605 
0.047386000000000005,0.8568913545313973 
2.7796,0.8449178106259706 
302.9,0.8416107311383307 
0.047024,0.8341550979099319 
2.6677,0.8277120592726007 
300.9,0.8292683319726667 
0.045880000000000004,0.8290429727818839 
2.5696,0.8297550253351512 
303.6,0.8312140309914628 
0.046531,0.8341750003592484 
2.5813,0.8391870207584599 
302.7,0.8348100037895247 
0.045642,0.8278050889426917 
2.611,0.8174284784334276 
301.0,0.8176222343845858 
0.045695,0.8173691803508187 
2.5451,0.818019728572106 
299.3,0.8173222161342951 
0.045233999999999996,0.812809492317563 
2.5119,0.807709367842373 
294.5,0.8073062517550178 
0.04458,0.806241451753317 
2.4247,0.802215608816518 
295.5,0.8030218409912284 
0.044502,0.801593656861963 
2.4957,0.8114032579802011 
299.7,0.8116720020384378 
0.04508,0.8162607829981485 
2.5773,0.8178125229980469 
296.8,0.8170062908233363 
0.044594999999999996,0.8116231352591822 
2.5382,0.8208250619718656 
295.2,0.8211609920446615 
0.044407,0.8228765031585129 
2.6075,0.8167455024596142 
297.4,0.8175853276416043 
0.044692,0.8214811435208429 
2.5697,0.8465911180646511 
299.8,0.847027827159286 
0.04526,0.8497140302365925 
2.9824,0.8676343484563966 
300.0,0.867633542224222 
0.045895,0.867633542224222 
2.9722,0.867633542224222 
300.7,0.867633542224222 
0.045462,0.867633542224222 
3.1506,0.867633542224222 
298.9,0.867633542224222 
0.045298000000000005,0.867633542224222 
3.1572,0.867633542224222 
296.5,0.867633542224222 
0.045087,0.867633542224222 
3.1235,0.867633542224222 
296.3,0.867633542224222 
0.045037,0.867633542224222 
3.0805,0.867633542224222 
296.8,0.867633542224222 
0.045491000000000004,0.867633542224222 
3.15,0.867633542224222 
295.7,0.867633542224222 
0.04555,0.867633542224222 
3.0407,0.867633542224222 
298.7,0.867633542224222 
0.045939,0.867633542224222 
3.1729,0.867633542224222 
298.1,0.867633542224222 
0.045774,0.867633542224222 
3.075,0.867633542224222 
298.2,0.867633542224222 
0.045271,0.867633542224222 
3.1061,0.867633542224222 
296.9,0.867633542224222 
0.045107999999999995,0.867633542224222 
3.028,0.867633542224222 
304.6,0.867633542224222 
0.045811000000000004,0.867633542224222 
3.178,0.867633542224222 
306.2,0.867633542224222 
0.046938,0.867633542224222 
3.1348,0.867633542224222 
305.2,0.867633542224222 
0.046566,0.867633542224222 
3.1075,0.867633542224222 
304.5,0.867633542224222 
0.046274,0.867633542224222 
3.2361,0.867633542224222 
305.2,0.867633542224222 
0.046495999999999996,0.867633542224222 
3.4297,0.866936029786411 
305.4,0.8662385173486 
0.046654,0.865541004910789 
3.42,0.8626368934287238 
304.3,0.8617754019408763 
0.046647,0.8603452199598188 
3.4452,0.8650059076453018 
303.0,0.8641771036947314 
0.046231,0.8634716452391122 
3.4566,0.8570442014607178 
303.2,0.8613789673852128 
0.0467,0.8653295347366805 
3.422,0.8735663125545692 
306.8,0.8736648299619441 
0.047387,0.8742420232438144 
3.5182,0.8711316918711598 
307.7,0.870146517797411 
0.047242,0.8692914166390846 
3.4921,0.8633550778142672 
305.0,0.8597099337413966 
0.046485000000000005,0.8554044994092235 
3.2335,0.8365184983874535 
300.7,0.8353362894989549 
0.045995,0.8360688974163509 
3.2069,0.8412015300608249 
302.1,0.8450322809291899 
0.046408,0.8450322809291899 
3.2426,0.8450322809291899 
307.6,0.8450322809291899 
0.047156,0.8450322809291899 
3.3398,0.8450322809291899 
306.2,0.8450322809291899 
0.047268,0.8450322809291899 
3.2976,0.8450322809291899 
309.2,0.8450322809291899 
0.047864,0.8450322809291899 
3.3109,0.8450322809291899 
308.1,0.8450322809291899 
0.047999,0.8450322809291899 
3.2736,0.8450322809291899 
316.2,0.8450322809291899 
0.048842,0.8450322809291899 
3.3862,0.8450322809291899 
323.7,0.8450322809291899 
0.050020999999999996,0.8450322809291899 
3.3916,0.8450322809291899 
319.0,0.8443347684913789 
0.048868,0.8436372560535679 
3.2884,0.8436372560535679 
322.8,0.8440229322588446 
0.050881,0.8448978074184544 
3.287,0.8448978074184544 
326.3,0.8448978074184544 
0.051884000000000007,0.8448978074184544 
3.3341,0.8448978074184544 
321.2,0.8448978074184544 
0.050912,0.8448978074184544 
3.2634,0.8448978074184544 
327.4,0.8448978074184544 
0.055537,0.8448978074184544 
3.3417,0.8448978074184544 
327.1,0.8448978074184544 
0.052901,0.8448978074184544 
3.3107,0.8448978074184544 
323.4,0.8448978074184544 
0.053072,0.8448978074184544 
3.27,0.8448978074184544 
309.1,0.8448978074184544 
0.049675,0.8448978074184544 
3.0855,0.8448978074184544 
309.6,0.8448978074184544 
0.051093,0.8448978074184544 
3.0801,0.8448978074184544 
309.8,0.8448978074184544 
0.050193,0.8448978074184544 
3.0708,0.8448978074184544 
311.5,0.8448978074184544 
0.051398,0.8448978074184544 
2.9473,0.8448978074184544 
321.3,0.8448978074184544 
0.054159000000000006,0.8448978074184544 
3.1089,0.8448978074184544 
323.5,0.8448978074184544 
0.052335,0.8448978074184544 
3.1348,0.8448978074184544 
319.0,0.8448978074184544 
0.051025,0.8448978074184544 
3.2043,0.8448978074184544 
317.4,0.8448978074184544 
0.051815,0.8448978074184544 
3.2074,0.8448978074184544 
318.1,0.8448978074184544 
0.051229,0.8448978074184544 
3.1827,0.8448978074184544 
316.6,0.8448978074184544 
0.050696,0.8448978074184544 
3.14,0.8448978074184544 
313.1,0.8448978074184544 
0.051158999999999996,0.8448978074184544 
3.0841,0.8448978074184544 
315.5,0.8448978074184544 
0.052506,0.8448978074184544 
3.1899,0.8448978074184544 
315.9,0.8448978074184544 
0.052528,0.8448978074184544 
3.25,0.8448978074184544 
315.4,0.8448978074184544 
0.05281,0.8448978074184544 
3.15,0.8448978074184544 
312.6,0.8448978074184544 
0.051895000000000004,0.8448978074184544 
3.0995,0.8448978074184544 
313.5,0.8448978074184544 
0.052063,0.8448978074184544 
3.12,0.8448978074184544 
311.0,0.8448978074184544 
0.051704999999999994,0.8448978074184544 
3.0808,0.8448978074184544 
311.8,0.8442002949806435 
0.051817999999999996,0.8435027825428325 
3.0433,0.8428052701050215 
304.0,0.8419777315482139 
0.049826,0.838847940464774 
2.8939,0.8393026458646445 
307.7,0.8402965788550769 
0.04945,0.8383287421309661 
2.9391,0.8398355975884666 
306.6,0.8380836547159645 
0.0487,0.8388856397097744 
2.8952,0.8370897982741231 
306.0,0.8340725633270357 
0.048969,0.8307078443304496 
2.8746,0.8247217062116119 
303.9,0.8277389411586993 
0.047937,0.8300906264788936 
2.8262,0.8310195099800927 
306.7,0.8292675671075903 
0.048976,0.8247692151874234 
2.9048,0.8282920918734521 
304.5,0.8280001013947017 
0.048087,0.8277769927874012 
2.867,0.8224995583768856 
306.8,0.8229755028572487 
0.048179,0.8236166420632408 
2.775,0.8222104259171078 
304.7,0.8215129134792968 
0.048494999999999996,0.824619592985327 
2.7922,0.8169044335538018 
303.9,0.8177311408283299 
0.048780000000000004,0.8189285068879457 
2.7508,0.8211000267279419 
303.5,0.8185207000314146 
0.048351,0.8037397014441302 
2.7314,0.7945420621218384 
291.6,0.7925579646629712 
0.046189999999999995,0.7849449818109545 
2.5606,0.7781485423117355 
291.3,0.7783800203486033 
0.046442000000000004,0.7794236704951603 
2.5486,0.7771059906659334 
289.4,0.77670917117416 
0.045734,0.7745733290137644 
2.5901,0.7731639291176129 
289.9,0.7711136950767836 
0.045794999999999995,0.7597306271992197 
2.5694,0.7496455879423141 
282.0,0.7354923594023948 
0.044517,0.7004731560630353 
2.4711,0.681414123147359 
223.9,0.6759419823558034 
0.037579,0.6759419823558034 
2.1755,0.6759419823558034 
219.4,0.6759419823558034 
0.037586,0.6759419823558034 
2.2937,0.6759419823558034 
230.1,0.6759419823558034 
0.038595,0.6759419823558034 
2.3257,0.6759419823558034 
222.0,0.6759419823558034 
0.03696,0.6759419823558034 
2.1994,0.6759419823558034 
218.5,0.6759419823558034 
0.036993,0.6759419823558034 
2.2139,0.6759419823558034 
220.0,0.6759419823558034 
0.037837,0.6759419823558034 
2.1674,0.6759419823558034 
226.4,0.6759419823558034 
0.038717,0.6759419823558034 
2.363,0.6759419823558034 
227.3,0.6759419823558034 
0.038967,0.6759419823558034 
2.2962,0.6759419823558034 
223.2,0.6759419823558034 
0.038344,0.6759419823558034 
2.2702,0.6759419823558034 
223.2,0.6759419823558034 
0.038555,0.6759419823558034 
2.3269,0.6759419823558034 
223.9,0.6759419823558034 
0.039264999999999994,0.6759419823558034 
2.3,0.6759419823558034 
208.5,0.6759419823558034 
0.036179,0.6759419823558034 
2.1055,0.6759419823558034 
216.0,0.6759419823558034 
0.037683,0.6759419823558034 
2.24,0.6759419823558034 
214.2,0.6759419823558034 
0.037857,0.6759419823558034 
2.2286,0.6759419823558034 
213.3,0.6759419823558034 
0.037573,0.6759419823558034 
2.2411,0.6759419823558034 
218.1,0.6759419823558034 
0.03865,0.6752444699179925 
2.239,0.6745469574801816 
213.1,0.6738494450423705 
0.038316,0.6699239967020698 
2.2049,0.6688366474445745 
212.2,0.6697873068310308 
0.03776,0.6752477081623347 
2.1975,0.6758762654968132 
217.0,0.6810140322948465 
0.03834,0.6873140891500163 
2.227,0.6878438731890768 
220.7,0.6883109428979889 
0.039310000000000005,0.6882634152268267 
2.2721,0.694207771732894 
220.7,0.6938341159657644 
0.039481999999999996,0.6947635459796034 
2.2836,0.6935243900916317 
222.2,0.6945519434512384 
0.039271,0.6927194876853172 
2.2823,0.6942639428500357 
219.9,0.6921154221890399 
0.03879,0.6902618430137132 
2.25,0.6841199399168096 
218.8,0.6900050182491023 
0.03845,0.6899328501208687 
2.2342,0.6918303815354044 
226.9,0.6929077339914596 
0.038679000000000005,0.6929077339914596 
2.26,0.6949433352196452 
227.3,0.6909653897736965 
0.038723,0.6909653897736965 
2.2866,0.6867334819572053 
223.0,0.6828927070438756 
0.038169,0.6828927070438756 
2.2155,0.6776296064999481 
221.7,0.6773552654347103 
0.037456,0.6773552654347103 
2.1961,0.6764713859540508 
220.8,0.6681039834642967 
0.037472000000000005,0.6681039834642967 
2.1524,0.6657067951758411 
216.5,0.6662554773063168 
0.03677,0.6662554773063168 
2.173,0.6672197094670365 
214.4,0.6705118022498904 
0.036969999999999996,0.6705118022498904 
2.18,0.6732036170318991 
218.3,0.6718319117057099 
0.037458,0.6718319117057099 
2.2035,0.6759868148704771 
216.6,0.6714209565217237 
0.03683,0.6714209565217237 
2.2412,0.6714209565217237 
214.9,0.6714209565217237 
0.036998,0.6714209565217237 
2.188,0.6714209565217237 
224.9,0.6714209565217237 
0.038751999999999995,0.6714209565217237 
2.36,0.6714209565217237 
227.7,0.6714209565217237 
0.038968,0.6714209565217237 
2.48,0.6714209565217237 
226.7,0.6714209565217237 
0.039083,0.6714209565217237 
2.53,0.6714209565217237 
227.6,0.6714209565217237 
0.038932999999999995,0.6714209565217237 
2.6629,0.6714209565217237 
230.8,0.6714209565217237 
0.039302,0.6714209565217237 
2.6227,0.6714209565217237 
231.4,0.6714209565217237 
0.039142,0.6714209565217237 
2.5496,0.6714209565217237 
228.9,0.6714209565217237 
0.03934,0.6714209565217237 
2.58,0.6714209565217237 
225.2,0.6714209565217237 
0.038513,0.6714209565217237 
2.5271,0.6714209565217237 
223.1,0.6714209565217237 
0.038486,0.6714209565217237 
2.5047,0.6714209565217237 
223.2,0.6714209565217237 
0.038301999999999996,0.6714209565217237 
2.5546,0.6714209565217237 
222.9,0.6714209565217237 
0.038241000000000004,0.6714209565217237 
2.4627,0.6714209565217237 
223.1,0.6714209565217237 
0.038234,0.6714209565217237 
2.4663,0.6714209565217237 
224.7,0.6714209565217237 
0.038632,0.6714209565217237 
2.5689,0.6714209565217237 
222.4,0.6714209565217237 
0.038952999999999995,0.6714209565217237 
2.4987,0.6714209565217237 
222.9,0.6714209565217237 
0.03912,0.6714209565217237 
2.592,0.6714209565217237 
225.6,0.6714209565217237 
0.039471,0.6714209565217237 
2.62,0.6714209565217237 
224.2,0.6714209565217237 
0.039588,0.6714209565217237 
2.6237,0.6714209565217237 
222.9,0.6714209565217237 
0.03907,0.6714209565217237 
2.6137,0.6714209565217237 
222.5,0.6714209565217237 
0.0384,0.6714209565217237 
2.56,0.6714209565217237 
218.7,0.6714209565217237 
0.037817,0.6714209565217237 
2.53,0.6714209565217237 
219.3,0.6714209565217237 
0.03793,0.6714209565217237 
2.5402,0.6714209565217237 
222.3,0.6707234440839127 
0.038273,0.6700259316461018 
2.5985,0.6700259316461018 
219.3,0.6697368146178131 
0.03784,0.6688339564382221 
2.5122,0.6688339564382221 
222.6,0.6688339564382221 
0.038380000000000004,0.6688339564382221 
2.5451,0.6688339564382221 
222.1,0.6688339564382221 
0.038698,0.6688339564382221 
2.5578,0.6688339564382221 
222.1,0.6688339564382221 
0.03947,0.6688339564382221 
2.5812,0.6688339564382221 
223.9,0.6688339564382221 
0.040038,0.6688339564382221 
2.6177,0.6688339564382221 
221.9,0.6688339564382221 
0.039527,0.6688339564382221 
2.57,0.6688339564382221 
222.2,0.6688339564382221 
0.039624,0.6688339564382221 
2.594,0.6688339564382221 
221.6,0.6688339564382221 
0.039464,0.6681364440004112 
2.6699,0.6674389315626003 
220.2,0.6667414191247892 
0.039407,0.6654710380485331 
2.6631,0.6648303668519984 
222.8,0.6648100492024964 
0.039479,0.6658528035693774 
2.6382,0.6673454073003573 
222.3,0.6682452818831094 
0.039637,0.669115931160311 
2.7354,0.6777533334614128 
223.2,0.6773033961700368 
0.039721,0.6771363529947597 
2.78,0.6781440499298883 
221.8,0.6760743383895584 
0.039923,0.6762464434792379 
2.7209,0.6706548619895772 
220.0,0.670114937239926 
0.039361,0.6679433759613242 
2.6856,0.6602151739024438 
221.4,0.6610250610269206 
0.039455000000000004,0.6607213461627806 
2.6318,0.6653052307173126 
222.5,0.6628429938839864 
0.039519,0.6598506229373884 
2.6782,0.6554627771084167 
219.5,0.6554627771084167 
0.038419999999999996,0.6554627771084167 
2.6087,0.6554627771084167 
220.5,0.6554627771084167 
0.038879000000000004,0.6554627771084167 
2.6362,0.6554627771084167 
223.9,0.6554627771084167 
0.0389,0.6554627771084167 
2.6067,0.6554627771084167 
223.5,0.6554627771084167 
0.038928,0.6554627771084167 
2.6143,0.6554627771084167 
227.8,0.6554627771084167 
0.0403,0.6554627771084167 
2.6962,0.6554627771084167 
234.4,0.6554627771084167 
0.041319999999999996,0.6554627771084167 
2.78,0.6554627771084167 
234.2,0.6554627771084167 
0.041177,0.6554627771084167 
2.8858,0.6554627771084167 
232.9,0.6554627771084167 
0.041681,0.6554627771084167 
2.9,0.6554627771084167 
235.7,0.6554627771084167 
0.041645,0.6554627771084167 
2.9897,0.6554627771084167 
233.8,0.6554627771084167 
0.041249,0.6554627771084167 
2.9551,0.6554627771084167 
233.2,0.6554627771084167 
0.040681,0.6554627771084167 
2.9259,0.6554627771084167 
229.3,0.6554627771084167 
0.040648000000000004,0.6554627771084167 
2.93,0.6554627771084167 
229.3,0.6554627771084167 
0.041145999999999995,0.6554627771084167 
2.8741,0.6554627771084167 
231.8,0.6554627771084167 
0.041234,0.6554627771084167 
2.9068,0.6554627771084167 
228.5,0.6554627771084167 
0.040958,0.6554627771084167 
2.85,0.6554627771084167 
231.7,0.6554627771084167 
0.0421,0.6547652646706057 
3.0081,0.6540677522327948 
232.2,0.6533702397949838 
0.042975,0.6527590990179307 
2.9845,0.6506252208320773 
238.0,0.6500949394657995 
0.042518,0.648918927572549 
2.8793,0.6463474337442632 
237.8,0.6460967975787482 
0.042407,0.6466754700976491 
2.8993,0.646930605255547 
239.4,0.6458445152049821 
0.042741,0.643044486887719 
2.9032,0.6434070473752579 
237.1,0.6436576835407728 
0.041794,0.643443014703116 
2.9305,0.6483241531186872 
237.5,0.6451494283554973 
0.041782,0.6418127279440922 
2.9563,0.630566638747281 
231.9,0.6288957309771811 
0.04116,0.6294137362158747 
2.828,0.6268086719720761 
231.7,0.6262238542525411 
0.041260000000000005,0.6256708673267372 
2.814,0.627417281138263 
231.1,0.627471677196997 
0.041862,0.627471677196997 
2.867,0.6335175108755179 
230.5,0.6299747541866907 
0.041654000000000004,0.6299747541866907 
2.8896,0.6307637867176162 
232.1,0.6308903137422173 
0.041624,0.6308903137422173 
2.8797,0.6261561185566635 
224.7,0.619323659228211 
0.040625,0.619323659228211 
2.767,0.6113923452160496 
222.1,0.6115188722406506 
0.040772,0.6115188722406506 
2.7887,0.6186714008976126 
223.9,0.6160143333809922 
0.041007,0.6160143333809922 
2.85,0.6166701526274758 
220.6,0.6157844634552689 
0.040436,0.6157844634552689 
2.845,0.6161328674299633 
220.5,0.6186634079219828 
0.040094,0.6186634079219828 
2.8065,0.6165271177152654 
223.2,0.6176051279648657 
0.0404,0.6176051279648657 
2.8273,0.6176051279648657 
224.1,0.6176051279648657 
0.040867,0.6176051279648657 
2.8236,0.6176051279648657 
224.0,0.6176051279648657 
0.040388,0.6176051279648657 
2.796,0.6176051279648657 
225.0,0.6176051279648657 
0.040802,0.6176051279648657 
2.8334,0.6176051279648657 
224.4,0.6176051279648657 
0.040473,0.6176051279648657 
2.8156,0.6176051279648657 
223.9,0.6176051279648657 
0.040477,0.6176051279648657 
2.8309,0.6176051279648657 
226.1,0.6176051279648657 
0.040636,0.6176051279648657 
2.8571,0.6176051279648657 
225.8,0.6176051279648657 
0.040798,0.6176051279648657 
2.8508,0.6176051279648657 
226.6,0.6176051279648657 
0.041339,0.6176051279648657 
2.8681,0.6176051279648657 
226.9,0.6176051279648657 
0.041587,0.6176051279648657 
2.8776,0.6176051279648657 
225.7,0.6176051279648657 
0.041293,0.6176051279648657 
2.8652,0.6176051279648657 
223.3,0.6176051279648657 
0.041125999999999996,0.6176051279648657 
2.866,0.6176051279648657 
225.3,0.6176051279648657 
0.041561,0.6176051279648657 
2.97,0.6176051279648657 
226.1,0.6176051279648657 
0.041804,0.6176051279648657 
2.9983,0.6176051279648657 
225.4,0.6176051279648657 
0.041602,0.6176051279648657 
3.0199,0.6176051279648657 
224.8,0.6176051279648657 
0.0413,0.6176051279648657 
2.9615,0.6169076155270548 
228.0,0.6162101030892438 
0.041513999999999995,0.6155125906514328 
3.007,0.6150296085868322 
227.9,0.614156761369176 
0.041522,0.6136007614483271 
3.09,0.6194165230029185 
225.7,0.6175738829114643 
0.041460000000000004,0.6162652224279749 
3.0819,0.6166146956279673 
223.2,0.6160004822641493 
0.041124,0.6152718507861625 
3.0404,0.6104121951560787 
225.6,0.6117283666499745 
0.0413,0.6116708431122387 
3.0601,0.6088882451802233 
225.9,0.6050274754647955 
0.041095,0.5998455634404288 
3.0181,0.5962255485952239 
221.4,0.5963132933614836 
0.039416,0.5924304545643171 
2.9353,0.5919161355152716 
221.7,0.5944607337368035 
0.039623,0.5959946947430916 
2.9186,0.5925408972644038 
224.5,0.5910095756036391 
0.039543,0.5892240258178072 
2.9122,0.5892240258178072 
221.8,0.5892240258178072 
0.039169999999999996,0.5892240258178072 
2.8357,0.5892240258178072 
221.2,0.5892240258178072 
0.038551,0.5892240258178072 
2.7856,0.5892240258178072 
215.6,0.5892240258178072 
0.037771,0.5892240258178072 
2.7674,0.5892240258178072 
214.7,0.5892240258178072 
0.038147,0.5892240258178072 
2.7727,0.5892240258178072 
217.2,0.5892240258178072 
0.038593,0.5892240258178072 
2.8315,0.5892240258178072 
214.9,0.5892240258178072 
0.03815,0.5892240258178072 
2.7728,0.5892240258178072 
215.9,0.5885265133799963 
0.03814,0.5878290009421853 
2.7884,0.5871314885043744 
218.0,0.5866620881425886 
0.039222,0.5864085212632746 
2.8369,0.5881906134816356 
219.2,0.5884640349187816 
0.039319,0.5886829689700251 
2.9012,0.5895634909125619 
218.0,0.5895634909125619 
0.03921,0.5888150419466828 
2.9348,0.5892640730568209 
220.5,0.5894463540149183 
0.039226,0.5907294093849967 
2.911,0.5899962257754742 
218.4,0.5870797304459167 
0.039024,0.5829352579409806 
2.8927,0.5783467212842557 
214.3,0.5747922426013574 
0.038191,0.5711976509693122 
2.7836,0.5691033418071831 
213.3,0.5701058870767186 
0.037842,0.5702331743158137 
2.7794,0.5723204673668467 
213.2,0.5723868176355941 
0.0376,0.5724640351663187 
2.7779,0.5721819383874855 
214.0,0.5721819383874855 
0.038163,0.5721819383874855 
2.7779,0.5721819383874855 
212.2,0.5721819383874855 
0.038049,0.5721819383874855 
2.7398,0.5721819383874855 
214.5,0.5721819383874855 
0.038058,0.5721819383874855 
2.7156,0.5721819383874855 
214.0,0.5721819383874855 
0.037966,0.5721819383874855 
2.7562,0.5721819383874855 
213.3,0.5721819383874855 
0.0384,0.5721819383874855 
2.7624,0.5721819383874855 
214.3,0.5721819383874855 
0.039126999999999995,0.5721819383874855 
2.7844,0.5721819383874855 
214.0,0.5721819383874855 
0.039033,0.5721819383874855 
2.7658,0.5721819383874855 
213.0,0.5721819383874855 
0.039027,0.5721819383874855 
2.7425,0.5721819383874855 
211.7,0.5721819383874855 
0.038399,0.5721819383874855 
2.6949,0.5721819383874855 
212.7,0.5721819383874855 
0.038518000000000004,0.5721819383874855 
2.7123,0.5721819383874855 
212.9,0.5721819383874855 
0.038465,0.5721819383874855 
2.7277,0.5721819383874855 
220.3,0.5721819383874855 
0.038868,0.5721819383874855 
2.78,0.5721819383874855 
225.7,0.5721819383874855 
0.039251,0.5721819383874855 
2.91,0.5721819383874855 
224.6,0.5721819383874855 
0.0395,0.5721819383874855 
2.8948,0.5721819383874855 
224.7,0.5721819383874855 
0.03893,0.5721819383874855 
2.8801,0.5721819383874855 
224.2,0.5721819383874855 
0.038646,0.5714844259496746 
2.8872,0.5707869135118636 
232.1,0.5700894010740527 
0.039225,0.5697943820575122 
2.895,0.5709760219505446 
229.7,0.5712350305949582 
0.0387,0.5689012035751597 
2.8887,0.5680654603762085 
234.5,0.5692309992760693 
0.038819,0.5714885574390115 
2.9529,0.5732076064579924 
232.7,0.5724737486321542 
0.039275,0.5752143428885187 
2.9818,0.5762131579311677 
