date,current_balance 
412.0,0.999302487562189 
0.084908,0.998604975124378 
5.4316,0.9979074626865669 
407.7,0.997799885945765 
0.084872,0.9965214630988619 
5.4409,0.9960897615622655 
406.1,1.005538650534088 
0.085176,1.0074523812860494 
5.48,1.0166713168398402 
426.5,1.0119014895936727 
0.085199,1.0099951231493511 
5.8761,1.0103814816646959 
425.8,1.0165244409968817 
0.086824,1.0248215074297813 
5.7556,1.0313252091047493 
436.2,1.0330596917397195 
0.0882,1.0347491871389987 
5.818,1.0367614710730853 
434.5,1.0277999774590731 
0.088336,1.0206817100935797 
5.8787,1.0125735473618331 
414.2,1.009465932640845 
0.08453300000000001,1.0044953882052843 
5.7041,0.9977070476263168 
419.3,1.0022852532032065 
0.085719,1.005407469494201 
5.8162,1.00470995705639 
436.0,1.0111019616171484 
0.087564,1.0169834303450442 
6.03,1.017927860735465 
428.1,1.020068666243067 
0.088003,1.02493496459671 
5.9868,1.0268406902059521 
432.9,1.034571376761181 
0.089538,1.0408067580966147 
6.1312,1.0412840327403452 
440.6,1.0459224446734825 
0.089795,1.0481297417257571 
6.0303,1.0465444478561223 
442.0,1.034175349367756 
0.089658,1.0273625316726553 
5.9691,1.0246456078173556 
427.7,1.0184610585731724 
0.086774,1.009575989426042 
5.8231,1.0074678858759958 
426.0,0.9942662519124509 
0.08551399999999999,0.9847944329159817 
5.8034,0.9839140888734823 
402.5,0.9741615304499628 
0.08361,0.9744735323539764 
5.5618,0.9741159979918885 
413.9,0.9725698606808426 
0.08513899999999999,0.9651842633709115 
5.6232,0.9619462163180402 
399.6,0.9648006236615094 
0.082022,0.9668216509203431 
5.3834,0.9685469228657011 
416.0,0.965811449161543 
0.085,0.9681817322830784 
5.6159,0.9689524549409753 
406.9,0.9766831414962042 
0.08406799999999999,0.9752674910660535 
5.5228,0.9745676006874381 
409.2,0.9520891428576185 
0.08301900000000001,0.9414019134589475 
5.4948,0.9364841294973993 
394.9,0.9383870677263788 
0.081334,0.9385686807749838 
5.1819,0.9376141314875228 
394.0,0.9560488455807611 
0.08127000000000001,0.9607102471616193 
5.2356,0.9628874965081072 
416.2,0.9659797711301988 
0.08311,0.9670647926769919 
5.4841,0.9697766570837716 
410.9,0.9465845974180847 
0.081584,0.9298855104361092 
5.5068,0.9256709898188564 
392.8,0.9242437861471218 
0.079023,0.921766397894358 
5.2464,0.920897859231739 
389.5,0.9261309393614325 
0.077614,0.9281705935996101 
5.1451,0.9293258343450355 
404.7,0.9347967817533513 
0.08089,0.9382613999113518 
5.3284,0.9404116655323991 
403.2,0.9450500774655365 
0.080231,0.9442398038640687 
5.4068,0.9430626388417228 
408.0,0.951506927232819 
0.081134,0.9653188324164608 
5.3907,0.9672262445085428 
413.1,0.9675830454264764 
0.082403,0.9678810770959818 
5.46,0.9685489243006364 
408.4,0.9629590432530094 
0.08187,0.9543487220512044 
5.4079,0.953107470680937 
406.8,0.9535832052381821 
0.08068600000000001,0.9590781641446882 
5.4109,0.9586936460571597 
412.8,0.962737389793741 
0.081861,0.9574752681290359 
5.4053,0.958932389302828 
411.7,0.9658305403828785 
0.08037899999999999,0.9672089368543411 
5.5708,0.9689746843878599 
421.8,0.9704018880595944 
0.082585,0.9718827329174495 
5.6029,0.9738356800462126 
416.5,0.96967300267032 
0.080712,0.9632234110724293 
5.6,0.9613986366395091 
416.6,0.9605661011643306 
0.080001,0.959811708500895 
5.5375,0.9593209419944443 
413.0,0.9581316056013321 
0.080192,0.9564132667568399 
5.6496,0.9590795961269385 
414.5,0.9624097380276525 
0.079513,0.9623492003447841 
5.6236,0.9613524889863222 
415.2,0.9496969923338233 
0.079537,0.9482813419036725 
5.636,0.9468984259748421 
399.0,0.9378594693871898 
0.077176,0.927628600982449 
5.4284,0.9256318052998451 
400.3,0.9239667343494882 
0.077424,0.9224998597261411 
5.4121,0.9216903479629234 
396.0,0.9258530253388159 
0.076503,0.9267564338370041 
5.3864,0.92656923424176 
404.2,0.9278775042741834 
0.07712000000000001,0.9298100533811327 
5.4232,0.9294828757101654 
402.9,0.926509534727385 
0.077361,0.9258203364916536 
5.3996,0.9263886812087462 
401.2,0.9253182784549453 
0.076795,0.921048043440313 
5.393,0.9202604559540156 
399.7,0.9260882042802651 
0.076615,0.9304189769777657 
5.4289,0.932022822158641 
405.9,0.9332121585517531 
0.07795,0.93297000782028 
5.4734,0.9329582024403997 
405.0,0.9296280605396858 
0.07744,0.9305640662517263 
5.3994,0.9280309690259905 
402.3,0.9374267265315764 
0.076851,0.9471593232388629 
5.2681,0.9472318420009845 
416.1,0.9524649221306779 
0.079979,0.9519666504332235 
5.4066,0.9533343880164935 
414.2,0.946911971493688 
0.078774,0.9396427928046573 
5.3629,0.9384588818509514 
405.4,0.9306092616564112 
0.077234,0.9279176631411903 
5.2943,0.9273628102868181 
401.3,0.9276006775654405 
0.0774,0.9316380753382717 
5.2746,0.9314761729856282 
402.5,0.9321897748214956 
0.077813,0.9354867501653994 
5.25,0.9346165250199402 
405.7,0.9368762641668532 
0.078622,0.9352184630052293 
5.271,0.9357699428939213 
403.8,0.9375539474835896 
0.077549,0.9418754066914181 
5.2332,0.9432144740664077 
410.6,0.9492800896712796 
0.079715,0.9516410593031428 
5.33,0.9516444322688229 
412.4,0.9485521576467313 
0.080182,0.9500236890149143 
5.4293,0.9503002722006804 
408.4,0.9487541348896347 
0.080624,0.9555296986260469 
5.3397,0.9555145202804866 
408.8,0.9625316049998482 
0.081862,0.9636585372501656 
5.3378,0.9648812373091925 
413.6,0.9632161663588354 
0.080176,0.9573719515896277 
5.264,0.9550648430644569 
412.7,0.9574435158506812 
0.080095,0.9541232567825974 
5.2827,0.9541856566476787 
417.0,0.9576347321877039 
0.07932,0.959739580853586 
5.2404,0.9582200598147126 
418.2,0.9639288745016509 
0.0805,0.9640499498673875 
5.2176,0.9623179319906694 
424.0,0.9639830029410263 
0.079929,0.9608909243699076 
5.0959,0.9612130425923547 
421.6,0.955266360626794 
0.07926799999999999,0.9514478298612558 
5.0924,0.9494493476958118 
416.8,0.9445730684840521 
0.078542,0.94160206527867 
4.9258,0.9403827381853231 
414.1,0.9413342072998128 
0.078226,0.9390151483714737 
4.9861,0.9396324010909273 
414.1,0.9387998656157488 
0.07741,0.9391863754371387 
4.9977,0.9402387407293218 
415.0,0.9465422236128161 
0.077917,0.944628301485211 
4.9757,0.9428760458144125 
418.5,0.9382376338812752 
0.076426,0.9326076293745245 
4.8101,0.9301419914623902 
415.1,0.9304987923803237 
0.076613,0.9334185713925096 
4.8397,0.9335163873972318 
416.7,0.9104432613708562 
0.07646499999999999,0.8886357253037642 
4.764,0.8817869184903736 
387.5,0.8677527490516502 
0.07067799999999999,0.8677434355619782 
4.3143,0.8681650562719875 
386.4,0.8686407908292324 
0.072783,0.8667734361499875 
4.4483,0.867301305278919 
388.5,0.8542186049546854 
0.071533,0.8478528347638431 
4.434,0.8493032100062751 
365.1,0.8007782851672994 
0.069543,0.7735177008972257 
4.4583,0.768488609068235 
339.9,0.7746731583124181 
0.06504299999999999,0.7790225579892628 
4.3142,0.7792063846188269 
344.8,0.7825365265195409 
0.065944,0.7841850141914927 
4.235,0.7851108932706731 
334.3,0.7902250397610554 
0.06394,0.7879013240878804 
4.2613,0.7892100347717491 
345.2,0.7819550827737649 
0.066715,0.7757243581831672 
4.3383,0.775211667399796 
345.3,0.7862724958557389 
0.065011,0.7922284725010114 
4.3559,0.7946013538569435 
341.1,0.7902008092024286 
0.063941,0.7960962481648327 
4.286,0.7953019147471753 
350.5,0.8039840704168939 
0.06754,0.8137818615518845 
4.5016,0.8152659664511172 
352.5,0.8074163462565771 
0.069261,0.8052369896733187 
4.4932,0.8046990016473469 
346.0,0.8076723426301272 
0.06722,0.8153187176508757 
4.3974,0.8150033453597887 
350.2,0.8220204300791503 
0.070425,0.8217456821338249 
4.4647,0.8225045994118416 
353.0,0.8182229883966381 
0.069746,0.8146931758109333 
4.5293,0.8147842458842952 
347.6,0.8095511657546017 
0.068,0.8048478534702193 
4.4092,0.8040973686064028 
345.1,0.7974370848049748 
0.068098,0.797055231728421 
4.47,0.7957937425640733 
336.5,0.7988860171861648 
0.066838,0.7976938905081432 
4.3469,0.7978085713412657 
347.9,0.7966192349481536 
0.06815399999999999,0.7920137143053275 
4.3498,0.7897116652286769 
341.3,0.7830513814272488 
0.06664199999999999,0.7763177283943608 
4.2554,0.7760782478310755 
344.7,0.7828574652718148 
0.06699400000000001,0.7909415743071493 
4.2737,0.790880860924908 
340.6,0.7870749844669491 
0.066968,0.7835731123502604 
4.2169,0.7830637945325691 
338.7,0.7670077532255553 
0.06526599999999999,0.7549281571209137 
4.2058,0.7519346500798478 
323.2,0.7388519497556143 
0.061946,0.7258875721321285 
4.0,0.7243562457133749 
305.9,0.7150794218471 
0.060591,0.7153821102614416 
3.8955,0.7142285559988562 
307.6,0.7157528095202685 
0.061287,0.7180263002878398 
3.88,0.719034921588118 
309.0,0.7183374091503071 
0.061988999999999995,0.6890099215612574 
3.9469,0.6883124091234464 
285.3,0.6910743743513803 
0.058475,0.6974860046798569 
3.7378,0.6969328699836372 
288.8,0.69872635389788 
0.058101,0.6992399262896478 
3.7201,0.6997635246671373 
291.7,0.7068657209675386 
0.057972,0.7149785598437463 
3.7936,0.7200776025045282 
317.3,0.7234493522633046 
0.0598,0.7288900097885951 
3.9684,0.7329230598552061 
317.8,0.7321339269329393 
0.059567999999999996,0.7310345610318113 
4.18,0.7373553332400687 
313.1,0.7344857589772803 
0.05954299999999999,0.7377918812492857 
4.17,0.7345724225076967 
308.3,0.7345365528294119 
0.059039,0.7250434881503283 
4.091,0.7247159035244117 
309.6,0.7241778583501389 
0.058649,0.7179909159430607 
4.1771,0.7175263902030317 
305.3,0.7140111617311158 
0.057793,0.7063396741290837 
4.129,0.7042613913384332 
303.8,0.6981635460300079 
0.057737000000000004,0.6670843917594325 
3.9699,0.6574931435317795 
283.0,0.6577801009580584 
0.053069000000000005,0.6579646660363498 
3.825,0.6555641688595519 
283.0,0.6564250411383885 
0.051753999999999994,0.6387629656027478 
3.6881,0.6391308270269327 
284.5,0.6408167019063209 
0.05139,0.6497721204877724 
3.68,0.6532063888201265 
291.6,0.6514129049058837 
0.05315399999999999,0.651934501866273 
3.8016,0.6520284810622325 
279.0,0.6522795688102265 
0.051240999999999995,0.6690188189544094 
3.7501,0.6729041874273697 
301.2,0.6782487694918131 
0.056323000000000005,0.7034940623746508 
3.9957,0.7055840361772787 
294.3,0.7039897817823464 
0.055937,0.6927714348496676 
3.8709,0.6927714348496676 
292.2,0.6887458825288268 
0.055123,0.6888502019209047 
3.8375,0.6888502019209047 
297.7,0.6955825911471385 
0.055807,0.7034627175333263 
3.897,0.7034627175333263 
299.0,0.7002700381064526 
0.05633099999999999,0.6990904265191107 
3.9664,0.6990904265191107 
295.0,0.6999927054875751 
0.056840999999999996,0.6988853150178257 
3.9339,0.6988853150178257 
314.6,0.7112395962783371 
0.058455999999999994,0.7293831459312601 
4.02,0.7293831459312601 
311.1,0.7284808669627958 
0.058008000000000004,0.7283845721393394 
4.0501,0.7283845721393394 
314.5,0.7272740749473832 
0.058538,0.7241605423222908 
4.0977,0.7241605423222908 
311.0,0.7229112329813401 
0.057908,0.7192199314155088 
4.0611,0.7192199314155088 
310.3,0.7154025973181597 
0.05825,0.7143594033973815 
4.0183,0.7143594033973815 
303.2,0.7127630636839446 
0.057,0.7052841657288254 
3.9199,0.7052841657288254 
301.7,0.7028549531214214 
0.057173,0.7077900628235655 
3.9401,0.7077900628235655 
300.9,0.7106357118779529 
0.058251,0.7246947561025976 
3.9029,0.7246947561025976 
308.6,0.7298308056153944 
0.0603,0.7457756234660613 
3.9676,0.7457756234660613 
314.6,0.7476495874774872 
0.061799,0.7533309820614189 
4.0449,0.7533309820614189 
312.0,0.7524981091674519 
0.061251,0.7460383314272472 
4.0255,0.7460383314272472 
314.6,0.750896756642055 
0.061074,0.754411517698216 
4.0001,0.754411517698216 
331.1,0.7675292657781971 
0.062402,0.7916591436226641 
4.0808,0.7916591436226641 
335.4,0.7865925001843646 
0.065001,0.7764815437214353 
4.1512,0.7764815437214353 
324.9,0.7751628283059875 
0.062747,0.7651240929606504 
4.0363,0.7651240929606504 
325.4,0.7614455710122959 
0.061752,0.7626813545799873 
4.017,0.7626813545799873 
325.0,0.7655964097088721 
0.062204999999999996,0.767321691962467 
4.2553,0.767321691962467 
325.3,0.7600340541402553 
0.061808,0.7404380575668639 
4.2106,0.7404380575668639 
317.3,0.737731220661471 
0.060351999999999996,0.7394966257581729 
4.1336,0.7394966257581729 
314.2,0.744424457047478 
0.060171,0.7497286969062051 
4.0798,0.7497286969062051 
321.7,0.7502839455021831 
0.061185,0.7570085340068933 
4.2511,0.7570085340068933 
321.6,0.7552733821444619 
0.061707000000000005,0.7558431265165794 
4.2855,0.7558431265165794 
319.0,0.7541773807286453 
0.061803,0.7453102324020286 
4.23,0.7453102324020286 
321.0,0.7395495282187565 
0.060502999999999994,0.7299601687162165 
4.1634,0.7299601687162165 
307.4,0.7291272958222494 
0.058732000000000006,0.7233977538265896 
3.9684,0.7233977538265896 
302.6,0.7241612206460593 
0.058145,0.7235593779994565 
3.9002,0.7235593779994565 
309.8,0.7254333420108823 
0.059296,0.728466628949761 
3.9161,0.728466628949761 
311.2,0.7252739495228873 
0.059315999999999994,0.7129241384145951 
3.9276,0.7129241384145951 
305.7,0.7094538346897324 
0.056604999999999996,0.6993188045209391 
3.8752,0.6993188045209391 
303.4,0.6977918708819995 
0.056885000000000005,0.6962351045694531 
3.8788,0.6962351045694531 
295.8,0.6966515410164367 
0.055376999999999996,0.6943003424103745 
3.71,0.6943003424103745 
305.7,0.6957578699748169 
0.057665999999999995,0.7034373821454704 
3.8457,0.7034373821454704 
296.6,0.6939287499393465 
0.055617999999999994,0.6751031119536068 
3.6947,0.6751031119536068 
284.7,0.674617269432126 
0.054152,0.6783807921155496 
3.6747,0.6783807921155496 
288.1,0.6808794107974507 
0.055082000000000006,0.6885749721053469 
3.67,0.6885749721053469 
291.5,0.6932945851711603 
0.05586,0.7080597914344855 
3.7371,0.7080597914344855 
306.5,0.7075739489130047 
0.058692999999999995,0.7002715914675559 
4.0,0.7002715914675559 
297.6,0.7015903068830037 
0.057017,0.7136351843836837 
3.8702,0.7136351843836837 
302.4,0.7211310404293871 
0.05873,0.7342672592625739 
3.8762,0.7342672592625739 
308.0,0.7323238891766508 
0.059848,0.7278060570428181 
3.9912,0.7278060570428181 
306.4,0.7273896205958346 
0.059072,0.7268920973413094 
3.948,0.7268920973413094 
306.9,0.725989818372845 
0.059227999999999996,0.730122471212852 
3.9241,0.730122471212852 
304.9,0.7278320707544426 
0.059289999999999995,0.7238438601496204 
3.8426,0.7238438601496204 
296.4,0.7220393022126919 
0.059059,0.7181794847058116 
3.8031,0.7181794847058116 
301.9,0.7170689875138556 
0.058702,0.7054173138756228 
3.79,0.7054173138756228 
298.4,0.7138154488897906 
0.057326999999999996,0.7182129124943027 
3.7705,0.7182129124943027 
315.5,0.7203645008037176 
0.059283,0.7501436749576308 
3.8334,0.7501436749576308 
314.4,0.7504212992556198 
0.061463,0.7460880322000787 
3.8491,0.7460880322000787 
312.4,0.7506688331168976 
0.061451,0.7575699621312777 
3.8238,0.7575699621312777 
320.0,0.7557654041943491 
0.062529,0.7592079441329179 
3.8586,0.7592079441329179 
317.6,0.7634417146772505 
0.0629,0.7689144704770263 
3.916,0.7689144704770263 
321.9,0.7660688214226389 
0.062294,0.7580603019385093 
3.932,0.7580603019385093 
318.9,0.7516055370102647 
0.061922000000000005,0.7308700516926383 
3.9041,0.7308700516926383 
303.8,0.7253175657328579 
0.0586,0.7132726882321779 
3.7,0.7132726882321779 
303.5,0.7129950639341889 
0.057537,0.7157394664026981 
3.5971,0.7157394664026981 
302.9,0.7183074911590965 
0.058384000000000005,0.7289159708765509 
3.6119,0.7289159708765509 
305.8,0.7290547830255456 
0.05977999999999999,0.7262782822825506 
3.62,0.7262782822825506 
305.4,0.7275275916235012 
0.058765,0.7284022696032308 
3.63,0.7284022696032308 
304.9,0.7259036509213297 
0.059115999999999995,0.7248524324319298 
3.6576,0.7248524324319298 
305.1,0.7252688688789133 
0.059369000000000005,0.7219627466069078 
3.6165,0.7219627466069078 
304.4,0.7218239344579134 
0.058697000000000006,0.7220084995362049 
3.6147,0.7220084995362049 
302.7,0.7202039415992764 
0.05902999999999999,0.713944778074606 
3.5971,0.713944778074606 
311.2,0.7211630098223205 
0.059332,0.7373405401630072 
3.6394,0.7373405401630072 
311.5,0.7358136065240676 
0.05946,0.7277810133340739 
3.6137,0.7277810133340739 
308.7,0.7253518007266699 
0.058924000000000004,0.722422833179869 
3.6179,0.722422833179869 
305.7,0.7233251121483333 
0.059945000000000005,0.739310052842107 
3.5573,0.739310052842107 
305.4,0.7395182710655988 
0.061458000000000006,0.7419657644951174 
3.5731,0.7419657644951174 
305.1,0.7403000187071833 
0.060762000000000004,0.739818544589901 
3.5982,0.739818544589901 
305.6,0.7391938899194257 
0.060319000000000005,0.7298211937696627 
3.5836,0.7298211937696627 
303.2,0.730168224142149 
0.059053999999999995,0.7258028588121224 
3.547,0.7258028588121224 
308.0,0.7320494055168754 
0.059864,0.7391431241781685 
3.5356,0.7391431241781685 
314.3,0.7418499610835615 
0.061065999999999995,0.7498183577245843 
3.5596,0.7498183577245843 
320.5,0.7529416310769608 
0.060658000000000004,0.7463855585132996 
3.6204,0.7463855585132996 
322.6,0.7439563459058957 
0.060113,0.7422230390836791 
3.6444,0.7422230390836791 
318.0,0.7504823619488524 
0.059986000000000005,0.7542699583381403 
3.632,0.7542699583381403 
331.7,0.7539229279656539 
0.060573,0.7530081271428175 
3.6726,0.7530081271428175 
328.2,0.7534245635898011 
0.060163,0.7496369672005132 
3.6955,0.7496369672005132 
331.3,0.7503310279454858 
0.06030599999999999,0.7549291057655322 
3.7106,0.7549291057655322 
330.9,0.7501400866252217 
0.06015499999999999,0.7410001029654785 
3.713,0.7410001029654785 
325.6,0.7411389151144729 
0.05935700000000001,0.7430648115836023 
3.63,0.7430648115836023 
328.5,0.7423013447641325 
0.060127999999999994,0.7423575167444822 
3.6461,0.7423575167444822 
323.0,0.7399977102115756 
0.059285000000000004,0.7366354159592204 
3.5909,0.7366354159592204 
322.5,0.737607101002182 
0.058944,0.7312837409285404 
3.5424,0.7312837409285404 
322.7,0.7323942381204966 
0.058539,0.7304442679455031 
3.5067,0.7304442679455031 
325.1,0.7335675412978796 
0.05825,0.7343780227286383 
3.4753,0.7343780227286383 
327.4,0.7341698045051464 
0.058262,0.7380777694237548 
3.5113,0.7380777694237548 
329.8,0.7384942058707383 
0.05872,0.7385343287138453 
3.5363,0.7385343287138453 
326.3,0.739575419831304 
0.05815,0.7340785903256639 
3.7457,0.7340785903256639 
331.6,0.7336621538786803 
0.058552999999999994,0.7360614998964707 
3.721,0.7360614998964707 
327.5,0.736130905970968 
0.058,0.7308748135239691 
3.602,0.7308748135239691 
328.2,0.7274739158736035 
0.057465999999999996,0.7193771261346387 
3.644,0.7193771261346387 
323.1,0.7198629686561195 
0.057453,0.7253276998872742 
3.6175,0.7253276998872742 
328.3,0.7343504895719173 
0.057555999999999996,0.7345751774933158 
3.649,0.7345751774933158 
341.9,0.7358938929087636 
0.057603999999999995,0.7367284480453863 
3.6991,0.7367284480453863 
340.5,0.7358261690769219 
0.057589,0.7378563849381292 
3.7576,0.7378563849381292 
339.6,0.739730348949555 
0.057536000000000004,0.7413352626738297 
3.7052,0.7413352626738297 
338.8,0.7379343650234641 
0.057936,0.7375491857296383 
3.7303,0.7375491857296383 
334.9,0.7369939371336602 
0.057767,0.7345945911158699 
3.7339,0.7345945911158699 
335.6,0.7341781546688864 
0.057746000000000006,0.7323084301801066 
3.7339,0.7323084301801066 
333.0,0.7300874357961944 
0.05683200000000001,0.723852345977388 
3.6758,0.723852345977388 
333.1,0.7256569039143166 
0.0565,0.7274223090110186 
3.6141,0.7274223090110186 
333.8,0.7281857758304884 
0.056701999999999995,0.7313795541417946 
3.6148,0.7313795541417946 
337.9,0.7333229242277177 
0.056476,0.728179175741418 
3.6127,0.728179175741418 
338.3,0.7276239271454399 
0.056491,0.7266208560677684 
3.6319,0.7266208560677684 
337.3,0.731687499506068 
0.056348,0.7323856369761275 
3.6104,0.7323856369761275 
345.6,0.7320386066036412 
0.056601,0.7325602035640304 
3.6358,0.7325602035640304 
344.0,0.7371410044808492 
0.056616999999999994,0.7461204967681649 
3.634,0.7461204967681649 
353.8,0.7457734663956787 
0.057477999999999994,0.7406698407524859 
3.6823,0.7406698407524859 
349.5,0.7419885561679337 
0.057022,0.742686693637993 
3.6858,0.742686693637993 
348.8,0.7393552020621248 
0.057,0.7362175957311683 
3.8599,0.7362175957311683 
345.9,0.7329555102297972 
0.0563,0.7254846368432994 
3.7554,0.7254846368432994 
342.8,0.729163158791654 
0.05574400000000001,0.7277428101456711 
3.73,0.7277428101456711 
351.0,0.7267711251027095 
0.055941,0.7233526588700048 
3.7,0.7233526588700048 
343.9,0.7206458219646119 
0.054783000000000005,0.7124045899904624 
3.6,0.7124045899904624 
341.7,0.7113634988730037 
0.054454999999999996,0.7157128150657874 
3.5801,0.7157128150657874 
337.6,0.7106461716274878 
0.054458000000000006,0.698047598891933 
3.5701,0.698047598891933 
335.1,0.6995051264563754 
0.053320000000000006,0.7014470720627477 
3.565,0.7014470720627477 
336.4,0.7006836052432779 
0.053836,0.7017990202816486 
3.6188,0.7017990202816486 
333.5,0.703256547846091 
0.053272,0.7010337423379709 
3.535,0.7010337423379709 
343.0,0.7030465184983912 
0.053829999999999996,0.6943157878383379 
3.5413,0.6943157878383379 
336.3,0.6914007327094532 
0.051884000000000007,0.688206954398147 
3.5262,0.688206954398147 
336.2,0.6899421062605784 
0.051809,0.6917636833376299 
3.4836,0.6917636833376299 
338.4,0.6909308104436629 
0.052076,0.6848802857031482 
3.5052,0.6848802857031482 
336.5,0.6831451338407166 
0.050861,0.6792371689221084 
3.48,0.6792371689221084 
335.4,0.6798618235925837 
0.051121,0.6798217007494768 
3.4799,0.6798217007494768 
332.5,0.6756573362796414 
0.050569,0.6876380172313505 
3.4524,0.6876380172313505 
328.4,0.6861804896669081 
0.052375,0.6873681258228713 
3.3699,0.6873681258228713 
325.9,0.6909078356222313 
0.051516,0.6879628189381876 
3.3067,0.6879628189381876 
333.8,0.6881710371616794 
0.052091,0.6842951705175564 
3.2793,0.6842951705175564 
330.0,0.6815189275376663 
0.050948,0.6751153217778111 
3.2647,0.6751153217778111 
327.3,0.666647780689146 
0.050637,0.6517461567592573 
3.2491,0.6517461567592573 
313.8,0.64890050770487 
0.048851,0.6482986650582669 
3.1101,0.6482986650582669 
311.4,0.647188167866311 
0.048817,0.6474208803563307 
3.1215,0.6474208803563307 
311.0,0.6491560322187622 
0.048389999999999996,0.6389086580892696 
3.1198,0.6389086580892696 
315.3,0.6440447076020663 
0.047591,0.652181620184138 
3.1547,0.652181620184138 
319.7,0.6513487472901709 
0.04943,0.6616121705569062 
3.1938,0.6616121705569062 
318.0,0.6565455271186067 
0.050087,0.6499413071432172 
3.2304,0.6499413071432172 
308.4,0.6473732823868188 
0.048544,0.656665732850368 
3.1785,0.656665732850368 
307.6,0.6591643515322692 
0.050401,0.671570334620911 
3.2409,0.671570334620911 
315.8,0.6742077654518066 
0.051442999999999996,0.6865656011287202 
3.3152,0.6865656011287202 
315.3,0.6893418441086103 
0.051976,0.6940201676148705 
3.3278,0.6940201676148705 
320.1,0.6934649190188924 
0.053667999999999993,0.6857292348678894 
3.3248,0.6857292348678894 
319.2,0.6855904227188949 
0.052476999999999996,0.6813374013495676 
3.3233,0.6813374013495676 
321.8,0.6817538377965511 
0.052820000000000006,0.6825161718155814 
3.391,0.6825161718155814 
318.6,0.6944540166291093 
0.052770000000000004,0.7140821114769862 
3.3408,0.7140821114769862 
338.1,0.7151926086689424 
0.055499,0.7151765595316997 
3.4502,0.7151765595316997 
338.0,0.7143436866377326 
0.054765,0.7046821060176001 
3.5359,0.7046821060176001 
338.0,0.7035716088256441 
0.053288999999999996,0.6975692314968576 
3.5242,0.6975692314968576 
335.1,0.6934742731015195 
0.05284,0.6916366468872251 
3.4237,0.6916366468872251 
329.5,0.6927471440791813 
0.052742,0.6947372370972815 
3.4131,0.6947372370972815 
330.3,0.6947372370972815 
0.053288,0.7042864737567147 
3.4195,0.7042864737567147 
333.7,0.704078255533223 
0.0531,0.6954277705593834 
3.3789,0.6954277705593834 
329.3,0.6947337098144108 
0.053,0.686372109310941 
3.3491,0.686372109310941 
329.0,0.6860250789384547 
0.051636,0.6788912374340546 
3.3034,0.6788912374340546 
331.2,0.6836802565743652 
0.052002,0.6837524776919575 
3.3032,0.6837524776919575 
338.4,0.6836830716174602 
0.051544000000000006,0.6795584433460748 
3.2787,0.6795584433460748 
338.6,0.6854579596783414 
0.050979000000000003,0.6923751378299645 
3.192,0.6923751378299645 
345.7,0.6923057317554673 
0.052235000000000004,0.6964865320072023 
3.2794,0.6964865320072023 
346.7,0.7021778301159772 
0.052576,0.7027876973312015 
3.2445,0.7027876973312015 
351.5,0.7006361090217865 
0.053006,0.7082193263689835 
3.2482,0.7082193263689835 
347.2,0.7014869371427499 
0.052361000000000005,0.6932778034430859 
3.2069,0.6932778034430859 
338.3,0.6907791847611846 
0.051898,0.6842873087464943 
3.1867,0.6842873087464943 
337.9,0.6706143120705352 
0.052007000000000005,0.647294915656827 
3.1917,0.647294915656827 
312.1,0.6436163937084725 
0.047443,0.6381516624773178 
2.9891,0.6381516624773178 
310.8,0.6378740381793288 
0.047036,0.6356271589653444 
2.8555,0.6356271589653444 
306.6,0.6211906954699153 
0.046562,0.6032317108952839 
2.7709,0.6032317108952839 
297.1,0.6078125118121027 
0.046022,0.6166555864328551 
2.7839,0.6166555864328551 
303.0,0.6275523401289242 
0.047075,0.6329448502424865 
2.9653,0.6329448502424865 
318.0,0.6340553474344426 
0.047925999999999996,0.638677498960353 
2.9249,0.638677498960353 
313.9,0.6413149297912487 
0.047179,0.6409377750660442 
2.9108,0.6409377750660442 
313.7,0.6377450956391706 
0.047333,0.6291828809201662 
2.8922,0.6291828809201662 
311.3,0.6229363342154133 
0.045933,0.6125124195762505 
2.85,0.6125124195762505 
304.9,0.6154274747051351 
0.0449,0.6185169336243636 
2.8744,0.6185169336243636 
310.1,0.6203214915612922 
0.045426999999999995,0.6245985866364836 
2.96,0.6245985866364836 
312.1,0.6250844291579645 
0.046967,0.6285189445279118 
2.9683,0.6285189445279118 
313.6,0.6288659749003981 
0.046581,0.6272450120388808 
2.9962,0.6272450120388808 
309.0,0.6250240176549687 
0.046807,0.6315560165127659 
2.8903,0.6315560165127659 
307.7,0.6314172043637714 
0.04678,0.6297159958160403 
2.8539,0.6297159958160403 
309.1,0.6308264930079965 
0.047099,0.637149853081638 
2.8857,0.637149853081638 
309.1,0.6361781680386764 
0.047652,0.6338590677070998 
2.9013,0.6338590677070998 
309.8,0.6305969822057287 
0.047075,0.6243297941124368 
2.8644,0.6243297941124368 
304.8,0.6234969212184698 
0.047208,0.626923412019796 
2.8572,0.626923412019796 
306.4,0.6292832185527026 
0.047467,0.6303986335910734 
2.9097,0.6303986335910734 
304.7,0.629773978920598 
0.047113,0.6288030061174119 
2.8821,0.6288030061174119 
306.1,0.6371317350570824 
0.0471,0.6458945639916212 
2.886,0.6458945639916212 
319.0,0.6470744672580745 
0.049154,0.6584292318573166 
2.9513,0.6584292318573166 
319.2,0.660442008017737 
0.049511,0.6660752551899405 
2.9451,0.6660752551899405 
320.0,0.6633684182845474 
0.050157,0.6662492384196201 
2.9501,0.6662492384196201 
317.0,0.664861116929675 
0.050574,0.6627185571077685 
2.9848,0.6627185571077685 
318.6,0.6634126178527411 
0.050255,0.6644798854793836 
2.9386,0.6644798854793836 
322.9,0.6698935592901696 
0.050757,0.6698454118784414 
2.9445,0.6698454118784414 
323.8,0.6693595693569605 
0.050437,0.667473795730938 
2.9267,0.667473795730938 
324.6,0.6653916134960203 
0.050003,0.6634175696151627 
2.8833,0.6634175696151627 
321.3,0.6646668789561133 
0.049845,0.6689680477371689 
2.88,0.6689680477371689 
325.4,0.668412799141191 
0.05011,0.6623622744006762 
2.9015,0.6623622744006762 
320.7,0.6610435589852284 
0.04937,0.6554263609502675 
2.8495,0.6554263609502675 
321.9,0.6534829908643445 
0.049338,0.6528650990804988 
2.8394,0.6528650990804988 
318.2,0.6508523229200784 
0.049229,0.654182518897948 
2.808,0.654182518897948 
316.4,0.6541131128234507 
0.049685,0.6574031859582135 
2.8344,0.6574031859582135 
312.8,0.6576808102562024 
0.049075,0.6525691600443881 
2.8696,0.6525691600443881 
315.6,0.6488212320215365 
0.04917,0.6419120784385348 
2.8679,0.6419120784385348 
306.5,0.6374006835962132 
0.047577,0.6283730438971692 
2.7314,0.6283730438971692 
296.6,0.6249027401723064 
0.047322,0.62235092735071 
2.7125,0.62235092735071 
300.3,0.6188806236258473 
0.046783,0.6156627716086769 
2.6852,0.6156627716086769 
292.5,0.6173979234711083 
0.046393000000000004,0.6184250682546439 
2.603,0.6184250682546439 
300.0,0.6228670570224683 
0.047047000000000005,0.6277861175873696 
2.6664,0.6277861175873696 
304.3,0.6247322503094904 
0.047262,0.6239859654277028 
2.6645,0.6239859654277028 
296.1,0.6244024018746863 
0.04732,0.6271949517549238 
2.5904,0.6271949517549238 
297.1,0.627264357829421 
0.047142,0.6280507655543157 
2.6085,0.6280507655543157 
299.7,0.6319375057261619 
0.047833999999999995,0.6481471343413341 
2.6209,0.6481471343413341 
303.4,0.652450310960164 
0.049757,0.6587977447396696 
2.663,0.6587977447396696 
312.4,0.6596306176336366 
0.049558,0.656364618204738 
2.7312,0.656364618204738 
312.0,0.6546294663423067 
0.049299,0.6537628129311984 
2.6997,0.6537628129311984 
311.5,0.6555673708681271 
0.049623,0.6558963781816034 
2.74,0.6558963781816034 
312.7,0.6540918202446748 
0.049503,0.6497585531891337 
2.7206,0.6497585531891337 
307.9,0.6519101414985486 
0.049332,0.654742814221893 
2.7421,0.654742814221893 
313.2,0.654742814221893 
0.049593,0.652415689321695 
2.7447,0.652415689321695 
312.3,0.6549143080035962 
0.049621,0.6576426613348628 
2.6963,0.6576426613348628 
316.2,0.656879194515393 
0.049829000000000005,0.6578983147303072 
2.712,0.6578983147303072 
314.7,0.6558161324953896 
0.049656,0.6516674305181401 
2.7046,0.6516674305181401 
311.7,0.6472948478248131 
0.049631,0.6411640773980845 
2.7007,0.6411640773980845 
304.4,0.6386654587161833 
0.048717,0.6400617336563021 
2.6239,0.6400617336563021 
301.8,0.6426297584127005 
0.049138,0.6557900509517514 
2.618,0.6557900509517514 
307.3,0.6559982691752432 
0.050247,0.6554205002345044 
2.6747,0.6554205002345044 
306.0,0.6552816880855098 
0.050226,0.6644136471766315 
2.6879,0.6644136471766315 
306.8,0.6646912714746206 
0.052436,0.6669541998258477 
2.7085,0.6669541998258477 
307.6,0.6691057881352626 
0.051651,0.666570024450909 
2.6939,0.666570024450909 
308.3,0.6644878422159912 
0.052272000000000006,0.6630755181386296 
2.6862,0.6630755181386296 
304.4,0.6612709602017011 
0.050564,0.6519383868950449 
2.6416,0.6519383868950449 
303.7,0.6519383868950449 
0.049865,0.6437613514698665 
2.6201,0.6437613514698665 
306.2,0.6493138374296468 
0.049504,0.6591680076966921 
2.666,0.6591680076966921 
311.8,0.659653850218173 
0.049638,0.6536434483207649 
2.6559,0.6536434483207649 
311.2,0.6530187936502896 
0.049693,0.6508601846911404 
2.6439,0.6508601846911404 
312.0,0.6489862206797146 
0.049053,0.6479991987392858 
2.6281,0.6479991987392858 
309.3,0.6481380108882804 
0.049917,0.6550712381771462 
2.6242,0.6550712381771462 
306.9,0.6545853956556653 
0.049801,0.6520656811085543 
2.6017,0.6520656811085543 
310.6,0.65116340214009 
0.049507999999999996,0.6437567253025633 
2.6101,0.6437567253025633 
305.3,0.6434791010045744 
0.04877,0.6458222750420151 
2.5462,0.6458222750420151 
306.2,0.6456140568185232 
0.049177,0.6430140965851986 
2.5447,0.6430140965851986 
305.3,0.6448186545221273 
0.048385000000000004,0.641344016309073 
2.5155,0.641344016309073 
312.2,0.6432179803204989 
0.048563,0.6476956896112247 
2.535,0.6476956896112247 
309.3,0.6449194466313345 
0.048931,0.6460589353755694 
2.5717,0.6460589353755694 
308.2,0.6453648746305969 
0.049804,0.6497864119409731 
2.5383,0.6497864119409731 
305.6,0.6499252240899676 
0.049201,0.6485851211301983 
2.4943,0.6485851211301983 
307.7,0.6487239332791929 
0.049222,0.6448641157723127 
2.4512,0.6448641157723127 
306.6,0.6453499582937935 
0.048742,0.6464653733321643 
2.4428,0.6464653733321643 
308.0,0.6359156500085815 
0.048609,0.6131338996925052 
2.5601,0.6131338996925052 
290.3,0.6127174632455217 
0.045635,0.6102940435218672 
2.3666,0.6102940435218672 
291.8,0.6062684912010264 
0.045880000000000004,0.5960933381891262 
2.322,0.5960933381891262 
286.4,0.5933865012837333 
0.044211,0.5876569592880733 
2.2359,0.5876569592880733 
281.7,0.5881428018095541 
0.043712,0.5893464871027599 
2.213,0.5893464871027599 
280.5,0.5878195534638203 
0.044108,0.5861985906023031 
2.1767,0.5861985906023031 
282.6,0.585365717708336 
0.044077,0.5895384933914497 
2.1697,0.5895384933914497 
278.0,0.589607899465947 
0.044346,0.5891665481917716 
2.2233,0.5891665481917716 
280.0,0.5859738687648978 
0.044617000000000004,0.5868003993328992 
2.1656,0.5868003993328992 
277.6,0.5897848605362811 
0.044816,0.5904669488690978 
2.1013,0.5904669488690978 
277.4,0.5921326946570319 
0.044719,0.5956715294190571 
2.1486,0.5956715294190571 
281.6,0.5958103415680516 
0.045304000000000004,0.6010905077209148 
2.2075,0.6010905077209148 
280.9,0.5999800105289586 
0.04545,0.5932955448673554 
2.2164,0.5932955448673554 
282.0,0.5939896056123279 
0.044771,0.5933877629657249 
2.1745,0.5933877629657249 
278.7,0.5919302354012825 
0.044708,0.5931820681062168 
2.1457,0.5931820681062168 
279.7,0.5924880073612442 
0.045137000000000004,0.5938521840268774 
2.1211,0.5938521840268774 
276.9,0.5921170321644461 
0.045406999999999996,0.5900306443228893 
2.1107,0.5900306443228893 
277.0,0.5912799536638399 
0.044893,0.5911194622914124 
2.0487,0.5911194622914124 
277.1,0.588273813237025 
0.044818000000000004,0.5865806292579154 
2.0532,0.5865806292579154 
275.0,0.5902591512062699 
0.044386,0.5931158976354786 
1.9925,0.5931158976354786 
279.9,0.5950592677214017 
0.044879,0.5953160539172855 
2.0187,0.5953160539172855 
281.3,0.5945525870978158 
0.045081,0.5972889649977038 
2.0115,0.5972889649977038 
280.4,0.5956232192097697 
0.044851,0.5908325517428104 
2.0307,0.5908325517428104 
277.5,0.5909713638918048 
0.044463,0.5871998166397597 
2.0792,0.5871998166397597 
277.9,0.5868527862672734 
0.044181,0.5840120889753077 
2.0878,0.5840120889753077 
282.1,0.5872047684021814 
0.044217,0.5908077997131775 
2.1969,0.5908077997131775 
281.7,0.5908077997131775 
0.044456999999999997,0.5865467537752289 
2.137,0.5865467537752289 
281.4,0.5864079416262343 
0.043972000000000004,0.5867289243710891 
2.1182,0.5867289243710891 
282.0,0.5904074463194438 
0.043647000000000005,0.5901426355549384 
2.0728,0.5901426355549384 
287.2,0.5897956051824522 
0.043938,0.5929091378075446 
2.1081,0.5929091378075446 
286.2,0.5949219139679651 
0.044534,0.6068383983707031 
2.118,0.6068383983707031 
291.5,0.6102392960210686 
0.045801999999999995,0.6121491433529552 
2.166,0.6121491433529552 
294.3,0.6135372648429003 
0.04546,0.6077595754355122 
2.1326,0.6077595754355122 
296.9,0.6078983875845068 
0.045168,0.6075372819965449 
2.1712,0.6075372819965449 
295.3,0.6065655969535834 
0.045323,0.6053137642486492 
2.1943,0.6053137642486492 
296.8,0.6086452558245175 
0.045021,0.6124248276451839 
2.1828,0.6124248276451839 
301.5,0.6149928524015823 
0.045381,0.6151132209309029 
2.1783,0.6151132209309029 
303.1,0.6140721298134442 
0.046006,0.6236855630218483 
2.1912,0.6236855630218483 
300.4,0.6211869443399471 
0.046479,0.6164203505788519 
2.1485,0.6164203505788519 
299.6,0.6162815384298573 
0.046006,0.6121729592957147 
2.0877,0.6121729592957147 
298.4,0.6107848378057696 
0.045602,0.6106323710019634 
2.0649,0.6106323710019634 
296.7,0.609383061661013 
0.04602,0.6111645158949576 
2.0759,0.6111645158949576 
293.3,0.6126914495338972 
0.04556,0.6099309979281451 
2.0667,0.6099309979281451 
298.3,0.609375749332167 
0.045777,0.6098090760377212 
2.0886,0.6098090760377212 
294.5,0.6080739241752898 
0.045457,0.6049684161188187 
2.0298,0.6049684161188187 
293.4,0.6051072282678132 
0.045026,0.6044572382094819 
1.9879,0.6044572382094819 
293.3,0.6026526802725534 
0.044881,0.6000848183137142 
1.9193,0.6000848183137142 
290.4,0.5986966968237691 
0.044417,0.5954306973948705 
1.9201,0.5954306973948705 
288.6,0.5943896062774118 
0.043979000000000004,0.5951439157278208 
1.9294,0.5951439157278208 
287.3,0.5972260979627384 
0.044262,0.596335370845766 
1.9705,0.596335370845766 
292.8,0.599319832049148 
0.044323,0.6001784608916347 
1.959,0.6001784608916347 
294.3,0.6010113337856019 
0.043982,0.5973200322197707 
1.9811,0.5973200322197707 
295.6,0.599055184082202 
0.043841000000000005,0.60097305598271 
1.985,0.60097305598271 
299.8,0.6010424620572072 
0.044087,0.602374540448355 
2.0633,0.602374540448355 
298.5,0.5982101759785197 
0.044248,0.5946793657851159 
2.0862,0.5946793657851159 
287.2,0.5883634130058657 
0.043762,0.5921510093951535 
2.0747,0.5921510093951535 
286.6,0.5942331916300712 
0.044336,0.5916974279457174 
2.0373,0.5916974279457174 
286.4,0.5916974279457174 
0.043733,0.591063487024629 
2.0409,0.591063487024629 
287.3,0.591618735620607 
0.044203,0.5931835265017746 
2.1266,0.5931835265017746 
291.1,0.597903139567588 
0.044349,0.6072196637370013 
2.19,0.6072196637370013 
299.8,0.6118698707283174 
0.04559,0.6157457373724403 
2.2464,0.6157457373724403 
300.2,0.6160233616704294 
0.04573,0.6172912435126062 
2.2157,0.6172912435126062 
300.2,0.6204145168649826 
0.046100999999999996,0.6249323489988154 
2.1614,0.6249323489988154 
309.2,0.6261122522652687 
0.04687,0.6306381089677227 
2.3604,0.6306381089677227 
305.7,0.6264043384233902 
0.047028,0.6233630269158901 
2.3308,0.6233630269158901 
300.4,0.6242653058843544 
0.046717,0.6261912023534837 
2.5517,0.6261912023534837 
306.2,0.6268852630984563 
0.047377999999999997,0.6264519363929022 
2.54,0.6264519363929022 
302.6,0.6277012457338528 
0.046715,0.6260160863233646 
2.5864,0.6260160863233646 
306.8,0.6250444012804031 
0.046615,0.6184000584619066 
2.73,0.6184000584619066 
301.1,0.6154850033330219 
0.045814,0.6134467629031933 
2.5315,0.6134467629031933 
298.3,0.6180275638200121 
0.045473,0.6237009338353224 
2.4693,0.6237009338353224 
309.3,0.6239091520588143 
0.046225999999999996,0.6272714463111693 
2.7906,0.6272714463111693 
302.8,0.6252586701507488 
0.046598,0.6247691714648451 
2.813,0.6247691714648451 
304.5,0.6258796686568012 
0.046599,0.625446341951247 
2.8479,0.625446341951247 
304.2,0.6274591181116674 
0.046868,0.6344645665181257 
2.7392,0.6344645665181257 
306.6,0.6334928814751641 
0.047718,0.6373526989820442 
2.8186,0.6373526989820442 
306.9,0.6361727957155909 
0.04807,0.6329308699925564 
2.8774,0.6329308699925564 
305.3,0.6323062153220811 
0.047386000000000005,0.6294414443242511 
2.7796,0.6294414443242511 
302.9,0.6270816377913445 
0.047024,0.61752437656329 
2.6677,0.61752437656329 
300.9,0.6186348737552461 
0.045880000000000004,0.6183459892848766 
2.5696,0.6183459892848766 
303.6,0.6193870804023354 
0.046531,0.6231827013602446 
2.5813,0.6231827013602446 
302.7,0.6200594280078682 
0.045642,0.6110799357205524 
2.611,0.6110799357205524 
301.0,0.6116351843165304 
0.045695,0.6122049286886478 
2.5451,0.6122049286886478 
299.3,0.6092898735597632 
0.045233999999999996,0.6050047539159502 
2.5119,0.6050047539159502 
294.5,0.6041718810219832 
0.04458,0.6031607853756903 
2.4247,0.6031607853756903 
295.5,0.6048265311636244 
0.044502,0.6034703790666124 
2.4957,0.6034703790666124 
299.7,0.6040256276625905 
0.04508,0.6083829684239958 
2.5773,0.6083829684239958 
296.8,0.6067172226360616 
0.044594999999999996,0.6016055724242474 
2.5382,0.6016055724242474 
295.2,0.6022996331692199 
0.044407,0.6032112562628823 
2.6075,0.6025137438250713 
297.4,0.6035513832496917 
0.044692,0.6028538708118808 
2.5697,0.6117938341673033 
299.8,0.6131282990155901 
0.04526,0.6140294818897222 
2.9824,0.6206398005159659 
300.0,0.6212557073690212 
0.045895,0.6210816402613039 
2.9722,0.6275992367092718 
300.7,0.626367423003161 
0.045462,0.6259642042599673 
3.1506,0.6289622213575506 
298.9,0.6268065473718567 
0.045298000000000005,0.6266038363097047 
3.1572,0.6217359219502266 
296.5,0.6199908525332363 
0.045087,0.6198388192366223 
3.1235,0.6213687351781726 
296.3,0.6220872931734038 
0.045037,0.6225213592521424 
3.0805,0.6247969160439936 
296.8,0.6235651023378828 
0.045491000000000004,0.6236598477256278 
3.15,0.6196921111802437 
295.7,0.6216424828815857 
0.04555,0.6224731575601868 
3.0407,0.6227860949118675 
298.7,0.6236073040492747 
0.045939,0.6236712021014749 
3.1729,0.6244091161035863 
298.1,0.623587906966179 
0.045774,0.6231890949852061 
3.075,0.6225864008264136 
298.2,0.62217579625771 
0.045271,0.6212261389991501 
3.1061,0.6188269526362645 
296.9,0.6235489051763561 
0.045107999999999995,0.6238728021995771 
3.028,0.6250279660039294 
304.6,0.6292366628331413 
0.045811000000000004,0.63220682056989 
3.178,0.636108878905662 
306.2,0.6354929720526067 
0.046938,0.636103308620173 
3.1348,0.6341754599968559 
305.2,0.6347913668499112 
0.046566,0.6351042469675806 
3.1075,0.6376541068701643 
304.5,0.6365249443062294 
0.046274,0.6355113889954696 
3.2361,0.6445440745291678 
305.2,0.6438255165339365 
0.046495999999999996,0.6440767019805161 
3.4297,0.6464449809506432 
305.4,0.6457264229554118 
0.046654,0.6456625249032117 
3.42,0.6426760980779128 
304.3,0.6421628423670334 
0.046647,0.6414048792650737 
3.4452,0.6449901368250703 
303.0,0.6447848345407186 
0.046231,0.6444212766575113 
3.4566,0.6415391622827726 
303.2,0.6460558125385123 
0.0467,0.6480917366844735 
3.422,0.6517851701191252 
306.8,0.6518878212613011 
0.047387,0.6521852777111979 
3.5182,0.6507905816129664 
307.7,0.6497640701912075 
0.047242,0.6493233939691381 
3.4921,0.6466614947678043 
305.0,0.642863402507296 
0.046485000000000005,0.6406445977291759 
3.2335,0.632175972113322 
300.7,0.6309441584072112 
0.045995,0.6315258510203429 
3.2069,0.6340795743470214 
302.1,0.6386988757449371 
0.046408,0.6406290375976016 
3.2426,0.642792555090703 
307.6,0.6442296710811656 
0.047156,0.6446593303976834 
3.3398,0.6426580767165646 
306.2,0.6436845881383236 
0.047268,0.6437595030960754 
3.2976,0.6458882497723234 
309.2,0.6449643894927403 
0.047864,0.6462335370123006 
3.3109,0.6436643599892427 
308.1,0.6500287308041486 
0.047999,0.6508417784338667 
3.2736,0.6558680931812326 
316.2,0.6662358585409986 
0.048842,0.6692985582843819 
3.3862,0.6689972112049857 
323.7,0.6688945600628098 
0.050020999999999996,0.6686015103751336 
3.3916,0.6681263092114702 
319.0,0.667305100074063 
0.048868,0.6693983121288932 
3.2884,0.667033896582861 
322.8,0.6689842682842032 
0.050881,0.6701895177515633 
3.287,0.6727741484710005 
326.3,0.672260892760121 
0.051884000000000007,0.672152927085714 
3.3341,0.6696417014240784 
321.2,0.6735424448267626 
0.050912,0.6787247971983003 
3.2634,0.6784929917526108 
327.4,0.6761320154825652 
0.055537,0.6774011630021255 
3.3417,0.6781893015174695 
327.1,0.6783946038018213 
0.052901,0.6773039301521991 
3.3107,0.6766432846319843 
323.4,0.6641198452865243 
0.053072,0.6585563079828965 
3.27,0.6517180473350582 
309.1,0.6476120016480222 
0.049675,0.6464331927539863 
3.0855,0.645648917662737 
309.6,0.6463674756579683 
0.051093,0.6466362881534308 
3.0801,0.6456674418394753 
309.8,0.6447646271173126 
0.050193,0.6444681300415849 
3.0708,0.6444681300415849 
311.5,0.6524176937589438 
0.051398,0.6611698980740802 
2.9473,0.6611698980740802 
321.3,0.6684457699509849 
0.054159000000000006,0.6679919211068603 
3.1089,0.6679919211068603 
323.5,0.6678571827387696 
0.052335,0.6607413325129997 
3.1348,0.6607413325129997 
319.0,0.6562949663660024 
0.051025,0.6563199488711835 
3.2043,0.6563199488711835 
317.4,0.6552420419264569 
0.051815,0.6576195436695315 
3.2074,0.6576195436695315 
318.1,0.6578890204057132 
0.051229,0.6561027712852595 
3.1827,0.6561027712852595 
316.6,0.6499048063530815 
0.050696,0.6492302787131898 
3.14,0.6492302787131898 
313.1,0.6490955403450991 
0.051158999999999996,0.6515313346002631 
3.0841,0.6515313346002631 
315.5,0.6566513925877147 
0.052506,0.6607068859287911 
3.1899,0.6607068859287911 
315.9,0.6588205487755195 
0.052528,0.6603028440829356 
3.25,0.6603028440829356 
315.4,0.6569343848806648 
0.05281,0.6532994303768047 
3.15,0.6532994303768047 
312.6,0.6526257385363505 
0.051895000000000004,0.6522051996991342 
3.0995,0.6522051996991342 
313.5,0.6504536009139534 
0.052063,0.6496333419938384 
3.12,0.6496333419938384 
311.0,0.6497680803619291 
0.051704999999999994,0.6489603126944046 
3.0808,0.6489603126944046 
311.8,0.6424928710260449 
0.051817999999999996,0.6377628500450768 
3.0433,0.6377628500450768 
304.0,0.6372238965727135 
0.049826,0.6320899917579832 
2.8939,0.6320899917579832 
307.7,0.6355931893283446 
0.04945,0.6342691165537426 
2.9391,0.6342691165537426 
306.6,0.6318438259281078 
0.0487,0.632397604792957 
2.8952,0.632397604792957 
306.0,0.6282207153821413 
0.048969,0.6258973424002925 
2.8746,0.6258973424002925 
303.9,0.6300742318111083 
0.047937,0.6316980946478843 
2.8262,0.6316980946478843 
306.7,0.6292728040222494 
0.048976,0.6261666458780573 
2.9048,0.6261666458780573 
304.5,0.6257624307737848 
0.048087,0.6256083719918343 
2.867,0.6256083719918343 
306.8,0.6270904940408334 
0.048179,0.6280148467325366 
2.775,0.6280148467325366 
304.7,0.6218168818003585 
0.048494999999999996,0.6234157621319534 
2.7922,0.6234157621319534 
303.9,0.6267842213342241 
0.048780000000000004,0.6274004564620262 
2.7508,0.6274004564620262 
303.5,0.6168908637509417 
0.048351,0.6092836909232755 
2.7314,0.6092836909232755 
291.6,0.6011993888378258 
0.046189999999999995,0.5972812992752458 
2.5606,0.5972812992752458 
291.3,0.5982244678518815 
0.046442000000000004,0.5987615917132767 
2.5486,0.5987615917132767 
289.4,0.5971447312961867 
0.045734,0.5960455010682153 
2.5901,0.5960455010682153 
289.9,0.5876917222465838 
0.045794999999999995,0.5818333247815995 
2.5694,0.5818333247815995 
282.0,0.524165303238725 
0.044517,0.5064776895704568 
2.4711,0.5064776895704568 
223.9,0.4847848123078335 
0.037579,0.47664884312049927 
2.1755,0.47664884312049927 
219.4,0.4810952092674966 
0.037586,0.4828106746232702 
2.2937,0.4828106746232702 
230.1,0.4770169247953646 
0.038595,0.47341944404927616 
2.3257,0.47341944404927616 
222.0,0.469646769742733 
0.03696,0.464350478644325 
2.1994,0.464350478644325 
218.5,0.46542838558905164 
0.036993,0.4684221224599285 
2.2139,0.4684221224599285 
220.0,0.47206005839838083 
0.037837,0.47666100310257953 
2.1674,0.47666100310257953 
226.4,0.4823200145623944 
0.038717,0.4856676702566711 
2.363,0.4856676702566711 
227.3,0.4800086587968563 
0.038967,0.4767109681129419 
2.2962,0.4767109681129419 
223.2,0.4764414913767603 
0.038344,0.4781403017290798 
2.2702,0.4781403017290798 
223.2,0.48204771440371386 
0.038555,0.48534540508762825 
2.3269,0.48534540508762825 
223.9,0.4701199694933646 
0.039264999999999994,0.46277511297010077 
2.3,0.46277511297010077 
208.5,0.45401711904419684 
0.036179,0.45117744095527057 
2.1055,0.45117744095527057 
216.0,0.4592213215302931 
0.037683,0.46004357815767 
2.24,0.46004357815767 
214.2,0.45934606571985903 
0.037857,0.45860766946043663 
2.2286,0.45860766946043663 
213.3,0.4596826141358384 
0.037573,0.4620393028396135 
2.2411,0.4620393028396135 
218.1,0.4617588824895087 
0.03865,0.4667561982951039 
2.239,0.4667561982951039 
213.1,0.46521388636952743 
0.038316,0.4534493720771887 
2.2049,0.4534493720771887 
212.2,0.4550851574528001 
0.03776,0.4648715675720907 
2.1975,0.4648715675720907 
217.0,0.46744208744805144 
0.03834,0.4787333710769815 
2.227,0.4787333710769815 
220.7,0.47896705470206885 
0.039310000000000005,0.47888187318265524 
2.2721,0.47888187318265524 
220.7,0.47869492628258536 
0.039481999999999996,0.4803606982177838 
2.2836,0.4803606982177838 
222.2,0.48087480219297596 
0.039271,0.47759058138892 
2.2823,0.47759058138892 
219.9,0.47651563671351826 
0.03879,0.4731935574563896 
2.25,0.4731935574563896 
218.8,0.47613797113249007 
0.03845,0.47674370638165314 
2.2342,0.47674370638165314 
226.9,0.477631704156985 
0.038679000000000005,0.474943753988824 
2.26,0.474943753988824 
227.3,0.47358838896331745 
0.038723,0.472575675343623 
2.2866,0.472575675343623 
223.0,0.4712670470431338 
0.038169,0.4655030975628166 
2.2155,0.4655030975628166 
221.7,0.4654096241127817 
0.037456,0.4624566647731118 
2.1961,0.4624566647731118 
220.8,0.4596057245470463 
0.037472000000000005,0.45238422462343053 
2.1524,0.45238422462343053 
216.5,0.4525711715235004 
0.03677,0.45554306008970663 
2.173,0.45554306008970663 
214.4,0.4566647414901258 
0.036969999999999996,0.45824533190591066 
2.18,0.45824533190591066 
218.3,0.457777964655736 
0.037458,0.4540299778015396 
2.2035,0.4540299778015396 
216.6,0.45267461277603305 
0.03683,0.4479612353684831 
2.2412,0.4479612353684831 
214.9,0.4517936468199154 
0.036998,0.46838511387902215 
2.188,0.46838511387902215 
224.9,0.47062847667986063 
0.038751999999999995,0.47708334292875443 
2.36,0.47708334292875443 
227.7,0.4771300796537719 
0.038968,0.47911764844008814 
2.48,0.47911764844008814 
226.7,0.4786970179149309 
0.039083,0.47608478465291526 
2.53,0.47608478465291526 
227.6,0.4784216209037887 
0.038932999999999995,0.48420449961064216 
2.6629,0.48420449961064216 
230.8,0.4837371323604675 
0.039302,0.48385070771968564 
2.6227,0.48385070771968564 
231.4,0.482588816144214 
0.039142,0.4820777270277326 
2.5496,0.4820777270277326 
228.9,0.4812364659774182 
0.03934,0.4785106573561845 
2.58,0.4785106573561845 
225.2,0.4771552923306779 
0.038513,0.4745146652288577 
2.5271,0.4745146652288577 
223.1,0.47502876920404985 
0.038486,0.47296548351158824 
2.5047,0.47296548351158824 
223.2,0.4723579060863612 
0.038301999999999996,0.4701810450346814 
2.5546,0.4701810450346814 
222.9,0.4697604145095242 
0.038241000000000004,0.4675267657782354 
2.4627,0.4675267657782354 
223.1,0.46860171045363713 
0.038234,0.4723780911476381 
2.4663,0.4723780911476381 
224.7,0.4720976707975333 
0.038632,0.4751452762698849 
2.5689,0.4751452762698849 
222.4,0.4748181191947626 
0.038952999999999995,0.479058265938904 
2.4987,0.479058265938904 
222.9,0.4793854230140263 
0.03912,0.4801615213020164 
2.592,0.4801615213020164 
225.6,0.4804886783771387 
0.039471,0.48024259843216627 
2.62,0.48024259843216627 
224.2,0.4798687046320265 
0.039588,0.4788843848521365 
2.6237,0.4788843848521365 
222.9,0.4785104910519968 
0.03907,0.4753398456071589 
2.6137,0.4753398456071589 
222.5,0.47379753368158245 
0.0384,0.46454114190530954 
2.56,0.46454114190530954 
218.7,0.46444766845527463 
0.037817,0.4646748191737108 
2.53,0.4646748191737108 
219.3,0.46579650057413 
0.03793,0.46926054903028125 
2.5402,0.46926054903028125 
222.3,0.46865297160505415 
0.038273,0.4660218091165021 
2.5985,0.4660218091165021 
219.3,0.4659283356664672 
0.03784,0.4633823546973287 
2.5122,0.4633823546973287 
222.6,0.46422361574764315 
0.038380000000000004,0.4709056327149731 
2.5451,0.4709056327149731 
222.1,0.47123278979009536 
0.038698,0.4825051441924891 
2.5578,0.4825051441924891 
222.1,0.4830659848926987 
0.03947,0.4866152148682635 
2.5812,0.4866152148682635 
223.9,0.4862880577931412 
0.040038,0.48394083370263435 
2.6177,0.48394083370263435 
221.9,0.48323978282737234 
0.039527,0.47982305743756193 
2.57,0.47982305743756193 
222.2,0.4799165308875969 
0.039624,0.48141193978396823 
2.594,0.48141193978396823 
221.6,0.48043046855860144 
0.039464,0.47971115795022023 
2.6699,0.47971115795022023 
220.2,0.479991578300325 
0.039407,0.47784311108844985 
2.6631,0.47784311108844985 
222.8,0.47854416196371186 
0.039479,0.4804938722969554 
2.6382,0.4804938722969554 
222.3,0.4809612395471301 
0.039637,0.48258915302925587 
2.7354,0.48258915302925587 
223.2,0.4823554694041685 
0.039721,0.48204313716631875 
2.78,0.48204313716631875 
221.8,0.480968192490917 
0.039923,0.48128998934203493 
2.7209,0.48128998934203493 
220.0,0.4810095689919301 
0.039361,0.47694924989988396 
2.6856,0.47694924989988396 
221.4,0.4773698804250412 
0.039455000000000004,0.47680200362895087 
2.6318,0.47680200362895087 
222.5,0.4757270589535491 
0.039519,0.47086224773370833 
2.6782,0.47086224773370833 
219.5,0.47198392913412757 
0.038419999999999996,0.47399042714698014 
2.6087,0.47399042714698014 
220.5,0.4744110576721373 
0.038879000000000004,0.4722720550735303 
2.6362,0.4722720550735303 
223.9,0.4730198426738098 
0.0389,0.4756699343888982 
2.6067,0.4756699343888982 
223.5,0.47767961356464933 
0.038928,0.48999307542654197 
2.6143,0.48999307542654197 
227.8,0.49228317495239793 
0.0403,0.5009527607060441 
2.6962,0.5009527607060441 
234.4,0.5017472850313411 
0.041319999999999996,0.5054384842059284 
2.78,0.5054384842059284 
234.2,0.505391747480911 
0.041177,0.5045493969000436 
2.8858,0.5045493969000436 
232.9,0.5055776048504279 
0.041681,0.5071203368131401 
2.9,0.5071203368131401 
235.7,0.506419285937878 
0.041645,0.5042045664331256 
2.9897,0.5042045664331256 
233.8,0.5035969890078985 
0.041249,0.49697175972017765 
2.9551,0.49697175972017765 
233.2,0.495709868144706 
0.040681,0.4987953320701303 
2.9259,0.4987953320701303 
229.3,0.4983747015449731 
0.040648000000000004,0.5006083502762618 
2.93,0.5006083502762618 
229.3,0.5003746666511745 
0.041145999999999995,0.49674971976946436 
2.8741,0.49674971976946436 
231.8,0.4973105604696739 
0.041234,0.4997618953061307 
2.9068,0.4997618953061307 
228.5,0.5000890523812529 
0.040958,0.5043859868050034 
2.85,0.5043859868050034 
231.7,0.5052272478553178 
0.0421,0.5160453008208393 
3.0081,0.5160453008208393 
232.2,0.5184756105217476 
0.042975,0.51882580121267 
2.9845,0.51882580121267 
238.0,0.5190127481127398 
0.042518,0.5166276655691603 
2.8793,0.5166276655691603 
237.8,0.5164874553941079 
0.042407,0.5176610674393612 
2.8993,0.5176610674393612 
239.4,0.5170534900141341 
0.042741,0.5113747220532305 
2.9032,0.5113747220532305 
237.1,0.511514932228283 
0.041794,0.5110795600179471 
2.9305,0.5110795600179471 
237.5,0.5093035644672833 
0.041782,0.5025363659805397 
2.9563,0.5025363659805397 
231.9,0.5016016314801904 
0.04116,0.5026522035529575 
2.828,0.5026522035529575 
231.7,0.5023250464778353 
0.041260000000000005,0.5019843204001811 
2.814,0.5019843204001811 
231.1,0.5024049509253383 
0.041862,0.5073928021176654 
2.867,0.5073928021176654 
230.5,0.5060841738171762 
0.041654000000000004,0.5024876207752706 
2.8896,0.5024876207752706 
232.1,0.5025343575002881 
0.041624,0.5034524249873008 
2.8797,0.5034524249873008 
224.7,0.5009286418363575 
0.040625,0.49263764061343823 
2.767,0.49263764061343823 
222.1,0.4926843773384557 
0.040772,0.4955142967056394 
2.7887,0.4955142967056394 
223.9,0.49453282548027255 
0.041007,0.4898194480727226 
2.85,0.4898194480727226 
220.6,0.4894922909976003 
0.040436,0.4882997497258105 
2.845,0.4882997497258105 
220.5,0.48923448422615984 
0.040094,0.49042702549794964 
2.8065,0.49042702549794964 
223.2,0.49103460292317674 
0.0404,0.49384559306382403 
2.8273,0.49384559306382403 
224.1,0.4933314890886319 
0.040867,0.4891386654108314 
2.8236,0.4891386654108314 
224.0,0.4899331897361283 
0.040388,0.4943626287456331 
2.796,0.4943626287456331 
225.0,0.4948299959958078 
0.040802,0.4928518918227597 
2.8334,0.4928518918227597 
224.4,0.49252473474763747 
0.040473,0.49384031599191336 
2.8156,0.49384031599191336 
223.9,0.49398052616696575 
0.040477,0.4935830124097026 
2.8309,0.4935830124097026 
226.1,0.493723222584755 
0.040636,0.49454664393908604 
2.8571,0.49454664393908604 
225.8,0.4950140111892607 
0.040798,0.499197370253793 
2.8508,0.499197370253793 
226.6,0.49957126405393276 
0.041339,0.50238225419458 
2.8681,0.50238225419458 
226.9,0.501774676769353 
0.041587,0.5020775443939345 
2.8776,0.5020775443939345 
225.7,0.5006754426434105 
0.041293,0.4938609210903261 
2.8652,0.4938609210903261 
223.3,0.49479565559067545 
0.041125999999999996,0.5006163927506018 
2.866,0.5006163927506018 
225.3,0.5010837600007764 
0.041561,0.5034972363841604 
2.97,0.5034972363841604 
226.1,0.5036841832842304 
0.041804,0.5049524414621654 
2.9983,0.5049524414621654 
225.4,0.5043448640369383 
0.041602,0.5003413326245013 
3.0199,0.5003413326245013 
224.8,0.5014630140249206 
0.0413,0.5025987676171013 
2.9615,0.5025987676171013 
228.0,0.502365083992014 
0.041513999999999995,0.5025449116441092 
3.007,0.5025449116441092 
227.9,0.5023579647440393 
0.041522,0.5029163769268614 
3.09,0.5029163769268614 
225.7,0.5019349057014947 
0.041460000000000004,0.4993510662792835 
3.0819,0.4993510662792835 
223.2,0.49902390920416123 
0.041124,0.49758528798739904 
3.0404,0.49758528798739904 
225.6,0.49828633886266105 
0.0413,0.498172763503443 
3.0601,0.498172763503443 
225.9,0.49611634760267437 
0.041095,0.4858851006597797 
3.0181,0.4858851006597797 
221.4,0.48593183738479717 
0.039416,0.4782655006375772 
2.9353,0.4782655006375772 
221.7,0.4796208656630838 
0.039623,0.4826495419088991 
2.9186,0.4826495419088991 
224.5,0.482041964483672 
0.039543,0.4792593681828292 
2.9122,0.4792593681828292 
221.8,0.47893221110770695 
0.039169999999999996,0.4753072642259968 
2.8357,0.4753072642259968 
221.2,0.4733910585002806 
0.038551,0.46577204481940165 
2.7856,0.46577204481940165 
215.6,0.46446341651891254 
0.037771,0.4628355030367868 
2.7674,0.4628355030367868 
214.7,0.46330287028696143 
0.038147,0.4681298230537295 
2.7727,0.4681298230537295 
217.2,0.4680830863287121 
0.038593,0.4664457082333182 
2.8315,0.4664457082333182 
214.9,0.4662587613332483 
0.03815,0.4650662200614586 
2.7728,0.4650662200614586 
215.9,0.46628137491191274 
0.03814,0.4748563145328772 
2.7884,0.4748563145328772 
218.0,0.4750899981579645 
0.039222,0.4767368408666266 
2.8369,0.4767368408666266 
219.2,0.476877051041679 
0.039319,0.47728402941221043 
2.9012,0.47728402941221043 
218.0,0.47728402941221043 
0.03921,0.47589273126178905 
2.9348,0.47589273126178905 
220.5,0.47598620471182396 
0.039226,0.4783712872554034 
2.911,0.4783712872554034 
218.4,0.47687571205484447 
0.039024,0.46917151685455194 
2.8927,0.46917151685455194 
214.3,0.4673487845788707 
0.038191,0.4606667676115408 
2.7836,0.4606667676115408 
213.3,0.46118087158673293 
0.037842,0.4614174869184372 
2.7794,0.4614174869184372 
213.2,0.46165117054352456 
0.0376,0.46251245035092825 
2.7779,0.46251245035092825 
214.0,0.4617646627506488 
0.038163,0.46150911819240814 
2.7779,0.46150911819240814 
212.2,0.4617895385425129 
0.038049,0.4609093295085729 
2.7398,0.4609093295085729 
214.5,0.46193753745895716 
0.038058,0.4628934633990426 
2.7156,0.4628934633990426 
214.0,0.46251956959890284 
0.037966,0.46490465214248244 
2.7562,0.46490465214248244 
213.3,0.4645774950673601 
0.0384,0.4699533954036822 
2.7624,0.4699533954036822 
214.3,0.46990665867866477 
0.039126999999999995,0.47274604265911657 
2.7844,0.47274604265911657 
214.0,0.47269930593409915 
0.039033,0.4723017921768358 
2.7658,0.4723017921768358 
213.0,0.47197463510171356 
0.039027,0.466627128605196 
2.7425,0.466627128605196 
211.7,0.46667386533021343 
0.038399,0.4676581851101034 
2.6949,0.4676581851101034 
212.7,0.46789186873519073 
0.038518000000000004,0.4661977029601878 
2.7123,0.4661977029601878 
212.9,0.4685345392110612 
0.038465,0.4704085326381594 
2.7277,0.4704085326381594 
220.3,0.47311926268917254 
0.038868,0.47875070758373534 
2.78,0.47875070758373534 
225.7,0.4794050217339799 
0.039251,0.48094775369669196 
2.91,0.48094775369669196 
224.6,0.48062059662156975 
0.0395,0.4789453600731032 
2.8948,0.4789453600731032 
224.7,0.479132306973173 
0.03893,0.47581969232931265 
2.8801,0.47581969232931265 
224.2,0.4785304223803257 
0.038646,0.4813224832944367 
2.8872,0.4813224832944367 
232.1,0.4812290098444018 
0.039225,0.48272441874077304 
2.895,0.48272441874077304 
229.7,0.4830048390908778 
0.0387,0.4786605816007865 
2.8887,0.4786605816007865 
234.5,0.47992247317625814 
0.038819,0.48412476146732686 
2.9529,0.48412476146732686 
232.7,0.4833302371420299 
0.039275,0.48843166369357505 
2.9818,0.48843166369357505 
