date,current_balance 
412.0,0.999302487562189 
0.084908,0.998604975124378 
5.4316,0.9979074626865669 
407.7,0.997799885945765 
0.084872,0.9965214630988619 
5.4409,0.9960897615622655 
406.1,1.005538650534088 
0.085176,1.0074523812860494 
5.48,1.0166713168398402 
426.5,1.0119014895936727 
0.085199,1.0099951231493511 
5.8761,1.0103814816646959 
425.8,1.0165244409968817 
0.086824,1.0248215074297813 
5.7556,1.0313252091047493 
436.2,1.0330596917397195 
0.0882,1.0347491871389987 
5.818,1.0367614710730853 
434.5,1.0277999774590731 
0.088336,1.0206817100935797 
5.8787,1.0125735473618331 
414.2,1.009465932640845 
0.08453300000000001,1.0039023298471759 
5.7041,0.9971139892682087 
419.3,1.0017785912345216 
0.085719,1.0017785912345216 
5.8162,1.0017785912345216 
436.0,1.0017785912345216 
0.087564,1.0017785912345216 
6.03,1.0017785912345216 
428.1,1.0017785912345216 
0.088003,1.0017785912345216 
5.9868,1.0017785912345216 
432.9,1.0017785912345216 
0.089538,1.0017785912345216 
6.1312,1.0017785912345216 
440.6,1.0017785912345216 
0.089795,1.0017785912345216 
6.0303,1.0017785912345216 
442.0,1.0017785912345216 
0.089658,1.0017785912345216 
5.9691,1.0017785912345216 
427.7,1.0017785912345216 
0.086774,1.0017785912345216 
5.8231,1.0017785912345216 
426.0,1.0017785912345216 
0.08551399999999999,1.0017785912345216 
5.8034,1.0017785912345216 
402.5,1.0017785912345216 
0.08361,1.0017785912345216 
5.5618,1.0017785912345216 
413.9,1.0017785912345216 
0.08513899999999999,1.0017785912345216 
5.6232,1.0017785912345216 
399.6,1.0017785912345216 
0.082022,1.0017785912345216 
5.3834,1.0017785912345216 
416.0,1.0017785912345216 
0.085,1.0017785912345216 
5.6159,1.0017785912345216 
406.9,1.0017785912345216 
0.08406799999999999,1.0017785912345216 
5.5228,1.0017785912345216 
409.2,1.0017785912345216 
0.08301900000000001,1.0017785912345216 
5.4948,1.0017785912345216 
394.9,1.0017785912345216 
0.081334,1.0017785912345216 
5.1819,1.0017785912345216 
394.0,1.0017785912345216 
0.08127000000000001,1.0017785912345216 
5.2356,1.0017785912345216 
416.2,1.0017785912345216 
0.08311,1.0017785912345216 
5.4841,1.0017785912345216 
410.9,1.0017785912345216 
0.081584,1.0017785912345216 
5.5068,1.0017785912345216 
392.8,1.0017785912345216 
0.079023,1.0017785912345216 
5.2464,1.0017785912345216 
389.5,1.0017785912345216 
0.077614,1.0017785912345216 
5.1451,1.0017785912345216 
404.7,1.0017785912345216 
0.08089,1.0017785912345216 
5.3284,1.0017785912345216 
403.2,1.0017785912345216 
0.080231,1.0017785912345216 
5.4068,1.0017785912345216 
408.0,1.0017785912345216 
0.081134,1.0017785912345216 
5.3907,1.0017785912345216 
413.1,1.0017785912345216 
0.082403,1.0017785912345216 
5.46,1.0017785912345216 
408.4,1.0010810787967106 
0.08187,1.0003835663588996 
5.4079,0.9996860539210886 
406.8,0.999085973539642 
0.08068600000000001,0.9998424912606345 
5.4109,0.9987251604108585 
412.8,0.9996831827845285 
0.081861,0.9962208872883751 
5.4053,0.9987118971861373 
411.7,1.0029357887491148 
0.08037899999999999,1.004024529171107 
5.5708,1.00979382311607 
421.8,1.0106677317153065 
0.082585,1.0118373920335277 
5.6029,1.018218330322226 
416.5,1.015669430241119 
0.080712,1.0105751549557844 
5.6,1.0046130001817157 
416.6,1.0041032201654945 
0.080001,1.0035073554750797 
5.5375,1.0019038554388007 
413.0,1.0011755982727701 
0.080192,0.9998183509223812 
5.6496,1.0085301500885575 
414.5,1.0105692701534432 
0.079513,1.010521453851126 
5.6236,1.0072648609939405 
415.2,1.0001279407668409 
0.079537,0.9990097749280381 
5.636,0.9944913212175608 
399.0,0.9889565667557283 
0.077176,0.9808756116641182 
5.4284,0.9743514053309412 
400.3,0.9733318452984985 
0.077424,0.9721732195115812 
5.4121,0.9695282709981311 
396.0,0.9720771710792382 
0.076503,0.9727907374368951 
5.3864,0.9721790930931598 
404.2,0.9729801759757934 
0.07712000000000001,0.9745066194728431 
5.4232,0.9734376194486571 
402.9,0.9716169765335805 
0.077361,0.9710726063225845 
5.3996,0.9729295805914026 
401.2,0.9716925629691829 
0.076795,0.967759024744422 
5.393,0.9645952475388211 
399.7,0.9638977351010101 
0.076615,0.963200222663199 
5.4289,0.962502710225388 
405.9,0.962051369206583 
0.07795,0.9612867848458078 
5.4734,0.9605764990688024 
405.0,0.9585021277703758 
0.07744,0.9583233077680435 
5.3994,0.9521438561665676 
402.3,0.957982018503633 
0.076851,0.9660659661810911 
5.2681,0.9663036038321264 
416.1,0.9695552385515047 
0.079979,0.9691413713737593 
5.4066,0.9736233280014279 
414.2,0.9696326853912818 
0.078774,0.9635948660972571 
5.3629,0.9597152932826782 
405.4,0.9548378412036109 
0.077234,0.9526021848602755 
5.2943,0.9507839805070043 
401.3,0.9509317820851578 
0.0774,0.9542852666001608 
5.2746,0.9531717186732367 
402.5,0.9530187440398479 
0.077813,0.9551483343481538 
5.25,0.9551483343481538 
405.7,0.9551483343481538 
0.078622,0.9551483343481538 
5.271,0.9551483343481538 
403.8,0.9551483343481538 
0.077549,0.9551483343481538 
5.2332,0.9551483343481538 
410.6,0.9551483343481538 
0.079715,0.9551483343481538 
5.33,0.9551483343481538 
412.4,0.9551483343481538 
0.080182,0.9551483343481538 
5.4293,0.9551483343481538 
408.4,0.9551483343481538 
0.080624,0.9551483343481538 
5.3397,0.9551483343481538 
408.8,0.9551483343481538 
0.081862,0.9551483343481538 
5.3378,0.9551483343481538 
413.6,0.9551483343481538 
0.080176,0.9551483343481538 
5.264,0.9551483343481538 
412.7,0.9551483343481538 
0.080095,0.9551483343481538 
5.2827,0.9551483343481538 
417.0,0.9551483343481538 
0.07932,0.9551483343481538 
5.2404,0.9551483343481538 
418.2,0.9551483343481538 
0.0805,0.9551483343481538 
5.2176,0.9551483343481538 
424.0,0.9551483343481538 
0.079929,0.9551483343481538 
5.0959,0.9551483343481538 
421.6,0.9551483343481538 
0.07926799999999999,0.9551483343481538 
5.0924,0.9551483343481538 
416.8,0.9551483343481538 
0.078542,0.9551483343481538 
4.9258,0.9551483343481538 
414.1,0.9551483343481538 
0.078226,0.9551483343481538 
4.9861,0.9551483343481538 
414.1,0.9551483343481538 
0.07741,0.9551483343481538 
4.9977,0.9551483343481538 
415.0,0.9551483343481538 
0.077917,0.9551483343481538 
4.9757,0.9551483343481538 
418.5,0.9551483343481538 
0.076426,0.9551483343481538 
4.8101,0.9551483343481538 
415.1,0.9551483343481538 
0.076613,0.9551483343481538 
4.8397,0.9551483343481538 
416.7,0.9551483343481538 
0.07646499999999999,0.9551483343481538 
4.764,0.9551483343481538 
387.5,0.9551483343481538 
0.07067799999999999,0.9551483343481538 
4.3143,0.9551483343481538 
386.4,0.9551483343481538 
0.072783,0.9551483343481538 
4.4483,0.9551483343481538 
388.5,0.9551483343481538 
0.071533,0.9551483343481538 
4.434,0.9551483343481538 
365.1,0.9551483343481538 
0.069543,0.9551483343481538 
4.4583,0.9551483343481538 
339.9,0.9551483343481538 
0.06504299999999999,0.9551483343481538 
4.3142,0.9551483343481538 
344.8,0.9551483343481538 
0.065944,0.9551483343481538 
4.235,0.9551483343481538 
334.3,0.9551483343481538 
0.06394,0.9551483343481538 
4.2613,0.9551483343481538 
345.2,0.9551483343481538 
0.066715,0.9551483343481538 
4.3383,0.9551483343481538 
345.3,0.9551483343481538 
0.065011,0.9551483343481538 
4.3559,0.9551483343481538 
341.1,0.9551483343481538 
0.063941,0.9551483343481538 
4.286,0.9551483343481538 
350.5,0.9551483343481538 
0.06754,0.9551483343481538 
4.5016,0.9551483343481538 
352.5,0.9544508219103429 
0.069261,0.9537533094725319 
4.4932,0.9530557970347209 
346.0,0.9530766103806393 
0.06722,0.9547779803733375 
4.3974,0.9536652451118605 
350.2,0.9563460797937681 
0.070425,0.9554782042363049 
4.4647,0.95678327753598 
353.0,0.95371202045077 
0.069746,0.9504410403478291 
4.5293,0.95080055494755 
347.6,0.9470467962878486 
0.068,0.9426883663353813 
4.4092,0.9397256997265699 
345.1,0.9349481887051319 
0.068098,0.9345943359763177 
4.47,0.9296143930024056 
336.5,0.9318325231195017 
0.066838,0.9307278121612527 
4.3469,0.9311805342497901 
347.9,0.9303274072816763 
0.06815399999999999,0.9260595981500028 
4.3498,0.9169718679903904 
341.3,0.91161917876705 
0.06664199999999999,0.9048170073471744 
4.2554,0.9033057544388587 
344.7,0.9026082420010477 
0.06699400000000001,0.9019107295632367 
4.2737,0.9012132171254257 
340.6,0.8995868599962524 
0.066968,0.8977706400464545 
4.2169,0.8963654252171835 
338.7,0.8877938616579188 
0.06526599999999999,0.8793345779952229 
4.2058,0.8702882513279251 
323.2,0.8605159414977772 
0.061946,0.8478259584427574 
4.0,0.8413178993345071 
305.9,0.8343884432731293 
0.060591,0.8346847252050893 
3.8955,0.8297821784759667 
307.6,0.8314701229011741 
0.061287,0.8343782440179495 
3.88,0.8392306184852243 
309.0,0.8109797591580692 
0.061988999999999995,0.7901853257180549 
3.9469,0.7728973977785174 
285.3,0.7797380146596211 
0.058475,0.7833800033309433 
3.7378,0.7819035053394239 
288.8,0.7863454643531274 
0.058101,0.7866371881015186 
3.7201,0.7880348439672773 
291.7,0.8056250016615436 
0.057972,0.8102333252494118 
3.7936,0.8238443431421073 
317.3,0.8321952260878701 
0.0598,0.8352856745473901 
3.9684,0.8460512084467205 
317.8,0.8440967464806909 
0.059567999999999996,0.8434722753317909 
4.18,0.8603444902445898 
313.1,0.853237355822664 
0.05954299999999999,0.8551153274529328 
4.17,0.8465215357450118 
308.3,0.8464326965647377 
0.059039,0.841040365403068 
4.091,0.8401659345537216 
309.6,0.8388333468496104 
0.058649,0.8353189873182095 
4.1771,0.8340790157039724 
305.3,0.8248438275577614 
0.057793,0.8199682667836328 
4.129,0.8138396103194749 
303.8,0.8138396103194749 
0.057737000000000004,0.8138396103194749 
3.9699,0.8138396103194749 
283.0,0.8138396103194749 
0.053069000000000005,0.8138396103194749 
3.825,0.8138396103194749 
283.0,0.8138396103194749 
0.051753999999999994,0.8138396103194749 
3.6881,0.8138396103194749 
284.5,0.8138396103194749 
0.05139,0.8138396103194749 
3.68,0.8138396103194749 
291.6,0.8138396103194749 
0.05315399999999999,0.8138396103194749 
3.8016,0.8138396103194749 
279.0,0.8138396103194749 
0.051240999999999995,0.8138396103194749 
3.7501,0.8138396103194749 
301.2,0.8138396103194749 
0.056323000000000005,0.8138396103194749 
3.9957,0.8138396103194749 
294.3,0.8138396103194749 
0.055937,0.8138396103194749 
3.8709,0.8138396103194749 
292.2,0.8138396103194749 
0.055123,0.8138396103194749 
3.8375,0.8138396103194749 
297.7,0.8138396103194749 
0.055807,0.8138396103194749 
3.897,0.8138396103194749 
299.0,0.8138396103194749 
0.05633099999999999,0.8138396103194749 
3.9664,0.8138396103194749 
295.0,0.8138396103194749 
0.056840999999999996,0.8138396103194749 
3.9339,0.8138396103194749 
314.6,0.8138396103194749 
0.058455999999999994,0.8138396103194749 
4.02,0.8138396103194749 
311.1,0.8138396103194749 
0.058008000000000004,0.8138396103194749 
4.0501,0.8138396103194749 
314.5,0.8138396103194749 
0.058538,0.8138396103194749 
4.0977,0.8138396103194749 
311.0,0.8138396103194749 
0.057908,0.8138396103194749 
4.0611,0.8138396103194749 
310.3,0.8138396103194749 
0.05825,0.8138396103194749 
4.0183,0.8138396103194749 
303.2,0.8138396103194749 
0.057,0.8138396103194749 
3.9199,0.8138396103194749 
301.7,0.8138396103194749 
0.057173,0.8138396103194749 
3.9401,0.8138396103194749 
300.9,0.8138396103194749 
0.058251,0.8138396103194749 
3.9029,0.8138396103194749 
308.6,0.8138396103194749 
0.0603,0.8138396103194749 
3.9676,0.8138396103194749 
314.6,0.8138396103194749 
0.061799,0.8138396103194749 
4.0449,0.8138396103194749 
312.0,0.8138396103194749 
0.061251,0.8138396103194749 
4.0255,0.8138396103194749 
314.6,0.8138396103194749 
0.061074,0.8131420978816639 
4.0001,0.8124445854438529 
331.1,0.8117470730060419 
0.062402,0.8159129261951532 
4.0808,0.8178285855222799 
335.4,0.8149820548619718 
0.065001,0.8103037878898177 
4.1512,0.8094603902971219 
324.9,0.8083293763324604 
0.062747,0.8024096212818398 
4.0363,0.7953703383278097 
325.4,0.7922154046369116 
0.061752,0.792944135474478 
4.017,0.7955520844739588 
325.0,0.7980522206063685 
0.062204999999999996,0.799069604567906 
4.2553,0.8098718891423569 
325.3,0.8036215488113325 
0.061808,0.7920659598156369 
4.2106,0.7823388185613062 
317.3,0.7800172635812114 
0.060351999999999996,0.7810583076348776 
4.1336,0.7821479799187833 
314.2,0.7859929511822263 
0.060171,0.788545155856121 
4.0798,0.792638458939239 
321.7,0.791940946501428 
0.061185,0.791243434063617 
4.2511,0.7905459216258061 
321.6,0.7890739502250266 
0.061707000000000005,0.7884910050649939 
4.2855,0.7887095487659219 
319.0,0.7865192429839397 
0.061803,0.7829551854095591 
4.23,0.7782648599427526 
321.0,0.7704912470873961 
0.060502999999999994,0.7666369042807131 
4.1634,0.7607073602209818 
307.4,0.7595834643864726 
0.058732000000000006,0.7572805348768729 
3.9684,0.7536938154022562 
302.6,0.7547240532505564 
0.058145,0.7544821488903043 
3.9002,0.7523357287614267 
309.8,0.754864494389073 
0.059296,0.7560836923647434 
3.9161,0.7562286575586328 
311.2,0.7519203901930135 
0.059315999999999994,0.7469565127206409 
3.9276,0.7437345443790361 
305.7,0.7390516450685805 
0.056604999999999996,0.7349779756419355 
3.8752,0.7333319192468051 
303.4,0.7312714435502046 
0.056885000000000005,0.7306457176050192 
3.8788,0.7280269915218571 
295.8,0.7285889394391117 
0.055376999999999996,0.7276438997383937 
3.71,0.7277935412288601 
305.7,0.7297603589392516 
0.057665999999999995,0.732847058576068 
3.8457,0.7350402416707162 
296.6,0.7222090975600676 
0.055617999999999994,0.7146423291713828 
3.6947,0.7070059368610191 
284.7,0.7063503309575553 
0.054152,0.7078630395569981 
3.6747,0.7085036921880574 
288.1,0.7118753796915855 
0.055082000000000006,0.7149685301113422 
3.67,0.717937978437785 
291.5,0.7237494564820605 
0.05586,0.7293125213786028 
3.7371,0.7369672447715486 
306.5,0.7362697323337377 
0.058692999999999995,0.7355722198959267 
4.0,0.7348747074581158 
297.6,0.7348141718611678 
0.057017,0.736750569444358 
3.8702,0.7377632600912052 
302.4,0.744284137613972 
0.05873,0.7499551771291852 
3.8762,0.7543667273261231 
308.0,0.7515951088364093 
0.059848,0.7496447146720446 
3.9912,0.7489457014366143 
306.4,0.7483517831888186 
0.059072,0.7481369973305758 
3.948,0.746091736382465 
306.9,0.7448049135122408 
0.059227999999999996,0.7465890218508693 
3.9241,0.7465217094652353 
304.9,0.7432551591023583 
0.059289999999999995,0.741533407948381 
3.8426,0.7376810683397873 
296.4,0.7345156820517847 
0.059059,0.7324422779478317 
3.8031,0.7313374020942831 
301.9,0.7313374020942831 
0.058702,0.7313374020942831 
3.79,0.7313374020942831 
298.4,0.7313374020942831 
0.057326999999999996,0.7313374020942831 
3.7705,0.7313374020942831 
315.5,0.7313374020942831 
0.059283,0.7313374020942831 
3.8334,0.7313374020942831 
314.4,0.7313374020942831 
0.061463,0.7313374020942831 
3.8491,0.7313374020942831 
312.4,0.7313374020942831 
0.061451,0.7313374020942831 
3.8238,0.7313374020942831 
320.0,0.7313374020942831 
0.062529,0.7313374020942831 
3.8586,0.7306398896564721 
317.6,0.7306398896564721 
0.0629,0.7306398896564721 
3.916,0.7321827422056828 
321.9,0.7321827422056828 
0.062294,0.7321827422056828 
3.932,0.7288926859658633 
318.9,0.7288926859658633 
0.061922000000000005,0.7288926859658633 
3.9041,0.7281951735280523 
303.8,0.7281951735280523 
0.0586,0.7281951735280523 
3.7,0.7226183843501985 
303.5,0.7226183843501985 
0.057537,0.7226183843501985 
3.5971,0.7230607222632738 
302.9,0.7230607222632738 
0.058384000000000005,0.7230607222632738 
3.6119,0.7223713647537066 
305.8,0.7223713647537066 
0.05977999999999999,0.7223713647537066 
3.62,nan 
305.4,nan 
0.058765,nan 
3.63,inf 
304.9,inf 
0.059115999999999995,inf 
3.6576,nan 
305.1,nan 
0.059369000000000005,nan 
3.6165,inf 
304.4,inf 
0.058697000000000006,inf 
3.6147,inf 
302.7,inf 
0.05902999999999999,inf 
3.5971,inf 
311.2,inf 
0.059332,inf 
3.6394,inf 
311.5,inf 
0.05946,inf 
3.6137,inf 
308.7,inf 
0.058924000000000004,inf 
3.6179,inf 
305.7,inf 
0.059945000000000005,inf 
3.5573,inf 
305.4,inf 
0.061458000000000006,inf 
3.5731,inf 
305.1,inf 
0.060762000000000004,inf 
3.5982,nan 
305.6,nan 
0.060319000000000005,nan 
3.5836,nan 
303.2,nan 
0.059053999999999995,nan 
3.547,nan 
308.0,nan 
0.059864,nan 
3.5356,nan 
314.3,nan 
0.061065999999999995,nan 
3.5596,nan 
320.5,nan 
0.060658000000000004,nan 
3.6204,nan 
322.6,nan 
0.060113,nan 
3.6444,nan 
318.0,nan 
0.059986000000000005,nan 
3.632,nan 
331.7,nan 
0.060573,nan 
3.6726,nan 
328.2,nan 
0.060163,nan 
3.6955,nan 
331.3,nan 
0.06030599999999999,nan 
3.7106,nan 
330.9,nan 
0.06015499999999999,nan 
3.713,nan 
325.6,nan 
0.05935700000000001,nan 
3.63,nan 
328.5,nan 
0.060127999999999994,nan 
3.6461,nan 
323.0,nan 
0.059285000000000004,nan 
3.5909,nan 
322.5,nan 
0.058944,nan 
3.5424,nan 
322.7,nan 
0.058539,nan 
3.5067,nan 
325.1,nan 
0.05825,nan 
3.4753,nan 
327.4,nan 
0.058262,nan 
3.5113,nan 
329.8,nan 
0.05872,nan 
3.5363,nan 
326.3,nan 
0.05815,nan 
3.7457,nan 
331.6,nan 
0.058552999999999994,nan 
3.721,nan 
327.5,nan 
0.058,nan 
3.602,nan 
328.2,nan 
0.057465999999999996,nan 
3.644,nan 
323.1,nan 
0.057453,nan 
3.6175,nan 
328.3,nan 
0.057555999999999996,nan 
3.649,nan 
341.9,nan 
0.057603999999999995,nan 
3.6991,nan 
340.5,nan 
0.057589,nan 
3.7576,nan 
339.6,nan 
0.057536000000000004,nan 
3.7052,nan 
338.8,nan 
0.057936,nan 
3.7303,nan 
334.9,nan 
0.057767,nan 
3.7339,nan 
335.6,nan 
0.057746000000000006,nan 
3.7339,nan 
333.0,nan 
0.05683200000000001,nan 
3.6758,nan 
333.1,nan 
0.0565,nan 
3.6141,nan 
333.8,nan 
0.056701999999999995,nan 
3.6148,nan 
337.9,nan 
0.056476,nan 
3.6127,nan 
338.3,nan 
0.056491,nan 
3.6319,nan 
337.3,nan 
0.056348,nan 
3.6104,nan 
345.6,nan 
0.056601,nan 
3.6358,nan 
344.0,nan 
0.056616999999999994,nan 
3.634,nan 
353.8,nan 
0.057477999999999994,nan 
3.6823,nan 
349.5,nan 
0.057022,nan 
3.6858,nan 
348.8,nan 
0.057,nan 
3.8599,nan 
345.9,nan 
0.0563,nan 
3.7554,nan 
342.8,nan 
0.05574400000000001,nan 
3.73,nan 
351.0,nan 
0.055941,nan 
3.7,nan 
343.9,nan 
0.054783000000000005,nan 
3.6,nan 
341.7,nan 
0.054454999999999996,nan 
3.5801,nan 
337.6,nan 
0.054458000000000006,nan 
3.5701,nan 
335.1,nan 
0.053320000000000006,nan 
3.565,nan 
336.4,nan 
0.053836,nan 
3.6188,nan 
333.5,nan 
0.053272,nan 
3.535,nan 
343.0,nan 
0.053829999999999996,nan 
3.5413,nan 
336.3,nan 
0.051884000000000007,nan 
3.5262,nan 
336.2,nan 
0.051809,nan 
3.4836,nan 
338.4,nan 
0.052076,nan 
3.5052,nan 
336.5,nan 
0.050861,nan 
3.48,nan 
335.4,nan 
0.051121,nan 
3.4799,nan 
332.5,nan 
0.050569,nan 
3.4524,nan 
328.4,nan 
0.052375,nan 
3.3699,nan 
325.9,nan 
0.051516,nan 
3.3067,nan 
333.8,nan 
0.052091,nan 
3.2793,nan 
330.0,nan 
0.050948,nan 
3.2647,nan 
327.3,nan 
0.050637,nan 
3.2491,nan 
313.8,nan 
0.048851,nan 
3.1101,nan 
311.4,nan 
0.048817,nan 
3.1215,nan 
311.0,nan 
0.048389999999999996,nan 
3.1198,nan 
315.3,nan 
0.047591,nan 
3.1547,nan 
319.7,nan 
0.04943,nan 
3.1938,nan 
318.0,nan 
0.050087,nan 
3.2304,nan 
308.4,nan 
0.048544,nan 
3.1785,nan 
307.6,nan 
0.050401,nan 
3.2409,nan 
315.8,nan 
0.051442999999999996,nan 
3.3152,nan 
315.3,nan 
0.051976,nan 
3.3278,nan 
320.1,nan 
0.053667999999999993,nan 
3.3248,nan 
319.2,nan 
0.052476999999999996,nan 
3.3233,nan 
321.8,nan 
0.052820000000000006,nan 
3.391,nan 
318.6,nan 
0.052770000000000004,nan 
3.3408,nan 
338.1,nan 
0.055499,nan 
3.4502,nan 
338.0,nan 
0.054765,nan 
3.5359,nan 
338.0,nan 
0.053288999999999996,nan 
3.5242,nan 
335.1,nan 
0.05284,nan 
3.4237,nan 
329.5,nan 
0.052742,nan 
3.4131,nan 
330.3,nan 
0.053288,nan 
3.4195,nan 
333.7,nan 
0.0531,nan 
3.3789,nan 
329.3,nan 
0.053,nan 
3.3491,nan 
329.0,nan 
0.051636,nan 
3.3034,nan 
331.2,nan 
0.052002,nan 
3.3032,nan 
338.4,nan 
0.051544000000000006,nan 
3.2787,nan 
338.6,nan 
0.050979000000000003,nan 
3.192,nan 
345.7,nan 
0.052235000000000004,nan 
3.2794,nan 
346.7,nan 
0.052576,nan 
3.2445,nan 
351.5,nan 
0.053006,nan 
3.2482,nan 
347.2,nan 
0.052361000000000005,nan 
3.2069,nan 
338.3,nan 
0.051898,nan 
3.1867,nan 
337.9,nan 
0.052007000000000005,nan 
3.1917,nan 
312.1,nan 
0.047443,nan 
2.9891,nan 
310.8,nan 
0.047036,nan 
2.8555,nan 
306.6,nan 
0.046562,nan 
2.7709,nan 
297.1,nan 
0.046022,nan 
2.7839,nan 
303.0,nan 
0.047075,nan 
2.9653,nan 
318.0,nan 
0.047925999999999996,nan 
2.9249,nan 
313.9,nan 
0.047179,nan 
2.9108,nan 
313.7,nan 
0.047333,nan 
2.8922,nan 
311.3,nan 
0.045933,nan 
2.85,nan 
304.9,nan 
0.0449,nan 
2.8744,nan 
310.1,nan 
0.045426999999999995,nan 
2.96,nan 
312.1,nan 
0.046967,nan 
2.9683,nan 
313.6,nan 
0.046581,nan 
2.9962,nan 
309.0,nan 
0.046807,nan 
2.8903,nan 
307.7,nan 
0.04678,nan 
2.8539,nan 
309.1,nan 
0.047099,nan 
2.8857,nan 
309.1,nan 
0.047652,nan 
2.9013,nan 
309.8,nan 
0.047075,nan 
2.8644,nan 
304.8,nan 
0.047208,nan 
2.8572,nan 
306.4,nan 
0.047467,nan 
2.9097,nan 
304.7,nan 
0.047113,nan 
2.8821,nan 
306.1,nan 
0.0471,nan 
2.886,nan 
319.0,nan 
0.049154,nan 
2.9513,nan 
319.2,nan 
0.049511,nan 
2.9451,nan 
320.0,nan 
0.050157,nan 
2.9501,nan 
317.0,nan 
0.050574,nan 
2.9848,nan 
318.6,nan 
0.050255,nan 
2.9386,nan 
322.9,nan 
0.050757,nan 
2.9445,nan 
323.8,nan 
0.050437,nan 
2.9267,nan 
324.6,nan 
0.050003,nan 
2.8833,nan 
321.3,nan 
0.049845,nan 
2.88,nan 
325.4,nan 
0.05011,nan 
2.9015,nan 
320.7,nan 
0.04937,nan 
2.8495,nan 
321.9,nan 
0.049338,nan 
2.8394,nan 
318.2,nan 
0.049229,nan 
2.808,nan 
316.4,nan 
0.049685,nan 
2.8344,nan 
312.8,nan 
0.049075,nan 
2.8696,nan 
315.6,nan 
0.04917,nan 
2.8679,nan 
306.5,nan 
0.047577,nan 
2.7314,nan 
296.6,nan 
0.047322,nan 
2.7125,nan 
300.3,nan 
0.046783,nan 
2.6852,nan 
292.5,nan 
0.046393000000000004,nan 
2.603,nan 
300.0,nan 
0.047047000000000005,nan 
2.6664,nan 
304.3,nan 
0.047262,nan 
2.6645,nan 
296.1,nan 
0.04732,nan 
2.5904,nan 
297.1,nan 
0.047142,nan 
2.6085,nan 
299.7,nan 
0.047833999999999995,nan 
2.6209,nan 
303.4,nan 
0.049757,nan 
2.663,nan 
312.4,nan 
0.049558,nan 
2.7312,nan 
312.0,nan 
0.049299,nan 
2.6997,nan 
311.5,nan 
0.049623,nan 
2.74,nan 
312.7,nan 
0.049503,nan 
2.7206,nan 
307.9,nan 
0.049332,nan 
2.7421,nan 
313.2,nan 
0.049593,nan 
2.7447,nan 
312.3,nan 
0.049621,nan 
2.6963,nan 
316.2,nan 
0.049829000000000005,nan 
2.712,nan 
314.7,nan 
0.049656,nan 
2.7046,nan 
311.7,nan 
0.049631,nan 
2.7007,nan 
304.4,nan 
0.048717,nan 
2.6239,nan 
301.8,nan 
0.049138,nan 
2.618,nan 
307.3,nan 
0.050247,nan 
2.6747,nan 
306.0,nan 
0.050226,nan 
2.6879,nan 
306.8,nan 
0.052436,nan 
2.7085,nan 
307.6,nan 
0.051651,nan 
2.6939,nan 
308.3,nan 
0.052272000000000006,nan 
2.6862,nan 
304.4,nan 
0.050564,nan 
2.6416,nan 
303.7,nan 
0.049865,nan 
2.6201,nan 
306.2,nan 
0.049504,nan 
2.666,nan 
311.8,nan 
0.049638,nan 
2.6559,nan 
311.2,nan 
0.049693,nan 
2.6439,nan 
312.0,nan 
0.049053,nan 
2.6281,nan 
309.3,nan 
0.049917,nan 
2.6242,nan 
306.9,nan 
0.049801,nan 
2.6017,nan 
310.6,nan 
0.049507999999999996,nan 
2.6101,nan 
305.3,nan 
0.04877,nan 
2.5462,nan 
306.2,nan 
0.049177,nan 
2.5447,nan 
305.3,nan 
0.048385000000000004,nan 
2.5155,nan 
312.2,nan 
0.048563,nan 
2.535,nan 
309.3,nan 
0.048931,nan 
2.5717,nan 
308.2,nan 
0.049804,nan 
2.5383,nan 
305.6,nan 
0.049201,nan 
2.4943,nan 
307.7,nan 
0.049222,nan 
2.4512,nan 
306.6,nan 
0.048742,nan 
2.4428,nan 
308.0,nan 
0.048609,nan 
2.5601,nan 
290.3,nan 
0.045635,nan 
2.3666,nan 
291.8,nan 
0.045880000000000004,nan 
2.322,nan 
286.4,nan 
0.044211,nan 
2.2359,nan 
281.7,nan 
0.043712,nan 
2.213,nan 
280.5,nan 
0.044108,nan 
2.1767,nan 
282.6,nan 
0.044077,nan 
2.1697,nan 
278.0,nan 
0.044346,nan 
2.2233,nan 
280.0,nan 
0.044617000000000004,nan 
2.1656,nan 
277.6,nan 
0.044816,nan 
2.1013,nan 
277.4,nan 
0.044719,nan 
2.1486,nan 
281.6,nan 
0.045304000000000004,nan 
2.2075,nan 
280.9,nan 
0.04545,nan 
2.2164,nan 
282.0,nan 
0.044771,nan 
2.1745,nan 
278.7,nan 
0.044708,nan 
2.1457,nan 
279.7,nan 
0.045137000000000004,nan 
2.1211,nan 
276.9,nan 
0.045406999999999996,nan 
2.1107,nan 
277.0,nan 
0.044893,nan 
2.0487,nan 
277.1,nan 
0.044818000000000004,nan 
2.0532,nan 
275.0,nan 
0.044386,nan 
1.9925,nan 
279.9,nan 
0.044879,nan 
2.0187,nan 
281.3,nan 
0.045081,nan 
2.0115,nan 
280.4,nan 
0.044851,nan 
2.0307,nan 
277.5,nan 
0.044463,nan 
2.0792,nan 
277.9,nan 
0.044181,nan 
2.0878,nan 
282.1,nan 
0.044217,nan 
2.1969,nan 
281.7,nan 
0.044456999999999997,nan 
2.137,nan 
281.4,nan 
0.043972000000000004,nan 
2.1182,nan 
282.0,nan 
0.043647000000000005,nan 
2.0728,nan 
287.2,nan 
0.043938,nan 
2.1081,nan 
286.2,nan 
0.044534,nan 
2.118,nan 
291.5,nan 
0.045801999999999995,nan 
2.166,nan 
294.3,nan 
0.04546,nan 
2.1326,nan 
296.9,nan 
0.045168,nan 
2.1712,nan 
295.3,nan 
0.045323,nan 
2.1943,nan 
296.8,nan 
0.045021,nan 
2.1828,nan 
301.5,nan 
0.045381,nan 
2.1783,nan 
303.1,nan 
0.046006,nan 
2.1912,nan 
300.4,nan 
0.046479,nan 
2.1485,nan 
299.6,nan 
0.046006,nan 
2.0877,nan 
298.4,nan 
0.045602,nan 
2.0649,nan 
296.7,nan 
0.04602,nan 
2.0759,nan 
293.3,nan 
0.04556,nan 
2.0667,nan 
298.3,nan 
0.045777,nan 
2.0886,nan 
294.5,nan 
0.045457,nan 
2.0298,nan 
293.4,nan 
0.045026,nan 
1.9879,nan 
293.3,nan 
0.044881,nan 
1.9193,nan 
290.4,nan 
0.044417,nan 
1.9201,nan 
288.6,nan 
0.043979000000000004,nan 
1.9294,nan 
287.3,nan 
0.044262,nan 
1.9705,nan 
292.8,nan 
0.044323,nan 
1.959,nan 
294.3,nan 
0.043982,nan 
1.9811,nan 
295.6,nan 
0.043841000000000005,nan 
1.985,nan 
299.8,nan 
0.044087,nan 
2.0633,nan 
298.5,nan 
0.044248,nan 
2.0862,nan 
287.2,nan 
0.043762,nan 
2.0747,nan 
286.6,nan 
0.044336,nan 
2.0373,nan 
286.4,nan 
0.043733,nan 
2.0409,nan 
287.3,nan 
0.044203,nan 
2.1266,nan 
291.1,nan 
0.044349,nan 
2.19,nan 
299.8,nan 
0.04559,nan 
2.2464,nan 
300.2,nan 
0.04573,nan 
2.2157,nan 
300.2,nan 
0.046100999999999996,nan 
2.1614,nan 
309.2,nan 
0.04687,nan 
2.3604,nan 
305.7,nan 
0.047028,nan 
2.3308,nan 
300.4,nan 
0.046717,nan 
2.5517,nan 
306.2,nan 
0.047377999999999997,nan 
2.54,nan 
302.6,nan 
0.046715,nan 
2.5864,nan 
306.8,nan 
0.046615,nan 
2.73,nan 
301.1,nan 
0.045814,nan 
2.5315,nan 
298.3,nan 
0.045473,nan 
2.4693,nan 
309.3,nan 
0.046225999999999996,nan 
2.7906,nan 
302.8,nan 
0.046598,nan 
2.813,nan 
304.5,nan 
0.046599,nan 
2.8479,nan 
304.2,nan 
0.046868,nan 
2.7392,nan 
306.6,nan 
0.047718,nan 
2.8186,nan 
306.9,nan 
0.04807,nan 
2.8774,nan 
305.3,nan 
0.047386000000000005,nan 
2.7796,nan 
302.9,nan 
0.047024,nan 
2.6677,nan 
300.9,nan 
0.045880000000000004,nan 
2.5696,nan 
303.6,nan 
0.046531,nan 
2.5813,nan 
302.7,nan 
0.045642,nan 
2.611,nan 
301.0,nan 
0.045695,nan 
2.5451,nan 
299.3,nan 
0.045233999999999996,nan 
2.5119,nan 
294.5,nan 
0.04458,nan 
2.4247,nan 
295.5,nan 
0.044502,nan 
2.4957,nan 
299.7,nan 
0.04508,nan 
2.5773,nan 
296.8,nan 
0.044594999999999996,nan 
2.5382,nan 
295.2,nan 
0.044407,nan 
2.6075,nan 
297.4,nan 
0.044692,nan 
2.5697,nan 
299.8,nan 
0.04526,nan 
2.9824,nan 
300.0,nan 
0.045895,nan 
2.9722,nan 
300.7,nan 
0.045462,nan 
3.1506,nan 
298.9,nan 
0.045298000000000005,nan 
3.1572,nan 
296.5,nan 
0.045087,nan 
3.1235,nan 
296.3,nan 
0.045037,nan 
3.0805,nan 
296.8,nan 
0.045491000000000004,nan 
3.15,nan 
295.7,nan 
0.04555,nan 
3.0407,nan 
298.7,nan 
0.045939,nan 
3.1729,nan 
298.1,nan 
0.045774,nan 
3.075,nan 
298.2,nan 
0.045271,nan 
3.1061,nan 
296.9,nan 
0.045107999999999995,nan 
3.028,nan 
304.6,nan 
0.045811000000000004,nan 
3.178,nan 
306.2,nan 
0.046938,nan 
3.1348,nan 
305.2,nan 
0.046566,nan 
3.1075,nan 
304.5,nan 
0.046274,nan 
3.2361,nan 
305.2,nan 
0.046495999999999996,nan 
3.4297,nan 
305.4,nan 
0.046654,nan 
3.42,nan 
304.3,nan 
0.046647,nan 
3.4452,nan 
303.0,nan 
0.046231,nan 
3.4566,nan 
303.2,nan 
0.0467,nan 
3.422,nan 
306.8,nan 
0.047387,nan 
3.5182,nan 
307.7,nan 
0.047242,nan 
3.4921,nan 
305.0,nan 
0.046485000000000005,nan 
3.2335,nan 
300.7,nan 
0.045995,nan 
3.2069,nan 
302.1,nan 
0.046408,nan 
3.2426,nan 
307.6,nan 
0.047156,nan 
3.3398,nan 
306.2,nan 
0.047268,nan 
3.2976,nan 
309.2,nan 
0.047864,nan 
3.3109,nan 
308.1,nan 
0.047999,nan 
3.2736,nan 
316.2,nan 
0.048842,nan 
3.3862,nan 
323.7,nan 
0.050020999999999996,nan 
3.3916,nan 
319.0,nan 
0.048868,nan 
3.2884,nan 
322.8,nan 
0.050881,nan 
3.287,nan 
326.3,nan 
0.051884000000000007,nan 
3.3341,nan 
321.2,nan 
0.050912,nan 
3.2634,nan 
327.4,nan 
0.055537,nan 
3.3417,nan 
327.1,nan 
0.052901,nan 
3.3107,nan 
323.4,nan 
0.053072,nan 
3.27,nan 
309.1,nan 
0.049675,nan 
3.0855,nan 
309.6,nan 
0.051093,nan 
3.0801,nan 
309.8,nan 
0.050193,nan 
3.0708,nan 
311.5,nan 
0.051398,nan 
2.9473,nan 
321.3,nan 
0.054159000000000006,nan 
3.1089,nan 
323.5,nan 
0.052335,nan 
3.1348,nan 
319.0,nan 
0.051025,nan 
3.2043,nan 
317.4,nan 
0.051815,nan 
3.2074,nan 
318.1,nan 
0.051229,nan 
3.1827,nan 
316.6,nan 
0.050696,nan 
3.14,nan 
313.1,nan 
0.051158999999999996,nan 
3.0841,nan 
315.5,nan 
0.052506,nan 
3.1899,nan 
315.9,nan 
0.052528,nan 
3.25,nan 
315.4,nan 
0.05281,nan 
3.15,nan 
312.6,nan 
0.051895000000000004,nan 
3.0995,nan 
313.5,nan 
0.052063,nan 
3.12,nan 
311.0,nan 
0.051704999999999994,nan 
3.0808,nan 
311.8,nan 
0.051817999999999996,nan 
3.0433,nan 
304.0,nan 
0.049826,nan 
2.8939,nan 
307.7,nan 
0.04945,nan 
2.9391,nan 
306.6,nan 
0.0487,nan 
2.8952,nan 
306.0,nan 
0.048969,nan 
2.8746,nan 
303.9,nan 
0.047937,nan 
2.8262,nan 
306.7,nan 
0.048976,nan 
2.9048,nan 
304.5,nan 
0.048087,nan 
2.867,nan 
306.8,nan 
0.048179,nan 
2.775,nan 
304.7,nan 
0.048494999999999996,nan 
2.7922,nan 
303.9,nan 
0.048780000000000004,nan 
2.7508,nan 
303.5,nan 
0.048351,nan 
2.7314,nan 
291.6,nan 
0.046189999999999995,nan 
2.5606,nan 
291.3,nan 
0.046442000000000004,nan 
2.5486,nan 
289.4,nan 
0.045734,nan 
2.5901,nan 
289.9,nan 
0.045794999999999995,nan 
2.5694,nan 
282.0,nan 
0.044517,nan 
2.4711,nan 
223.9,nan 
0.037579,nan 
2.1755,nan 
219.4,nan 
0.037586,nan 
2.2937,nan 
230.1,nan 
0.038595,nan 
2.3257,nan 
222.0,nan 
0.03696,nan 
2.1994,nan 
218.5,nan 
0.036993,nan 
2.2139,nan 
220.0,nan 
0.037837,nan 
2.1674,nan 
226.4,nan 
0.038717,nan 
2.363,nan 
227.3,nan 
0.038967,nan 
2.2962,nan 
223.2,nan 
0.038344,nan 
2.2702,nan 
223.2,nan 
0.038555,nan 
2.3269,nan 
223.9,nan 
0.039264999999999994,nan 
2.3,nan 
208.5,nan 
0.036179,nan 
2.1055,nan 
216.0,nan 
0.037683,nan 
2.24,nan 
214.2,nan 
0.037857,nan 
2.2286,nan 
213.3,nan 
0.037573,nan 
2.2411,nan 
218.1,nan 
0.03865,nan 
2.239,nan 
213.1,nan 
0.038316,nan 
2.2049,nan 
212.2,nan 
0.03776,nan 
2.1975,nan 
217.0,nan 
0.03834,nan 
2.227,nan 
220.7,nan 
0.039310000000000005,nan 
2.2721,nan 
220.7,nan 
0.039481999999999996,nan 
2.2836,nan 
222.2,nan 
0.039271,nan 
2.2823,nan 
219.9,nan 
0.03879,nan 
2.25,nan 
218.8,nan 
0.03845,nan 
2.2342,nan 
226.9,nan 
0.038679000000000005,nan 
2.26,nan 
227.3,nan 
0.038723,nan 
2.2866,nan 
223.0,nan 
0.038169,nan 
2.2155,nan 
221.7,nan 
0.037456,nan 
2.1961,nan 
220.8,nan 
0.037472000000000005,nan 
2.1524,nan 
216.5,nan 
0.03677,nan 
2.173,nan 
214.4,nan 
0.036969999999999996,nan 
2.18,nan 
218.3,nan 
0.037458,nan 
2.2035,nan 
216.6,nan 
0.03683,nan 
2.2412,nan 
214.9,nan 
0.036998,nan 
2.188,nan 
224.9,nan 
0.038751999999999995,nan 
2.36,nan 
227.7,nan 
0.038968,nan 
2.48,nan 
226.7,nan 
0.039083,nan 
2.53,nan 
227.6,nan 
0.038932999999999995,nan 
2.6629,nan 
230.8,nan 
0.039302,nan 
2.6227,nan 
231.4,nan 
0.039142,nan 
2.5496,nan 
228.9,nan 
0.03934,nan 
2.58,nan 
225.2,nan 
0.038513,nan 
2.5271,nan 
223.1,nan 
0.038486,nan 
2.5047,nan 
223.2,nan 
0.038301999999999996,nan 
2.5546,nan 
222.9,nan 
0.038241000000000004,nan 
2.4627,nan 
223.1,nan 
0.038234,nan 
2.4663,nan 
224.7,nan 
0.038632,nan 
2.5689,nan 
222.4,nan 
0.038952999999999995,nan 
2.4987,nan 
222.9,nan 
0.03912,nan 
2.592,nan 
225.6,nan 
0.039471,nan 
2.62,nan 
224.2,nan 
0.039588,nan 
2.6237,nan 
222.9,nan 
0.03907,nan 
2.6137,nan 
222.5,nan 
0.0384,nan 
2.56,nan 
218.7,nan 
0.037817,nan 
2.53,nan 
219.3,nan 
0.03793,nan 
2.5402,nan 
222.3,nan 
0.038273,nan 
2.5985,nan 
219.3,nan 
0.03784,nan 
2.5122,nan 
222.6,nan 
0.038380000000000004,nan 
2.5451,nan 
222.1,nan 
0.038698,nan 
2.5578,nan 
222.1,nan 
0.03947,nan 
2.5812,nan 
223.9,nan 
0.040038,nan 
2.6177,nan 
221.9,nan 
0.039527,nan 
2.57,nan 
222.2,nan 
0.039624,nan 
2.594,nan 
221.6,nan 
0.039464,nan 
2.6699,nan 
220.2,nan 
0.039407,nan 
2.6631,nan 
222.8,nan 
0.039479,nan 
2.6382,nan 
222.3,nan 
0.039637,nan 
2.7354,nan 
223.2,nan 
0.039721,nan 
2.78,nan 
221.8,nan 
0.039923,nan 
2.7209,nan 
220.0,nan 
0.039361,nan 
2.6856,nan 
221.4,nan 
0.039455000000000004,nan 
2.6318,nan 
222.5,nan 
0.039519,nan 
2.6782,nan 
219.5,nan 
0.038419999999999996,nan 
2.6087,nan 
220.5,nan 
0.038879000000000004,nan 
2.6362,nan 
223.9,nan 
0.0389,nan 
2.6067,nan 
223.5,nan 
0.038928,nan 
2.6143,nan 
227.8,nan 
0.0403,nan 
2.6962,nan 
234.4,nan 
0.041319999999999996,nan 
2.78,nan 
234.2,nan 
0.041177,nan 
2.8858,nan 
232.9,nan 
0.041681,nan 
2.9,nan 
235.7,nan 
0.041645,nan 
2.9897,nan 
233.8,nan 
0.041249,nan 
2.9551,nan 
233.2,nan 
0.040681,nan 
2.9259,nan 
229.3,nan 
0.040648000000000004,nan 
2.93,nan 
229.3,nan 
0.041145999999999995,nan 
2.8741,nan 
231.8,nan 
0.041234,nan 
2.9068,nan 
228.5,nan 
0.040958,nan 
2.85,nan 
231.7,nan 
0.0421,nan 
3.0081,nan 
232.2,nan 
0.042975,nan 
2.9845,nan 
238.0,nan 
0.042518,nan 
2.8793,nan 
237.8,nan 
0.042407,nan 
2.8993,nan 
239.4,nan 
0.042741,nan 
2.9032,nan 
237.1,nan 
0.041794,nan 
2.9305,nan 
237.5,nan 
0.041782,nan 
2.9563,nan 
231.9,nan 
0.04116,nan 
2.828,nan 
231.7,nan 
0.041260000000000005,nan 
2.814,nan 
231.1,nan 
0.041862,nan 
2.867,nan 
230.5,nan 
0.041654000000000004,nan 
2.8896,nan 
232.1,nan 
0.041624,nan 
2.8797,nan 
224.7,nan 
0.040625,nan 
2.767,nan 
222.1,nan 
0.040772,nan 
2.7887,nan 
223.9,nan 
0.041007,nan 
2.85,nan 
220.6,nan 
0.040436,nan 
2.845,nan 
220.5,nan 
0.040094,nan 
2.8065,nan 
223.2,nan 
0.0404,nan 
2.8273,nan 
224.1,nan 
0.040867,nan 
2.8236,nan 
224.0,nan 
0.040388,nan 
2.796,nan 
225.0,nan 
0.040802,nan 
2.8334,nan 
224.4,nan 
0.040473,nan 
2.8156,nan 
223.9,nan 
0.040477,nan 
2.8309,nan 
226.1,nan 
0.040636,nan 
2.8571,nan 
225.8,nan 
0.040798,nan 
2.8508,nan 
226.6,nan 
0.041339,nan 
2.8681,nan 
226.9,nan 
0.041587,nan 
2.8776,nan 
225.7,nan 
0.041293,nan 
2.8652,nan 
223.3,nan 
0.041125999999999996,nan 
2.866,nan 
225.3,nan 
0.041561,nan 
2.97,nan 
226.1,nan 
0.041804,nan 
2.9983,nan 
225.4,nan 
0.041602,nan 
3.0199,nan 
224.8,nan 
0.0413,nan 
2.9615,nan 
228.0,nan 
0.041513999999999995,nan 
3.007,nan 
227.9,nan 
0.041522,nan 
3.09,nan 
225.7,nan 
0.041460000000000004,nan 
3.0819,nan 
223.2,nan 
0.041124,nan 
3.0404,nan 
225.6,nan 
0.0413,nan 
3.0601,nan 
225.9,nan 
0.041095,nan 
3.0181,nan 
221.4,nan 
0.039416,nan 
2.9353,nan 
221.7,nan 
0.039623,nan 
2.9186,nan 
224.5,nan 
0.039543,nan 
2.9122,nan 
221.8,nan 
0.039169999999999996,nan 
2.8357,nan 
221.2,nan 
0.038551,nan 
2.7856,nan 
215.6,nan 
0.037771,nan 
2.7674,nan 
214.7,nan 
0.038147,nan 
2.7727,nan 
217.2,nan 
0.038593,nan 
2.8315,nan 
214.9,nan 
0.03815,nan 
2.7728,nan 
215.9,nan 
0.03814,nan 
2.7884,nan 
218.0,nan 
0.039222,nan 
2.8369,nan 
219.2,nan 
0.039319,nan 
2.9012,nan 
218.0,nan 
0.03921,nan 
2.9348,nan 
220.5,nan 
0.039226,nan 
2.911,nan 
218.4,nan 
0.039024,nan 
2.8927,nan 
214.3,nan 
0.038191,nan 
2.7836,nan 
213.3,nan 
0.037842,nan 
2.7794,nan 
213.2,nan 
0.0376,nan 
2.7779,nan 
214.0,nan 
0.038163,nan 
2.7779,nan 
212.2,nan 
0.038049,nan 
2.7398,nan 
214.5,nan 
0.038058,nan 
2.7156,nan 
214.0,nan 
0.037966,nan 
2.7562,nan 
213.3,nan 
0.0384,nan 
2.7624,nan 
214.3,nan 
0.039126999999999995,nan 
2.7844,nan 
214.0,nan 
0.039033,nan 
2.7658,nan 
213.0,nan 
0.039027,nan 
2.7425,nan 
211.7,nan 
0.038399,nan 
2.6949,nan 
212.7,nan 
0.038518000000000004,nan 
2.7123,nan 
212.9,nan 
0.038465,nan 
2.7277,nan 
220.3,nan 
0.038868,nan 
2.78,nan 
225.7,nan 
0.039251,nan 
2.91,nan 
224.6,nan 
0.0395,nan 
2.8948,nan 
224.7,nan 
0.03893,nan 
2.8801,nan 
224.2,nan 
0.038646,nan 
2.8872,nan 
232.1,nan 
0.039225,nan 
2.895,nan 
229.7,nan 
0.0387,nan 
2.8887,nan 
234.5,nan 
0.038819,nan 
2.9529,nan 
232.7,nan 
0.039275,nan 
2.9818,nan 
