date,current_balance 
412.0,0.999302487562189 
0.084908,0.999302487562189 
5.4316,0.999302487562189 
407.7,0.9996922384126796 
0.084872,0.9996922384126796 
5.4409,0.9996922384126796 
406.1,0.9996922384126796 
0.085176,0.9996922384126796 
5.48,0.9996922384126796 
426.5,0.9996922384126796 
0.085199,0.9996922384126796 
5.8761,0.9996922384126796 
425.8,0.9996922384126796 
0.086824,0.9996922384126796 
5.7556,0.9996922384126796 
436.2,0.9996922384126796 
0.0882,0.9996922384126796 
5.818,0.9996922384126796 
434.5,0.9996922384126796 
0.088336,0.9996922384126796 
5.8787,0.9996922384126796 
414.2,0.9989947259748686 
0.08453300000000001,0.9982972135370576 
5.7041,0.9975997010992466 
419.3,0.9986503671432743 
0.085719,0.9992345920088255 
5.8162,1.002899401572697 
436.0,1.0057155441412389 
0.087564,1.0079640762826656 
6.03,1.0091968297158818 
428.1,1.0104678309551067 
0.088003,1.014098791502517 
5.9868,1.0198815997149413 
432.9,1.0244713264121423 
0.089538,1.0291238203575803 
6.1312,1.0305720811753822 
440.6,1.0333259171937028 
0.089795,1.0349728792027675 
6.0303,1.0301624015747333 
442.0,1.0228188388592114 
0.089658,1.017735494092837 
5.9691,1.0094911542430887 
427.7,1.0058193728853277 
0.086774,0.9991898296083332 
5.8231,0.9927929178689261 
426.0,0.9849550768937056 
0.08551399999999999,0.9778877335889853 
5.8034,0.9752163832466088 
402.5,0.9694262664901395 
0.08361,0.9696590649175811 
5.5618,0.9685741486865777 
413.9,0.9676562033471375 
0.08513899999999999,0.9621454823632207 
5.6232,0.9523198259314912 
399.6,0.9540144942504578 
0.082022,0.9555224721237365 
5.3834,0.9607577046912674 
416.0,0.9591336475522577 
0.085,0.9609022206801352 
5.6159,0.9632409316120625 
406.9,0.9678306583092635 
0.08406799999999999,0.9667743788772896 
5.5228,0.9646506041798064 
409.2,0.9513050911679446 
0.08301900000000001,0.9433308763772201 
5.4948,0.9284081606715309 
394.9,0.9295379395508421 
0.081334,0.9296734490832335 
5.1819,0.9267769274476299 
394.0,0.9377216603409557 
0.08127000000000001,0.9411997383390014 
5.2356,0.9478064687834611 
416.2,0.9496423594623415 
0.08311,0.9504519420532953 
5.4841,0.9586809293148688 
410.9,0.9449117492232655 
0.081584,0.9324518214500463 
5.5068,0.9196631155006234 
392.8,0.9188157813411401 
0.079023,0.9169672923351857 
5.2464,0.9143317646985499 
389.5,0.9174386566166554 
0.077614,0.9189605329035125 
5.1451,0.9224660405367078 
404.7,0.925714154814727 
0.08089,0.9282992597403474 
5.3284,0.9348241097145428 
403.2,0.9375779457328635 
0.080231,0.9369733647421942 
5.4068,0.9334013292269092 
408.0,0.938414723003852 
0.081134,0.9487203966723874 
5.3907,0.954508322414203 
413.1,0.9547201559540739 
0.082403,0.9549425305713315 
5.46,0.9564084468655341 
408.4,0.9525128280673096 
0.08187,0.9455271379423635 
5.4079,0.9455271379423635 
406.8,0.9455271379423635 
0.08068600000000001,0.9455271379423635 
5.4109,0.9455271379423635 
412.8,0.9455271379423635 
0.081861,0.9455271379423635 
5.4053,0.9455271379423635 
411.7,0.9455271379423635 
0.08037899999999999,0.9455271379423635 
5.5708,0.9455271379423635 
421.8,0.9455271379423635 
0.082585,0.9455271379423635 
5.6029,0.9455271379423635 
416.5,0.9455271379423635 
0.080712,0.9455271379423635 
5.6,0.9455271379423635 
416.6,0.9455271379423635 
0.080001,0.9455271379423635 
5.5375,0.9455271379423635 
413.0,0.9455271379423635 
0.080192,0.9455271379423635 
5.6496,0.9448296255045525 
414.5,0.9441321130667415 
0.079513,0.9434346006289305 
5.6236,0.941706994823875 
415.2,0.9386704937122587 
0.079537,0.9375924219711967 
5.636,0.9340214931919721 
399.0,0.9296524958683239 
0.077176,0.9234438400809846 
5.4284,0.917178935716061 
400.3,0.9161539149781944 
0.077424,0.9149566017129621 
5.4121,0.9124167756190742 
396.0,0.9149793274637407 
0.076503,0.9157167203953441 
5.3864,0.9151293856111326 
404.2,0.9159347590480277 
0.07712000000000001,0.91751217176254 
5.4232,0.9164856587162603 
402.9,0.9146552645414986 
0.077361,0.9140927173565639 
5.3996,0.9158758869266477 
401.2,0.9152169450237335 
0.076795,0.9117314330738351 
5.393,0.9092603939366567 
399.7,0.9128479665191896 
0.076615,0.9163828913974945 
5.4289,0.9214149218460099 
405.9,0.9221470795159146 
0.07795,0.9219494278022888 
5.4734,0.9219123886717531 
405.0,0.9198623471960199 
0.07744,0.920626347089073 
5.3994,0.9126788079369488 
402.3,0.9184628535291959 
0.076851,0.9264069320191499 
5.2681,0.9266344581067274 
416.1,0.9298559518543079 
0.079979,0.9294492454435783 
5.4066,0.9337404932813764 
414.2,0.929786841863891 
0.078774,0.9238534894606287 
5.3629,0.9201389937983175 
405.4,0.9153067531769468 
0.077234,0.9131097783601076 
5.2943,0.911368939224922 
401.3,0.911515370758903 
0.0774,0.9148108329841613 
5.2746,0.9143028677653838 
402.5,0.9147421623673267 
0.077813,0.9174332664682298 
5.25,0.9147029534173002 
405.7,0.9160940529901191 
0.078622,0.914740898950682 
5.271,0.9164711554771432 
403.8,0.917569391982 
0.077549,0.9210967148713194 
5.2332,0.9252980105349591 
410.6,0.929032014651473 
0.079715,0.9309591188593231 
5.33,0.9309697014680476 
412.4,0.9290660915262954 
0.080182,0.9302672057860204 
5.4293,0.9311349797014321 
408.4,0.930183174730556 
0.080624,0.9357136217175814 
5.3397,0.935665999978321 
408.8,0.9399857302307588 
0.081862,0.9409055708980165 
5.3378,0.9447417665606597 
413.6,0.9437167458227931 
0.080176,0.938946497734328 
5.264,0.9317079933667476 
412.7,0.9331723087065569 
0.080095,0.9304621996331899 
5.2827,0.9306579778945938 
417.0,0.9327812351373173 
0.07932,0.9344992846480633 
5.2404,0.9297318194176611 
418.2,0.9332461762332037 
0.0805,0.9333450020900165 
5.2176,0.9279108325099689 
424.0,0.9289358532478355 
0.079929,0.9264119929046156 
5.0959,0.9274226320378085 
421.6,0.9237618436882851 
0.07926799999999999,0.9206450282041883 
5.0924,0.9143748325349026 
416.8,0.9113729860882933 
0.078542,0.9089479516018864 
4.9258,0.9051223385479676 
414.1,0.9057080646838914 
0.078226,0.9038151694264766 
4.9861,0.905751786823066 
414.1,0.9046320248827138 
0.07741,0.9043562551302722 
4.9977,0.907126274129136 
415.0,0.907126274129136 
0.077917,0.907126274129136 
4.9757,0.907126274129136 
418.5,0.907126274129136 
0.076426,0.907126274129136 
4.8101,0.907126274129136 
415.1,0.907126274129136 
0.076613,0.907126274129136 
4.8397,0.907126274129136 
416.7,0.907126274129136 
0.07646499999999999,0.907126274129136 
4.764,0.907126274129136 
387.5,0.907126274129136 
0.07067799999999999,0.907126274129136 
4.3143,0.907126274129136 
386.4,0.907126274129136 
0.072783,0.907126274129136 
4.4483,0.907126274129136 
388.5,0.907126274129136 
0.071533,0.907126274129136 
4.434,0.907126274129136 
365.1,0.9064287616913251 
0.069543,0.9057312492535141 
4.4583,0.9050337368157031 
339.9,0.9058862930876685 
0.06504299999999999,0.9066301747094005 
4.3142,0.906189762452798 
344.8,0.9071487518519654 
0.065944,0.9075360584737954 
4.235,0.9094250802806235 
334.3,0.9132207805231726 
0.06394,0.9109366158703677 
4.2613,0.916394880962897 
345.2,0.911010282944397 
0.066715,0.904885608985573 
4.3383,0.9027473195678811 
345.3,0.9109566247436269 
0.065011,0.9168112271302755 
4.3559,0.9267078495338692 
341.1,0.9234417818833038 
0.063941,0.9292368769743884 
4.286,0.9259239351463195 
350.5,0.9323677983487866 
0.06754,0.9419988252616158 
4.5016,0.9481886104180923 
352.5,0.9423626519062729 
0.069261,0.9402203892659668 
4.4932,0.937976592146744 
346.0,0.9401833946133422 
0.06722,0.9476996237915103 
4.3974,0.9463842944457591 
350.2,0.9515923482669312 
0.070425,0.9513222766947558 
4.4647,0.9544875077406813 
353.0,0.9513097121887797 
0.069746,0.9478399791089678 
4.5293,0.9482198068344788 
347.6,0.9443358344932656 
0.068,0.9397125753763657 
4.4092,0.9365825135642838 
345.1,0.9316392760391037 
0.068098,0.9312639223286225 
4.47,0.9260026049456176 
336.5,0.9282976795108798 
0.066838,0.9271258435366952 
4.3469,0.9276041451169684 
347.9,0.9267214241303291 
0.06815399999999999,0.9221942921831865 
4.3498,0.9125930913438791 
341.3,0.9076498538186988 
0.06664199999999999,0.9010308115582659 
4.2554,0.9000320053171071 
344.7,0.9050635149409513 
0.06699400000000001,0.9130100276408902 
4.2737,0.9127568091572162 
340.6,0.9099321019999704 
0.066968,0.9064898338258033 
4.2169,0.9043656121016488 
338.7,0.892448878782018 
0.06526599999999999,0.8805748845748511 
4.2058,0.8680898065603673 
323.2,0.8583798757073346 
0.061946,0.8456361594880777 
4.0,0.8392494266220769 
305.9,0.8323642029262901 
0.060591,0.8326617394041105 
3.8955,0.8278505882143037 
307.6,0.8295277580889183 
0.061287,0.8324481930558314 
3.88,0.8372101073182572 
309.0,0.8091395799431265 
0.061988999999999995,0.788257096684416 
3.9469,0.7712914582782553 
285.3,0.7780884098753782 
0.058475,0.7812176147450671 
3.7378,0.7792502337361615 
288.8,0.78315168395291 
0.058101,0.78315168395291 
3.7201,0.78315168395291 
291.7,0.78315168395291 
0.057972,0.78315168395291 
3.7936,0.78315168395291 
317.3,0.78315168395291 
0.0598,0.78315168395291 
3.9684,0.78315168395291 
317.8,0.78315168395291 
0.059567999999999996,0.78315168395291 
4.18,0.78315168395291 
313.1,0.78315168395291 
0.05954299999999999,0.78315168395291 
4.17,0.78315168395291 
308.3,0.78315168395291 
0.059039,0.78315168395291 
4.091,0.78315168395291 
309.6,0.78315168395291 
0.058649,0.78315168395291 
4.1771,0.78315168395291 
305.3,0.78315168395291 
0.057793,0.782454171515099 
4.129,0.781756659077288 
303.8,0.7810591466394771 
0.057737000000000004,0.7735785678038001 
3.9699,0.7641123265383145 
283.0,0.763698397962455 
0.053069000000000005,0.7630843955433574 
3.825,0.7584830264194361 
283.0,0.7601821118246482 
0.051753999999999994,0.7480555881145315 
3.6881,0.7487607196245731 
284.5,0.7520880952097801 
0.05139,0.7582367551191351 
3.68,0.7648196981946332 
291.6,0.7612799369337747 
0.05315399999999999,0.7616380578066314 
3.8016,0.7618182008931383 
279.0,0.7623137674696586 
0.051240999999999995,0.7738066927124133 
3.7501,0.781254322603145 
301.2,0.7918028111605031 
0.056323000000000005,0.8091358614067672 
3.9957,0.8135519404988526 
294.3,0.8117820598684233 
0.055937,0.8040797063260593 
3.8709,0.7998540642111384 
292.2,0.7957479411485425 
0.055123,0.7958195653231138 
3.8375,0.7957629489244973 
297.7,0.8026300857705628 
0.055807,0.808040465726644 
3.897,0.8107529059149063 
299.0,0.8074963255549166 
0.05633099999999999,0.8066864214270714 
3.9664,0.8052298358990292 
295.0,0.8061501738268524 
0.056840999999999996,0.8053898556660182 
3.9339,0.8062391016452655 
314.6,0.8188406517339215 
0.058455999999999994,0.8312977485574444 
4.02,0.8371755601229007 
311.1,0.8362552221950774 
0.058008000000000004,0.8361891075723962 
4.0501,0.8358391152900397 
314.5,0.8347063916865651 
0.058538,0.8325686855532051 
4.0977,0.835224509342851 
311.0,0.8339501952889419 
0.057908,0.8314158014194946 
4.0611,0.8248225644533389 
310.3,0.8209288270663946 
0.05825,0.8202125853206814 
4.0183,0.8157810653926095 
303.2,0.8141527752126148 
0.057,0.8090178728510387 
3.9199,0.8084311210835589 
301.7,0.8059532882009579 
0.057173,0.8093416626133711 
3.9401,0.8112511793303452 
300.9,0.8141537835642491 
0.058251,0.8238065184757096 
3.9029,0.8246969400175871 
308.6,0.8299357866836575 
0.0603,0.8408832662892921 
3.9676,0.8459941830007616 
314.6,0.8479056540816252 
0.061799,0.8518064168198181 
4.0449,0.8525115483298598 
312.0,0.8516620056272537 
0.061251,0.8472268163557208 
4.0255,0.8429342639515258 
314.6,0.8478899297167277 
0.061074,0.8503031134445928 
4.0001,0.854138617103593 
331.1,0.8670403389471697 
0.062402,0.8828965097328765 
4.0808,0.8828965097328765 
335.4,0.8828965097328765 
0.065001,0.8828965097328765 
4.1512,0.8828965097328765 
324.9,0.8828965097328765 
0.062747,0.8828965097328765 
4.0363,0.8828965097328765 
325.4,0.8828965097328765 
0.061752,0.8828965097328765 
4.017,0.8828965097328765 
325.0,0.8828965097328765 
0.062204999999999996,0.8828965097328765 
4.2553,0.8828965097328765 
325.3,0.8828965097328765 
0.061808,0.8828965097328765 
4.2106,0.8828965097328765 
317.3,0.8828965097328765 
0.060351999999999996,0.8828965097328765 
4.1336,0.8828965097328765 
314.2,0.8828965097328765 
0.060171,0.8828965097328765 
4.0798,0.8821989972950655 
321.7,0.8815014848572544 
0.061185,0.8808039724194434 
4.2511,0.8815263585255934 
321.6,0.8800543871248139 
0.061707000000000005,0.8794714419647812 
4.2855,0.8806191139075626 
319.0,0.8784288081255804 
0.061803,0.8748647505511998 
4.23,0.8677848978367548 
321.0,0.8600112849813983 
0.060502999999999994,0.8561569421747153 
4.1634,0.8472065401389064 
307.4,0.8460826443043972 
0.058732000000000006,0.8437797147947974 
3.9684,0.8383657097778688 
302.6,0.839395947626169 
0.058145,0.8391540432659169 
3.9002,0.835914110667781 
309.8,0.8384428762954272 
0.059296,0.8396620742710976 
3.9161,0.8398808932483138 
311.2,0.8355726258826945 
0.059315999999999994,0.830608748410322 
3.9276,0.825745320174776 
305.7,0.8210624208643204 
0.056604999999999996,0.8169887514376754 
3.8752,0.8145040972447695 
303.4,0.812443621548169 
0.056885000000000005,0.8118178956029836 
3.8788,0.8078650366597242 
295.8,0.8084269845769788 
0.055376999999999996,0.8074819448762608 
3.71,0.8077078225301613 
305.7,0.8096746402405528 
0.057665999999999995,0.8127613398773692 
3.8457,0.8160718592423489 
296.6,0.8032407151317003 
0.055617999999999994,0.7956739467430155 
3.6947,0.7841471277174037 
284.7,0.7834915218139398 
0.054152,0.7850042304133826 
3.6747,0.7859712691191443 
288.1,0.7893429566226724 
0.055082000000000006,0.7924361070424291 
3.67,0.7969183667370179 
291.5,0.8032871097992376 
0.05586,0.8092218301040883 
3.7371,0.8213274606178205 
306.5,0.8206718547143568 
0.058692999999999995,0.8177367484766316 
4.0,0.8111651204834627 
297.6,0.8129446222214358 
0.057017,0.8177859348179473 
3.8702,0.8224093680462239 
302.4,0.8325244305568082 
0.05873,0.8378043963932436 
3.8762,0.8438183889283455 
308.0,0.8411959653144903 
0.059848,0.8393800699168646 
3.9912,0.8384271485644718 
306.4,0.8378652006472171 
0.059072,0.8376652263760754 
3.948,0.8348770490857407 
306.9,0.833659495265022 
0.059227999999999996,0.8353205718720864 
3.9241,0.8352288090751894 
304.9,0.8321380955302886 
0.059289999999999995,0.8305350759696848 
3.8426,0.8252834205164973 
296.4,0.8228483128750602 
0.059059,0.8212968995779769 
3.8031,0.8203298608722152 
301.9,0.8188313330928694 
0.058702,0.8141480646783894 
3.79,0.8078023143391211 
298.4,0.8191349306704239 
0.057326999999999996,0.820902445195999 
3.7705,0.8281799408576069 
315.5,0.8310833384300895 
0.059283,0.8430527661753622 
3.8334,0.8425163067473483 
314.4,0.8428909386921848 
0.061463,0.8411492272983699 
3.8491,0.8427797816124645 
312.4,0.848961208702266 
0.061451,0.8517350453664897 
3.8238,0.8520032750804966 
320.0,0.8495681674390596 
0.062529,0.8509518603797015 
3.8586,0.8527588816109057 
317.6,0.8584720187696617 
0.0629,0.8606717357522204 
3.916,0.8668339604976947 
321.9,0.862993983063121 
0.062294,0.8593751325384478 
3.932,0.8546541743905334 
318.9,0.845364051422479 
0.061922000000000005,0.845364051422479 
3.9041,0.8322952212721655 
303.8,0.8322952212721655 
0.0586,0.8322952212721655 
3.7,0.8089202552920856 
303.5,0.8089202552920856 
0.057537,0.8089202552920856 
3.5971,0.8113892609360132 
302.9,0.8113892609360132 
0.058384000000000005,0.8113892609360132 
3.6119,0.8107095084867817 
305.8,0.8107095084867817 
0.05977999999999999,0.8107095084867817 
3.62,0.069236713740994 
305.4,0.069236713740994 
0.058765,0.069236713740994 
3.63,0.8165351170769222 
304.9,0.8165351170769222 
0.059115999999999995,0.8165351170769222 
3.6576,0.069236713740994 
305.1,0.069236713740994 
0.059369000000000005,0.069236713740994 
3.6165,0.8094787461085831 
304.4,0.8094787461085831 
0.058697000000000006,0.8094787461085831 
3.6147,0.8103607924796254 
302.7,0.8103607924796254 
0.05902999999999999,0.8103607924796254 
3.5971,0.7972326604455064 
311.2,0.7972326604455064 
0.059332,0.7972326604455064 
3.6394,0.815140253048297 
311.5,0.815140253048297 
0.05946,0.815140253048297 
3.6137,0.8062582512189633 
308.7,0.8062582512189633 
0.058924000000000004,0.8062582512189633 
3.6179,0.8087197759753606 
305.7,0.8087197759753606 
0.059945000000000005,0.8087197759753606 
3.5573,0.799058291306501 
305.4,0.799058291306501 
0.061458000000000006,0.799058291306501 
3.5731,0.8068941451143659 
305.1,0.8068941451143659 
0.060762000000000004,0.8068941451143659 
3.5982,0.8079813185484415 
305.6,0.8079813185484415 
0.060319000000000005,0.8079813185484415 
3.5836,0.7981762449354586 
303.2,0.7981762449354586 
0.059053999999999995,0.7981762449354586 
3.547,0.7928224285902945 
308.0,0.7928224285902945 
0.059864,0.7928224285902945 
3.5356,0.7962070251303408 
314.3,0.7962070251303408 
0.061065999999999995,0.7962070251303408 
3.5596,0.8089249030383936 
320.5,0.8089249030383936 
0.060658000000000004,0.8089249030383936 
3.6204,0.8136838509007618 
322.6,0.8136838509007618 
0.060113,0.8136838509007618 
3.6444,0.810730021193085 
318.0,0.810730021193085 
0.059986000000000005,0.810730021193085 
3.632,0.8176428032173009 
331.7,0.8176428032173009 
0.060573,0.8176428032173009 
3.6726,0.8290888933345486 
328.2,0.8290888933345486 
0.060163,0.8290888933345486 
3.6955,0.8316529816224625 
331.3,0.8316529816224625 
0.06030599999999999,0.8316529816224625 
3.7106,0.8355503958200916 
330.9,0.8355503958200916 
0.06015499999999999,0.8355503958200916 
3.713,0.822524827317489 
325.6,0.822524827317489 
0.05935700000000001,0.822524827317489 
3.63,0.8168222949651684 
328.5,0.8168222949651684 
0.060127999999999994,0.8168222949651684 
3.6461,0.8099095129409526 
323.0,0.8099095129409526 
0.059285000000000004,0.8099095129409526 
3.5909,0.7996531597892971 
322.5,0.7996531597892971 
0.058944,0.7996531597892971 
3.5424,0.7842276046492072 
322.7,0.7842276046492072 
0.058539,0.7842276046492072 
3.5067,0.7863596953423733 
325.1,0.7863596953423733 
0.05825,0.7863596953423733 
3.4753,0.7863596953423733 
327.4,0.7863596953423733 
0.058262,0.7863596953423733 
3.5113,0.7863596953423733 
329.8,0.7863596953423733 
0.05872,0.7863596953423733 
3.5363,0.7863596953423733 
326.3,0.7863596953423733 
0.05815,0.7863596953423733 
3.7457,0.7863596953423733 
331.6,0.7863596953423733 
0.058552999999999994,0.7863596953423733 
3.721,0.7863596953423733 
327.5,0.7863596953423733 
0.058,0.7863596953423733 
3.602,0.7863596953423733 
328.2,0.7863596953423733 
0.057465999999999996,0.7863596953423733 
3.644,0.7856621829045622 
323.1,0.7856621829045622 
0.057453,0.7856621829045622 
3.6175,0.7866160036214203 
328.3,0.7859184911836095 
0.057555999999999996,0.7852209787457984 
3.649,0.7852739212296176 
341.9,0.7851359078340325 
0.057603999999999995,0.7846186033006948 
3.6991,0.7864600029259572 
340.5,0.7856965131778213 
0.057589,0.7865725014149632 
3.7576,0.7897642607654178 
339.6,0.7913499702423155 
0.057536000000000004,0.7920424510621905 
3.7052,0.7926808029322815 
338.8,0.7898030338816153 
0.057936,0.7896368384848453 
3.7303,0.7882455587679804 
334.9,0.7877757189229737 
0.057767,0.7867404600972605 
3.7339,0.48155097820545123 
335.6,0.48119859832169615 
0.057746000000000006,0.48039185816654173 
3.7339,0.7830852205663288 
333.0,0.781205861186302 
0.05683200000000001,0.7785155732010876 
3.6758,0.7728604303519486 
333.1,0.7743874098482204 
0.0565,0.775149138750083 
3.6141,0.7730294831814477 
333.8,0.7736755129683319 
0.056701999999999995,0.7750535497998832 
3.6148,0.7762238615617165 
337.9,0.7778683010192401 
0.056476,0.7756488999915406 
3.6127,0.7751496760931362 
338.3,0.7746798362481295 
0.056491,0.7742470357357076 
3.6319,0.7748035476224535 
337.3,0.7790908362081398 
0.056348,0.7793920653647854 
3.6104,0.7810206810333509 
345.6,0.7807270311302217 
0.056601,0.780952087396681 
3.6358,0.7823106311202078 
344.0,0.7861868098415132 
0.056616999999999994,0.7900612400287139 
3.634,0.7941777911909671 
353.8,0.7938841412878379 
0.057477999999999994,0.7916820522806354 
3.6823,0.7908800204438544 
349.5,0.7919958900757454 
0.057022,0.7922971192323911 
3.6858,0.8012667814070021 
348.8,0.7984477423369618 
0.057,0.7970939423341061 
3.8599,0.7955389826505512 
345.9,0.7927786735611368 
0.0563,0.7895551753446186 
3.7554,0.7861588160358015 
342.8,0.789271505008971 
0.05574400000000001,0.7886586594833817 
3.73,0.7854096121445855 
351.0,0.7845873924158236 
0.055941,0.7831124082694899 
3.7,0.7792986650456133 
343.9,0.7770081958012054 
0.054783000000000005,0.7734523067911472 
3.6,0.7654647244166761 
341.7,0.7645837747072884 
0.054454999999999996,0.7664603977291498 
3.5801,0.7701431969796744 
337.6,0.765855908393988 
0.054458000000000006,0.7604199339579691 
3.5701,0.7545683751488022 
335.1,0.7558017047419447 
0.053320000000000006,0.7566396065339935 
3.565,0.7632850131816069 
336.4,0.7626389833947227 
0.053836,0.7631202575645358 
3.6188,0.7630056815878528 
333.5,0.7642390111809956 
0.053272,0.7632799252454686 
3.535,0.7594907340165955 
343.0,0.7611939034547448 
0.053829999999999996,0.7574268077946247 
3.5413,0.7563710720094743 
336.3,0.7539044128231891 
0.051884000000000007,0.7525263759916377 
3.5262,0.7480579129010012 
336.2,0.7495261624166472 
0.051809,0.7503121281472054 
3.4836,0.7521289757774641 
338.4,0.751424216009954 
0.052076,0.7488135633190254 
3.5052,0.7459818998952885 
336.5,0.7441207468092557 
0.050861,0.7420826234105831 
3.48,0.7405724465659147 
335.4,0.7405724465659147 
0.051121,0.7405724465659147 
3.4799,0.7405724465659147 
332.5,0.7405724465659147 
0.050569,0.7405724465659147 
3.4524,0.7405724465659147 
328.4,0.7405724465659147 
0.052375,0.7405724465659147 
3.3699,0.7405724465659147 
325.9,0.7405724465659147 
0.051516,0.7405724465659147 
3.3067,0.7405724465659147 
333.8,0.7405724465659147 
0.052091,0.7405724465659147 
3.2793,0.7405724465659147 
330.0,0.7405724465659147 
0.050948,0.7405724465659147 
3.2647,0.7405724465659147 
327.3,0.7405724465659147 
0.050637,0.7405724465659147 
3.2491,0.7405724465659147 
313.8,0.7398749341281037 
0.048851,0.7391774216902927 
3.1101,0.7384799092524817 
311.4,0.7372727810012921 
0.048817,0.7366343047789422 
3.1215,0.736259935467941 
311.0,0.7371590716732365 
0.048389999999999996,0.7319613547312654 
3.1198,0.7340056801644368 
315.3,0.741081962535393 
0.047591,0.7452092021431914 
3.1547,0.7458033342222069 
319.7,0.7446558289728626 
0.04943,0.7498616864268806 
3.1938,0.7516888022827775 
318.0,0.7447081453492667 
0.050087,0.741358324641951 
3.2304,0.7522060264717165 
308.4,0.7486678852862384 
0.048544,0.7533812417614165 
3.1785,0.7408725255171992 
307.6,0.744315041265232 
0.050401,0.7506076570775163 
3.2409,0.7577116879577869 
315.8,0.7613454545807102 
0.051442999999999996,0.7676136488568538 
3.3152,0.7726222461681237 
315.3,0.7764472636659379 
0.051976,0.7788202229276208 
3.3278,0.7766097960530042 
320.1,0.7758447925534414 
0.053667999999999993,0.7719210657468165 
3.3248,0.7722724341806428 
319.2,0.7720811833057522 
0.052476999999999996,0.7699239476133131 
3.3233,0.7713421983825757 
321.8,0.7719159510072479 
0.052820000000000006,0.7723026253294775 
3.391,0.7736889335138468 
318.6,0.7901365087544477 
0.052770000000000004,0.800092354987855 
3.3408,0.8018236430890721 
338.1,0.8033536500881977 
0.055499,0.8033455095761507 
3.4502,0.8097531921057473 
338.0,0.8086056868564031 
0.054765,0.8037050986041454 
3.5359,0.8113074338087514 
338.0,0.8097774268096256 
0.053288999999999996,0.8067328753040703 
3.5242,0.7955657476253717 
335.1,0.7899238468160958 
0.05284,0.7889917581867212 
3.4237,0.7905186137446211 
329.5,0.7920486207437467 
0.052742,0.7930580442375672 
3.4131,0.7898957283331303 
330.3,0.7898957283331303 
0.053288,0.7947393330010595 
3.4195,0.7923819702359336 
333.7,0.7920950939235976 
0.0531,0.7877073579302969 
3.3789,0.7862699416100983 
329.3,0.7853136872356449 
0.053,0.7810724804591893 
3.3491,0.7787981684147861 
329.0,0.7783200412275594 
0.051636,0.7747015836226947 
3.3034,0.7718523050502122 
331.2,0.7784504602339415 
0.052002,0.7784870925381528 
3.3032,0.7797967385187783 
338.4,0.7797011130813329 
0.051544000000000006,0.7771961554168088 
3.2787,0.7699785750357595 
338.6,0.7774474954528664 
0.050979000000000003,0.7774474954528664 
3.192,0.7774474954528664 
345.7,0.7774474954528664 
0.052235000000000004,0.7774474954528664 
3.2794,0.7774474954528664 
346.7,0.7774474954528664 
0.052576,0.7774474954528664 
3.2445,0.7774474954528664 
351.5,0.7774474954528664 
0.053006,0.7774474954528664 
3.2482,0.7774474954528664 
347.2,0.7774474954528664 
0.052361000000000005,0.7774474954528664 
3.2069,0.7774474954528664 
338.3,0.7774474954528664 
0.051898,0.7774474954528664 
3.1867,0.7774474954528664 
337.9,0.7774474954528664 
0.052007000000000005,0.7774474954528664 
3.1917,0.7774474954528664 
312.1,0.7774474954528664 
0.047443,0.7767499830150555 
2.9891,0.7760524705772445 
310.8,0.7753549581394336 
0.047036,0.7740733640136265 
2.8555,0.7714300070725213 
306.6,0.7640776658845703 
0.046562,0.7540156245663161 
2.7709,0.7474214226485976 
297.1,0.7517960296991488 
0.046022,0.7588340504825177 
2.7839,0.7663937586000268 
303.0,0.7768000208263381 
0.047075,0.781091808454672 
2.9653,0.7794963265784223 
318.0,0.780556837378556 
0.047925999999999996,0.7842355124885565 
2.9249,0.783537061195091 
313.9,0.7860557743454083 
0.047179,0.7857556046749743 
2.9108,0.7882275744489061 
313.7,0.785178605898522 
0.047333,0.7783641157207954 
2.8922,0.7809593416053389 
311.3,0.774993968354587 
0.045933,0.766697789590888 
2.85,0.7613498439026863 
304.9,0.7641336847530372 
0.0449,0.7665925214151036 
2.8744,0.7712214731247378 
310.1,0.7729448031749548 
0.045426999999999995,0.7763488549694518 
2.96,0.7800465382877987 
312.1,0.7805105117628572 
0.046967,0.7832439717404269 
2.9683,0.7835384168935545 
313.6,0.7838698265185963 
0.046581,0.782579735594603 
2.9962,0.7780192595019753 
309.0,0.7758982379017081 
0.046807,0.7810969211300769 
2.8903,0.7793028599645087 
307.7,0.7791702961144918 
0.04678,0.7778163393031722 
2.8539,0.7754265402696481 
309.1,0.7764870510697817 
0.047099,0.7815196829911017 
2.8857,0.7837519881055112 
309.1,0.7828240411553943 
0.047652,0.7809783170116614 
2.9013,0.7803277986501005 
309.8,0.7772125481747079 
0.047075,0.7722246223745162 
2.8644,0.7705469697578587 
304.8,0.7697515866577586 
0.047208,0.7724786600465957 
2.8572,0.773142873531558 
306.4,0.7753964589818421 
0.047467,0.7762841948156789 
2.9097,0.778769859713012 
304.7,0.7781733223879369 
0.047113,0.7774005451512874 
2.8821,0.7760036425643564 
306.1,0.7839574735653587 
0.0471,0.7909316284614012 
2.886,0.7932940372481229 
319.0,0.7944208299732649 
0.049154,0.8034578530299502 
2.9513,0.8060119935442898 
319.2,0.8079341693695319 
0.049511,0.8124175546598451 
2.9451,0.8133830608596356 
320.0,0.8107980657843098 
0.050157,0.8130908511393274 
2.9501,0.8129721418096851 
317.0,0.8112270712880651 
0.050574,0.8088789908478005 
2.9848,0.8088789908478005 
318.6,0.8088789908478005 
0.050255,0.8088789908478005 
2.9386,0.8088789908478005 
322.9,0.8088789908478005 
0.050757,0.8088789908478005 
2.9445,0.8088789908478005 
323.8,0.8088789908478005 
0.050437,0.8088789908478005 
2.9267,0.8088789908478005 
324.6,0.8088789908478005 
0.050003,0.8088789908478005 
2.8833,0.8088789908478005 
321.3,0.8088789908478005 
0.049845,0.8088789908478005 
2.88,0.8088789908478005 
325.4,0.8088789908478005 
0.05011,0.8088789908478005 
2.9015,0.8088789908478005 
320.7,0.8088789908478005 
0.04937,0.8088789908478005 
2.8495,0.8081814784099894 
321.9,0.8074839659721784 
0.049338,0.8067864535343674 
2.8394,0.8041540734900472 
318.2,0.8025485773708947 
0.049229,0.8026941341927469 
2.808,0.8040988157712707 
316.4,0.803338395428905 
0.049685,0.8049972211844968 
2.8344,0.8099056685224839 
312.8,0.8102837327805534 
0.049075,0.8077064839846704 
2.8696,0.8099385580974188 
315.6,0.8048346906134811 
0.04917,0.8013511565267382 
2.8679,0.7930575730935877 
306.5,0.7869140288999589 
0.047577,0.782362372863274 
2.7314,0.7760575568860321 
296.6,0.7713317536601637 
0.047322,0.7700451522204608 
2.7125,0.7651895976339607 
300.3,0.7604637944080923 
0.046783,0.758841381900794 
2.6852,0.7490985370769017 
292.5,0.7514614386898358 
0.046393000000000004,0.7519793159988987 
2.603,0.7541690759104576 
300.0,0.760218104039569 
0.047047000000000005,0.7626982508400026 
2.6664,0.7641051980295548 
304.3,0.7599464911907907 
0.047262,0.7595702209584247 
2.6645,0.7543973098630032 
296.1,0.7549644062501073 
0.04732,0.7563723851841218 
2.5904,0.7558540362195498 
297.1,0.7559485522840674 
0.047142,0.7563450520988186 
2.6085,0.7604283725136096 
299.7,0.765721272126582 
0.047833999999999995,0.7738940234102294 
2.6209,0.7759251050673275 
303.4,0.7817851010674043 
0.049757,0.7849854210007533 
2.663,0.79062378830926 
312.4,0.7917579810834684 
0.049558,0.7901112930773078 
2.7312,0.7912431979591281 
312.0,0.7888802963461938 
0.049299,0.7884433373666722 
2.6997,0.7898714416568192 
311.5,0.7923288593342708 
0.049623,0.7924947419098299 
2.74,0.7934044972354051 
312.7,0.7909470795579536 
0.049503,0.7887622846603448 
2.7206,0.7870802951630604 
307.9,0.790010293163099 
0.049332,0.7914385016794987 
2.7421,0.794739009372283 
313.2,0.794739009372283 
0.049593,0.7935656935939377 
2.7447,0.7883716253979213 
312.3,0.7917742037205464 
0.049621,0.7931498153227445 
2.6963,0.7908648484585092 
316.2,0.7898251717488181 
0.049829000000000005,0.7903390031414039 
2.712,0.7936606679347831 
314.7,0.7908251859992621 
0.049656,0.7887334471806255 
2.7046,0.7871043504348281 
311.7,0.781149838370234 
0.049631,0.7780587581817653 
2.7007,0.7708865010801378 
304.4,0.7674839227575125 
0.048717,0.7681879122245198 
2.6239,0.7673310496504315 
301.8,0.7708281440375739 
0.049138,0.7774634470599413 
2.618,0.7795474214685263 
307.3,0.7798309696620784 
0.050247,0.7795396636757306 
2.6747,0.7837816623449823 
306.0,0.7835926302159476 
0.050226,0.788196883166834 
2.6879,0.7881228333147523 
306.8,0.7885008975728218 
0.052436,0.7896418460193508 
2.7085,0.7926144186529163 
307.6,0.7955444166529546 
0.051651,0.7942659070462059 
2.6939,0.7920549900340522 
308.3,0.7892195080985311 
0.052272000000000006,0.7880925342475139 
2.6862,0.78628819323749 
304.4,0.7832572520805471 
0.050564,0.7832572520805471 
2.6416,0.7832572520805471 
303.7,0.7832572520805471 
0.049865,0.7832572520805471 
2.6201,0.7832572520805471 
306.2,0.7832572520805471 
0.049504,0.7832572520805471 
2.666,0.7832572520805471 
311.8,0.7832572520805471 
0.049638,0.7832572520805471 
2.6559,0.7832572520805471 
311.2,0.7832572520805471 
0.049693,0.7832572520805471 
2.6439,0.7832572520805471 
312.0,0.7832572520805471 
0.049053,0.7832572520805471 
2.6281,0.7832572520805471 
309.3,0.7832572520805471 
0.049917,0.7832572520805471 
2.6242,0.7832572520805471 
306.9,0.7825597396427362 
0.049801,0.7818622272049252 
2.6017,0.7811647147671142 
310.6,0.7800472242973849 
0.049507999999999996,0.7775028490052486 
2.6101,0.7744062180721191 
305.3,0.7734497098767699 
0.04877,0.7746293055899726 
2.5462,0.7740433200570571 
306.2,0.7737516173255223 
0.049177,0.7724427508492289 
2.5447,0.7720572340512584 
305.3,0.7745853243912273 
0.048385000000000004,0.7728361293781563 
2.5155,0.7708083110208307 
312.2,0.7734336356046446 
0.048563,0.7756877945360388 
2.535,0.7805453061904686 
309.3,0.7766559364366703 
0.048931,0.7772295754478851 
2.5717,0.7767052726026451 
308.2,0.7757329301641955 
0.049804,0.7779588111161636 
2.5383,0.7733326095405161 
305.6,0.773527078028206 
0.049201,0.7728524462333264 
2.4943,0.7679563828990994 
307.7,0.7681508513867894 
0.049222,0.7662077502290823 
2.4512,0.7667474737462411 
306.6,0.7674281134531559 
0.048742,0.7679896333303311 
2.4428,0.7702410514304796 
308.0,0.7554614463660457 
0.048609,0.7439927058530926 
2.5601,0.741756708424863 
290.3,0.7411733029617932 
0.045635,0.7399533101351247 
2.3666,0.7328598010524652 
291.8,0.7272202149094575 
0.045880000000000004,0.7220978609219886 
2.322,0.714780752096506 
286.4,0.7109886165865525 
0.044211,0.7081042626850912 
2.2359,0.7037864745478202 
281.7,0.704467114254735 
0.043712,0.7050730709567226 
2.213,0.7051270433084385 
280.5,0.7029878899438493 
0.044108,0.7021718682518394 
2.1767,0.6990877338680744 
282.6,0.6979209229419349 
0.044077,0.7000215728421587 
2.1697,0.70157906070596 
278.0,0.701676294949805 
0.044346,0.7014541108257428 
2.2233,0.7019475723271453 
280.0,0.6974747971102773 
0.044617000000000004,0.6978908873789754 
2.1656,0.6935345475619072 
277.6,0.6977156200472405 
0.044816,0.6980589955117003 
2.1013,0.6991230218740991 
277.4,0.7014566437263782 
0.044719,0.7032381564302219 
2.1486,0.7046337272388756 
281.6,0.7048281957265655 
0.045304000000000004,0.707486325792618 
2.2075,0.7095758268376188 
280.9,0.7080200789360994 
0.04545,0.7046549993843946 
2.2164,0.7013318445858878 
282.0,0.7023041870243375 
0.044771,0.7020012086733437 
2.1745,0.7016073801332088 
278.7,0.6990230884002975 
0.044708,0.6992904607354825 
2.1457,0.6992904607354825 
279.7,0.6992904607354825 
0.045137000000000004,0.6992904607354825 
2.1211,0.6992904607354825 
276.9,0.6992904607354825 
0.045406999999999996,0.6992904607354825 
2.1107,0.6992904607354825 
277.0,0.6992904607354825 
0.044893,0.6992904607354825 
2.0487,0.6992904607354825 
277.1,0.6992904607354825 
0.044818000000000004,0.6992904607354825 
2.0532,0.6992904607354825 
275.0,0.6992904607354825 
0.044386,0.6992904607354825 
1.9925,0.6992904607354825 
279.9,0.6992904607354825 
0.044879,0.6992904607354825 
2.0187,0.6992904607354825 
281.3,0.6992904607354825 
0.045081,0.6992904607354825 
2.0115,0.6985929482976716 
280.4,0.6978954358598607 
0.044851,0.6971979234220497 
2.0307,0.6985259320557098 
277.5,0.6979000814742635 
0.044463,0.6961567671411479 
2.0792,0.6968415092331974 
277.9,0.6964833288859849 
0.044181,0.6948995839184589 
2.0878,0.7015709283009983 
282.1,0.7048661874953539 
0.044217,0.7068749487677245 
2.1969,0.7108660169613845 
281.7,0.7108660169613845 
0.044456999999999997,0.7084903995100955 
2.137,0.7018190551275559 
281.4,0.701675782988671 
0.043972000000000004,0.7018547372222896 
2.1182,0.7041730783053716 
282.0,0.7079697899858247 
0.043647000000000005,0.7078221527430892 
2.0728,0.704173455595454 
287.2,0.7038152752482416 
0.043938,0.7055511313143434 
2.1081,0.7085639965193613 
286.2,0.7106414425331942 
0.044534,0.7172851184562907 
2.118,0.7192806525531207 
291.5,0.7227908199558039 
0.045801999999999995,0.7238555976458354 
2.166,0.7247457623654998 
294.3,0.72617848375435 
0.04546,0.7229573075492123 
2.1326,0.7241507151953557 
296.9,0.7242939873342409 
0.045168,0.7240926638214197 
2.1712,0.7268022860999585 
295.3,0.7257993811277632 
0.045323,0.7251014596166501 
2.1943,0.7240156542992573 
296.8,0.7274541856324979 
0.045021,0.7295613717333589 
2.1828,0.7309015098277987 
301.5,0.7335520443971716 
0.045381,0.7336191522347786 
2.1783,0.7325333469173858 
303.1,0.7314588058757481 
0.046006,0.73681848517263 
2.1912,0.7354392189586446 
300.4,0.7328603204587142 
0.046479,0.7302028500894756 
2.1485,0.7251651046979685 
299.6,0.7250218325590835 
0.046006,0.7227312183687633 
2.0877,0.7187010220555576 
298.4,0.7172683006667073 
0.045602,0.7171832974057384 
2.0649,0.7181321543047212 
296.7,0.7168427050547561 
0.04602,0.7178359010513402 
2.0759,0.7141676398439321 
293.3,0.7157436333716674 
0.04556,0.7142046269625462 
2.0667,0.729679798242865 
298.3,0.7291067096873249 
0.045777,0.7293482979027102 
2.0886,0.7137166141442085 
294.5,0.7119257124081457 
0.045457,0.7101943301978842 
2.0298,0.7067706197376367 
293.4,0.7069138918765216 
0.045026,0.7065515095534437 
1.9879,0.7028636842862628 
293.3,0.7010011464807574 
0.044881,0.6995695126118073 
1.9193,0.6962631865101969 
290.4,0.6948304651213467 
0.044417,0.6930096057942758 
1.9201,0.691620557550404 
288.6,0.6905460165087662 
0.043979000000000004,0.6909665589577704 
1.9294,0.6944000514479043 
287.3,0.6965491335311795 
0.044262,0.6960525355328875 
1.9705,0.6950254223948132 
292.8,0.6981057733808413 
0.044323,0.6985844759557714 
1.959,0.7009908553078311 
294.3,0.7018504881411414 
0.043982,0.6997925144545256 
1.9811,0.7013967673558987 
295.6,0.7031876690919616 
0.043841000000000005,0.7042569206378337 
1.985,0.7047753682218141 
299.8,0.704419050412407 
0.044087,0.704764968945992 
2.0633,0.7089337374945688 
298.5,0.7089337374945688 
0.044248,0.7089337374945688 
2.0862,0.7089337374945688 
287.2,0.7089337374945688 
0.043762,0.7089337374945688 
2.0747,0.7089337374945688 
286.6,0.7089337374945688 
0.044336,0.7089337374945688 
2.0373,0.7089337374945688 
286.4,0.7089337374945688 
0.043733,0.7089337374945688 
2.0409,0.7089337374945688 
287.3,0.7089337374945688 
0.044203,0.7089337374945688 
2.1266,0.7089337374945688 
291.1,0.7089337374945688 
0.044349,0.7089337374945688 
2.19,0.7089337374945688 
299.8,0.7089337374945688 
0.04559,0.7089337374945688 
2.2464,0.7089337374945688 
300.2,0.7082362250567578 
0.04573,0.7075387126189467 
2.2157,0.7068412001811358 
300.2,0.7076297853006759 
0.046100999999999996,0.7081507855112643 
2.1614,0.7120118103336281 
309.2,0.712428865664159 
0.04687,0.7148554519740596 
2.3604,0.7202411972271208 
305.7,0.714267995338097 
0.047028,0.7126373637575077 
2.3308,0.7213958216116662 
300.4,0.7226687990634253 
0.046717,0.723701388982532 
2.5517,0.731100166887557 
306.2,0.7320793803119869 
0.047377999999999997,0.7318470475801879 
2.54,0.7322973311997062 
302.6,0.7340599153636804 
0.046715,0.7331563991844621 
2.5864,0.7426476715566599 
306.8,0.7412767727624578 
0.046615,0.7377143375415398 
2.73,0.7301301487343603 
301.1,0.7260174523517539 
0.045814,0.7249246280206993 
2.5315,0.7158748101774409 
298.3,0.7223376187786796 
0.045473,0.7253794565820479 
2.4693,0.7432760231852527 
309.3,0.7435697872125817 
0.046225999999999996,0.7453725171130221 
2.7906,0.7619800364917237 
302.8,0.7591403175608764 
0.046598,0.7588778676231034 
2.813,0.7533861732830968 
304.5,0.7549529147621851 
0.046599,0.7547205820303861 
2.8479,0.7496085385852674 
304.2,0.7524482575161148 
0.046868,0.7562043033468652 
2.7392,0.7690947755918967 
306.6,0.7677238767976946 
0.047718,0.7697933590939041 
2.8186,0.76770969371731 
306.9,0.7660450308957789 
0.04807,0.7643068378652826 
2.8774,0.7620024452242188 
305.3,0.7611211531422317 
0.047386000000000005,0.7595851756375606 
2.7796,0.7442931907550985 
302.9,0.740963865112036 
0.047024,0.7358396376384693 
2.6677,0.7276109252190381 
300.9,0.7291776666981264 
0.045880000000000004,0.7290227782102603 
2.5696,0.7299321745398756 
303.6,0.7314009946765209 
0.046531,0.7334360573087602 
2.5813,0.739837147978382 
302.7,0.7354306875684464 
0.045642,0.7306162370706117 
2.611,0.7173637721118499 
301.0,0.7181471428513939 
0.045695,0.7184526173691296 
2.5451,0.7201742900319934 
299.3,0.7160615936493869 
0.045233999999999996,0.7137640810793746 
2.5119,0.7096144085073439 
294.5,0.7084393523980278 
0.04458,0.7078972426904968 
2.4247,0.7046216500857662 
295.5,0.7069717623043984 
0.044502,0.7058609623038353 
2.4957,0.7133951961165201 
299.7,0.7135945639697341 
0.04508,0.7135945639697341 
2.5773,0.7135945639697341 
296.8,0.7135945639697341 
0.044594999999999996,0.7135945639697341 
2.5382,0.7135945639697341 
295.2,0.7135945639697341 
0.044407,0.7135945639697341 
2.6075,0.7135945639697341 
297.4,0.7135945639697341 
0.044692,0.7135945639697341 
2.5697,0.7135945639697341 
299.8,0.7135945639697341 
0.04526,0.7135945639697341 
2.9824,0.7135945639697341 
300.0,0.7135945639697341 
0.045895,0.7135945639697341 
2.9722,0.7135945639697341 
300.7,0.7135945639697341 
0.045462,0.7135945639697341 
3.1506,0.7135945639697341 
298.9,0.7135945639697341 
0.045298000000000005,0.7128970515319231 
3.1572,0.712199539094112 
296.5,0.7115020266563011 
0.045087,0.7106526658608623 
3.1235,0.7112269148752872 
296.3,0.7107645534884335 
0.045037,0.7109347798029328 
3.0805,0.7146940773536397 
296.8,0.7138887956041939 
0.045491000000000004,0.7141725635055327 
3.15,0.7076177271989523 
295.7,0.7088927566355745 
0.04555,0.7113806752124268 
3.0407,0.7118976584070061 
298.7,0.7124345129066365 
0.045939,0.712625891258702 
3.1729,0.7138449503965374 
298.1,0.7133080958969069 
0.045774,0.7121136310098772 
3.075,0.7111179596721688 
298.2,0.7108495324223536 
0.045271,0.7080052541554482 
3.1061,0.7040417163303399 
296.9,0.7071286297032147 
0.045107999999999995,0.7080987199705815 
3.028,0.7100070900345226 
304.6,0.7127584693451283 
0.045811000000000004,0.7216542630894167 
3.178,0.7281005967502211 
306.2,0.7276979558754983 
0.046938,0.7295259491004004 
3.1348,0.7263410773214485 
305.2,0.7267437181961712 
0.046566,0.7276808121959405 
3.1075,0.731893267855476 
304.5,0.7311550929184842 
0.046274,0.7281194362995134 
3.2361,0.7430417413479893 
305.2,0.7425719936608126 
0.046495999999999996,0.743324308562036 
3.4297,0.747236786318544 
305.4,0.7467670386313673 
0.046654,0.7465756602793017 
3.42,0.7416419811507851 
304.3,0.7413064470885161 
0.046647,0.7390363038778075 
3.4452,0.7449592718354574 
303.0,0.7448250582105498 
0.046231,0.743736181379832 
3.4566,0.7389748299828419 
303.2,0.7419275297308091 
0.0467,0.7480252399828288 
3.422,0.7541269181805802 
306.8,0.754194024993034 
0.047387,0.7550849242181668 
3.5182,0.7527808386225723 
307.7,0.7521097704980344 
0.047242,0.7507899197941339 
3.4921,0.7463923713859218 
305.0,0.7439094193251312 
0.046485000000000005,0.737263971030993 
3.2335,0.723273512234475 
300.7,0.7224682304850294 
0.045995,0.7242104334141778 
3.2069,0.7284292715822883 
302.1,0.7314490781427094 
0.046408,0.737230024225793 
3.2426,0.7408042290278232 
307.6,0.7417437244021764 
0.047156,0.7430305788384792 
3.3398,0.7397244393966014 
306.2,0.7403955075211393 
0.047268,0.7406198821408023 
3.2976,0.7437124117856904 
309.2,0.7426960120042652 
0.047864,0.7458635745025837 
3.3109,0.7458635745025837 
308.1,0.7458635745025837 
0.047999,0.7458635745025837 
3.2736,0.7458635745025837 
316.2,0.7458635745025837 
0.048842,0.7458635745025837 
3.3862,0.7458635745025837 
323.7,0.7458635745025837 
0.050020999999999996,0.7458635745025837 
3.3916,0.7458635745025837 
319.0,0.7458635745025837 
0.048868,0.7458635745025837 
3.2884,0.7458635745025837 
322.8,0.7458635745025837 
0.050881,0.7458635745025837 
3.287,0.7458635745025837 
326.3,0.7458635745025837 
0.051884000000000007,0.7458635745025837 
3.3341,0.7458635745025837 
321.2,0.7458635745025837 
0.050912,0.7458635745025837 
3.2634,0.7451660620647726 
327.4,0.7444685496269616 
0.055537,0.7437710371891507 
3.3417,0.7436883329492646 
327.1,0.7430519399755583 
0.052901,0.7414424565085798 
3.3107,0.739717400935666 
323.4,0.7322631150118493 
0.053072,0.7229161369814565 
3.27,0.706951125389081 
309.1,0.7045070972173378 
0.049675,0.7025266484069378 
3.0855,0.700695632953123 
309.6,0.701123337883178 
0.051093,0.7015749542474188 
3.0801,0.6998702157214531 
309.8,0.699748014312866 
0.050193,0.7004217370857497 
3.0708,0.6943333852073015 
311.5,0.6979383267606227 
0.051398,0.7057194546100825 
2.9473,0.7093454063954694 
321.3,0.7126448444273227 
0.054159000000000006,0.7122413511182879 
3.1089,0.716534766665164 
323.5,0.7164736659608704 
0.052335,0.7101473350880224 
3.1348,0.715234491324237 
319.0,0.7132181680825489 
0.051025,0.7132403787234132 
3.2043,0.7191483349906482 
317.4,0.7186595293562996 
0.051815,0.7207732420118853 
3.2074,0.7147209692556797 
318.1,0.7148431706642668 
0.051229,0.7132551098424695 
3.1827,0.711117421849592 
316.6,0.7083067894520874 
0.050696,0.7077071021487513 
3.14,0.7021869964456249 
313.1,0.7021258957413312 
0.051158999999999996,0.7042914332256005 
3.0841,0.7055902816263362 
315.5,0.7079121083894921 
0.052506,0.7115176357564634 
3.1899,0.7212048800786167 
315.9,0.7203494702185066 
0.052528,0.7216673015764551 
3.25,0.7204315916396441 
315.4,0.7189040740323046 
0.05281,0.715672425786549 
3.15,0.7085738584853063 
312.6,0.7082683549638384 
0.051895000000000004,0.7078944758426227 
3.0995,0.7083364450900953 
313.5,0.7075421359342787 
0.052063,0.7068128865592342 
3.12,0.7060732645532599 
311.0,0.7061343652575534 
0.051704999999999994,0.7054162212029409 
3.0808,0.7002208275999984 
311.8,0.6972879937939066 
0.051817999999999996,0.6930827791235992 
3.0433,0.677595815900939 
304.0,0.6773514130837646 
0.049826,0.672787126386151 
2.8939,0.6757907133128521 
307.7,0.6773793316244853 
0.04945,0.6762021676586774 
2.9391,0.6781774996014629 
306.6,0.6770776869241784 
0.0487,0.6775700227966703 
2.8952,0.6752158600703371 
306.0,0.6733217382372361 
0.048969,0.6712561486368562 
2.8746,0.6634089395490784 
303.9,0.6653030613821793 
0.047937,0.6667467530383588 
2.8262,0.6679644234140485 
306.7,0.6668646107367641 
0.048976,0.6641030877226362 
2.9048,0.6687212153696962 
304.5,0.6685379132568154 
0.048087,0.6684009476381523 
2.867,0.6614827759481229 
306.8,0.6621548836953522 
0.048179,0.6629766774073313 
2.775,0.6620476400095829 
304.7,0.6592370076120783 
0.048494999999999996,0.6606584886273934 
2.7922,0.6539928707930626 
303.9,0.655520388400402 
0.048780000000000004,0.6560682508750548 
2.7508,0.657944365231673 
303.5,0.6531785102967738 
0.048351,0.6460674108502675 
2.7314,0.6376421601054789 
291.6,0.6336222225685958 
0.046189999999999995,0.6336222225685958 
2.5606,0.6336222225685958 
291.3,0.6336222225685958 
0.046442000000000004,0.6336222225685958 
2.5486,0.6336222225685958 
289.4,0.6336222225685958 
0.045734,0.6336222225685958 
2.5901,0.6336222225685958 
289.9,0.6336222225685958 
0.045794999999999995,0.6336222225685958 
2.5694,0.6336222225685958 
282.0,0.6336222225685958 
0.044517,0.6336222225685958 
2.4711,0.6336222225685958 
223.9,0.6336222225685958 
0.037579,0.6336222225685958 
2.1755,0.6336222225685958 
219.4,0.6336222225685958 
0.037586,0.6336222225685958 
2.2937,0.6336222225685958 
230.1,0.6329247101307849 
0.038595,0.632227197692974 
2.3257,0.631529685255163 
222.0,0.6295828142291272 
0.03696,0.6255424471037905 
2.1994,0.6257172852418672 
218.5,0.6264357434309178 
0.036993,0.6302805388557359 
2.2139,0.627512004469339 
220.0,0.6299368008573845 
0.037837,0.6358457006410063 
2.1674,0.6425046591651506 
226.4,0.6462765646576658 
0.038717,0.6505758908350703 
2.363,0.6619395483164904 
227.3,0.6581676428239752 
0.038967,0.6539324856939946 
2.2962,0.644025475389731 
223.2,0.6438458608424684 
0.038344,0.6460276084548826 
2.2702,0.6487870953432848 
223.2,0.6513915062785929 
0.038555,0.6556266634085735 
2.3269,0.6558438033604478 
223.9,0.6456955814401093 
0.039264999999999994,0.6362627314687891 
2.3,0.6250528814532799 
208.5,0.6192154086672443 
0.036179,0.6155684678053166 
2.1055,0.6142203906040973 
216.0,0.6199680561165014 
0.037683,0.6219198646423132 
2.24,0.6284973956845046 
214.2,0.626611442938247 
0.037857,0.6265793584145349 
2.2286,0.6254303261692002 
213.3,0.6274958934627205 
0.037573,0.6288274011967674 
2.2411,0.6297050085022593 
218.1,0.6291661648604714 
0.03865,0.6319896029471251 
2.239,0.6309491406777276 
213.1,0.6279855006478942 
0.038316,0.621338656818897 
2.2049,0.6205515244933528 
212.2,0.6236947790704488 
0.03776,0.6292240119901455 
2.1975,0.6298573368497788 
217.0,0.6347967368995011 
0.03834,0.6411762096975652 
2.227,0.641710012079256 
220.7,0.6421590484474127 
0.039310000000000005,0.6421109216618447 
2.2721,0.6481003653343766 
220.7,0.6477411362398514 
0.039481999999999996,0.6486822822687359 
2.2836,0.6474337275454589 
222.2,0.6484216075554035 
0.039271,0.6465660526007275 
2.2823,0.6481222222558265 
219.9,0.6460566549623062 
0.03879,0.6441797103251558 
2.25,0.637991221696739 
218.8,0.6436490799355119 
0.03845,0.6439913148551062 
2.2342,0.6466060417755922 
226.9,0.6483123799745872 
0.038679000000000005,0.6467937125188872 
2.26,0.6481689322140909 
227.3,0.6455645212787827 
0.038723,0.6449923472725858 
2.2866,0.6421333379062413 
223.0,0.6396187342445645 
0.038169,0.6363621550877991 
2.2155,0.6324085432240564 
221.7,0.6318310824546071 
0.037456,0.6297614060835188 
2.1961,0.6297614060835188 
220.8,0.6297614060835188 
0.037472000000000005,0.6297614060835188 
2.1524,0.6297614060835188 
216.5,0.6297614060835188 
0.03677,0.6297614060835188 
2.173,0.6297614060835188 
214.4,0.6297614060835188 
0.036969999999999996,0.6297614060835188 
2.18,0.6297614060835188 
218.3,0.6297614060835188 
0.037458,0.6297614060835188 
2.2035,0.6297614060835188 
216.6,0.6297614060835188 
0.03683,0.6297614060835188 
2.2412,0.6297614060835188 
214.9,0.6297614060835188 
0.036998,0.6297614060835188 
2.188,0.6297614060835188 
224.9,0.6297614060835188 
0.038751999999999995,0.6290638936457078 
2.36,0.6283663812078969 
227.7,0.6276688687700859 
0.038968,0.6275101784670882 
2.48,0.6306237959867839 
226.7,0.6295324742314444 
0.039083,0.6281199559435877 
2.53,0.626466196491746 
227.6,0.6308505489378132 
0.038932999999999995,0.6339775368866556 
2.6629,0.6401155286982991 
230.8,0.6392386582090858 
0.039302,0.6393000720476882 
2.6227,0.6349669042531989 
231.4,0.6325993539323227 
0.039142,0.6323229916586115 
2.5496,0.6302001369776414 
228.9,0.6286217700970572 
0.03934,0.6271478379705979 
2.58,0.6306223229727848 
225.2,0.6280793985540657 
0.038513,0.6266515268065583 
2.5271,0.6235189247679734 
223.1,0.6244834823061082 
0.038486,0.6233677975714967 
2.5047,0.6250374585565293 
223.2,0.6238975269205518 
0.038301999999999996,0.6227204283473378 
2.5546,0.6160735874735891 
222.9,0.6152844040332969 
0.038241000000000004,0.6140765985407817 
2.4627,0.612303577590009 
223.1,0.6143203797151999 
0.038234,0.616362389848732 
2.4663,0.6254103622342895 
224.7,0.6248842399407615 
0.038632,0.6265321779432611 
2.5689,0.6224534346798243 
222.4,0.6218396253373749 
0.038952999999999995,0.6241324086452005 
2.4987,0.630310154289821 
222.9,0.6309239636322704 
0.03912,0.6313436248627207 
2.592,0.6321466522888554 
225.6,0.6327604616313047 
0.039471,0.6326273983143327 
2.62,0.6331680504428194 
224.2,0.6324665540514487 
0.039588,0.6319343007835606 
2.6237,0.6351464104880995 
222.9,0.6344449140967287 
0.03907,0.6327304444357431 
2.6137,0.6262744219602838 
222.5,0.6233807493458794 
0.0384,0.6183755214997781 
2.56,0.6180018354697946 
218.7,0.617826461371952 
0.037817,0.6179492890491569 
2.53,0.6164227418628414 
219.3,0.6185272310369536 
0.03793,0.620400353114329 
2.5402,0.6198915040522238 
222.3,0.6187515724162463 
0.038273,0.6173288184886224 
2.5985,0.6159374343344286 
219.3,0.6157620602365859 
0.03784,0.6143853666879139 
2.5122,0.61501347724895 
222.6,0.6165918441295343 
0.038380000000000004,0.6202050249673129 
2.5451,0.6227731225776248 
222.1,0.6233869319200742 
0.038698,0.6294822554013695 
2.5578,0.6292834862364846 
222.1,0.6303357308235408 
0.03947,0.6322549132798679 
2.5812,0.6369538163377453 
223.9,0.6363400069952958 
0.040038,0.6350707876641781 
2.6177,0.6330751452487344 
221.9,0.6317598395149143 
0.039527,0.6299123065369566 
2.57,0.6301190264684369 
222.2,0.6302944005662796 
0.039624,0.6311030161078788 
2.594,0.6323512864633555 
221.6,0.6305098584360073 
0.039464,0.6301209041248582 
2.6699,0.6318541712426539 
220.2,0.632380293536182 
0.039407,0.6312185484226186 
2.6631,0.6313378099215495 
222.8,0.6326531156553697 
0.039479,0.6337073865513787 
2.6382,0.6352736875706713 
222.3,0.6357596491957933 
0.039637,0.6362347978294209 
2.7354,0.6448596304167715 
223.2,0.6448596304167715 
0.039721,0.6448596304167715 
2.78,0.6448596304167715 
221.8,0.6448596304167715 
0.039923,0.6448596304167715 
2.7209,0.6448596304167715 
220.0,0.6448596304167715 
0.039361,0.6448596304167715 
2.6856,0.6448596304167715 
221.4,0.6448596304167715 
0.039455000000000004,0.6448596304167715 
2.6318,0.6448596304167715 
222.5,0.6448596304167715 
0.039519,0.6448596304167715 
2.6782,0.6448596304167715 
219.5,0.6448596304167715 
0.038419999999999996,0.6448596304167715 
2.6087,0.6448596304167715 
220.5,0.6448596304167715 
0.038879000000000004,0.6448596304167715 
2.6362,0.6448596304167715 
223.9,0.6441621179789605 
0.0389,0.6434646055411496 
2.6067,0.6427670931033386 
223.5,0.6439882384974444 
0.038928,0.6466234433141813 
2.6143,0.6478553947023488 
227.8,0.6521867884616354 
0.0403,0.6568037007329361 
2.6962,0.6623975683538855 
234.4,0.6639002968009851 
0.041319999999999996,0.6658660127243554 
2.78,0.6768049640963198 
234.2,0.676716568305314 
0.041177,0.6762679818510063 
2.8858,0.6757176417750909 
232.9,0.6776623491772195 
0.041681,0.6784839176272435 
2.9,0.6905838603922351 
235.7,0.6892579235271474 
0.041645,0.6880784939731251 
2.9897,0.6820926032844004 
233.8,0.6809434580013244 
0.041249,0.6774152499337365 
2.9551,0.6728165177925247 
233.2,0.6704298314353667 
0.040681,0.6720729683354149 
2.9259,0.6760384324440664 
229.3,0.6752428703250136 
0.040648000000000004,0.6764323804735147 
2.93,0.6745325763758337 
229.3,0.6740905974208046 
0.041145999999999995,0.67216016357811 
2.8741,0.6673201864721133 
231.8,0.6683809359641835 
0.041234,0.669686372949191 
2.9068,0.6693923556483594 
228.5,0.6700111261854004 
0.040958,0.6722994211320931 
2.85,0.6788959631379297 
231.7,0.680487087376035 
0.0421,0.686248147120682 
3.0081,0.689376792757736 
232.2,0.6939733738900402 
0.042975,0.6941598648878984 
2.9845,0.690910596768452 
238.0,0.6912641799324754 
0.042518,0.6899940250281438 
2.8793,0.6871066243558748 
237.8,0.6868414369828573 
0.042407,0.6874664338405442 
2.8993,0.6877529122362263 
239.4,0.6866037669531502 
0.042741,0.6835795886095034 
2.9032,0.6839866894875779 
237.1,0.6842518768605954 
0.041794,0.6840200231875825 
2.9305,0.689500807231289 
237.5,0.6861417671730669 
0.041782,0.6825379546468877 
2.9563,0.6699102885214292 
231.9,0.6681423727013123 
0.04116,0.6687018456948868 
2.828,0.6657767504968701 
231.7,0.6651579799598292 
0.041260000000000005,0.6649765292592104 
2.814,0.6677206907336384 
231.1,0.6685162528526911 
0.041862,0.6711724894978608 
2.867,0.675620443536082 
230.5,0.6731453613879183 
0.041654000000000004,0.671230048436942 
2.8896,0.6718105441334555 
232.1,0.6718989399244615 
0.041624,0.671969584730569 
2.8797,0.6680588832289237 
224.7,0.6628905581203937 
0.040625,0.6628905581203937 
2.767,0.6628905581203937 
222.1,0.6628905581203937 
0.040772,0.6628905581203937 
2.7887,0.6628905581203937 
223.9,0.6628905581203937 
0.041007,0.6628905581203937 
2.85,0.6628905581203937 
220.6,0.6628905581203937 
0.040436,0.6628905581203937 
2.845,0.6628905581203937 
220.5,0.6628905581203937 
0.040094,0.6628905581203937 
2.8065,0.6628905581203937 
223.2,0.6628905581203937 
0.0404,0.6628905581203937 
2.8273,0.6628905581203937 
224.1,0.6628905581203937 
0.040867,0.6628905581203937 
2.8236,0.6628905581203937 
224.0,0.6628905581203937 
0.040388,0.6621930456825826 
2.796,0.6614955332447717 
225.0,0.6607980208069607 
0.040802,0.6595900387969832 
2.8334,0.65816856519512 
224.4,0.6571623127693058 
0.040473,0.6578430612586164 
2.8156,0.6588377466739366 
223.9,0.6591027927857236 
0.040477,0.6588970989975866 
2.8309,0.6597789123090407 
226.1,0.6600439584208277 
0.040636,0.6604700384105402 
2.8571,0.6633200590331598 
225.8,0.66420354607245 
0.040798,0.6663682283190349 
2.8508,0.6646751467610429 
226.6,0.665381936392475 
0.041339,0.6668364853228724 
2.8681,0.6686283299717473 
226.9,0.6674797968206699 
0.041587,0.6676365158973457 
2.8776,0.6677493880012118 
225.7,0.6650989268833412 
0.041293,0.6615727476581352 
2.8652,0.6596680309053944 
223.3,0.6614350049839749 
0.041125999999999996,0.6644469497388382 
2.866,0.6683551463352029 
225.3,0.6692386333744931 
0.041561,0.6704874885167535 
2.97,0.676836544359223 
226.1,0.6771899391749392 
0.041804,0.6778462003085193 
2.9983,0.6805198582688481 
225.4,0.6793713251177708 
0.041602,0.6772996948229624 
3.0199,0.6746119278496502 
224.8,0.6767322967439467 
0.0413,0.6773199932814811 
2.9615,0.6784416598136507 
228.0,0.6779999162940056 
0.041513999999999995,0.6780929682457819 
3.007,0.678551511167738 
227.9,0.6781981163520219 
0.041522,0.6784870671496428 
3.09,0.6847091418752631 
225.7,0.6828538190927537 
0.041460000000000004,0.6815168094698631 
3.0819,0.6818906983139197 
223.2,0.6812722573864165 
0.041124,0.6805278417722063 
3.0404,0.6753286704878729 
225.6,0.6766539010468083 
0.0413,0.6765951313930548 
3.0601,0.6736181296535857 
225.9,0.6697307866807087 
0.041095,0.6644366203717539 
3.0181,0.6605636963078474 
221.4,0.6606520450117763 
0.039416,0.6566850933834198 
2.9353,0.6561348418770725 
221.7,0.6586969542910142 
0.039623,0.6602641450577723 
2.9186,0.6569767450326714 
224.5,0.6558282118815941 
0.039543,0.654388355364635 
2.9122,0.6529633450533252 
221.8,0.652344904125822 
0.039169999999999996,0.6504691726768583 
2.8357,0.6470054099894667 
221.2,0.6433831131283767 
0.038551,0.6394406488557507 
2.7856,0.6330372733132954 
215.6,0.630183610176388 
0.037771,0.6289701931353409 
2.7674,0.6289701931353409 
214.7,0.6289701931353409 
0.038147,0.6289701931353409 
2.7727,0.6289701931353409 
217.2,0.6289701931353409 
0.038593,0.6289701931353409 
2.8315,0.6289701931353409 
214.9,0.6289701931353409 
0.03815,0.6289701931353409 
2.7728,0.6289701931353409 
215.9,0.6289701931353409 
0.03814,0.6289701931353409 
2.7884,0.6289701931353409 
218.0,0.6289701931353409 
0.039222,0.6289701931353409 
2.8369,0.6289701931353409 
219.2,0.6289701931353409 
0.039319,0.6289701931353409 
2.9012,0.6289701931353409 
218.0,0.6289701931353409 
0.03921,0.6289701931353409 
2.9348,0.6282726806975298 
220.5,0.6275751682597189 
0.039226,0.6268776558219079 
2.911,0.6254691926507717 
218.4,0.623318426172801 
0.039024,0.6205610723048225 
2.8927,0.611630262308834 
214.3,0.6080617041234313 
0.038191,0.6044508472821268 
2.7836,0.6003746289582697 
213.3,0.601381145369537 
0.037842,0.6015090085721329 
2.7794,0.6055715712232133 
213.2,0.6060290786828803 
0.0376,0.6064945007403288 
2.7779,0.6063238048306197 
214.0,0.6048597809596852 
0.038163,0.6047216887008817 
2.7779,0.603731652424568 
212.2,0.6042806613761684 
0.038049,0.6038050102625122 
2.7398,0.6011353262346594 
214.5,0.6031483590571942 
0.038058,0.6036649263956811 
2.7156,0.6048529699272576 
214.0,0.6041209579917903 
0.037966,0.6054098190739556 
2.7562,0.6073420967718645 
213.3,0.6067015863283307 
0.0384,0.6096066382913066 
2.7624,0.6088077814338673 
214.3,0.6087162799419338 
0.039126999999999995,0.610250638373083 
2.7844,0.610489612646676 
214.0,0.6103981111547426 
0.039033,0.6101833009743817 
2.7658,0.6107500113946164 
213.0,0.6101095009510826 
0.039027,0.6072197925724182 
2.7425,0.6030889515574541 
211.7,0.6031804530493876 
0.038399,0.603712363972186 
2.6949,0.6051188982681903 
212.7,0.6055764057278573 
0.038518000000000004,0.6046609051972716 
2.7123,0.605405139363604 
212.9,0.6099802139602741 
0.038465,0.6109928905248325 
2.7277,0.6120443773286416 
220.3,0.6173514638607791 
0.038868,0.6203946080825584 
2.78,0.6235900355123157 
225.7,0.6248710563993833 
0.039251,0.6257047244803078 
2.91,0.6331129269616896 
224.6,0.6324724165181559 
0.0395,0.6315671450437776 
2.8948,0.631334998606573 
224.7,0.6317010045743068 
0.03893,0.629910919737966 
2.8801,0.6279103636761736 
224.2,0.633217450208311 
0.038646,0.634726235998941 
2.8872,0.6367609312426754 
232.1,0.6365779282588085 
0.039225,0.6373860236992138 
2.895,0.6411276780400408 
229.7,0.6416766869916413 
0.0387,0.6393291185919829 
2.8887,0.6384892947162133 
234.5,0.6409598349984151 
0.038819,0.6432306854765161 
2.9529,0.6449581280827739 
232.7,0.6434026027199059 
0.039275,0.6461593333678707 
2.9818,0.6471630253169611 
