date,current_balance 
412.0,0.999302487562189 
0.084908,0.998604975124378 
5.4316,0.9979074626865669 
407.7,0.997799885945765 
0.084872,0.9965214630988619 
5.4409,0.9960897615622655 
406.1,1.005538650534088 
0.085176,1.0074523812860494 
5.48,1.0166713168398402 
426.5,1.0119014895936727 
0.085199,1.0099951231493511 
5.8761,1.0103814816646959 
425.8,1.0165244409968817 
0.086824,1.0248215074297813 
5.7556,1.0313252091047493 
436.2,1.0330596917397195 
0.0882,1.0347491871389987 
5.818,1.0367614710730853 
434.5,1.0277999774590731 
0.088336,1.0206817100935797 
5.8787,1.0125735473618331 
414.2,1.009465932640845 
0.08453300000000001,1.0044953882052843 
5.7041,0.99831365195977 
419.3,1.0035893699744707 
0.085719,1.007409098703276 
5.8162,1.0207062709397206 
436.0,1.0260542590642117 
0.087564,1.0304721321269235 
6.03,1.0334771428018263 
428.1,1.0347780047780537 
0.088003,1.038433331263037 
5.9868,1.0444970135177516 
432.9,1.0491945706541288 
0.089538,1.0538782856430213 
6.1312,1.0553968892519454 
440.6,1.0582154235337717 
0.089795,1.059873437652319 
6.0303,1.0548293125908752 
442.0,1.0473132211726714 
0.089658,1.042195764093695 
5.9691,1.0335509923128587 
427.7,1.0297929466037568 
0.086774,1.0231189150885913 
5.8231,1.0164113019749692 
426.0,1.0083893197882323 
0.08551399999999999,1.00127455034282 
5.8034,0.9984734511065714 
402.5,0.992547302103757 
0.08361,0.9927816627492057 
5.5618,0.9916440515651354 
413.9,0.9907045401378599 
0.08513899999999999,0.9851568388888806 
5.6232,0.9748539451463569 
399.6,0.976588427781327 
0.082022,0.9781065250966214 
5.3834,0.9835960356688098 
416.0,0.9819338231436301 
0.085,0.9837142644650239 
5.6159,0.9861665678193642 
406.9,0.9908641249557416 
0.08406799999999999,0.9898007572510191 
5.5228,0.9875738296972965 
409.2,0.9739147789469069 
0.08301900000000001,0.9658870523602692 
5.4948,0.9502395324888114 
394.9,0.9513958542454583 
0.081334,0.9515322731286299 
5.1819,0.9484950659107817 
394.0,0.9591028726258196 
0.08127000000000001,0.9620275115891749 
5.2356,0.9683821218059439 
416.2,0.9683821218059439 
0.08311,0.9683821218059439 
5.4841,0.9683821218059439 
410.9,0.9683821218059439 
0.081584,0.9683821218059439 
5.5068,0.9683821218059439 
392.8,0.9683821218059439 
0.079023,0.9683821218059439 
5.2464,0.9683821218059439 
389.5,0.9683821218059439 
0.077614,0.9683821218059439 
5.1451,0.9683821218059439 
404.7,0.9683821218059439 
0.08089,0.9683821218059439 
5.3284,0.9683821218059439 
403.2,0.9683821218059439 
0.080231,0.9683821218059439 
5.4068,0.9683821218059439 
408.0,0.9683821218059439 
0.081134,0.9683821218059439 
5.3907,0.9683821218059439 
413.1,0.9683821218059439 
0.082403,0.9683821218059439 
5.46,0.9683821218059439 
408.4,0.9683821218059439 
0.08187,0.9683821218059439 
5.4079,0.9683821218059439 
406.8,0.9683821218059439 
0.08068600000000001,0.9683821218059439 
5.4109,0.9683821218059439 
412.8,0.9683821218059439 
0.081861,0.9683821218059439 
5.4053,0.9683821218059439 
411.7,0.9683821218059439 
0.08037899999999999,0.9683821218059439 
5.5708,0.9683821218059439 
421.8,0.9683821218059439 
0.082585,0.9683821218059439 
5.6029,0.9683821218059439 
416.5,0.9683821218059439 
0.080712,0.9683821218059439 
5.6,0.9683821218059439 
416.6,0.9683821218059439 
0.080001,0.9683821218059439 
5.5375,0.9683821218059439 
413.0,0.9676846093681328 
0.080192,0.9669870969303218 
5.6496,0.9662895844925108 
414.5,0.966264873226335 
0.079513,0.9655510895321615 
5.6236,0.963823483727106 
415.2,0.9584321785147667 
0.079537,0.9569736097018424 
5.636,0.9534026809226179 
399.0,0.9479050214280564 
0.077176,0.9396440357532603 
5.4284,0.9333791313883368 
400.3,0.9323664046393387 
0.077424,0.9311819665475951 
5.4121,0.9286421404537072 
396.0,0.9311739573262025 
0.076503,0.9319034207858795 
5.3864,0.9313160860016679 
404.2,0.9321117998758808 
0.07712000000000001,0.9336722500602413 
5.4232,0.9326457370139617 
402.9,0.9308372963907509 
0.077361,0.9302807984936775 
5.3996,0.9320639680637612 
401.2,0.9314129294394053 
0.076795,0.9279648985501072 
5.393,0.9254938594129288 
399.7,0.9290384030344223 
0.076615,0.9325353154957606 
5.4289,0.9375673459442759 
405.9,0.9382907221935604 
0.07795,0.9380951959053996 
5.4734,0.9380581567748638 
405.0,0.9360327032768674 
0.07744,0.9367884875830277 
5.3994,0.9288409484309035 
402.3,0.9345556208002501 
0.076851,0.9424142735359462 
5.2681,0.9426417996235237 
416.1,0.945824655120375 
0.079979,0.9454223221812748 
5.4066,0.9497135700190729 
414.2,0.9458073382729372 
0.078774,0.9399377895071853 
5.3629,0.9362232938448742 
405.4,0.9314490105995972 
0.077234,0.9292756607042707 
5.2943,0.9275348215690851 
401.3,0.9276794968189419 
0.0774,0.9309395216619316 
5.2746,0.9304315564431541 
402.5,0.9308655821927247 
0.077813,0.9335277478084533 
5.25,0.9307974347575237 
405.7,0.9321718496311641 
0.078622,0.9308332465814474 
5.271,0.9325635031079085 
403.8,0.9336485674818351 
0.077549,0.9371379597013212 
5.2332,0.9413392553649609 
410.6,0.9450284742363113 
0.079715,0.9469348555458796 
5.33,0.9469454381546041 
412.4,0.9450646599064646 
0.080182,0.9462528581191344 
5.4293,0.9471206320345461 
408.4,0.9461802429104764 
0.080624,0.9516512188580543 
5.3397,0.9516035971187939 
408.8,0.9558715169895717 
0.081862,0.9567814662537049 
5.3378,0.960617661916348 
413.6,0.9596049351673499 
0.080176,0.9548859834050063 
5.264,0.9476474790374259 
412.7,0.9490942315359946 
0.080095,0.9464132653156352 
5.2827,0.9466090435770391 
417.0,0.9487068346999639 
0.07932,0.9504064093585927 
5.2404,0.9456389441281906 
418.2,0.9491111501247557 
0.0805,0.949208913268836 
5.2176,0.9437747436887884 
424.0,0.9447874704377865 
0.079929,0.9422907501428095 
5.0959,0.9433013892760024 
421.6,0.9396845080295805 
0.07926799999999999,0.9366012088701208 
5.0924,0.9303310132008351 
416.8,0.9273651705787691 
0.078542,0.9249662134278724 
4.9258,0.9211406003739537 
414.1,0.9217193013733813 
0.078226,0.9198467611521484 
4.9861,0.9217833785487379 
414.1,0.9212770151742389 
0.07741,0.9215891052111111 
4.9977,0.9248908791331654 
415.0,0.9287247732543726 
0.077917,0.9271793635537167 
4.9757,0.9216816983213219 
418.5,0.9188605309491127 
0.076426,0.9143145447493728 
4.8101,0.9065786577717392 
415.1,0.9067956706465246 
0.076613,0.9091532664672333 
4.8397,0.9094601621202447 
416.7,0.8954266628841276 
0.07646499999999999,0.8778180165868721 
4.764,0.856330029571708 
387.5,0.8477941898301522 
0.07067799999999999,0.8477866695882998 
4.3143,0.8491094956788665 
386.4,0.8493988461785802 
0.072783,0.847891037687186 
4.4483,0.8495472159525754 
388.5,0.8415900772104472 
0.071533,0.8364499919043723 
4.434,0.8410005136559214 
365.1,0.8114867626851185 
0.069543,0.788990139669646 
4.4583,0.772765042712323 
339.9,0.7760361501115871 
0.06504299999999999,0.7760361501115871 
4.3142,0.7760361501115871 
344.8,0.7760361501115871 
0.065944,0.7760361501115871 
4.235,0.7760361501115871 
334.3,0.7760361501115871 
0.06394,0.7760361501115871 
4.2613,0.7760361501115871 
345.2,0.7760361501115871 
0.066715,0.7760361501115871 
4.3383,0.7760361501115871 
345.3,0.7760361501115871 
0.065011,0.7760361501115871 
4.3559,0.7760361501115871 
341.1,0.7760361501115871 
0.063941,0.7760361501115871 
4.286,0.7760361501115871 
350.5,0.7760361501115871 
0.06754,0.7760361501115871 
4.5016,0.7760361501115871 
352.5,0.7760361501115871 
0.069261,0.7760361501115871 
4.4932,0.7760361501115871 
346.0,0.7760361501115871 
0.06722,0.7760361501115871 
4.3974,0.7760361501115871 
350.2,0.7760361501115871 
0.070425,0.7760361501115871 
4.4647,0.7760361501115871 
353.0,0.7760361501115871 
0.069746,0.7760361501115871 
4.5293,0.7760361501115871 
347.6,0.7760361501115871 
0.068,0.7760361501115871 
4.4092,0.7760361501115871 
345.1,0.7760361501115871 
0.068098,0.7760361501115871 
4.47,0.7760361501115871 
336.5,0.7760361501115871 
0.066838,0.7760361501115871 
4.3469,0.7760361501115871 
347.9,0.7760361501115871 
0.06815399999999999,0.7760361501115871 
4.3498,0.7760361501115871 
341.3,0.7760361501115871 
0.06664199999999999,0.7753386376737761 
4.2554,0.7746411252359651 
344.7,0.7739436127981542 
0.06699400000000001,0.7758974636513326 
4.2737,0.7751156608035578 
340.6,0.7734893036743844 
0.066968,0.7705245669072914 
4.2169,0.7691097616322449 
338.7,0.7612357105107912 
0.06526599999999999,0.7495121671794394 
4.2058,0.7411966725992815 
323.2,0.7347807790929116 
0.061946,0.7221985336671276 
4.0,0.7179447482706298 
305.9,0.7133952965115675 
0.060591,0.7136890630175576 
3.8955,0.7104846696131475 
307.6,0.7115928694006113 
0.061287,0.7144763006440202 
3.88,0.7176479005486776 
309.0,0.6991001356848086 
0.061988999999999995,0.6784822464490232 
3.9469,0.6671825433913664 
285.3,0.6716736688458252 
0.058475,0.6752847371271475 
3.7378,0.6743196712772813 
288.8,0.6772359865074494 
0.058101,0.6775252335287318 
3.7201,0.6784387667361296 
291.7,0.6899873750475951 
0.057972,0.6945565740869153 
3.7936,0.7034529820912645 
317.3,0.7089356547239805 
0.0598,0.7119998653556909 
3.9684,0.7190364134454921 
317.8,0.717753234744218 
0.059567999999999996,0.7171340653392855 
4.18,0.7281620508275626 
313.1,0.7234959464592937 
0.05954299999999999,0.7253579741587991 
4.17,0.7197409161297234 
308.3,0.7196825898251199 
0.059039,0.7143360394161032 
4.091,0.7137644955632698 
309.6,0.7128896009942194 
0.058649,0.7094050782847081 
4.1771,0.7085946103622477 
305.3,0.7028786325111183 
0.057793,0.6985580051307125 
4.129,0.6949319810151958 
303.8,0.6850165092326244 
0.057737000000000004,0.6675125449603323 
3.9699,0.6507784905150793 
283.0,0.6512451009519061 
0.053069000000000005,0.6513490491001794 
3.825,0.6471608507031873 
283.0,0.6485606820136679 
0.051753999999999994,0.6386132961723783 
3.6881,0.6392551118103961 
284.5,0.6419964481267542 
0.05139,0.6470401930603658 
3.68,0.6530320339437584 
291.6,0.6501157187135904 
0.05315399999999999,0.6504094852195803 
3.8016,0.650573452718344 
279.0,0.6509817368505675 
0.051240999999999995,0.6604093819504904 
3.7501,0.6671882668279487 
301.2,0.6758788862138495 
0.056323000000000005,0.6900971851037621 
3.9957,0.6941167312163117 
294.3,0.6926585736012276 
0.055937,0.6863403339800904 
3.8709,0.6824941249376624 
292.2,0.6791111992706674 
0.055123,0.6791699525718654 
3.8375,0.6791184199293968 
297.7,0.6847760714759229 
0.055807,0.6892142054587246 
3.897,0.6916830875115377 
299.0,0.6890000774997831 
0.05633099999999999,0.6883357132477751 
3.9664,0.6870099189006288 
295.0,0.6877681608604724 
0.056840999999999996,0.6871444719708323 
3.9339,0.687917461607861 
314.6,0.6982995438272595 
0.058455999999999994,0.7085180987510014 
4.02,0.7138681239963761 
311.1,0.7131098820365325 
0.058008000000000004,0.713055648220042 
4.0501,0.7127370827938726 
314.5,0.7118038619202187 
0.058538,0.7100503018536943 
4.0977,0.7124676512640389 
311.0,0.7114177777811783 
0.057908,0.7093388148157111 
4.0611,0.7033376043609605 
310.3,0.7001296576077756 
0.05825,0.6995421245957958 
4.0183,0.6955085241262093 
303.2,0.694167019120332 
0.057,0.6899548593729072 
3.9199,0.6894207938055056 
301.7,0.6873793731443879 
0.057173,0.6901588562395233 
3.9401,0.6918969117264182 
300.9,0.6942882902151561 
0.058251,0.7022064274227615 
3.9029,0.703016895345222 
308.6,0.7073330418858709 
0.0603,0.7163132579997474 
3.9676,0.720965250178957 
314.6,0.7225400604032477 
0.061799,0.7257398555761843 
4.0449,0.726381671214202 
312.0,0.7256817555589617 
0.061251,0.7220435703693941 
4.0255,0.7181364591131396 
314.6,0.7222193004353749 
0.061074,0.7241988347372762 
4.0001,0.7276899370252389 
331.1,0.7383193227761555 
0.062402,0.7512119008539093 
4.0808,0.7512119008539093 
335.4,0.7512119008539093 
0.065001,0.7428769417102588 
4.1512,0.7428769417102588 
324.9,0.7428769417102588 
0.062747,0.7326291012801271 
4.0363,0.7326291012801271 
325.4,0.7326291012801271 
0.061752,0.7333543283303501 
4.017,0.7333543283303501 
325.0,0.7333543283303501 
0.062204999999999996,0.7356847148371735 
4.2553,0.7356847148371735 
325.3,0.7356847148371735 
0.061808,0.7092158597224619 
4.2106,0.7092158597224619 
317.3,0.7092158597224619 
0.060351999999999996,0.7116004412643278 
4.1336,0.7116004412643278 
314.2,0.7116004412643278 
0.060171,0.7174464380163381 
4.0798,0.7174464380163381 
321.7,0.7174464380163381 
0.061185,0.7174464380163381 
4.2511,0.7174464380163381 
321.6,0.7174464380163381 
0.061707000000000005,0.7174464380163381 
4.2855,0.7174464380163381 
319.0,0.7174464380163381 
0.061803,0.7174464380163381 
4.23,0.7174464380163381 
321.0,0.7174464380163381 
0.060502999999999994,0.7174464380163381 
4.1634,0.7174464380163381 
307.4,0.7174464380163381 
0.058732000000000006,0.7174464380163381 
3.9684,0.7174464380163381 
302.6,0.7174464380163381 
0.058145,0.7174464380163381 
3.9002,0.7174464380163381 
309.8,0.7174464380163381 
0.059296,0.7174464380163381 
3.9161,0.7174464380163381 
311.2,0.7174464380163381 
0.059315999999999994,0.7174464380163381 
3.9276,0.7167489255785271 
305.7,0.7160514131407161 
0.056604999999999996,0.7153539007029052 
3.8752,0.7137489375403775 
303.4,0.712324164396132 
0.056885000000000005,0.7112833080255712 
3.8788,0.707685165082758 
295.8,0.7080833131036776 
0.055376999999999996,0.7070444065223407 
3.71,0.7072946487992842 
305.7,0.7086881668725027 
0.057665999999999995,0.7120814556040367 
3.8457,0.7157490689754912 
296.6,0.7066580224978278 
0.055617999999999994,0.6983396783346315 
3.6947,0.685569502139354 
284.7,0.6851049961149479 
0.054152,0.6867679557963371 
3.6747,0.6878393055445018 
288.1,0.6902281936700192 
0.055082000000000006,0.6936285739140537 
3.67,0.6985943190971531 
291.5,0.7031066633342415 
0.05586,0.7096308548347876 
3.7371,0.7230422768647331 
306.5,0.7225777708403269 
0.058692999999999995,0.7193511326525568 
4.0,0.7120706464077293 
297.6,0.7133314484739746 
0.057017,0.7186536286056701 
3.8702,0.7237757752118591 
302.4,0.7309424395884112 
0.05873,0.7367468425701471 
3.8762,0.7434095431937702 
308.0,0.7415515190961456 
0.059848,0.7395552583272285 
3.9912,0.7384995487213728 
306.4,0.7381014007004532 
0.059072,0.7378815638129348 
3.948,0.7347926357069123 
306.9,0.7339299816615865 
0.059227999999999996,0.7357560461304895 
3.9241,0.7356543852054811 
304.9,0.7334645710904235 
0.059289999999999995,0.731702330234026 
3.8426,0.7258841972950876 
296.4,0.7241588892044362 
0.059059,0.7224533804480433 
3.8031,0.7213820306998786 
301.9,0.7203203026440932 
0.058702,0.7151718645686622 
3.79,0.7081416206007782 
298.4,0.716170939022656 
0.057326999999999996,0.7181140134478188 
3.7705,0.726176506808095 
315.5,0.7282336049161794 
0.059283,0.7413919063610308 
3.8334,0.7407975809532898 
314.4,0.7410630129672362 
0.061463,0.7391483045920759 
3.8491,0.7409547410287625 
312.4,0.7453343692588776 
0.061451,0.7483837196341329 
3.8238,0.7486808823380033 
320.0,0.7469555742473519 
0.062529,0.7484767036787293 
3.8586,0.7504786418942779 
317.6,0.7545264801069602 
0.0629,0.7569446858696627 
3.916,0.7637716079875299 
321.9,0.7610509298445796 
0.062294,0.7575122651067834 
3.932,0.7530548245487256 
318.9,0.7468835302244725 
0.061922000000000005,0.7377212960737056 
3.9041,0.7276490444267261 
303.8,0.7223404041477985 
0.0586,0.7170182240161032 
3.7,0.7025276321668383 
303.5,0.702262200152892 
0.057537,0.7034748487904935 
3.5971,0.7051248838040902 
302.9,0.7075801299330943 
0.058384000000000005,0.7122676196959866 
3.6119,0.7122754397671411 
305.8,0.7124081557741144 
0.05977999999999999,0.7111813241115117 
3.62,0.4285092120902646 
305.4,0.4297036561530232 
0.058765,0.4300901435843056 
3.63,0.714983155813427 
304.9,0.7125942676879096 
0.059115999999999995,0.7121297736191208 
3.6576,0.42723676138999933 
305.1,0.42763490941091886 
0.059369000000000005,0.4261740578357966 
3.6165,0.7083769655877744 
304.4,0.7082442495808012 
0.058697000000000006,0.7083258019745581 
3.6147,0.708662065034201 
302.7,0.7069367569435496 
0.05902999999999999,0.7041710670683181 
3.5971,0.6991662215294464 
311.2,0.7060674538920522 
0.059332,0.7132156984926504 
3.6394,0.7200426206105177 
311.5,0.7185827445338127 
0.05946,0.7150334425272655 
3.6137,0.7116473517173727 
308.7,0.7093248215953418 
0.058924000000000004,0.7080306205639835 
3.6179,0.7089690291025219 
305.7,0.7098316831478477 
0.059945000000000005,0.7168948295984389 
3.5573,0.7132115760846754 
305.4,0.7134106500951352 
0.061458000000000006,0.7144921057514757 
3.5731,0.7174793729324898 
305.1,0.7158867808488116 
0.060762000000000004,0.7156740354737938 
3.5982,0.7160884992449816 
305.6,0.7154912772136023 
0.060319000000000005,0.7113498339132556 
3.5836,0.7076118399014107 
303.2,0.7079436299188437 
0.059053999999999995,0.7060147385186823 
3.547,0.7039736999473611 
308.0,0.7099459202611547 
0.059864,0.7130803687864169 
3.5356,0.7143706805269073 
314.3,0.7169586426628844 
0.061065999999999995,0.7204795786194292 
3.5596,0.7253280227352112 
320.5,0.7283141328921079 
0.060658000000000004,0.7254172500356155 
3.6204,0.7272315065434566 
322.6,0.7249089764214258 
0.060113,0.7241430930713616 
3.6444,0.7230170028251155 
318.0,0.7309136052400202 
0.059986000000000005,0.7325872021901603 
3.632,0.7352225661692224 
331.7,0.7344529460447848 
0.060573,0.7336203102875527 
3.6726,0.7374045522002053 
328.2,0.7374045522002053 
0.060163,0.7374045522002053 
3.6955,0.7374045522002053 
331.3,0.7374045522002053 
0.06030599999999999,0.7374045522002053 
3.7106,0.7374045522002053 
330.9,0.7374045522002053 
0.06015499999999999,0.7374045522002053 
3.713,0.7374045522002053 
325.6,0.7374045522002053 
0.05935700000000001,0.7374045522002053 
3.63,0.7374045522002053 
328.5,0.7374045522002053 
0.060127999999999994,0.7374045522002053 
3.6461,0.7374045522002053 
323.0,0.7374045522002053 
0.059285000000000004,0.7374045522002053 
3.5909,0.7374045522002053 
322.5,0.7374045522002053 
0.058944,0.7374045522002053 
3.5424,0.7374045522002053 
322.7,0.7374045522002053 
0.058539,0.7374045522002053 
3.5067,0.7374045522002053 
325.1,0.7374045522002053 
0.05825,0.7374045522002053 
3.4753,0.7374045522002053 
327.4,0.7374045522002053 
0.058262,0.7374045522002053 
3.5113,0.7374045522002053 
329.8,0.7374045522002053 
0.05872,0.7374045522002053 
3.5363,0.7374045522002053 
326.3,0.7374045522002053 
0.05815,0.7374045522002053 
3.7457,0.7374045522002053 
331.6,0.7374045522002053 
0.058552999999999994,0.7374045522002053 
3.721,0.7374045522002053 
327.5,0.7374045522002053 
0.058,0.7374045522002053 
3.602,0.7374045522002053 
328.2,0.7374045522002053 
0.057465999999999996,0.7374045522002053 
3.644,0.7367070397623943 
323.1,0.7360095273245832 
0.057453,0.7353120148867723 
3.6175,0.7362658356036305 
328.3,0.739549647691238 
0.057555999999999996,0.7389006764348987 
3.649,0.7389536189187176 
341.9,0.7400950038531202 
0.057603999999999995,0.7404555075744876 
3.6991,0.7422969071997501 
340.5,0.7415159596130536 
0.057589,0.7423929542429187 
3.7576,0.7455847135933734 
339.6,0.7472066816580507 
0.057536000000000004,0.7478999580452959 
3.7052,0.7485383099153868 
338.8,0.7455947382424541 
0.057936,0.7454283519095153 
3.7303,0.7440370721926504 
334.9,0.7435564890623756 
0.057767,0.742520040863444 
3.7339,0.43733055897163464 
335.6,0.43697012162392856 
0.057746000000000006,0.43616245463278785 
3.7339,0.738855817032575 
333.0,0.736933484511476 
0.05683200000000001,0.7342401057470282 
3.6758,0.7285849628978893 
333.1,0.7301468580712823 
0.0565,0.730909462097252 
3.6141,0.7287898065286168 
333.8,0.7294506083327446 
0.056701999999999995,0.7308302283433625 
3.6148,0.7320005401051959 
337.9,0.7336825810611575 
0.056476,0.7314606302400365 
3.6127,0.7309614063416321 
338.3,0.7304808232113573 
0.056491,0.730047525469329 
3.6319,0.7306040373560749 
337.3,0.734989358419832 
0.056348,0.7352909336482838 
3.6104,0.7369195493168492 
345.6,0.7366191848604273 
0.056601,0.7368444996862821 
3.6358,0.7382030434098089 
344.0,0.7421678542345755 
0.056616999999999994,0.7460467356212126 
3.634,0.7501632867834658 
353.8,0.7498629223270441 
0.057477999999999994,0.7476583034156042 
3.6823,0.7468562715788234 
349.5,0.7479976565132258 
0.057022,0.7482992317416775 
3.6858,0.7572688939162886 
348.8,0.7543853951346402 
0.057,0.7530300397975758 
3.8599,0.7514750801140209 
345.9,0.7486516542236568 
0.0563,0.7454244526410303 
3.7554,0.7420280933322131 
342.8,0.7452119565702833 
0.05574400000000001,0.7445984069675713 
3.73,0.741349359628775 
351.0,0.7405083391507943 
0.055941,0.7390316604459619 
3.7,0.7352179172220853 
343.9,0.7328750744619958 
0.054783000000000005,0.7293151002134917 
3.6,0.7213275178390204 
341.7,0.7204264244697554 
0.054454999999999996,0.7223052034791899 
3.5801,0.7259880027297145 
337.6,0.7216026816659573 
0.054458000000000006,0.7161604620260824 
3.5701,0.7103089032169154 
335.1,0.7115704339338866 
0.053320000000000006,0.7124092983624534 
3.565,0.7190547050100667 
336.4,0.718393903205939 
0.053836,0.7188757302950743 
3.6188,0.7187611543183914 
333.5,0.7200226850353626 
0.053272,0.719062497239028 
3.535,0.7152733060101548 
343.0,0.7170154198574008 
0.053829999999999996,0.7132439963107868 
3.5413,0.7121882605256364 
336.3,0.709665199091694 
0.051884000000000007,0.708285579081076 
3.5262,0.7038171159904394 
336.2,0.705318938272548 
0.051809,0.7061058069720714 
3.4836,0.7079226546023301 
338.4,0.707201779906918 
0.052076,0.7045881279270034 
3.5052,0.7017564645032668 
336.5,0.7002546422211582 
0.050861,0.698566514218216 
3.48,0.6976253544097487 
335.4,0.6981660104313078 
0.051121,0.6981486785216267 
3.4799,0.6965118788547269 
332.5,0.6929075053776661 
0.050569,0.6980828136084518 
3.4524,0.6928777906677102 
328.4,0.691616259950739 
0.052375,0.6921292844773006 
3.3699,0.6869160775382246 
325.9,0.6899797949937261 
0.051516,0.6887076328231311 
3.3067,0.6854094814943279 
333.8,0.685589700168181 
0.052091,0.6839154376929837 
3.2793,0.6826469179511363 
330.0,0.6802440022997626 
0.050948,0.6774778295146542 
3.2647,0.675276333962674 
327.3,0.667947441225984 
0.050637,0.661510369970412 
3.2491,0.651853251935703 
313.8,0.649390263393045 
0.048851,0.649130284747828 
3.1101,0.6471153843578743 
311.4,0.6457808050051013 
0.048817,0.6455422693985418 
3.1215,0.6455422693985418 
311.0,0.6455422693985418 
0.048389999999999996,0.6455422693985418 
3.1198,0.6455422693985418 
315.3,0.6455422693985418 
0.047591,0.6455422693985418 
3.1547,0.6455422693985418 
319.7,0.6455422693985418 
0.04943,0.6455422693985418 
3.1938,0.6455422693985418 
318.0,0.6455422693985418 
0.050087,0.6455422693985418 
3.2304,0.6455422693985418 
308.4,0.6455422693985418 
0.048544,0.6455422693985418 
3.1785,0.6455422693985418 
307.6,0.6455422693985418 
0.050401,0.6455422693985418 
3.2409,0.6455422693985418 
315.8,0.6455422693985418 
0.051442999999999996,0.6455422693985418 
3.3152,0.6455422693985418 
315.3,0.6455422693985418 
0.051976,0.6455422693985418 
3.3278,0.6455422693985418 
320.1,0.6455422693985418 
0.053667999999999993,0.6455422693985418 
3.3248,0.6455422693985418 
319.2,0.6455422693985418 
0.052476999999999996,0.6455422693985418 
3.3233,0.6455422693985418 
321.8,0.6455422693985418 
0.052820000000000006,0.6455422693985418 
3.391,0.6455422693985418 
318.6,0.6455422693985418 
0.052770000000000004,0.6455422693985418 
3.3408,0.6455422693985418 
338.1,0.6455422693985418 
0.055499,0.6455422693985418 
3.4502,0.6455422693985418 
338.0,0.6455422693985418 
0.054765,0.6455422693985418 
3.5359,0.6455422693985418 
338.0,0.6455422693985418 
0.053288999999999996,0.6448447569607307 
3.5242,0.6441472445229198 
335.1,0.6434497320851088 
0.05284,0.6423224559797811 
3.4237,0.6423162544293934 
329.5,0.642101763775865 
0.052742,0.6430346245370042 
3.4131,0.6401809145114308 
330.3,0.6401809145114308 
0.053288,0.6446571415507683 
3.4195,0.6425298304407951 
333.7,0.6423491347914214 
0.0531,0.6382941997087275 
3.3789,0.6369970587880122 
329.3,0.6363947399567662 
0.053,0.6324752201458506 
3.3491,0.6304228549557411 
329.0,0.6301216955401181 
0.051636,0.6267776906342601 
3.3034,0.6242064690758646 
331.2,0.6283624690114618 
0.052002,0.6283963228294063 
3.3032,0.6295781623349468 
338.4,0.6295179304518222 
0.051544000000000006,0.6275845012936546 
3.2787,0.6214389358648437 
338.6,0.6265586459304343 
0.050979000000000003,0.6298010893824586 
3.192,0.6307753863406848 
345.7,0.6307151544575601 
0.052235000000000004,0.6326749143630179 
3.2794,0.6353614373365882 
346.7,0.640300451752805 
0.052576,0.6405863284376703 
3.2445,0.6380785226576208 
351.5,0.6362113342807584 
0.053006,0.6397659851649382 
3.2482,0.6421988450251241 
347.2,0.6363563523620384 
0.052361000000000005,0.632508301722339 
3.2069,0.6283228603514978 
338.3,0.6261545125590123 
0.051898,0.6231114304793283 
3.1867,0.620315371161342 
337.9,0.6084496901857968 
0.052007000000000005,0.597518668525028 
3.1917,0.5914826394406332 
312.1,0.5882903496350296 
0.047443,0.5857287440772239 
2.9891,0.5805459454651216 
310.8,0.5803050179326232 
0.047036,0.5792517880410144 
2.8555,0.5759426374255009 
306.6,0.563414405735585 
0.046562,0.5549960896733688 
2.7709,0.5494443265327075 
297.1,0.5534196308189308 
0.046022,0.5575648427494769 
2.7839,0.5639294808671198 
303.0,0.5733858865176813 
0.047075,0.5759136382575425 
2.9653,0.5745703767707573 
318.0,0.5755340869007508 
0.047925999999999996,0.5777007312492033 
2.9249,0.5771126940318123 
313.9,0.5794015055905469 
0.047179,0.5792247134301698 
2.9108,0.5813059039740729 
313.7,0.5785352373503415 
0.047333,0.5745216791562464 
2.8922,0.5767066409738069 
311.3,0.5712857714925932 
0.045933,0.5663995371025937 
2.85,0.5618970168400221 
304.9,0.5644267559312551 
0.0449,0.5658749470322173 
2.8744,0.5697721348651218 
310.1,0.5713381638263613 
0.045426999999999995,0.5733430621557452 
2.96,0.5764562003654617 
312.1,0.576877823547334 
0.046967,0.5784877606673646 
2.9683,0.5787356587099901 
313.6,0.5790368181256131 
0.046581,0.5782769879895239 
2.9962,0.5744374508642067 
309.0,0.5725100306042197 
0.046807,0.5755719203605396 
2.8903,0.5740614718217512 
307.7,0.573941008055502 
0.04678,0.573143562566141 
2.8539,0.5711315528713428 
309.1,0.5720952630013363 
0.047099,0.5750593528391497 
2.8857,0.5769387659064971 
309.1,0.5760955195427527 
0.047652,0.5750084358331993 
2.9013,0.5744607541111195 
309.8,0.5716298556042635 
0.047075,0.5686920965137404 
2.8644,0.5672796541778504 
304.8,0.5665568715803553 
0.047208,0.5681630471650588 
2.8572,0.568722259028656 
306.4,0.5707701430548923 
0.047467,0.5712929964653695 
2.9097,0.5733857171507901 
304.7,0.5728436302026688 
0.047113,0.5723884844280807 
2.8821,0.5712124099932988 
306.1,0.5784402359682503 
0.0471,0.5825478325455247 
2.886,0.584536781957288 
319.0,0.5855607239704061 
0.049154,0.5908832964583579 
2.9513,0.5930336678513658 
319.2,0.5947803924619791 
0.049511,0.5974209902616555 
2.9451,0.5982338652386371 
320.0,0.5958848217967778 
0.050157,0.5972352129792334 
2.9501,0.59713526971256 
317.0,0.5955494846936557 
0.050574,0.5938476423234892 
2.9848,0.5938476423234892 
318.6,0.5938476423234892 
0.050255,0.5939133605136024 
2.9386,0.5939133605136024 
322.9,0.5939133605136024 
0.050757,0.5931695856386427 
2.9445,0.5931695856386427 
323.8,0.5931695856386427 
0.050437,0.5901966925829806 
2.9267,0.5901966925829806 
324.6,0.5901966925829806 
0.050003,0.5873274068473611 
2.8833,0.5873274068473611 
321.3,0.5873274068473611 
0.049845,0.5935791838973288 
2.88,0.5935791838973288 
325.4,0.5935791838973288 
0.05011,0.5847847064800236 
2.9015,0.5847847064800236 
320.7,0.5847847064800236 
0.04937,0.57547569381499 
2.8495,0.57547569381499 
321.9,0.57547569381499 
0.049338,0.57547569381499 
2.8394,0.57547569381499 
318.2,0.57547569381499 
0.049229,0.57547569381499 
2.808,0.57547569381499 
316.4,0.57547569381499 
0.049685,0.57547569381499 
2.8344,0.57547569381499 
312.8,0.57547569381499 
0.049075,0.57547569381499 
2.8696,0.57547569381499 
315.6,0.57547569381499 
0.04917,0.57547569381499 
2.8679,0.57547569381499 
306.5,0.57547569381499 
0.047577,0.57547569381499 
2.7314,0.57547569381499 
296.6,0.57547569381499 
0.047322,0.57547569381499 
2.7125,0.57547569381499 
300.3,0.57547569381499 
0.046783,0.57547569381499 
2.6852,0.5747781813771791 
292.5,0.574080668939368 
0.046393000000000004,0.5733831565015571 
2.603,0.5734733229396256 
300.0,0.5749286702732752 
0.047047000000000005,0.5762378292283443 
2.6664,0.5772460407544496 
304.3,0.5743172039789974 
0.047262,0.5741185876938075 
2.6645,0.5704117047143673 
296.1,0.5708110915473834 
0.04732,0.5715543008726103 
2.5904,0.5711828545208872 
297.1,0.5712494189930566 
0.047142,0.5714587135731493 
2.6085,0.574384801160192 
299.7,0.5781124116016767 
0.047833999999999995,0.5824264427423611 
2.6209,0.5838819059980922 
303.4,0.5880089032725933 
0.049757,0.5896982095261978 
2.663,0.5937386361684097 
312.4,0.5945374098344421 
0.049558,0.5936681966293637 
2.7312,0.5944793141729221 
312.0,0.5928152023686879 
0.049299,0.5925845511987899 
2.6997,0.5936079238004759 
311.5,0.5953386000768794 
0.049623,0.5954261620950816 
2.74,0.5960780883450444 
312.7,0.5943474120686407 
0.049503,0.5931941562191508 
2.7206,0.5919888507104986 
307.9,0.5940523493477491 
0.049332,0.5948062369678786 
2.7421,0.5971713647584417 
313.2,0.5971713647584417 
0.049593,0.596552023654086 
2.7447,0.5928299795990652 
312.3,0.5952263005971625 
0.049621,0.5959524246505451 
2.6963,0.5943150284878476 
316.2,0.5935828192939846 
0.049829000000000005,0.5938540479845127 
2.712,0.5962343368506563 
314.7,0.5942374026855751 
0.049656,0.5931332669926377 
2.7046,0.5919658641729366 
311.7,0.5877723024262663 
0.049631,0.5861406589651362 
2.7007,0.5810010543433357 
304.4,0.5786047333452383 
0.048717,0.5789763380078518 
2.6239,0.5783623144468402 
301.8,0.5808251999171068 
0.049138,0.5843276806451871 
2.618,0.5858210465898696 
307.3,0.5860207400063777 
0.050247,0.585866972559779 
2.6747,0.5889067682136758 
306.0,0.5887736392693371 
0.050226,0.591204019189188 
2.6879,0.5911509554246561 
306.8,0.5914172133133335 
0.052436,0.5920194691458449 
2.7085,0.5941496002649097 
307.6,0.5962130989021602 
0.051651,0.5955382306643107 
2.6939,0.593953898266145 
308.3,0.5919569641010639 
0.052272000000000006,0.5915810881204895 
2.6862,0.5906941651990283 
304.4,0.5889634889226246 
0.050564,0.5864797175282603 
2.6416,0.5825302573395316 
303.7,0.5825302573395316 
0.049865,0.5803540208383646 
2.6201,0.5798764469575779 
306.2,0.5852016047311275 
0.049504,0.5878241939592267 
2.666,0.5914249494096032 
311.8,0.5918909007147888 
0.049638,0.5902912921383667 
2.6559,0.590245808911625 
311.2,0.5896467286621007 
0.049693,0.5890722363963363 
2.6439,0.5872529073266725 
312.0,0.5854556665780994 
0.049053,0.5851929805234934 
2.6281,0.5837678394189234 
309.3,0.5839009683632621 
0.049917,0.585746177722446 
2.6242,0.5855263421265282 
306.9,0.5850603908213426 
0.049801,0.5843897939014541 
2.6017,0.5837681898026522 
310.6,0.5829028516644503 
0.049507999999999996,0.580931638425415 
2.6101,0.5761558996175472 
305.3,0.5758896417288697 
0.04877,0.5765132541511864 
2.5462,0.5759371332791262 
306.2,0.5757374398626182 
0.049177,0.5750454863529242 
2.5447,0.5746664594634109 
305.3,0.5763971357398145 
0.048385000000000004,0.5754723954012421 
2.5155,0.573478713962402 
312.2,0.575275954710975 
0.048563,0.5764676524221146 
2.535,0.5812433912299824 
309.3,0.5785808123432075 
0.048931,0.5788840759184437 
2.5717,0.5783685993487055 
308.2,0.5777029546270118 
0.049804,0.5788797027252877 
2.5383,0.5743313800511279 
305.6,0.5744645089954666 
0.049201,0.574107853945717 
2.4943,0.569294212448898 
307.7,0.5694273413932367 
0.049222,0.5684000894235985 
2.4512,0.5689307270689171 
306.6,0.5693966783741027 
0.048742,0.5696935349723973 
2.4428,0.5719070520071551 
308.0,0.5617892522374107 
0.048609,0.5557261163916668 
2.5601,0.5535277604324895 
290.3,0.5531283735994733 
0.045635,0.5524834045873512 
2.3666,0.5455093098203063 
291.8,0.5416485704344828 
0.045880000000000004,0.5389405548471622 
2.322,0.5317466244841995 
286.4,0.529150610069594 
0.044211,0.5276257495574908 
2.2359,0.5233806483949417 
281.7,0.5238465997001274 
0.043712,0.5241669485472078 
2.213,0.5242200123117396 
280.5,0.5223823003640876 
0.044108,0.5217633564923023 
2.1767,0.5184023431300808 
282.6,0.5184023431300808 
0.044077,0.5184023431300808 
2.1697,0.5184023431300808 
278.0,0.5184023431300808 
0.044346,0.5184023431300808 
2.2233,0.5184023431300808 
280.0,0.5184023431300808 
0.044617000000000004,0.5184023431300808 
2.1656,0.5184023431300808 
277.6,0.5184023431300808 
0.044816,0.5184023431300808 
2.1013,0.5184023431300808 
277.4,0.5184023431300808 
0.044719,0.5184023431300808 
2.1486,0.5184023431300808 
281.6,0.5184023431300808 
0.045304000000000004,0.5184023431300808 
2.2075,0.5184023431300808 
280.9,0.5184023431300808 
0.04545,0.5184023431300808 
2.2164,0.5184023431300808 
282.0,0.5184023431300808 
0.044771,0.5184023431300808 
2.1745,0.5184023431300808 
278.7,0.5184023431300808 
0.044708,0.5184023431300808 
2.1457,0.5184023431300808 
279.7,0.5184023431300808 
0.045137000000000004,0.5184023431300808 
2.1211,0.5184023431300808 
276.9,0.5184023431300808 
0.045406999999999996,0.5184023431300808 
2.1107,0.5184023431300808 
277.0,0.5184023431300808 
0.044893,0.5184023431300808 
2.0487,0.5184023431300808 
277.1,0.5184023431300808 
0.044818000000000004,0.5184023431300808 
2.0532,0.5184023431300808 
275.0,0.5184023431300808 
0.044386,0.5184023431300808 
1.9925,0.5184023431300808 
279.9,0.5184023431300808 
0.044879,0.5184023431300808 
2.0187,0.5184023431300808 
281.3,0.5177048306922699 
0.045081,0.5170073182544589 
2.0115,0.516309805816648 
280.4,0.5147597194047233 
0.044851,0.5127513168626505 
2.0307,0.5147768379341215 
277.5,0.5149195476216621 
0.044463,0.5128417216911766 
2.0792,0.5131875423619155 
277.9,0.5128307681430638 
0.044181,0.511265767335847 
2.0878,0.5146350487279037 
282.1,0.5179173715413398 
0.044217,0.5199023584408888 
2.1969,0.5219179989217673 
281.7,0.5219179989217673 
0.044456999999999997,0.5195704977109421 
2.137,0.5162012163188854 
281.4,0.5160585066313448 
0.043972000000000004,0.5162353428807477 
2.1182,0.5174061928659639 
282.0,0.5211879995857925 
0.043647000000000005,0.5210421096800351 
2.0728,0.519199379534526 
287.2,0.5188426053156743 
0.043938,0.5205579169348837 
2.1081,0.5220795278861351 
286.2,0.5241488183554752 
0.044534,0.5307138641145627 
2.118,0.5317216843550019 
291.5,0.5352180716997491 
0.045801999999999995,0.5362702473836971 
2.166,0.5367198142556577 
294.3,0.5381469111310647 
0.04546,0.5349638586418102 
2.1326,0.5355665746679552 
296.9,0.535709284355496 
0.045168,0.5355103435749176 
2.1712,0.5368788053719845 
295.3,0.5358798375591997 
0.045323,0.5351901761865279 
2.1943,0.5346418034086418 
296.8,0.5380668359096187 
0.045021,0.5401490827463393 
2.1828,0.5408259032019284 
301.5,0.5434660324214313 
0.045381,0.5435323460149575 
2.1783,0.5429839732370715 
303.1,0.5419136505805162 
0.046006,0.5472098962501369 
2.1912,0.5465133146133627 
300.4,0.5439445402376301 
0.046479,0.5413185219339951 
2.1485,0.5387742698564157 
299.6,0.538631560168875 
0.046006,0.5363680561765163 
2.0877,0.5343326545144527 
298.4,0.5329055576390457 
0.045602,0.5328215604205792 
2.0649,0.5333007690643174 
296.7,0.5320163818764512 
0.04602,0.532997823060638 
2.0759,0.5311452123245365 
293.3,0.5327150188874842 
0.04556,0.5311942271426181 
2.0667,0.5390097743013185 
298.3,0.5384389355511556 
0.045777,0.5386776644878497 
2.0886,0.530783072604409 
294.5,0.5289992015101503 
0.045457,0.527288310797176 
2.0298,0.5255592074434812 
293.4,0.5257019171310219 
0.045026,0.5253438237259808 
1.9879,0.5234813323992867 
293.3,0.5216261064612576 
0.044881,0.5202114164660334 
1.9193,0.5185415966558938 
290.4,0.5171144997804868 
0.044417,0.5153151909428111 
1.9201,0.5146136690107406 
288.6,0.5135433463541854 
0.043979000000000004,0.5139589115402825 
1.9294,0.5156929551892735 
287.3,0.5178336005023839 
0.044262,0.5173428799102906 
1.9705,0.5168241489041822 
292.8,0.5198924071863071 
0.044323,0.5203654441534603 
1.959,0.5215807567963429 
294.3,0.5224370149215871 
0.043982,0.5204033980534524 
1.9811,0.5212136064820407 
295.6,0.5229974775762996 
0.043841000000000005,0.5240540741664825 
1.985,0.5243159098171849 
299.8,0.5243872646609553 
0.044087,0.5251211350959778 
2.0633,0.5274282529993363 
298.5,0.5231469623731152 
0.044248,0.521201763629682 
2.0862,0.5270263717839851 
287.2,0.5205330810008832 
0.043762,0.522619748743839 
2.0747,0.5167654988177581 
286.6,0.5189061441308687 
0.044336,0.5175091377605847 
2.0373,0.5193370470202049 
286.4,0.5193370470202049 
0.043733,0.5189877954276338 
2.0409,0.5214085401228066 
287.3,0.5219793788729694 
0.044203,0.5228414555888091 
2.1266,0.5229748435618085 
291.1,0.5278269729381923 
0.044349,0.5329596450771151 
2.19,0.5365611203480966 
299.8,0.54134189488071 
0.04559,0.5434771925922517 
2.2464,0.5461795341193117 
300.2,0.5464649534943932 
0.04573,0.5471634566795351 
2.2157,0.5443371532629011 
300.2,0.5471117150080673 
0.046100999999999996,0.5491892137914915 
2.1614,0.5491892137914915 
309.2,0.5491892137914915 
0.04687,0.5491892137914915 
2.3604,0.5491892137914915 
305.7,0.5491892137914915 
0.047028,0.5491892137914915 
2.3308,0.5491892137914915 
300.4,0.5491892137914915 
0.046717,0.5491892137914915 
2.5517,0.5491892137914915 
306.2,0.5491892137914915 
0.047377999999999997,0.5491892137914915 
2.54,0.5491892137914915 
302.6,0.5491892137914915 
0.046715,0.5491892137914915 
2.5864,0.5491892137914915 
306.8,0.5491892137914915 
0.046615,0.5491892137914915 
2.73,0.5491892137914915 
301.1,0.5491892137914915 
0.045814,0.5491892137914915 
2.5315,0.5491892137914915 
298.3,0.5491892137914915 
0.045473,0.5491892137914915 
2.4693,0.5491892137914915 
309.3,0.5491892137914915 
0.046225999999999996,0.5491892137914915 
2.7906,0.5491892137914915 
302.8,0.5491892137914915 
0.046598,0.5491892137914915 
2.813,0.5491892137914915 
304.5,0.5491892137914915 
0.046599,0.5491892137914915 
2.8479,0.5491892137914915 
304.2,0.5491892137914915 
0.046868,0.5491892137914915 
2.7392,0.5491892137914915 
306.6,0.5491892137914915 
0.047718,0.5491892137914915 
2.8186,0.5491892137914915 
306.9,0.5491892137914915 
0.04807,0.5491892137914915 
2.8774,0.5491892137914915 
305.3,0.5491892137914915 
0.047386000000000005,0.5484917013536806 
2.7796,0.5477941889158696 
302.9,0.5470966764780587 
0.047024,0.5438894761392192 
2.6677,0.5397155684994305 
300.9,0.5402444853768376 
0.045880000000000004,0.5400908033429015 
2.5696,0.5408730999452945 
303.6,0.5413689595178636 
0.046531,0.5433881706859673 
2.5813,0.5488946273532972 
302.7,0.54740704863559 
0.045642,0.5426300987474124 
2.611,0.5312298346678783 
301.0,0.5314942931065818 
0.045695,0.5317973882290667 
2.5451,0.5332784351947624 
299.3,0.5318900283915691 
0.045233999999999996,0.5296104115548516 
2.5119,0.5260407086118929 
294.5,0.5256440209538377 
0.04458,0.5251061338350617 
2.4247,0.5222883470439177 
295.5,0.5230817223600281 
0.044502,0.5223602705896063 
2.4957,0.5292262524203184 
299.7,0.5294907108590219 
0.04508,0.5318087482042233 
2.5773,0.5328948493124002 
296.8,0.5321014739962896 
0.044594999999999996,0.5293821557846997 
2.5382,0.5358228113073145 
295.2,0.5361533843556938 
0.044407,0.5370199802692774 
2.6075,0.5327287416250824 
297.4,0.5335551742460308 
0.044692,0.5355231580694891 
2.5697,0.5530982487290772 
299.8,0.5535279936919704 
0.04526,0.555273992355299 
2.9824,0.5682692300901975 
300.0,0.5684675739192251 
0.045895,0.5681303272336433 
2.9722,0.5809432822650715 
300.7,0.5805465946070163 
0.045462,0.5797653776011749 
3.1506,0.585659185013379 
298.9,0.5849649816117823 
0.045298000000000005,0.584572238636168 
3.1572,0.575002396703981 
296.5,0.5744404225217361 
0.045087,0.5741458652900253 
3.1235,0.5771535298972842 
296.3,0.5773849310311497 
0.045037,0.5782259132724107 
3.0805,0.582699434620076 
296.8,0.5823027469620207 
0.045491000000000004,0.5824863116136665 
3.15,0.5746861309276695 
295.7,0.5753142197195904 
0.04555,0.5769236121305313 
3.0407,0.5775388162547433 
298.7,0.5778032746934468 
0.045939,0.5779270741096731 
3.1729,0.5793777406247904 
298.1,0.5791132821860869 
0.045774,0.5783406030710198 
3.075,0.5771557654984633 
298.2,0.5770235362791115 
0.045271,0.5751836208172665 
3.1061,0.5704670558649743 
296.9,0.5719876918875193 
0.045107999999999995,0.5726152268594247 
3.028,0.574886165540158 
304.6,0.5762415150385134 
0.045811000000000004,0.5819960534203396 
3.178,0.5896671171913783 
306.2,0.5894687733623507 
0.046938,0.5906512712345806 
3.1348,0.5868613100249287 
305.2,0.5870596538539563 
0.046566,0.5876658440989262 
3.1075,0.5926786184443575 
304.5,0.5923149880911402 
0.046274,0.590351273213069 
3.2361,0.6081086465761272 
305.2,0.6078772454422616 
0.046495999999999996,0.6083639052163924 
3.4297,0.6130197092675278 
305.4,0.6127883081336623 
0.046654,0.612664508717436 
3.42,0.6067934866431657 
304.3,0.606628200118976 
0.046647,0.6051596829058097 
3.4452,0.612207947439992 
303.0,0.6121418328303161 
0.046231,0.6114374568414427 
3.4566,0.6057715028085764 
303.2,0.6072260242214456 
0.0467,0.6111705297591365 
3.422,0.6184314574473674 
306.8,0.6184645147522053 
0.047387,0.6190408223794653 
3.5182,0.6162989867147672 
307.7,0.6159684136663879 
0.047242,0.6151146245889656 
3.4921,0.6098815919768411 
305.0,0.6086584716978375 
0.046485000000000005,0.6043596436930163 
3.2335,0.5877111567760687 
300.7,0.5873144691180134 
0.045995,0.5884414707002108 
3.2069,0.5934618401582867 
302.1,0.5949494188759938 
0.046408,0.5986890150351034 
3.2426,0.6029422781160754 
307.6,0.6034050803838065 
0.047156,0.6042375247342933 
3.3398,0.6003032563843942 
306.2,0.6006338294327735 
0.047268,0.6007789735759353 
3.2976,0.6044590486958452 
309.2,0.6039583627567698 
0.047864,0.6057197628619351 
3.3109,0.605022250424124 
308.1,0.605022250424124 
0.047999,0.6066648086035704 
3.2736,0.6104325766594194 
316.2,0.6104325766594194 
0.048842,0.6214090539438508 
3.3862,0.6214090539438508 
323.7,0.6214090539438508 
0.050020999999999996,0.619328607385027 
3.3916,0.619328607385027 
319.0,0.619328607385027 
0.048868,0.6311112731104636 
3.2884,0.6311112731104636 
322.8,0.6311112731104636 
0.050881,0.6378956080071096 
3.287,0.6378956080071096 
326.3,0.6378956080071096 
0.051884000000000007,0.6372878705117977 
3.3341,0.6372878705117977 
321.2,0.6372878705117977 
0.050912,0.6651338568235279 
3.2634,0.6651338568235279 
327.4,0.6651338568235279 
0.055537,0.6651338568235279 
3.3417,0.6651338568235279 
327.1,0.6651338568235279 
0.052901,0.6651338568235279 
3.3107,0.6651338568235279 
323.4,0.6651338568235279 
0.053072,0.6651338568235279 
3.27,0.6651338568235279 
309.1,0.6651338568235279 
0.049675,0.6651338568235279 
3.0855,0.6651338568235279 
309.6,0.6651338568235279 
0.051093,0.6651338568235279 
3.0801,0.6651338568235279 
309.8,0.6651338568235279 
0.050193,0.6651338568235279 
3.0708,0.6651338568235279 
311.5,0.6651338568235279 
0.051398,0.6651338568235279 
2.9473,0.6651338568235279 
321.3,0.6651338568235279 
0.054159000000000006,0.6651338568235279 
3.1089,0.6644363443857169 
323.5,0.663738831947906 
0.052335,0.6630413195100949 
3.1348,0.6641488698894302 
319.0,0.6624293897922504 
0.051025,0.6617435741261597 
3.2043,0.6658988333304214 
317.4,0.6654007628713898 
0.051815,0.6676269175847456 
3.2074,0.6633701558655707 
318.1,0.6634946734803285 
0.051229,0.6618221334242347 
3.1827,0.660318627422082 
316.6,0.6574547222826511 
0.050696,0.6568231337300002 
3.14,0.652940662534568 
313.1,0.652878403727189 
0.051158999999999996,0.6551591401673171 
3.0841,0.6560726628015364 
315.5,0.658438497481936 
0.052506,0.66223582618738 
3.1899,0.6690491825009326 
315.9,0.6681775591976276 
0.052528,0.6695654945355516 
3.25,0.6686963792516069 
315.4,0.6671399090671335 
0.05281,0.663736348533404 
3.15,0.658743693581108 
312.6,0.6584323995442132 
0.051895000000000004,0.6580386313724987 
3.0995,0.6583494828244206 
313.5,0.6575401183284945 
0.052063,0.6567720754589129 
3.12,0.6562518750699824 
311.0,0.6563141338773615 
0.051704999999999994,0.6555577870920881 
3.0808,0.6519036965552107 
311.8,0.648915273801022 
0.051817999999999996,0.6444863565429271 
3.0433,0.6335938679112977 
304.0,0.6333448326817819 
0.049826,0.6285377420310505 
2.8939,0.6306502631226827 
307.7,0.632268992114535 
0.04945,0.6310292071778499 
2.9391,0.6324185228507252 
306.6,0.6312978643179045 
0.0487,0.6318163907222413 
2.8952,0.6301606309477187 
306.0,0.6282306079189717 
0.048969,0.6260551362376188 
2.8746,0.6205359369892102 
303.9,0.6224659600179572 
0.047937,0.6239864509780425 
2.8262,0.6248428784476232 
306.7,0.6237222199148024 
0.048976,0.6208137936167929 
2.9048,0.6240618740940173 
304.5,0.6238750976718804 
0.048087,0.6237308459654108 
2.867,0.6188650691567563 
306.8,0.6195499160379246 
0.048179,0.6204154262767424 
2.775,0.6197620038369883 
304.7,0.6168980986975573 
0.048494999999999996,0.618395197489026 
2.7922,0.6137070500814698 
303.9,0.6152635202659431 
0.048780000000000004,0.6158405270918217 
2.7508,0.617160059785694 
303.5,0.6123038728101372 
0.048351,0.6051809574663527 
2.7314,0.5995919752389413 
291.6,0.5958564467962052 
0.046189999999999995,0.592187775018153 
2.5606,0.5880578914426196 
291.3,0.5884937030942721 
0.046442000000000004,0.5889966347195312 
2.5486,0.5875882873251097 
289.4,0.5868411816365625 
0.045734,0.5858119262174277 
2.5901,0.5849554987478471 
289.9,0.5810954526903532 
0.045794999999999995,0.5756099891497375 
2.5694,0.5694817748118494 
282.0,0.5428350052536657 
0.044517,0.5262733498730434 
2.4711,0.514981195088943 
223.9,0.5049575271009347 
0.037579,0.49733947752143004 
2.1755,0.4946179413403182 
219.4,0.49667248198382297 
0.037586,0.4982787442288362 
2.2937,0.5058660572186024 
230.1,0.5031889285013085 
0.038595,0.49982045622050386 
2.3257,0.48931494592698127 
222.0,0.48757169932037114 
0.03696,0.48261255957363114 
2.1994,0.4838305897525903 
218.5,0.48432866021162174 
0.036993,0.48713182175085606 
2.2139,0.4851905861531399 
220.0,0.48687157395237113 
0.037837,0.491179631672613 
2.1674,0.49584874735862305 
226.4,0.4984636172685384 
0.038717,0.5015981678631759 
2.363,0.5095661152838669 
227.3,0.5069512453739518 
0.038967,0.5038634791165475 
2.2962,0.4969169007521712 
223.2,0.49679238313741336 
0.038344,0.49838305060334886 
2.2702,0.5003179422938829 
223.2,0.502123447707872 
0.038555,0.5052112139652761 
2.3269,0.505363467737646 
223.9,0.4983282225038265 
0.039264999999999994,0.49145092493051723 
2.3,0.4835908239319215 
208.5,0.4795440014522908 
0.036179,0.4768850916195261 
2.1055,0.4759398494493963 
216.0,0.4799244131216481 
0.037683,0.48134743671249725 
2.24,0.4859594572338686 
214.2,0.484652022278911 
0.037857,0.48462863011029433 
2.2286,0.4838229538981703 
213.3,0.4852549064678857 
0.037573,0.48622568146547873 
2.2411,0.4868410404621404 
218.1,0.48646748761786685 
0.03865,0.4885259984561362 
2.239,0.48779644913019715 
213.1,0.48574190848669235 
0.038316,0.4808958308882664 
2.2049,0.48034391096342555 
212.2,0.48252296922168814 
0.03776,0.48655421961329914 
2.1975,0.4869982931160447 
217.0,0.4901482152165745 
0.03834,0.4944929206676492 
2.227,0.4945849326974181 
220.7,0.4945849326974181 
0.039310000000000005,0.4945849326974181 
2.2721,0.4945849326974181 
220.7,0.4945849326974181 
0.039481999999999996,0.4945849326974181 
2.2836,0.4945849326974181 
222.2,0.4945849326974181 
0.039271,0.4945849326974181 
2.2823,0.4945849326974181 
219.9,0.4945849326974181 
0.03879,0.4945849326974181 
2.25,0.4945849326974181 
218.8,0.4945849326974181 
0.03845,0.4945849326974181 
2.2342,0.4945849326974181 
226.9,0.4945849326974181 
0.038679000000000005,0.4945849326974181 
2.26,0.4945849326974181 
227.3,0.4945849326974181 
0.038723,0.4945849326974181 
2.2866,0.4945849326974181 
223.0,0.4945849326974181 
0.038169,0.4945849326974181 
2.2155,0.4945849326974181 
221.7,0.4945849326974181 
0.037456,0.4945849326974181 
2.1961,0.4945849326974181 
220.8,0.4945849326974181 
0.037472000000000005,0.4945849326974181 
2.1524,0.4945849326974181 
216.5,0.4945849326974181 
0.03677,0.4945849326974181 
2.173,0.4945849326974181 
214.4,0.4945849326974181 
0.036969999999999996,0.4945849326974181 
2.18,0.4945849326974181 
218.3,0.4945849326974181 
0.037458,0.4945849326974181 
2.2035,0.4945849326974181 
216.6,0.4945849326974181 
0.03683,0.4945849326974181 
2.2412,0.4945849326974181 
214.9,0.4945849326974181 
0.036998,0.4945849326974181 
2.188,0.4945849326974181 
224.9,0.4938874202596072 
0.038751999999999995,0.49318990782179617 
2.36,0.49249239538398526 
227.7,0.4918386587876007 
0.038968,0.49237748092241407 
2.48,0.49618861087992056 
226.7,0.49540081898955457 
0.039083,0.4946926527552285 
2.53,0.4938502350813057 
227.6,0.49822685669445005 
0.038932999999999995,0.4997945725247878 
2.6629,0.502921238122232 
230.8,0.5020459137996032 
0.039302,0.5020767036358782 
2.6227,0.49986940732680163 
231.4,0.49750603165570373 
0.039142,0.497367477392466 
2.5496,0.496286104705267 
228.9,0.49471052092453505 
0.03934,0.493971564853934 
2.58,0.49574145198616604 
225.2,0.49320301145054224 
0.038513,0.49248714775714747 
2.5271,0.4908914142786591 
223.1,0.4918542710335509 
0.038486,0.4912949223412209 
2.5047,0.49214544018508527 
223.2,0.4910075185656677 
0.038301999999999996,0.49041738003706264 
2.5546,0.4870315090014883 
222.9,0.4862437171111223 
0.038241000000000004,0.4856381836643797 
2.4627,0.4847350147158952 
223.1,0.48674826065794163 
0.038234,0.48777202271408693 
2.4663,0.4923810194108376 
224.7,0.49185582481726026 
0.038632,0.49268201875730727 
2.5689,0.4906043251672958 
222.4,0.48999159814145565 
0.038952999999999995,0.49114108536239065 
2.4987,0.49428800138468876 
222.9,0.49490072841052896 
0.03912,0.4951111256250751 
2.592,0.4955201842071242 
225.6,0.49613291123296444 
0.039471,0.4960661999210352 
2.62,0.49634160569904834 
224.2,0.4956413462409452 
0.039588,0.49537450099322816 
2.6237,0.49701073532142437 
222.9,0.49631047586332133 
0.03907,0.49545092626730963 
2.6137,0.49216225727103413 
222.5,0.4892736870063588 
0.0384,0.4867643153499426 
2.56,0.4865739613563158 
218.7,0.48639889649179 
0.037817,0.4864604761643402 
2.53,0.48568285984994986 
219.3,0.4877836382242591 
0.03793,0.488722728230648 
2.5402,0.48846352279251787 
222.3,0.48732560117310036 
0.038273,0.48661230329939514 
2.5985,0.4859035384295082 
219.3,0.4857284735649824 
0.03784,0.4850382680684835 
2.5122,0.4853582247811753 
222.6,0.48693380856190727 
0.038380000000000004,0.48874527726275574 
2.5451,0.49005345470831857 
222.1,0.4906661817341588 
0.038698,0.4937220729844571 
2.5578,0.49362082086018755 
222.1,0.49467121004734216 
0.03947,0.4956333924309374 
2.5812,0.49802699264866995 
223.9,0.4974142656228297 
0.040038,0.49677794233981204 
2.6177,0.49576137101214557 
221.9,0.4944483845282023 
0.039527,0.4935221236202614 
2.57,0.4936274258295017 
222.2,0.4938024906940275 
0.039624,0.49420789020498224 
2.594,0.49484375354539517 
221.6,0.4930055724678746 
0.039464,0.49281057017146596 
2.6699,0.49369348869509655 
220.2,0.49421868328867385 
0.039407,0.49363624221913754 
2.6631,0.49369699349369933 
222.8,0.4950099799776426 
0.039479,0.4955385388336976 
2.6382,0.49633640557294173 
222.3,0.4972117298955706 
0.039637,0.4976530508821796 
2.7354,0.5022701477488719 
223.2,0.5018324855875574 
0.039721,0.5017478135378011 
2.78,0.5022864748389152 
221.8,0.5002732288968688 
0.039923,0.5003604667663147 
2.7209,0.4973715040578771 
220.0,0.4968463094642998 
0.039361,0.4957455728174669 
2.6856,0.49161448614726855 
221.4,0.49240227803763453 
0.039455000000000004,0.4922483288562593 
2.6318,0.4946986302635828 
222.5,0.49268538432153647 
0.039519,0.49136655300108867 
2.6782,0.48923215822148625 
219.5,0.49133293659579547 
0.038419999999999996,0.49187689036998794 
2.6087,0.49347262384847634 
220.5,0.4942604157388423 
0.038879000000000004,0.4936805404889956 
2.6362,0.4911411372123149 
223.9,0.4925416561285211 
0.0389,0.49326008564160545 
2.6067,0.49432812544908067 
223.5,0.4976940975993177 
0.038928,0.500826224484233 
2.6143,0.500826224484233 
227.8,0.500826224484233 
0.0403,0.500826224484233 
2.6962,0.500826224484233 
234.4,0.500826224484233 
0.041319999999999996,0.500826224484233 
2.78,0.500826224484233 
234.2,0.500826224484233 
0.041177,0.500826224484233 
2.8858,0.500826224484233 
232.9,0.500826224484233 
0.041681,0.500826224484233 
2.9,0.500826224484233 
235.7,0.500826224484233 
0.041645,0.500826224484233 
2.9897,0.500826224484233 
233.8,0.500826224484233 
0.041249,0.500826224484233 
2.9551,0.500826224484233 
233.2,0.500826224484233 
0.040681,0.500826224484233 
2.9259,0.500826224484233 
229.3,0.500826224484233 
0.040648000000000004,0.500826224484233 
2.93,0.500826224484233 
229.3,0.500826224484233 
0.041145999999999995,0.500826224484233 
2.8741,0.500826224484233 
231.8,0.500826224484233 
0.041234,0.500826224484233 
2.9068,0.500826224484233 
228.5,0.500826224484233 
0.040958,0.500826224484233 
2.85,0.500826224484233 
231.7,0.500826224484233 
0.0421,0.500826224484233 
3.0081,0.500826224484233 
232.2,0.500826224484233 
0.042975,0.500826224484233 
2.9845,0.500826224484233 
238.0,0.500826224484233 
0.042518,0.500826224484233 
2.8793,0.500826224484233 
237.8,0.500826224484233 
0.042407,0.5001287120464221 
2.8993,0.49943119960861104 
239.4,0.49873368717080013 
0.042741,0.49663255662659633 
2.9032,0.496119808616706 
237.1,0.49624586751142163 
0.041794,0.496029106352867 
2.9305,0.5009994492618948 
237.5,0.4994027032621637 
0.041782,0.49603348090636984 
2.9563,0.48458186553825244 
231.9,0.483741472906815 
0.04116,0.48426452700680533 
2.828,0.4816118543125787 
231.7,0.48131771689157565 
0.041260000000000005,0.48114807772401125 
2.814,0.4836366675711723 
231.1,0.48401484425531904 
0.041862,0.4864981731804986 
2.867,0.4905318765041937 
230.5,0.48935532682018135 
0.041654000000000004,0.48756469116255663 
2.8896,0.4880911236302253 
232.1,0.4881331432617972 
0.041624,0.4885902265744014 
2.8797,0.4854316317683893 
224.7,0.4831625716635083 
0.040625,0.4790346852527735 
2.767,0.47374301343490904 
222.1,0.4737850330664809 
0.040772,0.4751939805970856 
2.7887,0.47996605673257575 
223.9,0.47908364446956647 
0.041007,0.4767369693182583 
2.85,0.4771745235770998 
220.6,0.47688038615609674 
0.040436,0.47628664906962115 
2.845,0.4765190997696307 
220.5,0.4773594924010681 
0.040094,0.47795322948754365 
2.8065,0.4769140381227951 
223.2,0.47746029333322937 
0.0404,0.478859816465636 
2.8273,0.4795161478538983 
224.1,0.4790539319066077 
0.040867,0.47696642770574527 
2.8236,0.4753802935174448 
224.0,0.4760946272541666 
0.040388,0.47829993643250435 
2.796,0.47974249812962244 
225.0,0.4801626944453412 
0.040802,0.47917784483364767 
2.8334,0.47776946706300155 
224.4,0.47747532964199846 
0.040473,0.47813032531676114 
2.8156,0.47909431204327135 
223.9,0.479220370937987 
0.040477,0.47902245857582837 
2.8309,0.4798770567376282 
226.1,0.4800031156323438 
0.040636,0.4804130769539579 
2.8571,0.4831751382128949 
225.8,0.4835953345286136 
0.040798,0.48567812653037706 
2.8508,0.4840372980597214 
226.6,0.48437345511229635 
0.041339,0.485772978244703 
2.8681,0.48750952170948025 
226.9,0.486963266499046 
0.041587,0.4871140568702144 
2.8776,0.4872234454349248 
225.7,0.48596285648776866 
0.041293,0.4825700731364797 
2.8652,0.48072414110699213 
223.3,0.48156453373842956 
0.041125999999999996,0.4844625361843221 
2.866,0.4882501152374189 
225.3,0.4886703115531376 
0.041561,0.48987192232338583 
2.97,0.49602502908834445 
226.1,0.49619310761463187 
0.041804,0.4968245422938995 
2.9983,0.4994156839204765 
225.4,0.4988694287100422 
0.041602,0.49687616849115995 
3.0199,0.49427135329399413 
224.8,0.49527982445171903 
0.0413,0.49584528834360053 
2.9615,0.4969323372054099 
228.0,0.4967222390475506 
0.041513999999999995,0.4968117708304318 
3.007,0.4972561618745677 
227.9,0.4970880833482802 
0.041522,0.4973661030951219 
3.09,0.5033961477247814 
225.7,0.502513735461772 
0.041460000000000004,0.5012273051077417 
3.0819,0.5015896547283448 
223.2,0.5012955173073417 
0.041124,0.5005792630442919 
3.0404,0.4955405522823202 
225.6,0.4961708467558983 
0.0413,0.4961143003667101 
3.0601,0.4932291769724739 
225.9,0.4913803131833116 
0.041095,0.4862864259572792 
3.0181,0.48253303083065446 
221.4,0.4825750504622264 
0.039416,0.4787581691920264 
2.9353,0.4782248999390633 
221.7,0.47944346925464754 
0.039623,0.4809513729663315 
2.9186,0.4777654310191418 
224.5,0.47721917580870754 
0.039543,0.4758337892735979 
2.9122,0.47445275864412934 
221.8,0.47415862122312624 
0.039169999999999996,0.47235384896820454 
2.8357,0.4689969873886549 
221.2,0.4672741824942082 
0.038551,0.4634808622195033 
2.7856,0.45764908436338136 
215.6,0.456472534679369 
0.037771,0.4556620364343388 
2.7674,0.4584035873373926 
214.7,0.4588237836531114 
0.038147,0.4612270051936077 
2.7727,0.46446764142315256 
217.2,0.46442562179158065 
0.038593,0.4636104113474515 
2.8315,0.4607936558061594 
214.9,0.46062557727987186 
0.03815,0.4600318401933964 
2.7728,0.4592797938110125 
215.9,0.4601890145989646 
0.03814,0.46445826698266984 
2.7884,0.4689773820622672 
218.0,0.4689773820622672 
0.039222,0.4697973047054953 
2.8369,0.4732703916350497 
219.2,0.4732703916350497 
0.039319,0.47347301619630733 
2.9012,0.47518904930520134 
218.0,0.47518904930520134 
0.03921,0.4741281542244479 
2.9348,0.474603297128838 
220.5,0.474603297128838 
0.039226,0.474603297128838 
2.911,0.474603297128838 
218.4,0.474603297128838 
0.039024,0.474603297128838 
2.8927,0.474603297128838 
214.3,0.474603297128838 
0.038191,0.474603297128838 
2.7836,0.474603297128838 
213.3,0.474603297128838 
0.037842,0.474603297128838 
2.7794,0.474603297128838 
213.2,0.474603297128838 
0.0376,0.474603297128838 
2.7779,0.474603297128838 
214.0,0.474603297128838 
0.038163,0.474603297128838 
2.7779,0.474603297128838 
212.2,0.474603297128838 
0.038049,0.474603297128838 
2.7398,0.474603297128838 
214.5,0.474603297128838 
0.038058,0.474603297128838 
2.7156,0.473905784691027 
214.0,0.47320827225321604 
0.037966,0.47251075981540513 
2.7562,0.47284302261914113 
213.3,0.4725175471925358 
0.0384,0.47399899969411696 
2.7624,0.4731518856868485 
214.3,0.47310538919733347 
0.039126999999999995,0.47388784650450666 
2.7844,0.4741412566776212 
214.0,0.47409476018810615 
0.039033,0.4739852161651019 
2.7658,0.4745861602899163 
213.0,0.47426068486331097 
0.039027,0.4727870569348015 
2.7425,0.46840668108525085 
211.7,0.4684531775747659 
0.038399,0.46872442944125264 
2.6949,0.47021592931729794 
212.7,0.4704484117648732 
0.038518000000000004,0.4699815455715932 
2.7123,0.4707707372535784 
212.9,0.4730955617293304 
0.038465,0.47361198355206474 
2.7277,0.47472698831376847 
220.3,0.47742378470564095 
0.038868,0.47897565836486766 
2.78,0.48236411439394156 
225.7,0.4830150652471522 
0.039251,0.48344020038404956 
2.91,0.49129591575059905 
224.6,0.49097044032399373 
0.0395,0.49050879051276153 
2.8948,0.49026262063030746 
224.7,0.49044860658836764 
0.03893,0.489535739729999 
2.8801,0.4874143345664976 
224.2,0.49011113095837 
0.038646,0.49088054731042363 
2.8872,0.49303815392722705 
232.1,0.49294516094819707 
0.039225,0.49335725512997486 
2.895,0.4973249344118819 
229.7,0.49760391334897214 
0.0387,0.49640675366899717 
2.8887,0.4955161979177662 
234.5,0.49677160313467233 
0.038819,0.4979296399492886 
2.9529,0.4997614334863735 
232.7,0.4989709931646177 
0.039275,0.5003768081265055 
2.9818,0.5014411308535864 
