date,current_balance 
412.0,0.999302487562189 
0.084908,0.998604975124378 
5.4316,0.9979074626865669 
407.7,0.997799885945765 
0.084872,0.9965214630988619 
5.4409,0.9960897615622655 
406.1,1.005538650534088 
0.085176,1.0074523812860494 
5.48,1.0166713168398402 
426.5,1.0119014895936727 
0.085199,1.0099951231493511 
5.8761,1.0103814816646959 
425.8,1.0165244409968817 
0.086824,1.0248215074297813 
5.7556,1.0313252091047493 
436.2,1.0330596917397195 
0.0882,1.0347491871389987 
5.818,1.0367614710730853 
434.5,1.0277999774590731 
0.088336,1.0206817100935797 
5.8787,1.0125735473618331 
414.2,1.0088653680284865 
0.08453300000000001,1.0033017652348177 
5.7041,0.9965134246558502 
419.3,0.9965134246558502 
0.085719,0.9965134246558502 
5.8162,0.9965134246558502 
436.0,0.9965134246558502 
0.087564,0.9965134246558502 
6.03,0.9965134246558502 
428.1,0.9965134246558502 
0.088003,0.9965134246558502 
5.9868,0.9965134246558502 
432.9,0.9965134246558502 
0.089538,0.9965134246558502 
6.1312,0.9965134246558502 
440.6,0.9965134246558502 
0.089795,0.9965134246558502 
6.0303,0.9965134246558502 
442.0,0.9965134246558502 
0.089658,0.9965134246558502 
5.9691,0.9965134246558502 
427.7,0.9965134246558502 
0.086774,0.9965134246558502 
5.8231,0.9965134246558502 
426.0,0.9965134246558502 
0.08551399999999999,0.9965134246558502 
5.8034,0.9958159122180392 
402.5,0.9951183997802282 
0.08361,0.9944208873424172 
5.5618,0.9933510090199957 
413.9,0.9923360653335201 
0.08513899999999999,0.9897742330621204 
5.6232,0.9823193123224498 
399.6,0.9827957292428411 
0.082022,0.983128279221011 
5.3834,0.988595819764237 
416.0,0.9869107069158987 
0.085,0.9887253526651789 
5.6159,0.9911678414513512 
406.9,0.9959301168923074 
0.08406799999999999,0.9948463206098297 
5.5228,0.9926283056289511 
409.2,0.9787810739621707 
0.08301900000000001,0.9705991250533337 
5.4948,0.9550142294286541 
394.9,0.9561864818448895 
0.081334,0.9563255214995495 
5.1819,0.9533004697424958 
394.0,0.9646566650247757 
0.08127000000000001,0.9682253494943818 
5.2356,0.9751252466999585 
416.2,0.9770301568763409 
0.08311,0.9778608296849505 
5.4841,0.9864549696590537 
410.9,0.9721681433361853 
0.081584,0.9593836253461681 
5.5068,0.9460274339311905 
392.8,0.9451482446190138 
0.079023,0.9432516011246779 
5.2464,0.9404991247026238 
389.5,0.943722818847271 
0.077614,0.945284341122683 
5.1451,0.9489454019947356 
404.7,0.9523156276914122 
0.08089,0.9549680764880026 
5.3284,0.9617824598629912 
403.2,0.9646398251275647 
0.080231,0.9640194943606202 
5.4068,0.9602889535012147 
408.0,0.9654908235982591 
0.081134,0.9760649675911179 
5.3907,0.9821097264908136 
413.1,0.9817240554458722 
0.082403,0.981363272497865 
5.46,0.9828942372961125 
408.4,0.9828942372961125 
0.08187,0.9828942372961125 
5.4079,0.9828942372961125 
406.8,0.9828942372961125 
0.08068600000000001,0.9828942372961125 
5.4109,0.9828942372961125 
412.8,0.9828942372961125 
0.081861,0.9828942372961125 
5.4053,0.9828942372961125 
411.7,0.9828942372961125 
0.08037899999999999,0.9828942372961125 
5.5708,0.9828942372961125 
421.8,0.9828942372961125 
0.082585,0.9828942372961125 
5.6029,0.9828942372961125 
416.5,0.9828942372961125 
0.080712,0.9828942372961125 
5.6,0.9828942372961125 
416.6,0.9828942372961125 
0.080001,0.9828942372961125 
5.5375,0.9828942372961125 
413.0,0.9828942372961125 
0.080192,0.9828942372961125 
5.6496,0.9821967248583015 
414.5,0.9814992124204904 
0.079513,0.9808016999826794 
5.6236,0.9790740941776239 
415.2,0.9760375930660077 
0.079537,0.9749595213249457 
5.636,0.9713885925457211 
399.0,0.9670195952220728 
0.077176,0.9608109394347335 
5.4284,0.95454603506981 
400.3,0.9535210143319434 
0.077424,0.952323701066711 
5.4121,0.9497838749728231 
396.0,0.9523464268174896 
0.076503,0.9530838197490931 
5.3864,0.9524964849648815 
404.2,0.9533018584017766 
0.07712000000000001,0.9548792711162889 
5.4232,0.9538527580700092 
402.9,0.9520223638952475 
0.077361,0.9514598167103129 
5.3996,0.9532429862803966 
401.2,0.9525840443774825 
0.076795,0.949098532427584 
5.393,0.9466274932904056 
399.7,0.9502150658729386 
0.076615,0.9537499907512434 
5.4289,0.9587820211997589 
405.9,0.9595141788696635 
0.07795,0.9593165271560378 
5.4734,0.959279488025502 
405.0,0.9572294465497688 
0.07744,0.9579934464428219 
5.3994,0.9500459072906977 
402.3,0.9558299528829448 
0.076851,0.9637740313728989 
5.2681,0.9640015574604763 
416.1,0.9672230512080568 
0.079979,0.9668163447973273 
5.4066,0.9711075926351254 
414.2,0.96715394121764 
0.078774,0.9612205888143777 
5.3629,0.9575060931520665 
405.4,0.9526738525306957 
0.077234,0.9504768777138566 
5.2943,0.948736038578671 
401.3,0.9482924974622426 
0.0774,0.9509949817406571 
5.2746,0.9499288156594867 
402.5,0.9499288156594867 
0.077813,0.9499288156594867 
5.25,0.9499288156594867 
405.7,0.9499288156594867 
0.078622,0.9499288156594867 
5.271,0.9499288156594867 
403.8,0.9499288156594867 
0.077549,0.9499288156594867 
5.2332,0.9499288156594867 
410.6,0.9499288156594867 
0.079715,0.9499288156594867 
5.33,0.9499288156594867 
412.4,0.9499288156594867 
0.080182,0.9499288156594867 
5.4293,0.9499288156594867 
408.4,0.9499288156594867 
0.080624,0.9499288156594867 
5.3397,0.9499288156594867 
408.8,0.9499288156594867 
0.081862,0.9499288156594867 
5.3378,0.9499288156594867 
413.6,0.9499288156594867 
0.080176,0.9499288156594867 
5.264,0.9492313032216757 
412.7,0.9485337907838647 
0.080095,0.9478362783460537 
5.2827,0.9472084059801188 
417.0,0.9472068829632687 
0.07932,0.9470727214915516 
5.2404,0.9429847353888857 
418.2,0.9445831861362667 
0.0805,0.9439503015520105 
5.2176,0.9381205898470932 
424.0,0.9391201143117149 
0.079929,0.9360536417515917 
5.0959,0.9364403308090479 
421.6,0.9321730881404445 
0.07926799999999999,0.9314755757026336 
5.0924,0.9224445165297716 
416.8,0.9185429880892083 
0.078542,0.9177376678762832 
4.9258,0.9122275786087901 
414.1,0.9129888524508513 
0.078226,0.9123602482721103 
4.9861,0.9151495880672726 
414.1,0.9144834734554692 
0.07741,0.9145882408185928 
4.9977,0.9193438365349353 
415.0,0.9243872757385903 
0.077917,0.9238684879525209 
4.9757,0.9159501162389312 
418.5,0.9122389062588833 
0.076426,0.910712837077964 
4.8101,0.8995707201912768 
415.1,0.8998561978820496 
0.076613,0.9006476332637174 
4.8397,0.901089659788634 
416.7,0.8826287691186518 
0.07646499999999999,0.8767176177751903 
4.764,0.8457681398840571 
387.5,0.8345393507136556 
0.07067799999999999,0.8345368261988815 
4.3143,0.8364421129442111 
386.4,0.8368227498652416 
0.072783,0.8363165846530426 
4.4483,0.8387020036581951 
388.5,0.8282344883298548 
0.071533,0.8265089824817848 
4.434,0.8330631688857184 
365.1,0.7936029199194012 
0.069543,0.7860508945611553 
4.4583,0.7626816380920505 
339.9,0.7626816380920505 
0.06504299999999999,0.7626816380920505 
4.3142,0.7626816380920505 
344.8,0.7626816380920505 
0.065944,0.7626816380920505 
4.235,0.7626816380920505 
334.3,0.7626816380920505 
0.06394,0.7626816380920505 
4.2613,0.7626816380920505 
345.2,0.7626816380920505 
0.066715,0.7626816380920505 
4.3383,0.7626816380920505 
345.3,0.7626816380920505 
0.065011,0.7626816380920505 
4.3559,0.7626816380920505 
341.1,0.7626816380920505 
0.063941,0.7626816380920505 
4.286,0.7626816380920505 
350.5,0.7626816380920505 
0.06754,0.7626816380920505 
4.5016,0.7626816380920505 
352.5,0.7626816380920505 
0.069261,0.7626816380920505 
4.4932,0.7619841256542395 
346.0,0.7612866132164284 
0.06722,0.7605891007786175 
4.3974,0.7594763655171404 
350.2,0.7604619513494468 
0.070425,0.7601789477295534 
4.4647,0.7614840210292286 
353.0,0.7587496406347777 
0.069746,0.7580521281969668 
4.5293,0.7578107341162874 
347.6,0.753376747029658 
0.068,0.7512213332610213 
4.4092,0.7512213332610213 
345.1,0.7441611142956214 
0.068098,0.7435280085417895 
4.47,0.7428304961039784 
336.5,0.7458455449856187 
0.066838,0.7458455449856187 
4.3469,0.7459995455581385 
347.9,0.7442821334666936 
0.06815399999999999,0.7442821334666936 
4.3498,0.7411907984447893 
341.3,0.7315732907326972 
0.06664199999999999,0.7315732907326972 
4.2554,0.731251701301847 
344.7,0.7410409502230836 
0.06699400000000001,0.7410409502230836 
4.2737,0.7409594205082202 
340.6,0.7354637018155963 
0.066968,0.7354637018155963 
4.2169,0.7347797580964643 
338.7,0.7115946948619565 
0.06526599999999999,0.7115946948619565 
4.2058,0.70757482697633 
323.2,0.6886832939704346 
0.061946,0.6886832939704346 
4.0,0.6866269333844353 
305.9,0.673231119071164 
0.060591,0.673231119071164 
3.8955,0.6716820544887592 
307.6,0.6749451374625048 
0.061287,0.6749451374625048 
3.88,0.6764783490447972 
309.0,0.6218646445368454 
0.061988999999999995,0.6218646445368454 
3.9469,0.6164021536409968 
285.3,0.6296262267451236 
0.058475,0.6296262267451236 
3.7378,0.6289927816254923 
288.8,0.6365833995872611 
0.058101,0.6365833995872611 
3.7201,0.6365833995872611 
291.7,0.6365833995872611 
0.057972,0.6365833995872611 
3.7936,0.6365833995872611 
317.3,0.6365833995872611 
0.0598,0.6365833995872611 
3.9684,0.6365833995872611 
317.8,0.6365833995872611 
0.059567999999999996,0.6365833995872611 
4.18,0.6365833995872611 
313.1,0.6365833995872611 
0.05954299999999999,0.6365833995872611 
4.17,0.6365833995872611 
308.3,0.6365833995872611 
0.059039,0.6365833995872611 
4.091,0.6365833995872611 
309.6,0.6365833995872611 
0.058649,0.6365833995872611 
4.1771,0.6365833995872611 
305.3,0.6365833995872611 
0.057793,0.6365833995872611 
4.129,0.6358858871494502 
303.8,0.6351883747116392 
0.057737000000000004,0.6344908622738282 
3.9699,0.6250246210083427 
283.0,0.624610692432483 
0.053069000000000005,0.6244548294474893 
3.825,0.6191559478857571 
283.0,0.6201575208531582 
0.051753999999999994,0.6201575208531582 
3.6881,0.6212406111841724 
284.5,0.625604333325838 
0.05139,0.625604333325838 
3.68,0.6351231478047608 
291.6,0.6344256353669497 
0.05315399999999999,0.6337281229291388 
3.8016,0.6330306104913278 
279.0,0.632578696577119 
0.051240999999999995,0.6363675836525994 
3.7501,0.6399985306819391 
301.2,0.6500217526449498 
0.056323000000000005,0.6500217526449498 
3.9957,0.6500217526449498 
294.3,0.6493242402071389 
0.055937,0.648626727769328 
3.8709,0.6479292153315169 
292.2,0.6452865919133869 
0.055123,0.6446122702019969 
3.8375,0.6438866943991487 
297.7,0.650457614585458 
0.055807,0.6539607899876821 
3.897,0.6566501499040006 
299.0,0.6535340434238952 
0.05633099999999999,0.6530096373300796 
3.9664,0.6515654459518667 
295.0,0.6524460847397227 
0.056840999999999996,0.6519537851414468 
3.9339,0.652795804849592 
314.6,0.6648537820986956 
0.058455999999999994,0.672919647255955 
4.02,0.6787474442662693 
311.1,0.6778668054784134 
0.058008000000000004,0.6778239968176938 
4.0501,0.677476982634943 
314.5,0.6763931195114281 
0.058538,0.6750089728148263 
4.0977,0.6776421980839351 
311.0,0.6764228520699809 
0.057908,0.6743688283156613 
4.0611,0.6674264115440518 
310.3,0.6632875447240196 
0.05825,0.6632875447240196 
4.0183,0.6632875447240196 
303.2,0.6632875447240196 
0.057,0.6632875447240196 
3.9199,0.6632875447240196 
301.7,0.6632875447240196 
0.057173,0.6632875447240196 
3.9401,0.6632875447240196 
300.9,0.6632875447240196 
0.058251,0.6632875447240196 
3.9029,0.6632875447240196 
308.6,0.6632875447240196 
0.0603,0.6632875447240196 
3.9676,0.6632875447240196 
314.6,0.6632875447240196 
0.061799,0.6632875447240196 
4.0449,0.6632875447240196 
312.0,0.6632875447240196 
0.061251,0.6632875447240196 
4.0255,0.6632875447240196 
314.6,0.6632875447240196 
0.061074,0.6632875447240196 
4.0001,0.6632875447240196 
331.1,0.6632875447240196 
0.062402,0.6632875447240196 
4.0808,0.6632875447240196 
335.4,0.6632875447240196 
0.065001,0.6632875447240196 
4.1512,0.6632875447240196 
324.9,0.6632875447240196 
0.062747,0.6632875447240196 
4.0363,0.6632875447240196 
325.4,0.6632875447240196 
0.061752,0.6632875447240196 
4.017,0.6632875447240196 
325.0,0.6632875447240196 
0.062204999999999996,0.6632875447240196 
4.2553,0.6632875447240196 
325.3,0.6632875447240196 
0.061808,0.6632875447240196 
4.2106,0.6632875447240196 
317.3,0.6632875447240196 
0.060351999999999996,0.6632875447240196 
4.1336,0.6632875447240196 
314.2,0.6625900322862086 
0.060171,0.6618925198483977 
4.0798,0.6611950074105867 
321.7,0.660745940634604 
0.061185,0.6614192742918366 
4.2511,0.6621416603979864 
321.6,0.6605908087418049 
0.061707000000000005,0.6608215216911202 
4.2855,0.6626667060717125 
319.0,0.6611778884817783 
0.061803,0.6575872151156739 
4.23,0.6528417793881505 
321.0,0.6476929518896276 
0.060502999999999994,0.64380982548918 
4.1634,0.6378106106312541 
307.4,0.6370662018362869 
0.058732000000000006,0.6347460744304965 
3.9684,0.6311172118153315 
302.6,0.6317995865440514 
0.058145,0.6315558756820986 
3.9002,0.6293842356034015 
309.8,0.6310591553920777 
0.059296,0.6322874581363196 
3.9161,0.6324341266383667 
311.2,0.6295805595909927 
0.059315999999999994,0.6242060201997387 
3.9276,0.6205809709656269 
305.7,0.6171058225744553 
0.056604999999999996,0.6171058225744553 
3.8752,0.6171058225744553 
303.4,0.6171058225744553 
0.056885000000000005,0.6171058225744553 
3.8788,0.6171058225744553 
295.8,0.6171058225744553 
0.055376999999999996,0.6171058225744553 
3.71,0.6171058225744553 
305.7,0.6171058225744553 
0.057665999999999995,0.6171058225744553 
3.8457,0.6171058225744553 
296.6,0.6171058225744553 
0.055617999999999994,0.6171058225744553 
3.6947,0.6171058225744553 
284.7,0.6171058225744553 
0.054152,0.6171058225744553 
3.6747,0.6171058225744553 
288.1,0.6171058225744553 
0.055082000000000006,0.6171058225744553 
3.67,0.6171058225744553 
291.5,0.6171058225744553 
0.05586,0.6171058225744553 
3.7371,0.6171058225744553 
306.5,0.6171058225744553 
0.058692999999999995,0.6171058225744553 
4.0,0.6171058225744553 
297.6,0.6171058225744553 
0.057017,0.6171058225744553 
3.8702,0.6171058225744553 
302.4,0.6171058225744553 
0.05873,0.6171058225744553 
3.8762,0.6171058225744553 
308.0,0.6171058225744553 
0.059848,0.6171058225744553 
3.9912,0.6171058225744553 
306.4,0.6171058225744553 
0.059072,0.6171058225744553 
3.948,0.6171058225744553 
306.9,0.6171058225744553 
0.059227999999999996,0.6171058225744553 
3.9241,0.6171058225744553 
304.9,0.6171058225744553 
0.059289999999999995,0.6171058225744553 
3.8426,0.6171058225744553 
296.4,0.6164083101366444 
0.059059,0.6157107976988335 
3.8031,0.6150132852610225 
301.9,0.6137831399021695 
0.058702,0.6106266014926749 
3.79,0.607586903876858 
298.4,0.6156646547704345 
0.057326999999999996,0.6175442956230344 
3.7705,0.6229812231009716 
315.5,0.6250507295282516 
0.059283,0.6377794653019707 
3.8334,0.6373786830630539 
314.4,0.6376457161504449 
0.061463,0.6357935153102917 
3.8491,0.6370116823785783 
312.4,0.6414177283205292 
0.061451,0.6443675296585509 
3.8238,0.6445679207780093 
320.0,0.642832205709968 
0.062529,0.644303676377423 
3.8586,0.6456536797085112 
317.6,0.6497259342912235 
0.0629,0.6520651953523058 
3.916,0.6566689176493369 
321.9,0.6539318285035794 
0.062294,0.6500834079179466 
3.932,0.6463800286882597 
318.9,0.6397581421871386 
0.061922000000000005,0.6397581421871386 
3.9041,0.6289886833467844 
303.8,0.6289886833467844 
0.0586,0.6289886833467844 
3.7,0.6089217414640293 
303.5,0.6089217414640293 
0.057537,0.6089217414640293 
3.5971,0.6110140643855957 
302.9,0.6110140643855957 
0.058384000000000005,0.6110140643855957 
3.6119,0.611030039148003 
305.8,0.611030039148003 
0.05977999999999999,0.611030039148003 
3.62,0.03359030241556876 
305.4,0.03359030241556876 
0.058765,0.03359030241556876 
3.63,0.6155668716716429 
304.9,0.6155668716716429 
0.059115999999999995,0.6155668716716429 
3.6576,0.03359030241556876 
305.1,0.03359030241556876 
0.059369000000000005,0.03359030241556876 
3.6165,0.608918590901596 
304.4,0.608918590901596 
0.058697000000000006,0.608918590901596 
3.6147,0.608918590901596 
302.7,0.608918590901596 
0.05902999999999999,0.608918590901596 
3.5971,0.608918590901596 
311.2,0.608918590901596 
0.059332,0.608918590901596 
3.6394,0.6082210784637849 
311.5,0.6082210784637849 
0.05946,0.6082210784637849 
3.6137,0.6063387194205117 
308.7,0.6063387194205117 
0.058924000000000004,0.6063387194205117 
3.6179,0.6063018920765574 
305.7,0.6063018920765574 
0.059945000000000005,0.6063018920765574 
3.5573,0.6017111720145187 
305.4,0.6017111720145187 
0.061458000000000006,0.6017111720145187 
3.5731,0.6052395334344648 
305.1,0.6045420209966539 
0.060762000000000004,0.6045420209966539 
3.5982,0.6052749819808935 
305.6,0.604981368083169 
0.060319000000000005,0.604981368083169 
3.5836,0.5983708897724793 
303.2,0.5985340086045485 
0.059053999999999995,0.5985340086045485 
3.547,0.5949245214934815 
308.0,0.5978606604707265 
0.059864,0.5978606604707265 
3.5356,0.6001425201386423 
314.3,0.6014148470287818 
0.061065999999999995,0.6014148470287818 
3.5596,0.6099891075991324 
320.5,0.6114571770877548 
0.060658000000000004,0.6114571770877548 
3.6204,0.6146656100753699 
322.6,0.6135237782508858 
0.060113,0.6135237782508858 
3.6444,0.6115323370861592 
318.0,0.6154145652894053 
0.059986000000000005,0.6154145652894053 
3.632,0.6200750907929669 
331.7,0.6199119719608976 
0.060573,0.6199119719608976 
3.6726,0.6266042376538665 
328.2,0.6265843371563541 
0.060163,0.6265843371563541 
3.6955,0.6265843371563541 
331.3,0.6265843371563541 
0.06030599999999999,0.6265843371563541 
3.7106,0.6265843371563541 
330.9,0.6265843371563541 
0.06015499999999999,0.6265843371563541 
3.713,0.6265843371563541 
325.6,0.6265843371563541 
0.05935700000000001,0.6265843371563541 
3.63,0.6265843371563541 
328.5,0.6265843371563541 
0.060127999999999994,0.6265843371563541 
3.6461,0.6265843371563541 
323.0,0.6265843371563541 
0.059285000000000004,0.6265843371563541 
3.5909,0.6265843371563541 
322.5,0.6265843371563541 
0.058944,0.6265843371563541 
3.5424,0.6265843371563541 
322.7,0.6265843371563541 
0.058539,0.6265843371563541 
3.5067,0.6265843371563541 
325.1,0.6265843371563541 
0.05825,0.6265843371563541 
3.4753,0.6265843371563541 
327.4,0.6265843371563541 
0.058262,0.6265843371563541 
3.5113,0.6265843371563541 
329.8,0.6265843371563541 
0.05872,0.6265843371563541 
3.5363,0.6265843371563541 
326.3,0.6265843371563541 
0.05815,0.6265843371563541 
3.7457,0.6265843371563541 
331.6,0.6265843371563541 
0.058552999999999994,0.6265843371563541 
3.721,0.6265843371563541 
327.5,0.6265843371563541 
0.058,0.6265843371563541 
3.602,0.6265843371563541 
328.2,0.6265843371563541 
0.057465999999999996,0.6265843371563541 
3.644,0.6258868247185432 
323.1,0.6251893122807323 
0.057453,0.6244917998429212 
3.6175,0.6254456205597794 
328.3,0.6287294326473869 
0.057555999999999996,0.6280804613910476 
3.649,0.6288309163126775 
341.9,0.6299723012470801 
0.057603999999999995,0.6303328049684476 
3.6991,0.631565303927329 
340.5,0.6307843563406326 
0.057589,0.6316613509704978 
3.7576,0.6337976824992255 
339.6,0.6354196505639028 
0.057536000000000004,0.6361129269511481 
3.7052,0.6365401932568936 
338.8,0.6335966215839608 
0.057936,0.633430235251022 
3.7303,0.6324990138154227 
334.9,0.632018430685148 
0.057767,0.6309819824862163 
3.7339,0.4267103439277836 
335.6,0.42634990658007754 
0.057746000000000006,0.42554223958893683 
3.7339,0.6281431573364413 
333.0,0.6262208248153424 
0.05683200000000001,0.623134885229381 
3.6758,0.6189521124293265 
333.1,0.6201123602515922 
0.0565,0.6201123602515922 
3.6141,0.6201123602515922 
333.8,0.6201123602515922 
0.056701999999999995,0.6201123602515922 
3.6148,0.6201123602515922 
337.9,0.6201123602515922 
0.056476,0.6201123602515922 
3.6127,0.6201123602515922 
338.3,0.6201123602515922 
0.056491,0.6201123602515922 
3.6319,0.6194148478137813 
337.3,0.6194148478137813 
0.056348,0.6194148478137813 
3.6104,0.6192645358132908 
345.6,0.6192645358132908 
0.056601,0.6192645358132908 
3.6358,0.6194774441846935 
344.0,0.6194774441846935 
0.056616999999999994,0.6194774441846935 
3.634,0.6229079292631845 
353.8,0.6229079292631845 
0.057477999999999994,0.6229079292631845 
3.6823,0.6211429918304165 
349.5,0.6211429918304165 
0.057022,0.6211429918304165 
3.6858,0.6353341462453599 
348.8,0.6353341462453599 
0.057,0.6353341462453599 
3.8599,0.6322562491745407 
345.9,0.6322562491745407 
0.0563,0.6322562491745407 
3.7554,0.6255334739935405 
342.8,0.6255334739935405 
0.05574400000000001,0.6255334739935405 
3.73,0.6179019092037354 
351.0,0.6179019092037354 
0.055941,0.6179019092037354 
3.7,0.6179019092037354 
343.9,0.6179019092037354 
0.054783000000000005,0.6179019092037354 
3.6,0.6179019092037354 
341.7,0.6179019092037354 
0.054454999999999996,0.6179019092037354 
3.5801,0.6179019092037354 
337.6,0.6172043967659244 
0.054458000000000006,0.6165068843281135 
3.5701,0.6158093718903025 
335.1,0.6157376612610588 
0.053320000000000006,0.6154926198291115 
3.565,0.6170811617698337 
336.4,0.6164276086310652 
0.053836,0.6169462129148681 
3.6188,0.6168682686633664 
333.5,0.6181159610191974 
0.053272,0.617082483417662 
3.535,0.614504755671573 
343.0,0.6162277594010539 
0.053829999999999996,0.6121684683163232 
3.5413,0.6114502677132012 
336.3,0.6089548830015394 
0.051884000000000007,0.6074699585054706 
3.5262,0.6044301326969077 
336.2,0.6059154807395637 
0.051809,0.6067624100375726 
3.4836,0.6079983831685267 
338.4,0.607285416108052 
0.052076,0.6044722676908765 
3.5052,0.6025459311894795 
336.5,0.6010605831468236 
0.050861,0.5992436026704783 
3.48,0.5982162528961147 
335.4,0.5983524296046654 
0.051121,0.5979545817687011 
3.4799,0.5979545817687011 
332.5,0.5979545817687011 
0.050569,0.5979545817687011 
3.4524,0.5979545817687011 
328.4,0.5979545817687011 
0.052375,0.5979545817687011 
3.3699,0.5979545817687011 
325.9,0.5979545817687011 
0.051516,0.5979545817687011 
3.3067,0.5979545817687011 
333.8,0.5979545817687011 
0.052091,0.5979545817687011 
3.2793,0.5979545817687011 
330.0,0.5979545817687011 
0.050948,0.5979545817687011 
3.2647,0.5979545817687011 
327.3,0.5979545817687011 
0.050637,0.5979545817687011 
3.2491,0.5979545817687011 
313.8,0.5979545817687011 
0.048851,0.5979545817687011 
3.1101,0.5979545817687011 
311.4,0.5979545817687011 
0.048817,0.5979545817687011 
3.1215,0.5979545817687011 
311.0,0.5979545817687011 
0.048389999999999996,0.5979545817687011 
3.1198,0.5979545817687011 
315.3,0.5979545817687011 
0.047591,0.5979545817687011 
3.1547,0.5979545817687011 
319.7,0.5979545817687011 
0.04943,0.5979545817687011 
3.1938,0.5979545817687011 
318.0,0.5979545817687011 
0.050087,0.5979545817687011 
3.2304,0.5979545817687011 
308.4,0.5979545817687011 
0.048544,0.5979545817687011 
3.1785,0.5979545817687011 
307.6,0.5979545817687011 
0.050401,0.5979545817687011 
3.2409,0.5979545817687011 
315.8,0.5972570693308902 
0.051442999999999996,0.5965595568930792 
3.3152,0.5958620444552682 
315.3,0.5964244558865576 
0.051976,0.5968144125220961 
3.3278,0.5957878183935025 
320.1,0.5952869996401584 
0.053667999999999993,0.5917101435901907 
3.3248,0.5918733305181463 
319.2,0.5917481258298102 
0.052476999999999996,0.5897815970886454 
3.3233,0.5904402788705755 
321.8,0.5908158929355836 
0.052820000000000006,0.5911683839363583 
3.391,0.5918122305430197 
318.6,0.6025798337399182 
0.052770000000000004,0.6116555494019733 
3.3408,0.6124596159015365 
338.1,0.6134612534082248 
0.055499,0.6134538325450505 
3.4502,0.6164297687039506 
338.0,0.6156785405739345 
0.054765,0.6112111809430619 
3.5359,0.6147419526570113 
338.0,0.613740315150323 
0.053288999999999996,0.6109649123231696 
3.5242,0.6055744030375368 
335.1,0.6014681900788684 
0.05284,0.6002267464575922 
3.4237,0.6002267464575922 
329.5,0.6002267464575922 
0.052742,0.6002267464575922 
3.4131,0.6002267464575922 
330.3,0.6002267464575922 
0.053288,0.6002267464575922 
3.4195,0.6002267464575922 
333.7,0.6002267464575922 
0.0531,0.6002267464575922 
3.3789,0.6002267464575922 
329.3,0.6002267464575922 
0.053,0.6002267464575922 
3.3491,0.6002267464575922 
329.0,0.6002267464575922 
0.051636,0.6002267464575922 
3.3034,0.6002267464575922 
331.2,0.6002267464575922 
0.052002,0.6002267464575922 
3.3032,0.6002267464575922 
338.4,0.6002267464575922 
0.051544000000000006,0.6002267464575922 
3.2787,0.6002267464575922 
338.6,0.6002267464575922 
0.050979000000000003,0.6002267464575922 
3.192,0.6002267464575922 
345.7,0.6002267464575922 
0.052235000000000004,0.6002267464575922 
3.2794,0.6002267464575922 
346.7,0.6002267464575922 
0.052576,0.6002267464575922 
3.2445,0.6002267464575922 
351.5,0.6002267464575922 
0.053006,0.6002267464575922 
3.2482,0.6002267464575922 
347.2,0.6002267464575922 
0.052361000000000005,0.6002267464575922 
3.2069,0.6002267464575922 
338.3,0.6002267464575922 
0.051898,0.6002267464575922 
3.1867,0.6002267464575922 
337.9,0.6002267464575922 
0.052007000000000005,0.6002267464575922 
3.1917,0.6002267464575922 
312.1,0.6002267464575922 
0.047443,0.5995292340197813 
2.9891,0.5988317215819704 
310.8,0.5981342091441594 
0.047036,0.5968526150183524 
2.8555,0.5942092580772471 
306.6,0.5875544293271071 
0.046562,0.5781899004466637 
2.7709,0.5715956985289452 
297.1,0.5737073268823552 
0.046022,0.5783184577251829 
2.7839,0.5858781658426919 
303.0,0.590901281774288 
0.047075,0.5937131510359761 
2.9653,0.5921176691597264 
318.0,0.5926295790635834 
0.047925999999999996,0.5950397527164588 
2.9249,0.5943413014229934 
313.9,0.5955570874446535 
0.047179,0.5953604239695057 
2.9108,0.5978323937434376 
313.7,0.5963606527698488 
0.047333,0.5918959734510674 
2.8922,0.5944911993356108 
311.3,0.5916117061264157 
0.045933,0.5861762624196704 
2.85,0.5804374168242259 
304.9,0.5815837750651754 
0.0449,0.58281393439253 
2.8744,0.58281393439253 
310.1,0.58281393439253 
0.045426999999999995,0.58281393439253 
2.96,0.58281393439253 
312.1,0.58281393439253 
0.046967,0.58281393439253 
2.9683,0.58281393439253 
313.6,0.58281393439253 
0.046581,0.58281393439253 
2.9962,0.58281393439253 
309.0,0.58281393439253 
0.046807,0.58281393439253 
2.8903,0.58281393439253 
307.7,0.58281393439253 
0.04678,0.58281393439253 
2.8539,0.58281393439253 
309.1,0.58281393439253 
0.047099,0.58281393439253 
2.8857,0.58281393439253 
309.1,0.58281393439253 
0.047652,0.58281393439253 
2.9013,0.58281393439253 
309.8,0.58281393439253 
0.047075,0.58281393439253 
2.8644,0.58281393439253 
304.8,0.58281393439253 
0.047208,0.58281393439253 
2.8572,0.58281393439253 
306.4,0.58281393439253 
0.047467,0.58281393439253 
2.9097,0.58281393439253 
304.7,0.58281393439253 
0.047113,0.58281393439253 
2.8821,0.58281393439253 
306.1,0.58281393439253 
0.0471,0.58281393439253 
2.886,0.58281393439253 
319.0,0.58281393439253 
0.049154,0.58281393439253 
2.9513,0.58281393439253 
319.2,0.58281393439253 
0.049511,0.58281393439253 
2.9451,0.58281393439253 
320.0,0.58281393439253 
0.050157,0.5821164219547191 
2.9501,0.5814189095169081 
317.0,0.5807213970790972 
0.050574,0.5794988003623096 
2.9848,0.5780567297392888 
318.6,0.5783712129490303 
0.050255,0.5788957182140353 
2.9386,0.5770980026899316 
322.9,0.5795509717259147 
0.050757,0.5795273098342604 
2.9445,0.5817626714597377 
323.8,0.5815425332129187 
0.050437,0.5806157757897894 
2.9267,0.5764480383013243 
324.6,0.5755045886721 
0.050003,0.5745344511142711 
2.8833,0.573787086233464 
321.3,0.5743531560109986 
0.049845,0.5764669516654549 
2.88,0.5775711664443052 
325.4,0.5773195798765121 
0.05011,0.5743460688252805 
2.9015,0.5749049092316498 
320.7,0.5743073911331411 
0.04937,0.5715468371067988 
2.8495,0.5675408266853336 
321.9,0.5664603881699459 
0.049338,0.5657704074093047 
2.8394,0.5657704074093047 
318.2,0.5657704074093047 
0.049229,0.5657704074093047 
2.808,0.5657704074093047 
316.4,0.5657704074093047 
0.049685,0.5657704074093047 
2.8344,0.5657704074093047 
312.8,0.5657704074093047 
0.049075,0.5657704074093047 
2.8696,0.5657704074093047 
315.6,0.5657704074093047 
0.04917,0.5657704074093047 
2.8679,0.5657704074093047 
306.5,0.5657704074093047 
0.047577,0.5657704074093047 
2.7314,0.5657704074093047 
296.6,0.5657704074093047 
0.047322,0.5657704074093047 
2.7125,0.5657704074093047 
300.3,0.5657704074093047 
0.046783,0.5657704074093047 
2.6852,0.5657704074093047 
292.5,0.5657704074093047 
0.046393000000000004,0.5657704074093047 
2.603,0.5657704074093047 
300.0,0.5657704074093047 
0.047047000000000005,0.5657704074093047 
2.6664,0.5657704074093047 
304.3,0.5657704074093047 
0.047262,0.5657704074093047 
2.6645,0.5657704074093047 
296.1,0.5657704074093047 
0.04732,0.5657704074093047 
2.5904,0.5657704074093047 
297.1,0.5657704074093047 
0.047142,0.5657704074093047 
2.6085,0.5657704074093047 
299.7,0.5657704074093047 
0.047833999999999995,0.5657704074093047 
2.6209,0.5657704074093047 
303.4,0.5657704074093047 
0.049757,0.5657704074093047 
2.663,0.5657704074093047 
312.4,0.5657704074093047 
0.049558,0.5650728949714938 
2.7312,0.5643753825336828 
312.0,0.5636778700958719 
0.049299,0.5627652645122729 
2.6997,0.5625621698233999 
311.5,0.5633994075828229 
0.049623,0.5635628959418209 
2.74,0.5641912634992156 
312.7,0.5633540257397925 
0.049503,0.5612007644261617 
2.7206,0.5600390151049319 
307.9,0.5610372601257825 
0.049332,0.5624448550215448 
2.7421,0.5647245140669768 
313.2,0.5647245140669768 
0.049593,0.563568132991138 
2.7447,0.5599805926343845 
312.3,0.5611398449166625 
0.049621,0.5624956020400597 
2.6963,0.5609173765470683 
316.2,0.5605631605719278 
0.049829000000000005,0.5610695757327261 
2.712,0.5633638479771672 
314.7,0.5623978044086023 
0.049656,0.5603362560768483 
2.7046,0.5588165418326898 
311.7,0.5565912282710481 
0.049631,0.5531571513027763 
2.7007,0.5531571513027763 
304.4,0.5531571513027763 
0.048717,0.5531571513027763 
2.6239,0.5531571513027763 
301.8,0.5531571513027763 
0.049138,0.5531571513027763 
2.618,0.5531571513027763 
307.3,0.5531571513027763 
0.050247,0.5531571513027763 
2.6747,0.5531571513027763 
306.0,0.5531571513027763 
0.050226,0.5531571513027763 
2.6879,0.5531571513027763 
306.8,0.5531571513027763 
0.052436,0.5531571513027763 
2.7085,0.5531571513027763 
307.6,0.5531571513027763 
0.051651,0.5531571513027763 
2.6939,0.5531571513027763 
308.3,0.5531571513027763 
0.052272000000000006,0.5531571513027763 
2.6862,0.5531571513027763 
304.4,0.5531571513027763 
0.050564,0.5531571513027763 
2.6416,0.5531571513027763 
303.7,0.5531571513027763 
0.049865,0.5531571513027763 
2.6201,0.5531571513027763 
306.2,0.5531571513027763 
0.049504,0.5531571513027763 
2.666,0.5531571513027763 
311.8,0.5531571513027763 
0.049638,0.5531571513027763 
2.6559,0.5531571513027763 
311.2,0.5531571513027763 
0.049693,0.5531571513027763 
2.6439,0.5531571513027763 
312.0,0.5531571513027763 
0.049053,0.5531571513027763 
2.6281,0.5531571513027763 
309.3,0.5531571513027763 
0.049917,0.5531571513027763 
2.6242,0.5531571513027763 
306.9,0.5531571513027763 
0.049801,0.5524596388649654 
2.6017,0.5517621264271544 
310.6,0.5510646139893435 
0.049507999999999996,0.548520238697207 
2.6101,0.5454236077640776 
305.3,0.5452938360163604 
0.04877,0.546473431729563 
2.5462,0.5458874461966476 
306.2,0.5457901173858597 
0.049177,0.5444812509095664 
2.5447,0.5440957341115957 
305.3,0.5449392504717578 
0.048385000000000004,0.5431900554586866 
2.5155,0.5411622371013611 
312.2,0.5420381963984525 
0.048563,0.5442923553298467 
2.535,0.5491498669842765 
309.3,0.5478521495071043 
0.048931,0.5484257885183191 
2.5717,0.5479014856730791 
308.2,0.5475770563037861 
0.049804,0.549802937255754 
2.5383,0.5451767356801066 
305.6,0.5452416215539652 
0.049201,0.5445669897590856 
2.4943,0.5392940914651783 
307.7,0.5391599723639124 
0.049222,0.5368214400213336 
2.4512,0.5368214400213336 
306.6,0.5368214400213336 
0.048742,0.5368214400213336 
2.4428,0.5368214400213336 
308.0,0.5368214400213336 
0.048609,0.5368214400213336 
2.5601,0.5368214400213336 
290.3,0.5368214400213336 
0.045635,0.5368214400213336 
2.3666,0.5368214400213336 
291.8,0.5368214400213336 
0.045880000000000004,0.5368214400213336 
2.322,0.5368214400213336 
286.4,0.5368214400213336 
0.044211,0.5368214400213336 
2.2359,0.5368214400213336 
281.7,0.5368214400213336 
0.043712,0.5368214400213336 
2.213,0.5368214400213336 
280.5,0.5368214400213336 
0.044108,0.5368214400213336 
2.1767,0.5368214400213336 
282.6,0.5368214400213336 
0.044077,0.5368214400213336 
2.1697,0.5368214400213336 
278.0,0.5368214400213336 
0.044346,0.5368214400213336 
2.2233,0.5368214400213336 
280.0,0.5368214400213336 
0.044617000000000004,0.5368214400213336 
2.1656,0.5368214400213336 
277.6,0.5368214400213336 
0.044816,0.5368214400213336 
2.1013,0.5368214400213336 
277.4,0.5368214400213336 
0.044719,0.5368214400213336 
2.1486,0.5368214400213336 
281.6,0.5368214400213336 
0.045304000000000004,0.5368214400213336 
2.2075,0.5368214400213336 
280.9,0.5368214400213336 
0.04545,0.5368214400213336 
2.2164,0.5368214400213336 
282.0,0.5368214400213336 
0.044771,0.5361239275835227 
2.1745,0.5354264151457118 
278.7,0.5347289027079007 
0.044708,0.534378251525921 
2.1457,0.5325350676588226 
279.7,0.5321783000447595 
0.045137000000000004,0.5329329666264648 
2.1211,0.5315018298659065 
276.9,0.5306099108307489 
0.045406999999999996,0.5294557148822586 
2.1107,0.5247998738625207 
277.0,0.5254420555678342 
0.044893,0.5253532712641041 
2.0487,0.5237362725865904 
277.1,0.5222735253689319 
0.044818000000000004,0.52133685096458 
2.0532,0.5168761649576455 
275.0,0.5187670333121798 
0.044386,0.5203473939185742 
1.9925,0.5209142727652888 
279.9,0.5219132220846654 
0.044879,0.5220552769706335 
2.0187,0.5235049999228871 
281.3,0.5231125555474178 
0.045081,0.5246263279260147 
2.0115,0.5237129838799032 
280.4,0.5226585928733012 
0.044851,0.51961135575754 
2.0307,0.51961135575754 
277.5,0.51961135575754 
0.044463,0.51961135575754 
2.0792,0.51961135575754 
277.9,0.51961135575754 
0.044181,0.51961135575754 
2.0878,0.51961135575754 
282.1,0.51961135575754 
0.044217,0.51961135575754 
2.1969,0.51961135575754 
281.7,0.51961135575754 
0.044456999999999997,0.51961135575754 
2.137,0.51961135575754 
281.4,0.51961135575754 
0.043972000000000004,0.51961135575754 
2.1182,0.51961135575754 
282.0,0.51961135575754 
0.043647000000000005,0.51961135575754 
2.0728,0.51961135575754 
287.2,0.51961135575754 
0.043938,0.51961135575754 
2.1081,0.51961135575754 
286.2,0.51961135575754 
0.044534,0.51961135575754 
2.118,0.51961135575754 
291.5,0.51961135575754 
0.045801999999999995,0.51961135575754 
2.166,0.51961135575754 
294.3,0.51961135575754 
0.04546,0.51961135575754 
2.1326,0.51961135575754 
296.9,0.51961135575754 
0.045168,0.51961135575754 
2.1712,0.51961135575754 
295.3,0.51961135575754 
0.045323,0.51961135575754 
2.1943,0.51961135575754 
296.8,0.51961135575754 
0.045021,0.51961135575754 
2.1828,0.51961135575754 
301.5,0.51961135575754 
0.045381,0.51961135575754 
2.1783,0.51961135575754 
303.1,0.51961135575754 
0.046006,0.5189138433197291 
2.1912,0.5182163308819181 
300.4,0.5175188184441072 
0.046479,0.5155554957646767 
2.1485,0.5124931404132784 
299.6,0.5124264944068737 
0.046006,0.5102302981245254 
2.0877,0.5064004912572262 
298.4,0.5057340311931794 
0.045602,0.5056525317217642 
2.0649,0.506554209552172 
296.7,0.5059543954945298 
0.04602,0.5069066524763293 
2.0759,0.5034207845752682 
293.3,0.5041538906457197 
0.04556,0.502678321268517 
2.0667,0.5173840359871267 
298.3,0.5171174519615079 
0.045777,0.5173490820381619 
2.0886,0.5024946369557736 
294.5,0.501661561875715 
0.045457,0.500001546326362 
2.0298,0.4967480696187049 
293.4,0.49681471562510954 
0.045026,0.4964672705101287 
1.9879,0.49296281131359526 
293.3,0.49209641323033443 
0.044881,0.4907237905538668 
1.9193,0.4875818616190437 
290.4,0.48691540155499685 
0.044417,0.4851695970883646 
1.9201,0.4838496151098295 
288.6,0.48334977006179436 
0.043979000000000004,0.48375297797300665 
1.9294,0.4870157503283999 
287.3,0.48801544042447015 
0.044262,0.4875393119335704 
1.9705,0.48656326892127333 
292.8,0.4879961580589739 
0.044323,0.48845512876641783 
1.959,0.4907418581095139 
294.3,0.49114173414794193 
0.043982,0.48916858905051974 
1.9811,0.49069307527925043 
295.6,0.4915261503593089 
0.043841000000000005,0.4925513279207957 
1.985,0.49267310090613947 
299.8,0.49250735228821096 
0.044087,0.49283901224241244 
2.0633,0.49283901224241244 
298.5,0.49283901224241244 
0.044248,0.49283901224241244 
2.0862,0.49283901224241244 
287.2,0.49283901224241244 
0.043762,0.49283901224241244 
2.0747,0.49283901224241244 
286.6,0.49283901224241244 
0.044336,0.49283901224241244 
2.0373,0.49283901224241244 
286.4,0.49283901224241244 
0.043733,0.49283901224241244 
2.0409,0.49283901224241244 
287.3,0.49283901224241244 
0.044203,0.49283901224241244 
2.1266,0.49283901224241244 
291.1,0.49283901224241244 
0.044349,0.49283901224241244 
2.19,0.49283901224241244 
299.8,0.49283901224241244 
0.04559,0.49283901224241244 
2.2464,0.49283901224241244 
300.2,0.49283901224241244 
0.04573,0.49214149980460153 
2.2157,0.4914439873667905 
300.2,0.4907464749289796 
0.046100999999999996,0.49126747513956803 
2.1614,0.4958260123997427 
309.2,0.49637916553530753 
0.04687,0.4988057518452082 
2.3604,0.5015589278142246 
305.7,0.49957408421013905 
0.047028,0.49794345262954975 
2.3308,0.5024207486316223 
300.4,0.5028437480882307 
0.046717,0.5038763380073374 
2.5517,0.507658569912314 
306.2,0.5079839541097051 
0.047377999999999997,0.5077516213779061 
2.54,0.5079818049425288 
302.6,0.5085674964978326 
0.046715,0.5076639803186144 
2.5864,0.5125158887886023 
306.8,0.5120603509122548 
0.046615,0.5084979156913368 
2.73,0.5046209023185744 
301.1,0.5032542886895318 
0.045814,0.5021614643584773 
2.5315,0.49753522604988426 
298.3,0.4996827617526653 
0.045473,0.5027245995560337 
2.4693,0.5118732678989782 
309.3,0.5119708831581956 
0.046225999999999996,0.513773613058636 
2.7906,0.5222633245303079 
302.8,0.5213197103578737 
0.046598,0.5210572604201007 
2.813,0.5182499236123497 
304.5,0.5187705383281753 
0.046599,0.5185382055963763 
2.8479,0.5159249451274247 
304.2,0.5168685592998588 
0.046868,0.5206246051306093 
2.7392,0.527214173843337 
306.6,0.5267586359669896 
0.047718,0.5288281182631992 
2.8186,0.5277629551014158 
306.9,0.527209801965851 
0.04807,0.5254716089353547 
2.8774,0.524293610692874 
305.3,0.5238026710158503 
0.047386000000000005,0.5218603693780106 
2.7796,0.5138023558982806 
302.9,0.5138023558982806 
0.047024,0.5138023558982806 
2.6677,0.5138023558982806 
300.9,0.5138023558982806 
0.045880000000000004,0.5138023558982806 
2.5696,0.5138023558982806 
303.6,0.5138023558982806 
0.046531,0.5138023558982806 
2.5813,0.5138023558982806 
302.7,0.5138023558982806 
0.045642,0.5138023558982806 
2.611,0.5138023558982806 
301.0,0.5138023558982806 
0.045695,0.5138023558982806 
2.5451,0.5138023558982806 
299.3,0.5138023558982806 
0.045233999999999996,0.5138023558982806 
2.5119,0.5138023558982806 
294.5,0.5138023558982806 
0.04458,0.5138023558982806 
2.4247,0.5138023558982806 
295.5,0.5138023558982806 
0.044502,0.5138023558982806 
2.4957,0.5131048434604697 
299.7,0.5124073310226587 
0.04508,0.5117098185848478 
2.5773,0.5115740675952343 
296.8,0.5100757303078283 
0.044594999999999996,0.5086713368713062 
2.5382,0.5153152043577047 
295.2,0.51598526571766 
0.044407,0.5164328196699584 
2.6075,0.5120061862621573 
297.4,0.5136813396620457 
0.044692,0.5146977060266243 
2.5697,0.5328273161251224 
299.8,0.5336983958930643 
0.04526,0.534600117895478 
2.9824,0.5480053741091901 
300.0,0.5484074109251633 
0.045895,0.5482332396826434 
2.9722,0.5614504619108914 
300.7,0.560646388278945 
0.045462,0.5602429283120949 
3.1506,0.5663226938421011 
298.9,0.564915564986195 
0.045298000000000005,0.5647127326531336 
3.1572,0.5548409484162679 
296.5,0.5537018441043439 
0.045087,0.5535497198545479 
3.1235,0.5566522806147057 
296.3,0.5571213235666745 
0.045037,0.5575556493233382 
3.0805,0.5621703167166033 
296.8,0.5613662430846569 
0.045491000000000004,0.5614610451533704 
3.15,0.5534147575253853 
295.7,0.5546878741093004 
0.04555,0.5555190457349971 
3.0407,0.5561536604359385 
298.7,0.5566897095239027 
0.045939,0.5567536458028025 
3.1729,0.5582500829371211 
298.1,0.5577140338491569 
0.045774,0.5573149832808515 
3.075,0.5560927623753348 
298.2,0.5558247378313527 
0.045271,0.554874512444946 
3.1061,0.5500091330710621 
296.9,0.5526869662899876 
0.045107999999999995,0.5528111966845891 
3.028,0.5546721847082262 
304.6,0.5546721847082262 
0.045811000000000004,0.5546721847082262 
3.178,0.5546721847082262 
306.2,0.5546721847082262 
0.046938,0.5546721847082262 
3.1348,0.5546721847082262 
305.2,0.5546721847082262 
0.046566,0.5546721847082262 
3.1075,0.5546721847082262 
304.5,0.5546721847082262 
0.046274,0.5546721847082262 
3.2361,0.5546721847082262 
305.2,0.5546721847082262 
0.046495999999999996,0.5546721847082262 
3.4297,0.5546721847082262 
305.4,0.5546721847082262 
0.046654,0.5546721847082262 
3.42,0.5546721847082262 
304.3,0.5546721847082262 
0.046647,0.5546721847082262 
3.4452,0.5546721847082262 
303.0,0.5546721847082262 
0.046231,0.5546721847082262 
3.4566,0.5539746722704153 
303.2,0.5532771598326043 
0.0467,0.5525796473947934 
3.422,0.5546581922181 
306.8,0.5539930804600552 
0.047387,0.5542780789923129 
3.5182,0.5522099694956584 
307.7,0.5515620613712959 
0.047242,0.5511398413235069 
3.4921,0.5471926738908339 
305.0,0.544795413830693 
0.046485000000000005,0.5426695358900755 
3.2335,0.5301119291957082 
300.7,0.5293344394464732 
0.045995,0.5298917699095547 
3.2069,0.5336785299574456 
302.1,0.5365941165170764 
0.046408,0.5384434403263922 
3.2426,0.5416515880220335 
307.6,0.542558659396141 
0.047156,0.5429703239427353 
3.3398,0.540002787324267 
306.2,0.5406506954486294 
0.047268,0.5407224728567536 
3.2976,0.5438790610358578 
309.2,0.5432959437239316 
0.047864,0.5445119374615639 
3.3109,0.5407022620729899 
308.1,0.544719292444037 
0.047999,0.5454982884322077 
3.2736,0.5529515029894029 
316.2,0.5594953750454635 
0.048842,0.5624298043775969 
3.3862,0.5619829552342754 
323.7,0.5619181644218392 
0.050020999999999996,0.5616373880900596 
3.3916,0.5609327413640526 
319.0,0.5604144148645627 
0.048868,0.5624199600915603 
3.2884,0.5589139129670381 
322.8,0.5601449384033268 
0.050881,0.5612997102340296 
3.287,0.5651323009632868 
326.3,0.5648083469011056 
0.051884000000000007,0.5647049029893972 
3.3341,0.560981160128385 
321.2,0.5630183128530054 
0.050912,0.5677580199990692 
3.2634,0.5670360034448244 
327.4,0.5670360034448244 
0.055537,0.5670360034448244 
3.3417,0.5670360034448244 
327.1,0.5670360034448244 
0.052901,0.5670360034448244 
3.3107,0.5670360034448244 
323.4,0.5670360034448244 
0.053072,0.5670360034448244 
3.27,0.5670360034448244 
309.1,0.5670360034448244 
0.049675,0.5670360034448244 
3.0855,0.5670360034448244 
309.6,0.5670360034448244 
0.051093,0.5670360034448244 
3.0801,0.5670360034448244 
309.8,0.5670360034448244 
0.050193,0.5670360034448244 
3.0708,0.5670360034448244 
311.5,0.5670360034448244 
0.051398,0.5670360034448244 
2.9473,0.5670360034448244 
321.3,0.5670360034448244 
0.054159000000000006,0.5670360034448244 
3.1089,0.5663384910070135 
323.5,0.5656409785692025 
0.052335,0.5649434661313916 
3.1348,0.5660510165107268 
319.0,0.5643315364135469 
0.051025,0.5643432331852672 
3.2043,0.5684984923895289 
317.4,0.5680004219304974 
0.051815,0.5691135647058743 
3.2074,0.5648568029866993 
318.1,0.5649813206014571 
0.051229,0.5641450014234595 
3.1827,0.5626414954213068 
316.6,0.5597775902818759 
0.050696,0.5594617774454292 
3.14,0.555579306249997 
313.1,0.5555170474426181 
0.051158999999999996,0.5566574826853421 
3.0841,0.5575710053195615 
315.5,0.559936839999961 
0.052506,0.5618356159425478 
3.1899,0.5686489722561004 
315.9,0.5677773489527954 
0.052528,0.5684713574081968 
3.25,0.5676022421242519 
315.4,0.5660457719397786 
0.05281,0.5643438916544826 
3.15,0.5593512367021866 
312.6,0.5590399426652919 
0.051895000000000004,0.558843047008001 
3.0995,0.5591538984599229 
313.5,0.5583445339639967 
0.052063,0.5579604899591819 
3.12,0.5574402895702515 
311.0,0.5575025483776305 
0.051704999999999994,0.5571243527586758 
3.0808,0.5534702622217984 
311.8,0.5504818394676096 
0.051817999999999996,0.5482672506885762 
3.0433,0.5373747620569467 
304.0,0.537125726827431 
0.049826,0.5347220402389202 
2.8939,0.5368345613305525 
307.7,0.5384532903224047 
0.04945,0.5378333614212316 
2.9391,0.5392226770941069 
306.6,0.5377203720720533 
0.0487,0.5377885135651714 
2.8952,0.5357641981589988 
306.0,0.5357641981589988 
0.048969,0.5357641981589988 
2.8746,0.5357641981589988 
303.9,0.5357641981589988 
0.047937,0.5357641981589988 
2.8262,0.5357641981589988 
306.7,0.5357641981589988 
0.048976,0.5357641981589988 
2.9048,0.5357641981589988 
304.5,0.5357641981589988 
0.048087,0.5357641981589988 
2.867,0.5357641981589988 
306.8,0.5357641981589988 
0.048179,0.5357641981589988 
2.775,0.5357641981589988 
304.7,0.5357641981589988 
0.048494999999999996,0.5357641981589988 
2.7922,0.5357641981589988 
303.9,0.5357641981589988 
0.048780000000000004,0.5357641981589988 
2.7508,0.5357641981589988 
303.5,0.5357641981589988 
0.048351,0.5357641981589988 
2.7314,0.5350666857211879 
291.6,0.5343691732833769 
0.046189999999999995,0.5336716608455659 
2.5606,0.5305337264734227 
291.3,0.5300767241920119 
0.046442000000000004,0.5303554123872336 
2.5486,0.5286700527854961 
289.4,0.5278464407209528 
0.045734,0.5272761020888711 
2.5901,0.5262512212499766 
289.9,0.5219958922498359 
0.045794999999999995,0.5189562465856734 
2.5694,0.5116226548051395 
282.0,0.4822471578364267 
0.044517,0.4730698907565669 
2.4711,0.4595566471029951 
223.9,0.4485065185703719 
0.037579,0.4442851485435249 
2.1755,0.44102830498881573 
219.4,0.44329323816630994 
0.037586,0.44418331209213435 
2.2937,0.4532629971537478 
230.1,0.45031172058913416 
0.038595,0.4484451577932305 
2.3257,0.4358732861694581 
222.0,0.43395152468552356 
0.03696,0.43120352945822094 
2.1994,0.43266113776242643 
218.5,0.433210212472122 
0.036993,0.43476352109510197 
2.2139,0.43244045786027446 
220.0,0.43429358500549703 
0.037837,0.4366807978405359 
2.1674,0.4422682963399903 
226.4,0.44515093856589205 
0.038717,0.4468878789454135 
2.363,0.4564230666020912 
227.3,0.45354042437618947 
0.038967,0.45182940847994435 
2.2962,0.44351648612002237 
223.2,0.4433792174425985 
0.038344,0.44426064987399744 
2.2702,0.44657612139890723 
223.2,0.4485665172215536 
0.038555,0.4502775331177987 
2.3269,0.4504597341558244 
223.9,0.44240878895623575 
0.039264999999999994,0.4384342977836303 
2.3,0.42869758059547636 
208.5,0.42869758059547636 
0.036179,0.42869758059547636 
2.1055,0.42869758059547636 
216.0,0.42869758059547636 
0.037683,0.42869758059547636 
2.24,0.42869758059547636 
214.2,0.42869758059547636 
0.037857,0.42869758059547636 
2.2286,0.42869758059547636 
213.3,0.42869758059547636 
0.037573,0.42869758059547636 
2.2411,0.42869758059547636 
218.1,0.42869758059547636 
0.03865,0.42869758059547636 
2.239,0.42869758059547636 
213.1,0.42869758059547636 
0.038316,0.42869758059547636 
2.2049,0.42869758059547636 
212.2,0.42869758059547636 
0.03776,0.42869758059547636 
2.1975,0.42869758059547636 
217.0,0.42869758059547636 
0.03834,0.42869758059547636 
2.227,0.42800006815766545 
220.7,0.4273025557198545 
0.039310000000000005,0.4266050432820436 
2.2721,0.428868275484927 
220.7,0.4286880173552854 
0.039481999999999996,0.4291337285311512 
2.2836,0.4279171737809295 
222.2,0.428412883637444 
0.039271,0.42753412353502673 
2.2823,0.4290504091657379 
219.9,0.4280139249202983 
0.03879,0.42712503501842947 
2.25,0.421095154952113 
218.8,0.423934220493969 
0.03845,0.42409629728519294 
2.2342,0.426644009769353 
226.9,0.42750023588515085 
0.038679000000000005,0.4267810201240946 
2.26,0.4281209934721648 
227.3,0.4268141220322629 
0.038723,0.4263484450216781 
2.2866,0.42286519851814214 
223.0,0.4216033916106506 
0.038169,0.4216033916106506 
2.2155,0.4163919498463521 
221.7,0.4163018207815313 
0.037456,0.4163018207815313 
2.1961,0.41542661682111476 
220.8,0.41267768034407964 
0.037472000000000005,0.41267768034407964 
2.1524,0.4103040211181015 
216.5,0.41048427924774317 
0.03677,0.41048427924774317 
2.173,0.4114390472045612 
214.4,0.4125205959824111 
0.036969999999999996,0.4125205959824111 
2.18,0.4151859898618614 
218.3,0.41473534453775723 
0.037458,0.41473534453775723 
2.2035,0.41944288099151283 
216.6,0.4181360095516109 
0.03683,0.4181360095516109 
2.2412,0.41246044447497043 
214.9,0.41615573613262413 
0.036998,0.41615573613262413 
2.188,0.42832902758205416 
224.9,0.43028726177341614 
0.038751999999999995,0.43028726177341614 
2.36,0.4522185999975119 
227.7,0.4522185999975119 
0.038968,0.4522185999975119 
2.48,0.4522185999975119 
226.7,0.4522185999975119 
0.039083,0.4522185999975119 
2.53,0.4522185999975119 
227.6,0.4522185999975119 
0.038932999999999995,0.4522185999975119 
2.6629,0.4522185999975119 
230.8,0.4522185999975119 
0.039302,0.4522185999975119 
2.6227,0.4522185999975119 
231.4,0.4522185999975119 
0.039142,0.4522185999975119 
2.5496,0.4522185999975119 
228.9,0.4522185999975119 
0.03934,0.4522185999975119 
2.58,0.4522185999975119 
225.2,0.4522185999975119 
0.038513,0.4522185999975119 
2.5271,0.4522185999975119 
223.1,0.4522185999975119 
0.038486,0.4522185999975119 
2.5047,0.451521087559701 
223.2,0.451521087559701 
0.038301999999999996,0.45082357512189 
2.5546,0.4468657319009016 
222.9,0.4461682194630907 
0.038241000000000004,0.44535680668273614 
2.4627,0.44289046955540057 
223.1,0.4439213511832971 
0.038234,0.4439213511832971 
2.4663,0.4575782030994443 
224.7,0.4573092774573843 
0.038632,0.4573092774573843 
2.5689,0.4511528934213707 
222.4,0.4508391468389674 
0.038952999999999995,0.4508391468389674 
2.4987,0.46016372850754944 
222.9,0.46047747508995274 
0.03912,0.46047747508995274 
2.592,0.46168955069938233 
225.6,0.46200329728178563 
0.039471,0.46200329728178563 
2.62,0.4628193481871441 
224.2,0.46246078066439744 
0.039588,0.46246078066439744 
2.6237,0.4673090831021158 
222.9,0.4669505155793692 
0.03907,0.4669505155793692 
2.6137,0.4572059077094997 
222.5,0.45572681667816983 
0.0384,0.45572681667816983 
2.56,0.4551627814935838 
218.7,0.4550731396128972 
0.037817,0.4550731396128972 
2.53,0.45276899588012015 
219.3,0.45384469844836 
0.03793,0.45384469844836 
2.5402,0.4530766505374343 
222.3,0.452493978312971 
0.038273,0.452493978312971 
2.5985,0.45039384730653365 
219.3,0.45030420542584704 
0.03784,0.45030420542584704 
2.5122,0.45125226456589584 
222.6,0.45205904149207576 
0.038380000000000004,0.45205904149207576 
2.5451,0.45593528329252886 
222.1,0.4562490298749321 
0.038698,0.4562490298749321 
2.5578,0.4553365649552552 
222.1,0.4556737080685177 
0.03947,0.4556737080685177 
2.5812,0.4556737080685177 
223.9,0.4556737080685177 
0.040038,0.4556737080685177 
2.6177,0.4556737080685177 
221.9,0.4556737080685177 
0.039527,0.4556737080685177 
2.57,0.4556737080685177 
222.2,0.4556737080685177 
0.039624,0.4556737080685177 
2.594,0.4556737080685177 
221.6,0.4556737080685177 
0.039464,0.4556737080685177 
2.6699,0.4556737080685177 
220.2,0.4556737080685177 
0.039407,0.4556737080685177 
2.6631,0.4556737080685177 
222.8,0.4556737080685177 
0.039479,0.4556737080685177 
2.6382,0.4556737080685177 
222.3,0.4556737080685177 
0.039637,0.4556737080685177 
2.7354,0.4549761956307068 
223.2,0.4549761956307068 
0.039721,0.4542786831928959 
2.78,0.4540604837158155 
221.8,0.4533629712780045 
0.039923,0.4532493432919046 
2.7209,0.4472452884972177 
220.0,0.4469740413707419 
0.039361,0.4469740413707419 
2.6856,0.4358815089524405 
221.4,0.4362883796421541 
0.039455000000000004,0.4362883796421541 
2.6318,0.4428677738706564 
222.5,0.441827993219166 
0.039519,0.441827993219166 
2.6782,0.4360968514697103 
219.5,0.43718183997561333 
0.038419999999999996,0.43718183997561333 
2.6087,0.44146660249797687 
220.5,0.4418734731876905 
0.038879000000000004,0.4418734731876905 
2.6362,0.4350548282599699 
223.9,0.4357781539305719 
0.0389,0.4357781539305719 
2.6067,0.4392146639738888 
223.5,0.4411586017136317 
0.038928,0.4411586017136317 
2.6143,0.44667224282743445 
227.8,0.4488874276936531 
0.0403,0.4488874276936531 
2.6962,0.4569567012763783 
234.4,0.45772523480139293 
0.041319999999999996,0.45772523480139293 
2.78,0.4735049059180158 
234.2,0.4734596980636032 
0.041177,0.4734596980636032 
2.8858,0.47266582074346986 
232.9,0.4736603935405476 
0.041681,0.4736603935405476 
2.9,0.4911148195516984 
235.7,0.490436701735509 
0.041645,0.490436701735509 
2.9897,0.4818019265000862 
233.8,0.48121422439272205 
0.041249,0.48121422439272205 
2.9551,0.4745804550053065 
233.2,0.4733598429361656 
0.040681,0.4733598429361656 
2.9259,0.47843848277866236 
229.3,0.47782401762148596 
0.040648000000000004,0.47782401762148596 
2.93,0.47782401762148596 
229.3,0.47782401762148596 
0.041145999999999995,0.47782401762148596 
2.8741,0.47782401762148596 
231.8,0.47782401762148596 
0.041234,0.47782401762148596 
2.9068,0.47782401762148596 
228.5,0.47782401762148596 
0.040958,0.47782401762148596 
2.85,0.47782401762148596 
231.7,0.47782401762148596 
0.0421,0.47782401762148596 
3.0081,0.47782401762148596 
232.2,0.47782401762148596 
0.042975,0.47782401762148596 
2.9845,0.47782401762148596 
238.0,0.47782401762148596 
0.042518,0.47782401762148596 
2.8793,0.47782401762148596 
237.8,0.47782401762148596 
0.042407,0.47782401762148596 
2.8993,0.47782401762148596 
239.4,0.47782401762148596 
0.042741,0.47782401762148596 
2.9032,0.47782401762148596 
237.1,0.47782401762148596 
0.041794,0.47782401762148596 
2.9305,0.47782401762148596 
237.5,0.47782401762148596 
0.041782,0.47782401762148596 
2.9563,0.47782401762148596 
231.9,0.47782401762148596 
0.04116,0.47782401762148596 
2.828,0.47782401762148596 
231.7,0.47712650518367505 
0.041260000000000005,0.47642899274586403 
2.814,0.47642899274586403 
231.1,0.4766175555692148 
0.041862,0.47768728932865656 
2.867,0.47768728932865656 
230.5,0.47768728932865656 
0.041654000000000004,0.47768728932865656 
2.8896,0.47768728932865656 
232.1,0.4769897768908456 
0.041624,0.4762922644530347 
2.8797,0.4755947520152237 
224.7,0.4725488417066269 
0.040625,0.47044809507825325 
2.767,0.46773324294299046 
222.1,0.4678212718495498 
0.040772,0.46853830751380066 
2.7887,0.4709865850207947 
223.9,0.46913797798304835 
0.041007,0.4679437179134935 
2.85,0.4681682018109829 
220.6,0.46755199946506737 
0.040436,0.4672498372787945 
2.845,0.46736909434933577 
220.5,0.4691296724805228 
0.040094,0.46943183466679567 
2.8065,0.46889868541025825 
223.2,0.47004306119552985 
0.0404,0.47075530063460175 
2.8273,0.4710920264808359 
224.1,0.47012370850868307 
0.040867,0.4690613446315489 
2.8236,0.46824759050314974 
224.0,0.4697440819146587 
0.040388,0.4706710051889649 
2.796,0.47121248139507477 
225.0,0.4716955840342725 
0.040802,0.4716955840342725 
2.8334,0.4716955840342725 
224.4,0.4716955840342725 
0.040473,0.4716955840342725 
2.8156,0.4716955840342725 
223.9,0.4716955840342725 
0.040477,0.4716955840342725 
2.8309,0.4716955840342725 
226.1,0.4716955840342725 
0.040636,0.4716955840342725 
2.8571,0.4716955840342725 
225.8,0.4716955840342725 
0.040798,0.4716955840342725 
2.8508,0.4716955840342725 
226.6,0.4716955840342725 
0.041339,0.4716955840342725 
2.8681,0.4716955840342725 
226.9,0.4716955840342725 
0.041587,0.4716955840342725 
2.8776,0.4716955840342725 
225.7,0.4716955840342725 
0.041293,0.4716955840342725 
2.8652,0.4716955840342725 
223.3,0.4716955840342725 
0.041125999999999996,0.4716955840342725 
2.866,0.4716955840342725 
225.3,0.4716955840342725 
0.041561,0.4716955840342725 
2.97,0.4716955840342725 
226.1,0.4716955840342725 
0.041804,0.4716955840342725 
2.9983,0.4716955840342725 
225.4,0.4716955840342725 
0.041602,0.4716955840342725 
3.0199,0.4716955840342725 
224.8,0.4716955840342725 
0.0413,0.4716955840342725 
2.9615,0.4716955840342725 
228.0,0.4716955840342725 
0.041513999999999995,0.4716955840342725 
3.007,0.4716955840342725 
227.9,0.4716955840342725 
0.041522,0.4716955840342725 
3.09,0.4716955840342725 
225.7,0.47099807159646156 
0.041460000000000004,0.47030055915865054 
3.0819,0.46960304672083963 
223.2,0.4685952815378459 
0.041124,0.46822881651132725 
3.0404,0.4658744652421179 
225.6,0.4672061993063216 
0.0413,0.46717726785685965 
3.0601,0.4658291861260505 
225.9,0.4619227662043862 
0.041095,0.45931652479868423 
3.0181,0.45756274074604386 
221.4,0.45765152301699075 
0.039416,0.45569865017830563 
2.9353,0.4554494786735589 
221.7,0.45802416453101946 
0.039623,0.45879566985000614 
2.9186,0.4573070298344681 
224.5,0.45615286031215824 
0.039543,0.45544403980033915 
2.9122,0.45479874949317456 
221.8,0.45417727359654625 
0.039169999999999996,0.453253878167884 
2.8357,0.45168537549056814 
221.2,0.4480453023817446 
0.038551,0.4459209914173642 
2.7856,0.44302133789353604 
215.6,0.44015367054195065 
0.037771,0.44015367054195065 
2.7674,0.44015367054195065 
214.7,0.44015367054195065 
0.038147,0.44015367054195065 
2.7727,0.44015367054195065 
217.2,0.44015367054195065 
0.038593,0.44015367054195065 
2.8315,0.44015367054195065 
214.9,0.44015367054195065 
0.03815,0.44015367054195065 
2.7728,0.44015367054195065 
215.9,0.44015367054195065 
0.03814,0.44015367054195065 
2.7884,0.44015367054195065 
218.0,0.44015367054195065 
0.039222,0.44015367054195065 
2.8369,0.44015367054195065 
219.2,0.44015367054195065 
0.039319,0.44015367054195065 
2.9012,0.44015367054195065 
218.0,0.44015367054195065 
0.03921,0.44015367054195065 
2.9348,0.44015367054195065 
220.5,0.44015367054195065 
0.039226,0.44015367054195065 
2.911,0.44015367054195065 
218.4,0.44015367054195065 
0.039024,0.44015367054195065 
2.8927,0.44015367054195065 
214.3,0.44015367054195065 
0.038191,0.44015367054195065 
2.7836,0.44015367054195065 
213.3,0.44015367054195065 
0.037842,0.44015367054195065 
2.7794,0.44015367054195065 
213.2,0.44015367054195065 
0.0376,0.44015367054195065 
2.7779,0.44015367054195065 
214.0,0.44015367054195065 
0.038163,0.44015367054195065 
2.7779,0.44015367054195065 
212.2,0.44015367054195065 
0.038049,0.44015367054195065 
2.7398,0.44015367054195065 
214.5,0.4394561581041397 
0.038058,0.4387586456663288 
2.7156,0.4380611332285178 
214.0,0.4369930342448514 
0.037966,0.43765466881305215 
2.7562,0.43868444405459905 
213.3,0.43803470540037026 
0.0384,0.4395260087128227 
2.7624,0.4391002712454694 
214.3,0.4390074514377224 
0.039126999999999995,0.43979511163796137 
2.7844,0.4399224689999901 
214.0,0.43982964919224316 
0.039033,0.4397193767642097 
2.7658,0.4400213956513065 
213.0,0.4393716569970777 
0.039027,0.4378882302866276 
2.7425,0.4356867673144161 
211.7,0.4357795871221631 
0.038399,0.4360526426582459 
2.6949,0.4368022317033295 
212.7,0.4372663307420644 
0.038518000000000004,0.43679636015592177 
2.7123,0.43719298736909706 
212.9,0.44183397775644573 
0.038465,0.44215148883423006 
2.7277,0.44251177917262763 
220.3,0.4474798665624766 
0.038868,0.4474798665624766 
2.78,0.4474798665624766 
225.7,0.4474798665624766 
0.039251,0.4474798665624766 
2.91,0.4474798665624766 
224.6,0.4474798665624766 
0.0395,0.4474798665624766 
2.8948,0.4474798665624766 
224.7,0.4474798665624766 
0.03893,0.4474798665624766 
2.8801,0.4474798665624766 
224.2,0.4474798665624766 
0.038646,0.4474798665624766 
2.8872,0.4474798665624766 
232.1,0.4474798665624766 
0.039225,0.4474798665624766 
2.895,0.4474798665624766 
229.7,0.4474798665624766 
0.0387,0.4474798665624766 
2.8887,0.4474798665624766 
234.5,0.4474798665624766 
0.038819,0.4474798665624766 
2.9529,0.4474798665624766 
232.7,0.4474798665624766 
0.039275,0.4474798665624766 
2.9818,0.4474798665624766 
