date,current_balance 
442.0,1.0 
0.089658,1.0 
5.9691,1.0 
427.7,1.0 
0.086774,1.0 
5.8231,1.0 
426.0,1.0 
0.08551399999999999,1.0 
5.8034,1.0 
402.5,1.0 
0.08361,1.0 
5.5618,1.0 
413.9,1.0 
0.08513899999999999,1.0 
5.6232,1.0 
399.6,1.0 
0.082022,1.0 
5.3834,1.0 
416.0,1.0 
0.085,1.0 
5.6159,1.0 
406.9,1.0 
0.08406799999999999,1.0 
5.5228,1.0 
409.2,1.0 
0.08301900000000001,1.0 
5.4948,1.0 
394.9,1.0 
0.081334,1.0 
5.1819,1.0 
394.0,1.0 
0.08127000000000001,1.0 
5.2356,1.0 
416.2,1.0 
0.08311,1.0 
5.4841,1.0 
410.9,1.0 
0.081584,1.0 
5.5068,1.0 
392.8,1.0 
0.079023,1.0 
5.2464,1.0 
389.5,1.0 
0.077614,1.0 
5.1451,1.0 
404.7,1.0 
0.08089,1.0 
5.3284,1.0 
403.2,1.0 
0.080231,1.0 
5.4068,1.0 
408.0,1.0 
0.081134,1.0 
5.3907,1.0 
413.1,1.0 
0.082403,1.0 
5.46,1.0 
408.4,1.0 
0.08187,1.0 
5.4079,1.0 
406.8,1.0 
0.08068600000000001,1.0 
5.4109,1.0 
412.8,1.0 
0.081861,1.0 
5.4053,1.0 
411.7,1.0 
0.08037899999999999,1.0 
5.5708,1.0 
421.8,1.0 
0.082585,1.0 
5.6029,1.0 
416.5,1.0 
0.080712,1.0 
5.6,1.0 
416.6,1.0 
0.080001,1.0 
5.5375,1.0 
413.0,1.0 
0.080192,1.0 
5.6496,1.0 
414.5,1.0 
0.079513,1.0 
5.6236,1.0 
415.2,1.0 
0.079537,1.0 
5.636,1.0 
399.0,1.0 
0.077176,1.0 
5.4284,1.0 
400.3,1.0 
0.077424,1.0 
5.4121,1.0 
396.0,1.0 
0.076503,1.0 
5.3864,1.0 
404.2,1.0 
0.07712000000000001,1.0 
5.4232,1.0 
402.9,1.0 
0.077361,1.0 
5.3996,1.0 
401.2,1.0 
0.076795,1.0 
5.393,1.0 
399.7,1.0 
0.076615,1.0 
5.4289,1.0 
405.9,1.0 
0.07795,1.0 
5.4734,1.0 
405.0,1.0 
0.07744,1.0 
5.3994,1.0 
402.3,1.0 
0.076851,1.0 
5.2681,1.0 
416.1,1.0 
0.079979,1.0 
5.4066,1.0 
414.2,1.0 
0.078774,1.0 
5.3629,1.0 
405.4,1.0 
0.077234,1.0 
5.2943,1.0 
401.3,1.0 
0.0774,1.0 
5.2746,1.0 
402.5,1.0 
0.077813,1.0 
5.25,1.0 
405.7,1.0 
0.078622,1.0 
5.271,1.0 
403.8,1.0 
0.077549,1.0 
5.2332,1.0 
410.6,1.0 
0.079715,1.0 
5.33,1.0 
412.4,1.0 
0.080182,1.0 
5.4293,0.999302487562189 
408.4,0.999302487562189 
0.080624,0.998604975124378 
5.3397,0.9983892705090711 
408.8,0.9976917580712601 
0.081862,0.9977873968938585 
5.3378,0.9970898844560476 
413.6,0.9965550706026095 
0.080176,0.9965550706026095 
5.264,0.993851231682375 
412.7,0.9931537192445641 
0.080095,0.9924562068067531 
5.2827,0.991758694368942 
417.0,0.9917571713520918 
0.07932,0.9921203906411292 
5.2404,0.9897282343968512 
418.2,0.9913266851442322 
0.0805,0.9906291727064211 
5.2176,0.9860349310992803 
424.0,0.9863369431260912 
0.079929,0.9853169314342733 
5.0959,0.9858264416616882 
421.6,0.9803849897936255 
0.07926799999999999,0.9796874773558146 
5.0924,0.9789899649180036 
416.8,0.9734280724960728 
0.078542,0.9719252398453367 
4.9258,0.9704858869210763 
414.1,0.9716270313166951 
0.078226,0.9703646938591117 
4.9861,0.9710933289494013 
414.1,0.9700948276032346 
0.07741,0.9703052171794986 
4.9977,0.9715474802842545 
415.0,0.9791075619052303 
0.077917,0.9780657532805982 
4.9757,0.9759973055789293 
418.5,0.9704342266502868 
0.076426,0.9673696363165151 
4.8101,0.9644590775678722 
415.1,0.9648870067162293 
0.076613,0.9664763352019818 
4.8397,0.9665918019649239 
416.7,0.9389190503711636 
0.07646499999999999,0.9270485156043704 
4.764,0.9189638513921687 
387.5,0.9021319715567886 
0.07067799999999999,0.9021269019284448 
4.3143,0.9026246034928502 
386.4,0.9031951756906598 
0.072783,0.9021787152077463 
4.4483,0.9028018375663819 
388.5,0.887111102126621 
0.071533,0.8836460111536962 
4.434,0.8853581045352509 
365.1,0.8271597403586827 
0.069543,0.8123209381966482 
4.4583,0.8063843539364203 
339.9,0.8138017925079437 
0.06504299999999999,0.8161693089444555 
4.3142,0.8163863068265363 
344.8,0.8203803122112028 
0.065944,0.8212776364280392 
4.235,0.8223705890634735 
334.3,0.8285042401899255 
0.06394,0.8272393679181703 
4.2613,0.8287842335740847 
345.2,0.8200830075574899 
0.066715,0.8166914261955489 
4.3383,0.8160862210932319 
345.3,0.8283555203488283 
0.065011,0.83126697748885 
4.3559,0.8333705294555127 
341.1,0.8326730170177017 
0.063941,0.8319755045798908 
4.286,0.8292923891260626 
350.5,0.8306966364081707 
0.06754,0.8336408274759394 
4.5016,0.8386319083900144 
352.5,0.8341732612115621 
0.069261,0.8334757487737512 
4.4932,0.8307103190322924 
346.0,0.8328533170662646 
0.06722,0.8352521994967739 
4.3974,0.8336310855104014 
350.2,0.8386885608705761 
0.070425,0.8386023647296503 
4.4647,0.8425034411674449 
353.0,0.8394175239985249 
0.069746,0.8383101227303604 
4.5293,0.8387782519028957 
347.6,0.8350065753631044 
0.068,0.8333325498835251 
4.4092,0.8287773063016729 
345.1,0.823976990705575 
0.068098,0.823976990705575 
4.47,0.8158268857426179 
336.5,0.818055603697949 
0.066838,0.818055603697949 
4.3469,0.8187965223309452 
347.9,0.8179393231173562 
0.06815399999999999,0.8179393231173562 
4.3498,0.8030664711461843 
341.3,0.7982661555500864 
0.06664199999999999,0.7982661555500864 
4.2554,0.7967189431105945 
344.7,0.8016049786280515 
0.06699400000000001,0.8016049786280515 
4.2737,0.8012127275870535 
340.6,0.798469690103569 
0.066968,0.798469690103569 
4.2169,0.7951791397040864 
338.7,0.7836069503206358 
0.06526599999999999,0.7836069503206358 
4.2058,0.7642667948269876 
323.2,0.7548376034775094 
0.061946,0.7548376034775094 
4.0,0.7449441605545614 
305.9,0.7382580066885678 
0.060591,0.7382580066885678 
3.8955,0.730805236909607 
307.6,0.7324339154154259 
0.061287,0.7324339154154259 
3.88,0.7398104141586371 
309.0,0.7125514791665093 
0.061988999999999995,0.7125514791665093 
3.9469,0.6862706594196475 
285.3,0.6928710933642823 
0.058475,0.6928710933642823 
3.7378,0.6906265457407941 
288.8,0.6949125418087387 
0.058101,0.6949125418087387 
3.7201,0.6970372349474776 
291.7,0.7140097793765381 
0.057972,0.7140097793765381 
3.7936,0.7347010217891793 
317.3,0.7427586943969152 
0.0598,0.7427586943969152 
3.9684,0.7591242794963291 
317.8,0.7572384412264335 
0.059567999999999996,0.7572384412264335 
4.18,0.7828873009627986 
313.1,0.7760297072540874 
0.05954299999999999,0.7760297072540874 
4.17,0.7629655684164061 
308.3,0.762879848495047 
0.059039,0.762879848495047 
4.091,0.761550553300554 
309.6,0.7602647544801706 
0.058649,0.7602647544801706 
4.1771,0.7583797703109306 
305.3,0.7499792180177591 
0.057793,0.7499792180177591 
4.129,0.7415458206363035 
303.8,0.7269734340052918 
0.057737000000000004,0.7269734340052918 
3.9699,0.6880534140484964 
283.0,0.6887391734193675 
0.053069000000000005,0.6887391734193675 
3.825,0.6789982725679189 
283.0,0.6810555506805323 
0.051753999999999994,0.6810555506805323 
3.6881,0.6825482838087744 
284.5,0.6865771201126425 
0.05139,0.6865771201126425 
3.68,0.700512927930319 
291.6,0.6962269318623744 
0.05315399999999999,0.6962269318623744 
3.8016,0.6966082870411224 
279.0,0.6972083264906347 
0.051240999999999995,0.6972083264906347 
3.7501,0.7129746391663018 
301.2,0.7257469074487767 
0.056323000000000005,0.7257469074487767 
3.9957,0.7350955572592275 
294.3,0.7329525592252553 
0.055937,0.7329525592252553 
3.8709,0.7240070563180523 
292.2,0.7190353008792365 
0.055123,0.7190353008792365 
3.8375,0.7189154463944871 
297.7,0.7272302787662996 
0.055807,0.7272302787662996 
3.897,0.7329723981720195 
299.0,0.7290292817895105 
0.05633099999999999,0.7290292817895105 
3.9664,0.7259457527727768 
295.0,0.7270601117504423 
0.056840999999999996,0.7270601117504423 
3.9339,0.7288579290216828 
314.6,0.7441160750235658 
0.058455999999999994,0.7441160750235658 
4.02,0.7565591497130002 
311.1,0.7554447907353345 
0.058008000000000004,0.7554447907353345 
4.0501,0.7547038721023385 
314.5,0.7533323533605962 
0.058538,0.7533323533605962 
4.0977,0.7589546182815667 
311.0,0.7574116596971067 
0.057908,0.7574116596971067 
4.0611,0.74345406015493 
310.3,0.738739464480191 
0.05825,0.738739464480191 
4.0183,0.7293581270829903 
303.2,0.7273865688917358 
0.057,0.7273865688917358 
3.9199,0.7261444405952424 
301.7,0.7231442433476811 
0.057173,0.7231442433476811 
3.9401,0.7271866082424098 
300.9,0.7307011250181243 
0.058251,0.7307011250181243 
3.9029,0.7325861091873644 
308.6,0.7389293833679226 
0.0603,0.7389293833679226 
3.9676,0.7497489745821158 
314.6,0.7520634124588057 
0.061799,0.7520634124588057 
4.0449,0.7535561455870479 
312.0,0.7525275065307412 
0.061251,0.7525275065307412 
4.0255,0.7434403574142889 
314.6,0.7494407519094115 
0.061074,0.7494407519094115 
4.0001,0.7584407341278642 
331.1,0.7746417992646948 
0.062402,0.7746417992646948 
4.0808,0.7862023091118839 
335.4,0.7799447548526848 
0.065001,0.7799447548526848 
4.1512,0.7796178789851864 
324.9,0.7779892004793676 
0.062747,0.7779892004793676 
4.0363,0.7674311099591731 
325.4,0.7628879541271518 
0.061752,0.7628879541271518 
4.017,0.7667995686748812 
325.0,0.7703998053719547 
0.062204999999999996,0.7703998053719547 
4.2553,0.7866019525376196 
325.3,0.7776013607949358 
0.061808,0.7776013607949358 
4.2106,0.7630118012422624 
317.3,0.7596687243092657 
0.060351999999999996,0.7596687243092657 
4.1336,0.7613031036467572 
314.2,0.7673892180632385 
0.060171,0.7673892180632385 
4.0798,0.7744388409389513 
321.7,0.7751246003098224 
0.061185,0.7751246003098224 
4.2511,0.7816185342107884 
321.6,0.7794755361768162 
0.061707000000000005,0.7794755361768162 
4.2855,0.7837249224542937 
319.0,0.7816676443416803 
0.061803,0.7816676443416803 
4.23,0.7707390945049878 
321.0,0.7636243410321997 
0.060502999999999994,0.7636243410321997 
4.1634,0.7498083876992723 
307.4,0.7487797486429657 
0.058732000000000006,0.7487797486429657 
3.9684,0.7404226222972596 
302.6,0.7413655414322075 
0.058145,0.7413655414322075 
3.9002,0.7363643406594838 
309.8,0.7386787785361739 
0.059296,0.7386787785361739 
3.9161,0.7390165502659221 
311.2,0.7350734338834131 
0.059315999999999994,0.7350734338834131 
3.9276,0.7275661847932025 
305.7,0.7232801887252578 
0.056604999999999996,0.7232801887252578 
3.8752,0.719444845213278 
303.4,0.7175590069433824 
0.056885000000000005,0.7175590069433824 
3.8788,0.7114573240834146 
295.8,0.711971643611568 
0.055376999999999996,0.711971643611568 
3.71,0.7123203112035661 
305.7,0.7141204295521029 
0.057665999999999995,0.7141204295521029 
3.8457,0.7192305889473259 
296.6,0.7074869597211577 
0.055617999999999994,0.7074869597211577 
3.6947,0.6896940166670013 
284.7,0.689093977217489 
0.054152,0.689093977217489 
3.6747,0.6905867103457312 
288.1,0.6936726275146512 
0.055082000000000006,0.6936726275146512 
3.67,0.7005915000433649 
291.5,0.7064204546957695 
0.05586,0.7064204546957695 
3.7371,0.7251068584544214 
306.5,0.7245068190049091 
0.058692999999999995,0.7245068190049091 
4.0,0.7143627712502124 
297.6,0.7159914497560314 
0.057017,0.7159914497560314 
3.8702,0.7231282395297438 
302.4,0.7323859910365043 
0.05873,0.7323859910365043 
3.8762,0.7416692656734554 
308.0,0.7392691078754063 
0.059848,0.7392691078754063 
3.9912,0.7377981664716642 
306.4,0.7372838469435108 
0.059072,0.7372838469435108 
3.948,0.7329799813547833 
306.9,0.7318656223771178 
0.059227999999999996,0.7318656223771178 
3.9241,0.7317239761678687 
304.9,0.7288952187630251 
0.059289999999999995,0.7288952187630251 
3.8426,0.7207886972490678 
296.4,0.7185599792937365 
0.059059,0.7185599792937365 
3.8031,0.7170672461654943 
301.9,0.7156957274237521 
0.058702,0.7156957274237521 
3.79,0.7059003472610536 
298.4,0.7162724577454795 
0.057326999999999996,0.7162724577454795 
3.7705,0.7275060917251704 
315.5,0.7301634092872962 
0.059283,0.7301634092872962 
3.8334,0.7293353237563005 
314.4,0.7296782034417362 
0.061463,0.7296782034417362 
3.8491,0.732195147621473 
312.4,0.7378526624311599 
0.061451,0.7378526624311599 
3.8238,0.7382667051966576 
320.0,0.7360379872413264 
0.062529,0.7360379872413264 
3.8586,0.7388273279773118 
317.6,0.7440562431802041 
0.0629,0.7440562431802041 
3.916,0.7535683309244041 
321.9,0.7500538141486894 
0.062294,0.7500538141486894 
3.932,0.7438431726662222 
318.9,0.7358712199798452 
0.061922000000000005,0.7358712199798452 
3.9041,0.721837349401919 
303.8,0.7149797556932076 
0.0586,0.7149797556932076 
3.7,0.6947897229440638 
303.5,0.6944468432586283 
0.057537,0.6944468432586283 
3.5971,0.6967458701933662 
302.9,0.6999175072836452 
0.058384000000000005,0.6999175072836452 
3.6119,0.6999284031458951 
305.8,0.7000998429886129 
0.05977999999999999,0.7000998429886129 
3.62,0.30624711023993445 
305.4,0.3077900688243944 
0.058765,0.3077900688243944 
3.63,0.7047372264520566 
304.9,0.7016513092831366 
0.059115999999999995,0.7016513092831366 
3.6576,0.3047041516554744 
305.1,0.30521847118362766 
0.059369000000000005,0.30521847118362766 
3.6165,0.6984174521973096 
304.4,0.6982460123545918 
0.058697000000000006,0.6982460123545918 
3.6147,0.6987145344313395 
302.7,0.6964858164760082 
0.05902999999999999,0.6964858164760082 
3.5971,0.6895124646360449 
311.2,0.6984273364573697 
0.059332,0.6984273364573697 
3.6394,0.7079394242015696 
311.5,0.706053585931674 
0.05946,0.706053585931674 
3.6137,0.7013356775774489 
308.7,0.6983354803298876 
0.058924000000000004,0.6983354803298876 
3.6179,0.6996429837998808 
305.7,0.7007573427775463 
0.059945000000000005,0.7007573427775463 
3.5573,0.6956253916578232 
305.4,0.6958825514219 
0.061458000000000006,0.6958825514219 
3.5731,0.7000447708013781 
305.1,0.6979874926887646 
0.060762000000000004,0.6979874926887646 
3.5982,0.6985649733880116 
305.6,0.6977934940957816 
0.060319000000000005,0.6977934940957816 
3.5836,0.6925852719403089 
303.2,0.6930138715471035 
0.059053999999999995,0.6930138715471035 
3.547,0.6901700514998683 
308.0,0.6978848444221688 
0.059864,0.6978848444221688 
3.5356,0.6996826616934093 
314.3,0.703025738626406 
0.061065999999999995,0.703025738626406 
3.5596,0.7097811732213705 
320.5,0.7136385696825207 
0.060658000000000004,0.7136385696825207 
3.6204,0.7153755444589576 
322.6,0.7118293113123402 
0.060113,0.7118293113123402 
3.6444,0.7118293113123402 
318.0,0.7118293113123402 
0.059986000000000005,0.7118293113123402 
3.632,0.7118293113123402 
331.7,0.7118293113123402 
0.060573,0.7118293113123402 
3.6726,0.7118293113123402 
328.2,0.7118293113123402 
0.060163,0.7118293113123402 
3.6955,0.7118293113123402 
331.3,0.7118293113123402 
0.06030599999999999,0.7118293113123402 
3.7106,0.7111317988745292 
330.9,0.7111317988745292 
0.06015499999999999,0.7111317988745292 
3.713,0.7087429732079054 
325.6,0.7087429732079054 
0.05935700000000001,0.7087429732079054 
3.63,0.7065517593293905 
328.5,0.7065517593293905 
0.060127999999999994,0.7065517593293905 
3.6461,0.703123456248645 
323.0,0.703123456248645 
0.059285000000000004,0.703123456248645 
3.5909,0.6969964801886963 
322.5,0.6969964801886963 
0.058944,0.6969964801886963 
3.5424,0.6860316763839167 
322.7,0.6860316763839167 
0.058539,0.6860316763839167 
3.5067,0.6882065535353432 
325.1,0.6882065535353432 
0.05825,0.6882065535353432 
3.4753,0.6896189925499672 
327.4,0.6896189925499672 
0.058262,0.6896189925499672 
3.5113,0.6984612477511065 
329.8,0.6984612477511065 
0.05872,0.6984612477511065 
3.5363,0.7465422196872802 
326.3,0.7465422196872802 
0.05815,0.7465422196872802 
3.7457,0.7333465565643544 
331.6,0.7333465565643544 
0.058552999999999994,0.7333465565643544 
3.721,0.708773987405827 
327.5,0.708773987405827 
0.058,0.708773987405827 
3.602,0.7097607598680986 
328.2,0.7097607598680986 
0.057465999999999996,0.7097607598680986 
3.644,0.7076130786266841 
323.1,0.7076130786266841 
0.057453,0.7076130786266841 
3.6175,0.7191834694588095 
328.3,0.7191834694588095 
0.057555999999999996,0.7191834694588095 
3.649,0.7218342111711862 
341.9,0.7218342111711862 
0.057603999999999995,0.7218342111711862 
3.6991,0.7261876190929724 
340.5,0.7261876190929724 
0.057589,0.7261876190929724 
3.7576,0.7337335261574021 
339.6,0.7337335261574021 
0.057536000000000004,0.7337335261574021 
3.7052,0.7352427075702881 
338.8,0.7352427075702881 
0.057936,0.7352427075702881 
3.7303,0.7319534660293827 
334.9,0.7319534660293827 
0.057767,0.7319534660293827 
3.7339,0.010429311312339984 
335.6,0.010429311312339984 
0.057746000000000006,0.010429311312339984 
3.7339,0.7260521797354058 
333.0,0.7260521797354058 
0.05683200000000001,0.7260521797354058 
3.6758,0.7126823802956086 
333.1,0.7126823802956086 
0.0565,0.7126823802956086 
3.6141,0.7076711240656413 
333.8,0.7076711240656413 
0.056701999999999995,0.7076711240656413 
3.6148,0.710437956655932 
337.9,0.710437956655932 
0.056476,0.710437956655932 
3.6127,0.7092576993971367 
338.3,0.7092576993971367 
0.056491,0.7092576993971367 
3.6319,0.7105733960134988 
337.3,0.7105733960134988 
0.056348,0.7105733960134988 
3.6104,0.714423743464323 
345.6,0.714423743464323 
0.056601,0.714423743464323 
3.6358,0.7176355910866188 
344.0,0.7176355910866188 
0.056616999999999994,0.7176355910866188 
3.634,0.7273678763517679 
353.8,0.7273678763517679 
0.057477999999999994,0.7273678763517679 
3.6823,0.7254717253458343 
349.5,0.7254717253458343 
0.057022,0.7254717253458343 
3.6858,0.7466776590448467 
348.8,0.7466776590448467 
0.057,0.7466776590448467 
3.8599,0.743001447910894 
345.9,0.743001447910894 
0.0563,0.743001447910894 
3.7554,0.7349718288551546 
342.8,0.7349718288551546 
0.05574400000000001,0.7349718288551546 
3.73,0.7258567600909167 
351.0,0.7258567600909167 
0.055941,0.7258567600909167 
3.7,0.7258567600909167 
343.9,0.7258567600909167 
0.054783000000000005,0.7258567600909167 
3.6,0.7258567600909167 
341.7,0.7258567600909167 
0.054454999999999996,0.7258567600909167 
3.5801,0.7258567600909167 
337.6,0.7258567600909167 
0.054458000000000006,0.7258567600909167 
3.5701,0.7258567600909167 
335.1,0.7258567600909167 
0.053320000000000006,0.7258567600909167 
3.565,0.7258567600909167 
336.4,0.7258567600909167 
0.053836,0.7258567600909167 
3.6188,0.7258567600909167 
333.5,0.7258567600909167 
0.053272,0.7258567600909167 
3.535,0.7258567600909167 
343.0,0.7258567600909167 
0.053829999999999996,0.7258567600909167 
3.5413,0.7258567600909167 
336.3,0.7258567600909167 
0.051884000000000007,0.7258567600909167 
3.5262,0.7258567600909167 
336.2,0.7258567600909167 
0.051809,0.7258567600909167 
3.4836,0.7258567600909167 
338.4,0.7258567600909167 
0.052076,0.7258567600909167 
3.5052,0.7258567600909167 
336.5,0.7258567600909167 
0.050861,0.7258567600909167 
3.48,0.7258567600909167 
335.4,0.7258567600909167 
0.051121,0.7258567600909167 
3.4799,0.7258567600909167 
332.5,0.7258567600909167 
0.050569,0.7258567600909167 
3.4524,0.7258567600909167 
328.4,0.7258567600909167 
0.052375,0.7258567600909167 
3.3699,0.7258567600909167 
325.9,0.7258567600909167 
0.051516,0.7258567600909167 
3.3067,0.7258567600909167 
333.8,0.7258567600909167 
0.052091,0.7251592476531057 
3.2793,0.7244617352152947 
330.0,0.7237642227774838 
0.050948,0.7215281313388469 
3.2647,0.7200129068320467 
327.3,0.7156222689051615 
0.050637,0.7077077697009376 
3.2491,0.7005040680497129 
313.8,0.6979739619406932 
0.048851,0.6975300383350111 
3.1101,0.6964067492639727 
311.4,0.6954193907824041 
0.048817,0.6955910412432678 
3.1215,0.6962076292659574 
311.0,0.6977503768934085 
0.048389999999999996,0.6901918376339967 
3.1198,0.6921453838444983 
315.3,0.6967119168217534 
0.047591,0.7027137639705737 
3.1547,0.7032815133380008 
319.7,0.7025409944768243 
0.04943,0.7101113716990543 
3.1938,0.71185735362469 
318.0,0.7073525305525329 
0.050087,0.7024812088528494 
3.2304,0.7128472134323236 
308.4,0.710563946943696 
0.048544,0.7174181274154257 
3.1785,0.7054648665399188 
307.6,0.7076864231234485 
0.050401,0.7168371683819061 
3.2409,0.7236257414633993 
315.8,0.7259707178571249 
0.051442999999999996,0.7350859492271281 
3.3152,0.7398721374428571 
315.3,0.7423405336467788 
0.051976,0.7457912998082799 
3.3278,0.743679027968175 
320.1,0.7431853487273907 
0.053667999999999993,0.7374794506490251 
3.3248,0.7378152164039551 
319.2,0.7376917965937589 
0.052476999999999996,0.7345547364469398 
3.3233,0.7359100091304752 
321.8,0.7362802685610634 
0.052820000000000006,0.7368425717949272 
3.391,0.7377560500029579 
318.6,0.7476726412420102 
0.052770000000000004,0.7614529573308406 
3.3408,0.7614529573308406 
338.1,0.762295672240536 
0.055499,0.7615827018563668 
3.4502,0.7615827018563668 
338.0,0.7615827018563668 
0.054765,0.7494001963348325 
3.5359,0.7494001963348325 
338.0,0.7494001963348325 
0.053288999999999996,0.7401832480329631 
3.5242,0.7401832480329631 
335.1,0.7401832480329631 
0.05284,0.7371452613535889 
3.4237,0.7371452613535889 
329.5,0.7371452613535889 
0.052742,0.7404353080631294 
3.4131,0.7404353080631294 
330.3,0.7404353080631294 
0.053288,0.756222225741974 
3.4195,0.756222225741974 
333.7,0.756222225741974 
0.0531,0.7419211356093738 
3.3789,0.7419211356093738 
329.3,0.7419211356093738 
0.053,0.7267150438379371 
3.3491,0.726017531400126 
329.0,0.725320018962315 
0.051636,0.7246225065245041 
3.3034,0.7225880624287809 
331.2,0.7239748461785205 
0.052002,0.7232948175827255 
3.3032,0.7238346921276502 
338.4,0.7237748975182801 
0.051544000000000006,0.7217780296522525 
3.2787,0.7121248010964262 
338.6,0.7172073428928918 
0.050979000000000003,0.7205561757732727 
3.192,0.7220865656662696 
345.7,0.7220267710568994 
0.052235000000000004,0.7240508336214915 
3.2794,0.7282707252791041 
346.7,0.7331738832474592 
0.052576,0.7334691399747317 
3.2445,0.7295299707235269 
351.5,0.7276763378330512 
0.053006,0.7313476221392692 
3.2482,0.7351690690910129 
347.2,0.7293689919821049 
0.052361000000000005,0.7253946810347388 
3.2069,0.7188203433879004 
338.3,0.7166677374505737 
0.051898,0.713524807287896 
3.1867,0.70913285996184 
337.9,0.6973533219159137 
0.052007000000000005,0.6860636370546761 
3.1917,0.6765824641672933 
312.1,0.6734133498706736 
0.047443,0.6707676941960339 
2.9891,0.6626267444102105 
310.8,0.6623875659727299 
0.047036,0.6612997780301466 
2.8555,0.6561018857308556 
306.6,0.6436646069818572 
0.046562,0.6349700733550679 
2.7709,0.626249567633435 
297.1,0.6301960118518672 
0.046022,0.6344772343973193 
2.7839,0.6444745742900324 
303.0,0.6538623279611513 
0.047075,0.6564730190233508 
2.9653,0.6543630731945445 
318.0,0.6553197869444675 
0.047925999999999996,0.6575575221406385 
2.9249,0.656633854867942 
313.9,0.658906050024009 
0.047179,0.6587234570479326 
2.9108,0.6619925147483579 
313.7,0.6592419627173294 
0.047333,0.6550967136647001 
2.8922,0.6585287714720718 
311.3,0.6531472566287553 
0.045933,0.6481006975665571 
2.85,0.6410283040373823 
304.9,0.6435396776309301 
0.0449,0.645035386051982 
2.8744,0.6511569456239692 
310.1,0.6527116054675941 
0.045426999999999995,0.6547822875154397 
2.96,0.659672290723832 
312.1,0.6600908529894234 
0.046967,0.6617536145588003 
2.9683,0.6621430037031724 
313.6,0.6624419767500234 
0.046581,0.6616572154485882 
2.9962,0.6556262114915712 
309.0,0.6537127839917253 
0.046807,0.6568751389390919 
2.8903,0.6545025818268719 
307.7,0.6543829926081315 
0.04678,0.6535593817373186 
2.8539,0.6503989907748576 
309.1,0.6513557045247806 
0.047099,0.6544170505917646 
2.8857,0.657369163639794 
309.1,0.6565320391086114 
0.047652,0.6554092865535881 
2.9013,0.654549008211371 
309.8,0.6517386615709723 
0.047075,0.648704510202553 
2.8644,0.6464858976357825 
304.8,0.6457683623233402 
0.047208,0.6474272389357795 
2.8572,0.6483056284009906 
306.4,0.6503386451195768 
0.047467,0.6508786541339306 
2.9097,0.6541658229573499 
304.7,0.6536276714730183 
0.047113,0.6531575916835448 
2.8821,0.6513102571381522 
306.1,0.6584856102625742 
0.0471,0.6627279832386483 
2.886,0.6658521519551213 
319.0,0.6668686603144143 
0.049154,0.6723658743813969 
2.9513,0.6757435988197864 
319.2,0.6774776424915218 
0.049511,0.6802048822618552 
2.9451,0.6814817164329354 
320.0,0.6791497266674982 
0.050157,0.6805444262081672 
2.9501,0.6809247597910422 
317.0,0.6797288676036384 
0.050574,0.6786915841012466 
2.9848,0.6766812494489076 
318.6,0.6772791955426094 
0.050255,0.6777958948153364 
2.9386,0.6753780598956314 
322.9,0.6800420394265058 
0.050757,0.680018729684879 
2.9445,0.6830251761018905 
323.8,0.6826066138362992 
0.050437,0.6816936489559169 
2.9267,0.6760882563892598 
324.6,0.6742944181081544 
0.050003,0.6733387187014563 
2.8833,0.6723335513752868 
321.3,0.6734098543439502 
0.049845,0.6754921912626093 
2.88,0.676977303348121 
325.4,0.6764989464731594 
0.05011,0.6735696889420606 
2.9015,0.6743213005463136 
320.7,0.6731852029682801 
0.04937,0.6704657331118223 
2.8495,0.6655938410264242 
321.9,0.663919591964059 
0.049338,0.6636204502798486 
2.8394,0.658603669210498 
318.2,0.6568696255387627 
0.049229,0.6584818826679484 
2.808,0.6611804399940611 
316.4,0.661120645384691 
0.049685,0.6627134777291876 
2.8344,0.6669152582638063 
312.8,0.6671544367012869 
0.049075,0.6646797191319104 
2.8696,0.6665904426077822 
315.6,0.6633615337017922 
0.04917,0.6600165857783491 
2.8679,0.6529170255646833 
306.5,0.6490303759556213 
0.047577,0.6446597994005999 
2.7314,0.6392626847483743 
296.6,0.6362729542798651 
0.047322,0.6350375379736457 
2.7125,0.6308810352465123 
300.3,0.627891304778003 
0.046783,0.6263334370459466 
2.6852,0.6179932649071886 
292.5,0.6194881301414432 
0.046393000000000004,0.6199854046294813 
2.603,0.6218599058593649 
300.0,0.6256867608590567 
0.047047000000000005,0.6280682394619261 
2.6664,0.6292726291410302 
304.3,0.6266416663287421 
0.047262,0.6262803653335269 
2.6645,0.6218521957614829 
296.1,0.622210963417704 
0.04732,0.6235629284320573 
2.5904,0.6231192059187032 
297.1,0.6231790005280733 
0.047142,0.6235597263079774 
2.6085,0.6270551730458283 
299.7,0.6304036711705585 
0.047833999999999995,0.6382512841849082 
2.6209,0.6399899519923364 
303.4,0.6436972177732879 
0.049757,0.6467702187110852 
2.663,0.6515968329889983 
312.4,0.6523143683014405 
0.049558,0.6507331908277572 
2.7312,0.6517021359079387 
312.0,0.6502072706736841 
0.049299,0.649787695324402 
2.6997,0.6510101961265 
311.5,0.6525648559701249 
0.049623,0.6527241392045746 
2.74,0.6535029174933185 
312.7,0.6519482576496938 
0.049503,0.6498503809032834 
2.7206,0.6484105466252568 
307.9,0.6502641795157326 
0.049332,0.6516355693147748 
2.7421,0.6544609045018459 
313.2,0.6544609045018459 
0.049593,0.6533342669898848 
2.7447,0.6488879862948467 
312.3,0.6510405922321733 
0.049621,0.6523614775910241 
2.6963,0.6504054763076672 
316.2,0.6497477356045952 
0.049829000000000005,0.6502411251356954 
2.712,0.6530845714457606 
314.7,0.651290733164655 
0.049656,0.6492822104278141 
2.7046,0.6478876539572727 
311.7,0.644120593566951 
0.049631,0.6411524864664742 
2.7007,0.6350128157714927 
304.4,0.6328602098341662 
0.048717,0.6335361923413427 
2.6239,0.632802691860084 
301.8,0.6350150924067808 
0.049138,0.6413864217847676 
2.618,0.6431703673996811 
307.3,0.6433497512277917 
0.050247,0.6430700343282703 
2.6747,0.6467013144885764 
306.0,0.646581725269836 
0.050226,0.6510028062650488 
2.6879,0.6509394173345696 
306.8,0.6511785957720504 
0.052436,0.652274153628509 
2.7085,0.6548187664091725 
307.6,0.6566723992996482 
0.051651,0.6554447529073044 
2.6939,0.6535521405544267 
308.3,0.6517583022733211 
0.052272000000000006,0.6510745498522689 
2.6862,0.6500150491571172 
304.4,0.6484603893134924 
0.050564,0.6439421843948346 
2.6416,0.6392242368548857 
303.7,0.6392242368548857 
0.049865,0.6352654657352708 
2.6201,0.6346949653609584 
306.2,0.6394785341105731 
0.049504,0.6442492612301877 
2.666,0.6485506529412736 
311.8,0.6489692152068648 
0.049638,0.6460593824604549 
2.6559,0.6460050490914727 
311.2,0.645466897607141 
0.049693,0.6444218441908738 
2.6439,0.6422485094315883 
312.0,0.6406340549785934 
0.049053,0.6401562052752443 
2.6281,0.638453759713804 
309.3,0.6385733489325445 
0.049917,0.6419299517268009 
2.6242,0.6416673404433872 
306.9,0.641248778177796 
0.049801,0.6400289016993277 
2.6017,0.6392863456565718 
310.6,0.6385090157347595 
0.049507999999999996,0.634923200481173 
2.6101,0.6292181967380487 
305.3,0.6289790183005679 
0.04877,0.6301134257264046 
2.5462,0.6294252030526308 
306.2,0.6292458192245203 
0.049177,0.6279870931766742 
2.5447,0.6275343151018231 
305.3,0.6290889749454478 
0.048385000000000004,0.6274067885913819 
2.5155,0.6250251759176648 
312.2,0.6266396303706598 
0.048563,0.6288074363419505 
2.535,0.6345124400850748 
309.3,0.6321206557102674 
0.048931,0.6326723195954345 
2.5717,0.632056541413637 
308.2,0.6314585953199352 
0.049804,0.6335992065926612 
2.5383,0.6281658696944475 
305.6,0.628285458913188 
0.049201,0.6276366711045759 
2.4943,0.6218863895539664 
307.7,0.6220059787727068 
0.049222,0.6201373144856265 
2.4512,0.6207712037904181 
306.6,0.6211897660560093 
0.048742,0.6217297750703632 
2.4428,0.6243739990274938 
308.0,0.6152852184032258 
0.048609,0.6042558256568206 
2.5601,0.601629712822684 
290.3,0.6012709451664628 
0.045635,0.6000976881712483 
2.3666,0.5917665715939874 
291.8,0.5882984842505167 
0.045880000000000004,0.5833723588533902 
2.322,0.5747786309927156 
286.4,0.5724466412272785 
0.044211,0.5696727819736915 
2.2359,0.5646016675353588 
281.7,0.5650202298009501 
0.043712,0.5656029733416196 
2.213,0.5656663622720988 
280.5,0.5643508808659548 
0.044108,0.5635661195645197 
2.1767,0.5599438949657106 
282.6,0.5592263596532685 
0.044077,0.5612465372609228 
2.1697,0.5630757606833213 
278.0,0.5631355552926915 
0.044346,0.5629218826611128 
2.2233,0.5635014385969223 
280.0,0.5607508865658938 
0.044617000000000004,0.5611510371304869 
2.1656,0.556034644884669 
277.6,0.5586058130875868 
0.044816,0.5589360344272997 
2.1013,0.5601857019138888 
277.4,0.5616207725387732 
0.044719,0.5633340385483416 
2.1486,0.564579957032471 
281.6,0.5643627830112384 
0.045304000000000004,0.5662215722384978 
2.2075,0.5662215722384978 
280.9,0.5662215722384978 
0.04545,0.5604725733816073 
2.2164,0.5604725733816073 
282.0,0.5604725733816073 
0.044771,0.5591537640331952 
2.1745,0.5591537640331952 
278.7,0.5591537640331952 
0.044708,0.560792922863077 
2.1457,0.560792922863077 
279.7,0.560792922863077 
0.045137000000000004,0.5625791856905122 
2.1211,0.5625791856905122 
276.9,0.5625791856905122 
0.045406999999999996,0.5598472543073759 
2.1107,0.5598472543073759 
277.0,0.5598472543073759 
0.044893,0.5596371057394424 
2.0487,0.5596371057394424 
277.1,0.5596371057394424 
0.044818000000000004,0.5564830699427546 
2.0532,0.5564830699427546 
275.0,0.5564830699427546 
0.044386,0.5564830699427546 
1.9925,0.5564830699427546 
279.9,0.5564830699427546 
0.044879,0.5564830699427546 
2.0187,0.5564830699427546 
281.3,0.5564830699427546 
0.045081,0.5564830699427546 
2.0115,0.5564830699427546 
280.4,0.5564830699427546 
0.044851,0.5564830699427546 
2.0307,0.5564830699427546 
277.5,0.5564830699427546 
0.044463,0.5564830699427546 
2.0792,0.5564830699427546 
277.9,0.5564830699427546 
0.044181,0.5564830699427546 
2.0878,0.5564830699427546 
282.1,0.5564830699427546 
0.044217,0.5564830699427546 
2.1969,0.5564830699427546 
281.7,0.5564830699427546 
0.044456999999999997,0.5564830699427546 
2.137,0.5564830699427546 
281.4,0.5564830699427546 
0.043972000000000004,0.5564830699427546 
2.1182,0.5564830699427546 
282.0,0.5564830699427546 
0.043647000000000005,0.5564830699427546 
2.0728,0.5564830699427546 
287.2,0.5564830699427546 
0.043938,0.5564830699427546 
2.1081,0.5564830699427546 
286.2,0.5564830699427546 
0.044534,0.5564830699427546 
2.118,0.5564830699427546 
291.5,0.5564830699427546 
0.045801999999999995,0.5564830699427546 
2.166,0.5564830699427546 
294.3,0.5564830699427546 
0.04546,0.5564830699427546 
2.1326,0.5564830699427546 
296.9,0.5564830699427546 
0.045168,0.5564830699427546 
2.1712,0.5564830699427546 
295.3,0.5564830699427546 
0.045323,0.5564830699427546 
2.1943,0.5564830699427546 
296.8,0.5564830699427546 
0.045021,0.5564830699427546 
2.1828,0.5564830699427546 
301.5,0.5564830699427546 
0.045381,0.5564830699427546 
2.1783,0.5564830699427546 
303.1,0.5564830699427546 
0.046006,0.5564830699427546 
2.1912,0.5564830699427546 
300.4,0.5564830699427546 
0.046479,0.5564830699427546 
2.1485,0.5564830699427546 
299.6,0.5564830699427546 
0.046006,0.5564830699427546 
2.0877,0.5564830699427546 
298.4,0.5564830699427546 
0.045602,0.5564830699427546 
2.0649,0.5564830699427546 
296.7,0.5564830699427546 
0.04602,0.5564830699427546 
2.0759,0.5564830699427546 
293.3,0.5564830699427546 
0.04556,0.5564830699427546 
2.0667,0.5564830699427546 
298.3,0.5564830699427546 
0.045777,0.5564830699427546 
2.0886,0.5564830699427546 
294.5,0.5564830699427546 
0.045457,0.5564830699427546 
2.0298,0.5564830699427546 
293.4,0.5564830699427546 
0.045026,0.5564830699427546 
1.9879,0.5564830699427546 
293.3,0.5564830699427546 
0.044881,0.5564830699427546 
1.9193,0.5564830699427546 
290.4,0.5564830699427546 
0.044417,0.5564830699427546 
1.9201,0.5564830699427546 
288.6,0.5564830699427546 
0.043979000000000004,0.5564830699427546 
1.9294,0.5564830699427546 
287.3,0.5564830699427546 
0.044262,0.5564830699427546 
1.9705,0.5564830699427546 
292.8,0.5564830699427546 
0.044323,0.5564830699427546 
1.959,0.5564830699427546 
294.3,0.5564830699427546 
0.043982,0.5564830699427546 
1.9811,0.5564830699427546 
295.6,0.5564830699427546 
0.043841000000000005,0.5564830699427546 
1.985,0.5564830699427546 
299.8,0.5564830699427546 
0.044087,0.5564830699427546 
2.0633,0.5564830699427546 
298.5,0.5564830699427546 
0.044248,0.5564830699427546 
2.0862,0.5564830699427546 
287.2,0.5564830699427546 
0.043762,0.5564830699427546 
2.0747,0.5564830699427546 
286.6,0.5564830699427546 
0.044336,0.5564830699427546 
2.0373,0.5564830699427546 
286.4,0.5564830699427546 
0.043733,0.5564830699427546 
2.0409,0.5564830699427546 
287.3,0.5564830699427546 
0.044203,0.5564830699427546 
2.1266,0.5564830699427546 
291.1,0.5564830699427546 
0.044349,0.5564830699427546 
2.19,0.5564830699427546 
299.8,0.5564830699427546 
0.04559,0.5564830699427546 
2.2464,0.5564830699427546 
300.2,0.5564830699427546 
0.04573,0.5564830699427546 
2.2157,0.5564830699427546 
300.2,0.5564830699427546 
0.046100999999999996,0.5564830699427546 
2.1614,0.5564830699427546 
309.2,0.5564830699427546 
0.04687,0.5564830699427546 
2.3604,0.5564830699427546 
305.7,0.5564830699427546 
0.047028,0.5564830699427546 
2.3308,0.5564830699427546 
300.4,0.5564830699427546 
0.046717,0.5564830699427546 
2.5517,0.5564830699427546 
306.2,0.5564830699427546 
0.047377999999999997,0.5564830699427546 
2.54,0.5557855575049437 
302.6,0.5550880450671327 
0.046715,0.5543905326293218 
2.5864,0.5578800156950672 
306.8,0.5567265180442054 
0.046615,0.5547667677784456 
2.73,0.5475129521789865 
301.1,0.5447707431765939 
0.045814,0.5447707431765939 
2.5315,0.5329886677620775 
298.3,0.5372978533372659 
0.045473,0.5372978533372659 
2.4693,0.5605976258887047 
309.3,0.5607934979603041 
0.046225999999999996,0.5607934979603041 
2.7906,0.582415043184407 
302.8,0.5805216131589455 
0.046598,0.5805216131589455 
2.813,0.5733719049561853 
304.5,0.5744165560047158 
0.046599,0.5744165560047158 
2.8479,0.5677611202339792 
304.2,0.5696545502594407 
0.046868,0.5696545502594407 
2.7392,0.5864368235328007 
306.6,0.5855227538653365 
0.047718,0.5855227538653365 
2.8186,0.5828100028430674 
306.9,0.5817000611040037 
0.04807,0.5817000611040037 
2.8774,0.5786999423886976 
305.3,0.5781123261738992 
0.047386000000000005,0.5781123261738992 
2.7796,0.5582034924002968 
302.9,0.5559836089221695 
0.047024,0.5559836089221695 
2.6677,0.5452705413257506 
300.9,0.5463151923742811 
0.045880000000000004,0.5463151923742811 
2.5696,0.5474991472695935 
303.6,0.5484785076275909 
0.046531,0.5484785076275909 
2.5813,0.5568121707256635 
302.7,0.5538740896516714 
0.045642,0.5538740896516714 
2.611,0.5366205333617308 
301.0,0.5371428588859959 
0.045695,0.5371428588859959 
2.5451,0.5388034763211026 
299.3,0.5356744852679917 
0.045233999999999996,0.5356744852679917 
2.5119,0.5356744852679917 
294.5,0.5356744852679917 
0.04458,0.5356744852679917 
2.4247,0.5356744852679917 
295.5,0.5356744852679917 
0.044502,0.5356744852679917 
2.4957,0.5356744852679917 
299.7,0.5356744852679917 
0.04508,0.5356744852679917 
2.5773,0.5356744852679917 
296.8,0.5356744852679917 
0.044594999999999996,0.5356744852679917 
2.5382,0.5356744852679917 
295.2,0.5356744852679917 
0.044407,0.5356744852679917 
2.6075,0.5356744852679917 
297.4,0.5356744852679917 
0.044692,0.5356744852679917 
2.5697,0.5356744852679917 
299.8,0.5356744852679917 
0.04526,0.5349769728301808 
2.9824,0.5342794603923698 
300.0,0.5335819479545589 
0.045895,0.5327119307652246 
2.9722,0.537651110621484 
300.7,0.5372546863682481 
0.045462,0.5360587280072453 
3.1506,0.5404078337382053 
298.9,0.5390165788572316 
0.045298000000000005,0.5390165788572316 
3.1572,0.5269339446678494 
296.5,0.5258045214576192 
0.045087,0.5258045214576192 
3.1235,0.5296019207742823 
296.3,0.5300669773902593 
0.045037,0.5300669773902593 
3.0805,0.5357151294041849 
296.8,0.5349178894910813 
0.045491000000000004,0.5349178894910813 
3.15,0.5250695836875132 
295.7,0.526331880216594 
0.04555,0.526331880216594 
3.0407,0.5271086209859115 
298.7,0.5276401142613139 
0.045939,0.5276401142613139 
3.1729,0.5294716881741488 
298.1,0.5289401948987464 
0.045774,0.5289401948987464 
3.075,0.5274442497133943 
298.2,0.5271785030756931 
0.045271,0.5271785030756931 
3.1061,0.5212234905109261 
296.9,0.5242795768444901 
0.045107999999999995,0.5242795768444901 
3.028,0.527146805116415 
304.6,0.5298707081528524 
0.045811000000000004,0.5298707081528524 
3.178,0.5395559942887859 
306.2,0.539157374332234 
0.046938,0.539157374332234 
3.1348,0.5343722676175501 
305.2,0.5347708875741018 
0.046566,0.5347708875741018 
3.1075,0.5410998864352069 
304.5,0.5403690831815285 
0.046274,0.5403690831815285 
3.2361,0.5627890821773824 
305.2,0.5623240255614053 
0.046495999999999996,0.5623240255614053 
3.4297,0.5682023229884621 
305.4,0.5677372663724849 
0.046654,0.5677372663724849 
3.42,0.5603246661912209 
304.3,0.5599924828940944 
0.046647,0.5599924828940944 
3.4452,0.5688914388684967 
303.0,0.568758565549646 
0.046231,0.568758565549646 
3.4566,0.5616048789581546 
303.2,0.5645280919728679 
0.0467,0.5645280919728679 
3.422,0.5736955509292565 
306.8,0.5737619875886818 
0.047387,0.5737619875886818 
3.5182,0.5703002169995016 
307.7,0.5696358504052486 
0.047242,0.5696358504052486 
3.4921,0.5630287591699434 
305.0,0.5605706027712072 
0.046485000000000005,0.5605706027712072 
3.2335,0.5395506550385675 
300.7,0.5387534151254638 
0.045995,0.5387534151254638 
3.2069,0.5450920033787827 
302.1,0.5480816530529213 
0.046408,0.5480816530529213 
3.2426,0.5534517126926468 
307.6,0.5543818259246011 
0.047156,0.5543818259246011 
3.3398,0.5494145207578549 
306.2,0.550078887352108 
0.047268,0.550078887352108 
3.2976,0.5553626424619094 
309.2,0.5547647125270816 
0.047864,0.5547647125270816 
3.3109,0.5483877667049075 
308.1,0.5525068395892764 
0.047999,0.5525068395892764 
3.2736,0.5649826388594243 
316.2,0.57169274146138 
0.048842,0.57169274146138 
3.3862,0.5709447688687039 
323.7,0.5708783322092786 
0.050020999999999996,0.5708783322092786 
3.3916,0.5696988369669818 
319.0,0.5691673436915794 
0.048868,0.5691673436915794 
3.2884,0.5632986356567365 
322.8,0.5645609321858174 
0.050881,0.5645609321858174 
3.287,0.5709762355768465 
326.3,0.57064405227972 
0.051884000000000007,0.57064405227972 
3.3341,0.5644109473407529 
321.2,0.5669355403989145 
0.050912,0.5669355403989145 
3.2634,0.5663601768660868 
327.4,0.5648321336993047 
0.055537,0.5648321336993047 
3.3417,0.5667883697109191 
327.1,0.5669212430297697 
0.052901,0.5669212430297697 
3.3107,0.5652814569612106 
323.4,0.5571761845113236 
0.053072,0.5571761845113236 
3.27,0.5402029602929055 
309.1,0.5375454939158933 
0.049675,0.5375454939158933 
3.0855,0.5355988472964929 
309.6,0.53606390391247 
0.051093,0.53606390391247 
3.0801,0.5342515087840627 
309.8,0.5341186354652121 
0.050193,0.5341186354652121 
3.0708,0.5276457957209001 
311.5,0.531565558626993 
0.051398,0.531565558626993 
2.9473,0.5354204942969387 
321.3,0.5390080739059051 
0.054159000000000006,0.5390080739059051 
3.1089,0.5435726245996718 
323.5,0.5435061879402465 
0.052335,0.5435061879402465 
3.1348,0.5489146051488273 
319.0,0.5467221953877922 
0.051025,0.5467221953877922 
3.2043,0.5530032472878282 
317.4,0.5524717540124258 
0.051815,0.5524717540124258 
3.2074,0.546037271836969 
318.1,0.5461701451558196 
0.051229,0.5461701451558196 
3.1827,0.5438974592011501 
316.6,0.5408413728675862 
0.050696,0.5408413728675862 
3.14,0.5349726648327433 
313.1,0.534906228173318 
0.051158999999999996,0.534906228173318 
3.0841,0.5362871006521046 
315.5,0.538811693710266 
0.052506,0.538811693710266 
3.1899,0.5491107009478824 
315.9,0.5481805877159283 
0.052528,0.5481805877159283 
3.25,0.5468668409826383 
315.4,0.5452059244970056 
0.05281,0.5452059244970056 
3.15,0.5376590728247486 
312.6,0.5373268895276221 
0.051895000000000004,0.5373268895276221 
3.0995,0.537796769746098 
313.5,0.5369330931735691 
0.052063,0.5369330931735691 
3.12,0.5361467630120379 
311.0,0.5362131996714632 
0.051704999999999994,0.5362131996714632 
3.0808,0.5306897097563169 
311.8,0.5275007501039024 
0.051817999999999996,0.5275007501039024 
3.0433,0.5110357636728156 
304.0,0.5107700170351143 
0.049826,0.5107700170351143 
2.8939,0.5139632846423081 
307.7,0.515690637787366 
0.04945,0.515690637787366 
2.9391,0.5177907146821873 
306.6,0.5165948548125318 
0.0487,0.5165948548125318 
2.8952,0.5140920234447311 
306.0,0.5120324870025468 
0.048969,0.5120324870025468 
2.8746,0.5036897157765446 
303.9,0.5057492522187291 
0.047937,0.5057492522187291 
2.8262,0.5070438201675915 
306.7,0.505847960297936 
0.048976,0.505847960297936 
2.9048,0.5107577291113993 
304.5,0.5105584191331234 
0.048087,0.5105584191331234 
2.867,0.5032033553051423 
306.8,0.5039341585588206 
0.048179,0.5039341585588206 
2.775,0.5029464511607997 
304.7,0.4998903648272357 
0.048494999999999996,0.4998903648272357 
2.7922,0.4928038039812408 
303.9,0.4944647204668734 
0.048780000000000004,0.4944647204668734 
2.7508,0.4964593140473429 
303.5,0.4912772546121692 
0.048351,0.4912772546121692 
2.7314,0.4828290000718154 
291.6,0.47884280050629713 
0.046189999999999995,0.47884280050629713 
2.5606,0.4726001061751163 
291.3,0.4730651627910934 
0.046442000000000004,0.4730651627910934 
2.5486,0.4709363177196308 
289.4,0.4701390778065272 
0.045734,0.4701390778065272 
2.5901,0.4688445098576648 
289.9,0.46472543697329594 
0.045794999999999995,0.46472543697329594 
2.5694,0.45546208409476946 
282.0,0.4270271938607395 
0.044517,0.4270271938607395 
2.4711,0.4099580757201835 
223.9,0.39926177355270964 
0.037579,0.39926177355270964 
2.1755,0.39514792429299134 
219.4,0.39734033405402636 
0.037586,0.39734033405402636 
2.2937,0.4088092471417258 
230.1,0.4059524707864377 
0.038595,0.4059524707864377 
2.3257,0.3900724372803923 
222.0,0.3882122108164838 
0.03696,0.3882122108164838 
2.1994,0.39005337412153257 
218.5,0.390584867396935 
0.036993,0.390584867396935 
2.2139,0.3876505133795136 
220.0,0.3894443031839968 
0.037837,0.3894443031839968 
2.1674,0.3965020958533503 
226.4,0.39929243554921307 
0.038717,0.39929243554921307 
2.363,0.4113367121697402 
227.3,0.4085463724738775 
0.038967,0.4085463724738775 
2.2962,0.3980459879997713 
223.2,0.3979131146809207 
0.038344,0.3979131146809207 
2.2702,0.40083787930612835 
223.2,0.4027645424294622 
0.038555,0.4027645424294622 
2.3269,0.4029946878425933 
223.9,0.395487345327534 
0.039264999999999994,0.395487345327534 
2.3,0.3836060883746413 
208.5,0.37928770551199653 
0.036179,0.37928770551199653 
2.1055,0.377858886072141 
216.0,0.38211083227536047 
0.037683,0.38211083227536047 
2.24,0.38908232041478985 
214.2,0.38768715056685843 
0.037857,0.38768715056685843 
2.2286,0.3864692977557064 
213.3,0.3879973409224884 
0.037573,0.3879973409224884 
2.2411,0.3889275119672265 
218.1,0.38852889201067475 
0.03865,0.38852889201067475 
2.239,0.3874261119060883 
213.1,0.38523370214505326 
0.038316,0.38523370214505326 
2.2049,0.38439942502245306 
212.2,0.38672470810233867 
0.03776,0.38672470810233867 
2.1975,0.3873959655573044 
217.0,0.39104998182569606 
0.03834,0.39104998182569606 
2.227,0.39161575596631004 
220.7,0.3919479392634365 
0.039310000000000005,0.3919479392634365 
2.2721,0.39829611690896916 
220.7,0.3980303702712679 
0.039481999999999996,0.3980303702712679 
2.2836,0.39670703414576414 
222.2,0.3974378373994425 
0.039271,0.3974378373994425 
2.2823,0.3990872128602153 
219.9,0.3975591696934333 
0.03879,0.3975591696934333 
2.25,0.3910000254191972 
218.8,0.39518553496299136 
0.03845,0.39518553496299136 
2.2342,0.39795686931277824 
226.9,0.399219165841859 
0.038679000000000005,0.399219165841859 
2.26,0.4006767534583559 
227.3,0.39875009033502207 
0.038723,0.39875009033502207 
2.2866,0.39571984239546276 
223.0,0.3938596159315543 
0.038169,0.3938596159315543 
2.2155,0.3900909847915326 
221.7,0.389958111472682 
0.037456,0.389958111472682 
2.1961,0.3893252115865715 
220.8,0.38527257536162796 
0.037472000000000005,0.38527257536162796 
2.1524,0.3835560741553586 
216.5,0.3838218207930598 
0.03677,0.3838218207930598 
2.173,0.38451225703245306 
214.4,0.38610673685866037 
0.036969999999999996,0.38610673685866037 
2.18,0.38803420469363326 
218.3,0.3873698380993802 
0.037458,0.3873698380993802 
2.2035,0.3907740723352776 
216.6,0.38884740921194383 
0.03683,0.38884740921194383 
2.2412,0.3847431493444393 
214.9,0.39019095541731424 
0.036998,0.39019095541731424 
2.188,0.3989940174695785 
224.9,0.40218297712199313 
0.038751999999999995,0.40218297712199313 
2.36,0.4185137120620868 
227.7,0.4185801487215121 
0.038968,0.4185801487215121 
2.48,0.4276037667946937 
226.7,0.42700583685986593 
0.039083,0.42700583685986593 
2.53,0.4250112432793965 
227.6,0.42833307625066164 
0.038932999999999995,0.42833307625066164 
2.6629,0.4357360870397118 
230.8,0.4350717204454587 
0.039302,0.4350717204454587 
2.6227,0.4298455016889402 
231.4,0.42774902646411533 
0.039142,0.42774902646411533 
2.5496,0.4247041834696066 
228.9,0.4247041834696066 
0.03934,0.4247041834696066 
2.58,0.4247041834696066 
225.2,0.4247041834696066 
0.038513,0.4247041834696066 
2.5271,0.4247041834696066 
223.1,0.4247041834696066 
0.038486,0.4247041834696066 
2.5047,0.4247041834696066 
223.2,0.4247041834696066 
0.038301999999999996,0.4247041834696066 
2.5546,0.4247041834696066 
222.9,0.4247041834696066 
0.038241000000000004,0.4247041834696066 
2.4627,0.4247041834696066 
223.1,0.4247041834696066 
0.038234,0.4247041834696066 
2.4663,0.4247041834696066 
224.7,0.4247041834696066 
0.038632,0.4247041834696066 
2.5689,0.4247041834696066 
222.4,0.4247041834696066 
0.038952999999999995,0.4247041834696066 
2.4987,0.4247041834696066 
222.9,0.4247041834696066 
0.03912,0.4247041834696066 
2.592,0.4247041834696066 
225.6,0.4247041834696066 
0.039471,0.4247041834696066 
2.62,0.4247041834696066 
224.2,0.4247041834696066 
0.039588,0.4247041834696066 
2.6237,0.4247041834696066 
222.9,0.4247041834696066 
0.03907,0.4247041834696066 
2.6137,0.4247041834696066 
222.5,0.4247041834696066 
0.0384,0.4247041834696066 
2.56,0.4247041834696066 
218.7,0.4247041834696066 
0.037817,0.4247041834696066 
2.53,0.4247041834696066 
219.3,0.4247041834696066 
0.03793,0.4247041834696066 
2.5402,0.4247041834696066 
222.3,0.4247041834696066 
0.038273,0.4247041834696066 
2.5985,0.4247041834696066 
219.3,0.4247041834696066 
0.03784,0.4247041834696066 
2.5122,0.4247041834696066 
222.6,0.4247041834696066 
0.038380000000000004,0.4247041834696066 
2.5451,0.4247041834696066 
222.1,0.4247041834696066 
0.038698,0.4247041834696066 
2.5578,0.4247041834696066 
222.1,0.4247041834696066 
0.03947,0.4247041834696066 
2.5812,0.4247041834696066 
223.9,0.4247041834696066 
0.040038,0.4247041834696066 
2.6177,0.4247041834696066 
221.9,0.4247041834696066 
0.039527,0.4247041834696066 
2.57,0.4247041834696066 
222.2,0.4247041834696066 
0.039624,0.4247041834696066 
2.594,0.4247041834696066 
221.6,0.4247041834696066 
0.039464,0.4247041834696066 
2.6699,0.4247041834696066 
220.2,0.4247041834696066 
0.039407,0.4247041834696066 
2.6631,0.4247041834696066 
222.8,0.4247041834696066 
0.039479,0.4247041834696066 
2.6382,0.4247041834696066 
222.3,0.4247041834696066 
0.039637,0.4247041834696066 
2.7354,0.4247041834696066 
223.2,0.4247041834696066 
0.039721,0.4247041834696066 
2.78,0.4247041834696066 
221.8,0.4247041834696066 
0.039923,0.4247041834696066 
2.7209,0.4247041834696066 
220.0,0.4247041834696066 
0.039361,0.4247041834696066 
2.6856,0.4247041834696066 
221.4,0.4247041834696066 
0.039455000000000004,0.4247041834696066 
2.6318,0.4247041834696066 
222.5,0.4247041834696066 
0.039519,0.4247041834696066 
2.6782,0.4247041834696066 
219.5,0.4247041834696066 
0.038419999999999996,0.4247041834696066 
2.6087,0.4247041834696066 
220.5,0.4247041834696066 
0.038879000000000004,0.4247041834696066 
2.6362,0.4247041834696066 
223.9,0.4247041834696066 
0.0389,0.4247041834696066 
2.6067,0.4247041834696066 
223.5,0.4247041834696066 
0.038928,0.4247041834696066 
2.6143,0.4247041834696066 
227.8,0.4247041834696066 
0.0403,0.4247041834696066 
2.6962,0.4247041834696066 
234.4,0.4247041834696066 
0.041319999999999996,0.4247041834696066 
2.78,0.4247041834696066 
234.2,0.4247041834696066 
0.041177,0.4247041834696066 
2.8858,0.4247041834696066 
232.9,0.4247041834696066 
0.041681,0.4247041834696066 
2.9,0.4247041834696066 
235.7,0.4247041834696066 
0.041645,0.4247041834696066 
2.9897,0.4247041834696066 
233.8,0.4247041834696066 
0.041249,0.4247041834696066 
2.9551,0.4247041834696066 
233.2,0.4247041834696066 
0.040681,0.4247041834696066 
2.9259,0.4247041834696066 
229.3,0.4247041834696066 
0.040648000000000004,0.4247041834696066 
2.93,0.4247041834696066 
229.3,0.4247041834696066 
0.041145999999999995,0.4247041834696066 
2.8741,0.4247041834696066 
231.8,0.4247041834696066 
0.041234,0.4247041834696066 
2.9068,0.4247041834696066 
228.5,0.4247041834696066 
0.040958,0.4247041834696066 
2.85,0.4247041834696066 
231.7,0.4247041834696066 
0.0421,0.4247041834696066 
3.0081,0.4247041834696066 
232.2,0.4247041834696066 
0.042975,0.4247041834696066 
2.9845,0.4247041834696066 
238.0,0.4247041834696066 
0.042518,0.4247041834696066 
2.8793,0.4247041834696066 
237.8,0.4247041834696066 
0.042407,0.4247041834696066 
2.8993,0.4247041834696066 
239.4,0.4247041834696066 
0.042741,0.4247041834696066 
2.9032,0.4247041834696066 
237.1,0.4247041834696066 
0.041794,0.4247041834696066 
2.9305,0.4247041834696066 
237.5,0.4247041834696066 
0.041782,0.4247041834696066 
2.9563,0.4247041834696066 
231.9,0.4247041834696066 
0.04116,0.4247041834696066 
2.828,0.4247041834696066 
231.7,0.4240066710317957 
0.041260000000000005,0.42330915859398466 
2.814,0.42261164615617375 
231.1,0.4223024782058128 
0.041862,0.42357375950297327 
2.867,0.4256582841509757 
230.5,0.4232466154904438 
0.041654000000000004,0.42232994206934144 
2.8896,0.4226019902013689 
232.1,0.42268812122495925 
0.041624,0.42292211417718806 
2.8797,0.42128982538502346 
224.7,0.4166387501111407 
0.040625,0.414525576645652 
2.767,0.4117909629548827 
222.1,0.4118770939784731 
0.040772,0.4125983712229721 
2.7887,0.41506446987433765 
223.9,0.4132557183789388 
0.041007,0.41205439373759933 
2.85,0.41228051166551827 
220.6,0.4116775945003853 
0.040436,0.4113736448923355 
2.845,0.4114937700415424 
220.5,0.4132163905133509 
0.040094,0.41352034012140065 
2.8065,0.41298331004259325 
223.2,0.41410301334926874 
0.0404,0.4148194659968146 
2.8273,0.4151586428886929 
224.1,0.4142112016291983 
0.040867,0.41314255340407097 
2.8236,0.412322875915365 
224.0,0.4137871033164022 
0.040388,0.4149160590034441 
2.796,0.4156615415470517 
225.0,0.41652285178295595 
0.040802,0.4160186814013496 
2.8334,0.41529086432086065 
224.4,0.4146879471557277 
0.040473,0.41502325664397305 
2.8156,0.41552142270391934 
223.9,0.4157798157746906 
0.040477,0.41567849923867406 
2.8309,0.41612013581664065 
226.1,0.41637852888741195 
0.040636,0.41658839885487486 
2.8571,0.4180157682748629 
225.8,0.41848690497390256 
0.040798,0.4188556284627423 
2.8508,0.4178060385046395 
226.6,0.4171085260668286 
0.041339,0.41814259781700625 
2.8681,0.41814259781700625 
226.9,0.41737564507521585 
0.041587,0.41737564507521585 
2.8776,0.41737564507521585 
225.7,0.41737564507521585 
0.041293,0.41737564507521585 
2.8652,0.41667813263740494 
223.3,0.41667813263740494 
0.041125999999999996,0.41667813263740494 
2.866,0.4184069452097885 
225.3,0.4184069452097885 
0.041561,0.4184069452097885 
2.97,0.4184069452097885 
226.1,0.4184069452097885 
0.041804,0.4184069452097885 
2.9983,0.4184069452097885 
225.4,0.4184069452097885 
0.041602,0.4184069452097885 
3.0199,0.4184069452097885 
224.8,0.41770943277197753 
0.0413,0.41701192033416656 
2.9615,0.41631440789635565 
228.0,0.4153982086726937 
0.041513999999999995,0.4154438013815078 
3.007,0.415658331754718 
227.9,0.415308047546192 
0.041522,0.4154496249051407 
3.09,0.4183606370462396 
225.7,0.4165216449514779 
0.041460000000000004,0.41586654971430825 
3.0819,0.4160414744801566 
223.2,0.41542847711523606 
0.041124,0.415063735444724 
3.0404,0.41263129105924795 
225.6,0.41394485684122057 
0.0413,0.41391606144618015 
3.0601,0.41252326425395364 
225.9,0.4086701379601672 
0.041095,0.4060761527902756 
3.0181,0.4042641962534691 
221.4,0.40435176730560063 
0.039416,0.40240807814037194 
2.9353,0.40215064169251963 
221.7,0.40469020220433344 
0.039623,0.4054580794054114 
2.9186,0.403920061652858 
224.5,0.4027816379751484 
0.039543,0.4020761507966579 
2.9122,0.4014094564060661 
221.8,0.40079645904114564 
0.039169999999999996,0.3998774060161054 
2.8357,0.398256876581548 
221.2,0.39466646344415607 
0.038551,0.3927347723601942 
2.7856,0.38991947377021985 
215.6,0.38746748431053757 
0.037771,0.3870547503149582 
2.7674,0.38837823769430135 
214.7,0.38925394821561643 
0.038147,0.3904777525048345 
2.7727,0.3920421739956292 
217.2,0.39195460294349765 
0.038593,0.3915394693316649 
2.8315,0.39017967681224 
214.9,0.38982939260371396 
0.03815,0.3895270409557895 
2.7728,0.3891639895549722 
215.9,0.39144083691039144 
0.03814,0.39361488923594357 
2.7884,0.39579649810812767 
218.0,0.3962343533687852 
0.039222,0.39665188659687134 
2.8369,0.39832852397519136 
219.2,0.3985912371315859 
0.039319,0.3986944206304808 
2.9012,0.3995228379178003 
218.0,0.3995228379178003 
0.03921,0.3991700943285551 
2.9348,0.3995925541404153 
220.5,0.39976769624467823 
0.039226,0.40037239954052717 
2.911,0.3996826018789742 
218.4,0.3968803282107659 
0.039024,0.39492704058052375 
2.8927,0.39061002937807776 
214.3,0.3871947583449489 
0.038191,0.38550062927007056 
2.7836,0.3835302503038165 
213.3,0.3844935318772631 
0.037842,0.3845535222835973 
2.7794,0.386517300315291 
213.2,0.38695515557594856 
0.0376,0.3871735206550051 
2.7779,0.3870910089730012 
214.0,0.38568987213889705 
0.038163,0.3856250825000561 
2.7779,0.38514651474443323 
212.2,0.38567194105722225 
0.038049,0.38544877674565897 
2.7398,0.3841582940391174 
214.5,0.38608485718601065 
0.038058,0.38632721842760087 
2.7156,0.3869014997343483 
214.0,0.3862009313172962 
0.037966,0.38680563461314516 
2.7562,0.38773966685342975 
213.3,0.38712666948850916 
0.0384,0.3884896515204226 
2.7624,0.3881034968486442 
214.3,0.3880159257965127 
0.039126999999999995,0.38873581067252333 
2.7844,0.38885132702732883 
214.0,0.3887637559751973 
0.039033,0.3886629720925558 
2.7658,0.3889369108768089 
213.0,0.38832391351188833 
0.039027,0.38696813032873495 
2.7425,0.3849713476242396 
211.7,0.38505891867637115 
0.038399,0.3853084787667215 
2.6949,0.3859883750264339 
212.7,0.38642623028709155 
0.038518000000000004,0.3859966989777385 
2.7123,0.3863564499112757 
212.9,0.3907350025178512 
0.038465,0.39121012653601817 
2.7277,0.39171839849716245 
220.3,0.39679751952079 
0.038868,0.39822529119154443 
2.78,0.3997699098786581 
225.7,0.4009959046084993 
0.039251,0.4013870420577984 
2.91,0.4049680490567693 
224.6,0.4043550516918487 
0.0395,0.4039303196150025 
2.8948,0.40381810372747706 
224.7,0.40416838793600307 
0.03893,0.4033285222473241 
2.8801,0.402361485334238 
224.2,0.4074406063578655 
0.038646,0.40814849315260926 
2.8872,0.40913203240209617 
232.1,0.4089568902978332 
0.039225,0.40933602966586546 
2.895,0.41114468573539176 
229.7,0.4116701120481808 
0.0387,0.4105686881878845 
2.8887,0.41016273071242515 
234.5,0.41252714911997596 
0.038819,0.4135925787364717 
2.9529,0.4144275969583516 
232.7,0.4129388890721159 
0.039275,0.41423228223268166 
2.9818,0.4147174509228648 
