date,current_balance 
412.0,0.999302487562189 
0.084908,0.998604975124378 
5.4316,0.998604975124378 
407.7,0.9989947259748686 
0.084872,0.9982159724114703 
5.4409,0.9982159724114703 
406.1,0.9982159724114703 
0.085176,0.9982159724114703 
5.48,0.9982159724114703 
426.5,0.9982159724114703 
0.085199,0.9982159724114703 
5.8761,0.9982159724114703 
425.8,0.9982159724114703 
0.086824,0.9982159724114703 
5.7556,0.9982159724114703 
436.2,0.9982159724114703 
0.0882,0.9982159724114703 
5.818,0.9982159724114703 
434.5,0.9982159724114703 
0.088336,0.9982159724114703 
5.8787,0.9982159724114703 
414.2,0.9982159724114703 
0.08453300000000001,0.9975184599736593 
5.7041,0.9968209475358483 
419.3,0.9961234350980372 
0.085719,0.9967076599635882 
5.8162,1.00037246952746 
436.0,1.0014164859637271 
0.087564,1.0036650181051538 
6.03,1.0048977715383698 
428.1,1.0050402026319332 
0.088003,1.0086711631793437 
5.9868,1.014453971391768 
432.9,1.0189842447206987 
0.089538,1.0236367386661365 
6.1312,1.0250849994839384 
440.6,1.027803163481297 
0.089795,1.0294501254903614 
6.0303,1.0246396478623274 
442.0,1.0173912105360379 
0.089658,1.0123078657696634 
5.9691,1.0040635259199153 
427.7,1.0004393072567705 
0.086774,0.993809763979776 
5.8231,0.9874128522403689 
426.0,0.9796765393248101 
0.08551399999999999,0.9726091960200896 
5.8034,0.9693580295976532 
402.5,0.9630748889729899 
0.08361,0.9627194509441307 
5.5618,0.9627194509441307 
413.9,0.9627194509441307 
0.08513899999999999,0.9627194509441307 
5.6232,0.9627194509441307 
399.6,0.9627194509441307 
0.082022,0.9627194509441307 
5.3834,0.9627194509441307 
416.0,0.9627194509441307 
0.085,0.9627194509441307 
5.6159,0.9627194509441307 
406.9,0.9627194509441307 
0.08406799999999999,0.9627194509441307 
5.5228,0.9627194509441307 
409.2,0.9627194509441307 
0.08301900000000001,0.9627194509441307 
5.4948,0.9627194509441307 
394.9,0.9627194509441307 
0.081334,0.9627194509441307 
5.1819,0.9627194509441307 
394.0,0.9627194509441307 
0.08127000000000001,0.9620219385063198 
5.2356,0.9613244260685088 
416.2,0.9606269136306977 
0.08311,0.9602106043998585 
5.4841,0.962509795588059 
410.9,0.9571210391766922 
0.081584,0.9477799747426521 
5.5068,0.9379042405739826 
392.8,0.9366150598352809 
0.079023,0.9346634686629476 
5.2464,0.9317959449689306 
389.5,0.9350797017055388 
0.077614,0.9366864628587004 
5.1451,0.9405005477721017 
404.7,0.9439335661785556 
0.08089,0.946662859096255 
5.3284,0.9537620682416369 
403.2,0.9566726708036305 
0.080231,0.9560343684277169 
5.4068,0.9521478994210686 
408.0,0.9574466887005952 
0.081134,0.9683271763268002 
5.3907,0.9746245924392918 
413.1,0.9748484849440606 
0.082403,0.9750832628294541 
5.46,0.9766782184841166 
408.4,0.9725608353214196 
0.08187,0.9651855081560504 
5.4079,0.9651855081560504 
406.8,0.9651855081560504 
0.08068600000000001,0.9651855081560504 
5.4109,0.9651855081560504 
412.8,0.9651855081560504 
0.081861,0.9651855081560504 
5.4053,0.9651855081560504 
411.7,0.9651855081560504 
0.08037899999999999,0.9651855081560504 
5.5708,0.9651855081560504 
421.8,0.9651855081560504 
0.082585,0.9651855081560504 
5.6029,0.9651855081560504 
416.5,0.9651855081560504 
0.080712,0.9651855081560504 
5.6,0.9651855081560504 
416.6,0.9651855081560504 
0.080001,0.9651855081560504 
5.5375,0.9651855081560504 
413.0,0.9644879957182395 
0.080192,0.9637904832804285 
5.6496,0.9630929708426175 
414.5,0.9630682595764417 
0.079513,0.9623544758822682 
5.6236,0.9606268700772127 
415.2,0.9552355648648734 
0.079537,0.9537769960519491 
5.636,0.9502060672727246 
399.0,0.9447084077781631 
0.077176,0.936447422103367 
5.4284,0.9301825177384435 
400.3,0.9291697909894454 
0.077424,0.9279853528977018 
5.4121,0.9254455268038139 
396.0,0.9279773436763091 
0.076503,0.9287068071359862 
5.3864,0.9281194723517746 
404.2,0.9289151862259875 
0.07712000000000001,0.930475636410348 
5.4232,0.9294491233640684 
402.9,0.9276406827408575 
0.077361,0.9270841848437842 
5.3996,0.9288673544138679 
401.2,0.928216315789512 
0.076795,0.9241951447079215 
5.393,0.9211571105605 
399.7,0.924116876822072 
0.076615,0.924116876822072 
5.4289,0.924116876822072 
405.9,0.924116876822072 
0.07795,0.924116876822072 
5.4734,0.924116876822072 
405.0,0.924116876822072 
0.07744,0.924116876822072 
5.3994,0.924116876822072 
402.3,0.924116876822072 
0.076851,0.924116876822072 
5.2681,0.924116876822072 
416.1,0.924116876822072 
0.079979,0.924116876822072 
5.4066,0.924116876822072 
414.2,0.924116876822072 
0.078774,0.924116876822072 
5.3629,0.924116876822072 
405.4,0.924116876822072 
0.077234,0.924116876822072 
5.2943,0.924116876822072 
401.3,0.923419364384261 
0.0774,0.92272185194645 
5.2746,0.9220243395086389 
402.5,0.9214750065013003 
0.077813,0.9216806357528351 
5.25,0.9200097355662974 
405.7,0.920249995107803 
0.078622,0.9186483232820325 
5.271,0.9191906172632416 
403.8,0.920299127675537 
0.077549,0.9238344984999747 
5.2332,0.9283481113048255 
410.6,0.9321170467066298 
0.079715,0.934048547792826 
5.33,0.9340599170946013 
412.4,0.9321384990466226 
0.080182,0.9333423537670131 
5.4293,0.9342746365125993 
408.4,0.93331392748861 
0.080624,0.9388569927359776 
5.3397,0.9388058308779881 
408.8,0.9431659718330163 
0.081862,0.9440879112074925 
5.3378,0.9482092831010905 
413.6,0.9471746733829483 
0.080176,0.9417798194141951 
5.264,0.9334021674921317 
412.7,0.9342673968192753 
0.080095,0.9342673968192753 
5.2827,0.9342673968192753 
417.0,0.9342673968192753 
0.07932,0.9342673968192753 
5.2404,0.9342673968192753 
418.2,0.9342673968192753 
0.0805,0.9342673968192753 
5.2176,0.9342673968192753 
424.0,0.9342673968192753 
0.079929,0.9342673968192753 
5.0959,0.9342673968192753 
421.6,0.9342673968192753 
0.07926799999999999,0.9342673968192753 
5.0924,0.9342673968192753 
416.8,0.9342673968192753 
0.078542,0.9342673968192753 
4.9258,0.9342673968192753 
414.1,0.9342673968192753 
0.078226,0.9342673968192753 
4.9861,0.9342673968192753 
414.1,0.9335698843814644 
0.07741,0.9328723719436534 
4.9977,0.9321748595058423 
415.0,0.9327490210108325 
0.077917,0.93152569698091 
4.9757,0.92877072783682 
418.5,0.926213503657671 
0.076426,0.9224143133460087 
4.8101,0.9158654876946135 
415.1,0.9160802818005169 
0.076613,0.9185080582489822 
4.8397,0.9188610589439048 
416.7,0.9049710400954842 
0.07646499999999999,0.8868382217411577 
4.764,0.8621220868776984 
387.5,0.8536735187121645 
0.07067799999999999,0.8536657746086604 
4.3143,0.8551873293281544 
386.4,0.8554737214693591 
0.072783,0.8539210287168318 
4.4483,0.8558260152256383 
388.5,0.8479502313425131 
0.071533,0.8426571365976137 
4.434,0.8478912848326727 
365.1,0.8186792864298089 
0.069543,0.795512986656447 
4.4583,0.7766663695245125 
339.9,0.7796919549223607 
0.06504299999999999,0.7796919549223607 
4.3142,0.7806124529612686 
344.8,0.7834390474044913 
0.065944,0.7834390474044913 
4.235,0.7880753173435774 
334.3,0.7924161588099552 
0.06394,0.7924161588099552 
4.2613,0.7989694292520878 
345.2,0.7928114913579238 
0.066715,0.7928114913579238 
4.3383,0.7902442307723462 
345.3,0.7996325623159075 
0.065011,0.7996325623159075 
4.3559,0.8115145874603413 
341.1,0.8077794448032254 
0.063941,0.8077794448032254 
4.286,0.8038018798828073 
350.5,0.8111712153954953 
0.06754,0.8111712153954953 
4.5016,0.8186027591958518 
352.5,0.8119400722939696 
0.069261,0.8119400722939696 
4.4932,0.8092461376663405 
346.0,0.8117698827049322 
0.06722,0.8117698827049322 
4.3974,0.8101906796473564 
350.2,0.8161467179384329 
0.070425,0.8161467179384329 
4.4647,0.8199469391999789 
353.0,0.8163127463444068 
0.069746,0.8163127463444068 
4.5293,0.8167687728957922 
347.6,0.8123269816278706 
0.068,0.8123269816278706 
4.4092,0.8085689850470086 
345.1,0.8029157961605631 
0.068098,0.8029157961605631 
4.47,0.7965989839302601 
336.5,0.7992236787703955 
0.066838,0.7992236787703955 
4.3469,0.7997979344276958 
347.9,0.798788436412259 
0.06815399999999999,0.798788436412259 
4.3498,0.7872610985855695 
341.3,0.781607909699124 
0.06664199999999999,0.781607909699124 
4.2554,0.7804087287677028 
344.7,0.7861628674556921 
0.06699400000000001,0.7861628674556921 
4.2737,0.7858588497547685 
340.6,0.7826284561053709 
0.066968,0.7826284561053709 
4.2169,0.7800780853920668 
338.7,0.7664498621836713 
0.06526599999999999,0.7664498621836713 
4.2058,0.7514601005409066 
323.2,0.740355622371103 
0.061946,0.740355622371103 
4.0,0.7326876203589168 
305.9,0.7248135358385105 
0.060591,0.7248135358385105 
3.8955,0.7190371995209606 
307.6,0.7209552457502904 
0.061287,0.7209552457502904 
3.88,0.7266724675148828 
309.0,0.6945704306239956 
0.061988999999999995,0.6945704306239956 
3.9469,0.6742012446621093 
285.3,0.6819743793809718 
0.058475,0.6819743793809718 
3.7378,0.6802347225367975 
288.8,0.685282212613981 
0.058101,0.685282212613981 
3.7201,0.686928975160651 
291.7,0.7069170358662977 
0.057972,0.7069170358662977 
3.7936,0.7229539695900216 
317.3,0.7324432509351266 
0.0598,0.7324432509351266 
3.9684,0.7451275450125534 
317.8,0.7429066493785926 
0.059567999999999996,0.7429066493785926 
4.18,0.7627860290445465 
313.1,0.7547100449210529 
0.05954299999999999,0.7547100449210529 
4.17,0.744584566493067 
308.3,0.7444836166915233 
0.059039,0.7444836166915233 
4.091,0.7434533344828376 
309.6,0.7419390874596825 
0.058649,0.7419390874596825 
4.1771,0.7404781135080214 
305.3,0.7299839778383508 
0.057793,0.7299839778383508 
4.129,0.7227500848306807 
303.8,0.7220525723928698 
0.057737000000000004,0.7213550599550589 
3.9699,0.6824210192468458 
283.0,0.6827046031087973 
0.053069000000000005,0.682747831555822 
3.825,0.6730034215913364 
283.0,0.6738541731771905 
0.051753999999999994,0.6697173987467042 
3.6881,0.6712106696249307 
284.5,0.672876724813895 
0.05139,0.6749742442434374 
3.68,0.6889150723693624 
291.6,0.6871426732321664 
0.05315399999999999,0.6872648405824533 
3.8016,0.6876463331425842 
279.0,0.6878944690217916 
0.051240999999999995,0.691815101217155 
3.7501,0.7075870936317081 
301.2,0.7128688430605525 
0.056323000000000005,0.7187817428144416 
3.9957,0.728133760431364 
294.3,0.727247560862766 
0.055937,0.7246200230827479 
3.8709,0.715671297600821 
292.2,0.7136153146016735 
0.055123,0.7136397480717309 
3.8375,0.7135198504099755 
297.7,0.7169583047361359 
0.055807,0.7188039714743175 
3.897,0.7245481594511451 
299.0,0.7229175522449247 
0.05633099999999999,0.7226412660835064 
3.9664,0.7195566262401626 
295.0,0.7200174500158336 
0.056840999999999996,0.7197580793336859 
3.9339,0.7215565442600171 
314.6,0.7278662851884352 
0.058455999999999994,0.732115829480725 
4.02,0.7445633867284234 
311.1,0.7441025629527525 
0.058008000000000004,0.7440800089803917 
4.0501,0.7433388234349947 
314.5,0.7427716557110919 
0.058538,0.7420424106047636 
4.0977,0.7476667009198358 
311.0,0.7468085761535709 
0.057908,0.7452464947752676 
4.0611,0.7312838670744779 
310.3,0.7312838670744779 
0.05825,0.7308160819190147 
4.0183,0.7214313649397954 
303.2,0.7214313649397954 
0.057,0.7180777052098593 
3.9199,0.7168351294425759 
301.7,0.7168351294425759 
0.057173,0.7190481130626518 
3.9401,0.7230919342000389 
300.9,0.7230919342000389 
0.058251,0.729396238756743 
3.9029,0.7312819019825326 
308.6,0.7312819019825326 
0.0603,0.7384318181664201 
3.9676,0.7492553070867044 
314.6,0.7492553070867044 
0.061799,0.751802937010304 
4.0449,0.7532962078885306 
312.0,0.7532962078885306 
0.061251,0.7503995382720083 
4.0255,0.7413091155534615 
314.6,0.7413091155534615 
0.061074,0.7428851916926374 
4.0001,0.7518884161117259 
331.1,0.7518884161117259 
0.062402,0.7627086465923247 
4.0808,0.774273321058006 
335.4,0.774273321058006 
0.065001,0.7697394033973627 
4.1512,0.7694124097743933 
324.9,0.7694124097743933 
0.062747,0.7649108772398975 
4.0363,0.7543489832179887 
325.4,0.7543489832179887 
0.061752,0.7549031287098451 
4.017,0.7588161523980446 
325.0,0.7588161523980446 
0.062204999999999996,0.7595897970782337 
4.2553,0.7757977809900793 
325.3,0.7757977809900793 
0.061808,0.7670106167620707 
4.2106,0.752415801390207 
317.3,0.752415801390207 
0.060351999999999996,0.7532074378071447 
4.1336,0.7548424059219914 
314.2,0.7548424059219914 
0.060171,0.7572209135201542 
4.0798,0.764273075988859 
321.7,0.764273075988859 
0.061185,0.7672884910679216 
4.2511,0.7737847643775788 
321.6,0.7737847643775788 
0.061707000000000005,0.7740402470394088 
4.2855,0.7782911641380098 
319.0,0.7782911641380098 
0.061803,0.7743149903165726 
4.23,0.7633825035219652 
321.0,0.7633825035219652 
0.060502999999999994,0.7590824784390535 
4.1634,0.7452615479748839 
307.4,0.7452615479748839 
0.058732000000000006,0.742692327967186 
3.9684,0.734332191006604 
302.6,0.734332191006604 
0.058145,0.7340623149553751 
3.9002,0.7290593125239446 
309.8,0.7290593125239446 
0.059296,0.7304194878221377 
3.9161,0.7307573812325392 
311.2,0.7307573812325392 
0.059315999999999994,0.7252195246613249 
3.9276,0.7168681729294133 
305.7,0.7168681729294133 
0.056604999999999996,0.7119188476573293 
3.8752,0.7119188476573293 
303.4,0.7119188476573293 
0.056885000000000005,0.7119188476573293 
3.8788,0.7119188476573293 
295.8,0.7119188476573293 
0.055376999999999996,0.7119188476573293 
3.71,0.7119188476573293 
305.7,0.7119188476573293 
0.057665999999999995,0.7119188476573293 
3.8457,0.7119188476573293 
296.6,0.7119188476573293 
0.055617999999999994,0.7119188476573293 
3.6947,0.7119188476573293 
284.7,0.7119188476573293 
0.054152,0.7119188476573293 
3.6747,0.7119188476573293 
288.1,0.7119188476573293 
0.055082000000000006,0.7119188476573293 
3.67,0.7119188476573293 
291.5,0.7119188476573293 
0.05586,0.7112213352195182 
3.7371,0.7105238227817072 
306.5,0.7098263103438963 
0.058692999999999995,0.7075571787912592 
4.0,0.7044867970931922 
297.6,0.7044262614962443 
0.057017,0.7089549670919114 
3.8702,0.7123345894735273 
302.4,0.7195529794341051 
0.05873,0.728051206302033 
3.8762,0.7324472952625471 
308.0,0.7305758608283233 
0.059848,0.7276531352775332 
3.9912,0.7269565718859025 
306.4,0.7265555502214259 
0.059072,0.7262336870168984 
3.948,0.724195594130275 
306.9,0.7233267138572425 
0.059227999999999996,0.7260002549916243 
3.9241,0.7259331785168748 
304.9,0.7237275593622536 
0.059289999999999995,0.721147462384025 
3.8426,0.7173086241368155 
296.4,0.7155708635907504 
0.059059,0.7130738280846579 
3.8031,0.71197282450866 
301.9,0.7105060209338929 
0.058702,0.702373243777996 
3.79,0.702373243777996 
298.4,0.702373243777996 
0.057326999999999996,0.702373243777996 
3.7705,0.702373243777996 
315.5,0.702373243777996 
0.059283,0.702373243777996 
3.8334,0.702373243777996 
314.4,0.702373243777996 
0.061463,0.702373243777996 
3.8491,0.702373243777996 
312.4,0.702373243777996 
0.061451,0.702373243777996 
3.8238,0.702373243777996 
320.0,0.702373243777996 
0.062529,0.702373243777996 
3.8586,0.7016757313401851 
317.6,0.7016757313401851 
0.0629,0.7016757313401851 
3.916,0.7032185838893958 
321.9,0.7032185838893958 
0.062294,0.7025210714515849 
3.932,0.698930206749649 
318.9,0.6982326943118381 
0.061922000000000005,0.6933877736109582 
3.9041,0.6828725581245396 
303.8,0.6803014344149223 
0.0586,0.6753783371609445 
3.7,0.6563746786281457 
303.5,0.6562461224426648 
0.057537,0.6573678408043306 
3.5971,0.6595317760177253 
302.9,0.6607209207334233 
0.058384000000000005,0.6650569197805645 
3.6119,0.6650671753976896 
305.8,0.66513145349043 
0.05977999999999999,0.6639966156157622 
3.62,0.2932868233949957 
305.4,0.29386532622965955 
0.058765,0.29422283295896245 
3.63,0.6678452204432556 
304.9,0.6666882147739278 
0.059115999999999995,0.6662585507231142 
3.6576,0.29263616323882113 
305.1,0.29282899751704244 
0.059369000000000005,0.29147768767784266 
3.6165,0.660831953960717 
304.4,0.6605724633003238 
0.058697000000000006,0.660262081861724 
3.6147,0.660262081861724 
302.7,0.660262081861724 
0.05902999999999999,0.660262081861724 
3.5971,0.660262081861724 
311.2,0.660262081861724 
0.059332,0.660262081861724 
3.6394,0.659564569423913 
311.5,0.659564569423913 
0.05946,0.659564569423913 
3.6137,0.6576822103806397 
308.7,0.6576822103806397 
0.058924000000000004,0.6576822103806397 
3.6179,0.6576453830366854 
305.7,0.6576453830366854 
0.059945000000000005,0.6576453830366854 
3.5573,0.6530546629746468 
305.4,0.6530546629746468 
0.061458000000000006,0.6530546629746468 
3.5731,0.6565830243945928 
305.1,0.6558855119567819 
0.060762000000000004,0.6558855119567819 
3.5982,0.6566184729410215 
305.6,0.6563248590432971 
0.060319000000000005,0.6563248590432971 
3.5836,0.6497143807326073 
303.2,0.6498774995646766 
0.059053999999999995,0.6498774995646766 
3.547,0.6462680124536095 
308.0,0.6492041514308544 
0.059864,0.6492041514308544 
3.5356,0.6514860110987704 
314.3,0.6527583379889098 
0.061065999999999995,0.6527583379889098 
3.5596,0.6613325985592604 
320.5,0.6628006680478828 
0.060658000000000004,0.6628006680478828 
3.6204,0.666009101035498 
322.6,0.6648672692110138 
0.060113,0.6648672692110138 
3.6444,0.6628758280462872 
318.0,0.6667580562495332 
0.059986000000000005,0.6667580562495332 
3.632,0.6714185817530949 
331.7,0.6712554629210257 
0.060573,0.6712554629210257 
3.6726,0.6779477286139945 
328.2,0.6779278281164821 
0.060163,0.6779278281164821 
3.6955,0.6779278281164821 
331.3,0.6779278281164821 
0.06030599999999999,0.6779278281164821 
3.7106,0.6779278281164821 
330.9,0.6779278281164821 
0.06015499999999999,0.6779278281164821 
3.713,0.6779278281164821 
325.6,0.6779278281164821 
0.05935700000000001,0.6779278281164821 
3.63,0.6779278281164821 
328.5,0.6779278281164821 
0.060127999999999994,0.6779278281164821 
3.6461,0.6779278281164821 
323.0,0.6779278281164821 
0.059285000000000004,0.6779278281164821 
3.5909,0.6779278281164821 
322.5,0.6779278281164821 
0.058944,0.6779278281164821 
3.5424,0.6779278281164821 
322.7,0.6772303156786712 
0.058539,0.6765328032408603 
3.5067,0.6758352908030493 
325.1,0.67652274958092 
0.05825,0.6759979963957353 
3.4753,0.6755078399839605 
327.4,0.6753244446700434 
0.058262,0.6769890158546675 
3.5113,0.6795825273874635 
329.8,0.6799493180152977 
0.05872,0.6799664080685279 
3.5363,0.6940689817206026 
326.3,0.6949859582901879 
0.05815,0.6926446209976469 
3.7457,0.6887742164782444 
331.6,0.6884074258504103 
0.058552999999999994,0.6894294110335778 
3.721,0.6822220595091775 
327.5,0.6822831912804832 
0.058,0.6800443943073236 
3.602,0.6803338233842876 
328.2,0.6773383665903087 
0.057465999999999996,0.6738895938484488 
3.644,0.6732596599750563 
323.1,0.6736875823741961 
0.057453,0.6756228873460723 
3.6175,0.678319072712664 
328.3,0.6858530744719202 
0.057555999999999996,0.6858530744719202 
3.649,0.6863051874524173 
341.9,0.6863051874524173 
0.057603999999999995,0.6863051874524173 
3.6991,0.6881046466234642 
340.5,0.6881046466234642 
0.057589,0.6881046466234642 
3.7576,0.6927842267727682 
339.6,0.6927842267727682 
0.057536000000000004,0.6927842267727682 
3.7052,0.694067258216651 
338.8,0.694067258216651 
0.057936,0.694067258216651 
3.7303,0.6912709076338294 
334.9,0.6912709076338294 
0.057767,0.6912709076338294 
3.7339,0.07786673361027463 
335.6,0.07786673361027463 
0.057746000000000006,0.07786673361027463 
3.7339,0.6850371513216346 
333.0,0.6843396388838237 
0.05683200000000001,0.6836421264460127 
3.6758,0.6829446140082018 
333.1,0.6830270426848367 
0.0565,0.6827161251054548 
3.6141,0.6813085659868722 
333.8,0.6819659497974097 
0.056701999999999995,0.6833620134954809 
3.6148,0.6841488981321618 
337.9,0.685822238740803 
0.056476,0.6835738044934069 
3.6127,0.6832381404176199 
338.3,0.6827600431008652 
0.056491,0.6823215808841344 
3.6319,0.6826957637882904 
337.3,0.687058401803676 
0.056348,0.6873635715065207 
3.6104,0.6884586067701537 
345.6,0.6881597959471821 
0.056601,0.6883877962998821 
3.6358,0.6893012428012042 
344.0,0.6932455456644295 
0.056616999999999994,0.6971706594286045 
3.634,0.6999385123814054 
353.8,0.6996397015584338 
0.057477999999999994,0.6970081495491515 
3.6823,0.6957713735141746 
349.5,0.6964858899540644 
0.057022,0.6964858899540644 
3.6858,0.7047702597569778 
348.8,0.7047702597569778 
0.057,0.7047702597569778 
3.8599,0.7020188366318199 
345.9,0.7020188366318199 
0.0563,0.7020188366318199 
3.7554,0.6957445182284838 
342.8,0.6957445182284838 
0.05574400000000001,0.6957445182284838 
3.73,0.688162049826804 
351.0,0.688162049826804 
0.055941,0.688162049826804 
3.7,0.688162049826804 
343.9,0.688162049826804 
0.054783000000000005,0.688162049826804 
3.6,0.688162049826804 
341.7,0.688162049826804 
0.054454999999999996,0.688162049826804 
3.5801,0.688162049826804 
337.6,0.6874645373889929 
0.054458000000000006,0.686767024951182 
3.5701,0.686069512513371 
335.1,0.6859978018841273 
0.053320000000000006,0.68575276045218 
3.565,0.6873413023929023 
336.4,0.6866877492541337 
0.053836,0.6872063535379366 
3.6188,0.6871284092864349 
333.5,0.6883761016422659 
0.053272,0.6873426240407305 
3.535,0.6847648962946415 
343.0,0.6864879000241224 
0.053829999999999996,0.6824286089393917 
3.5413,0.6817104083362697 
336.3,0.679215023624608 
0.051884000000000007,0.6777300991285391 
3.5262,0.6746902733199762 
336.2,0.6761756213626322 
0.051809,0.6770225506606411 
3.4836,0.6782585237915952 
338.4,0.6775455567311205 
0.052076,0.674732408313945 
3.5052,0.672806071812548 
336.5,0.6713207237698922 
0.050861,0.6691245129782744 
3.48,0.667786744188843 
335.4,0.6676239570463882 
0.051121,0.6676239570463882 
3.4799,0.6659380221773641 
332.5,0.6605931781529474 
0.050569,0.6605931781529474 
3.4524,0.6552319052694509 
328.4,0.653361209860905 
0.052375,0.653361209860905 
3.3699,0.6479915073030633 
325.9,0.6525346247238176 
0.051516,0.6525346247238176 
3.3067,0.6491374659627343 
333.8,0.649404708163955 
0.052091,0.649404708163955 
3.2793,0.6480981086404614 
330.0,0.6445348792908502 
0.050948,0.6445348792908502 
3.2647,0.6422672968920129 
327.3,0.6313994473756988 
0.050637,0.6313994473756988 
3.2491,0.6214524316484569 
313.8,0.6178001215651054 
0.048851,0.6178001215651054 
3.1101,0.6162490614856032 
311.4,0.6148237697457588 
0.048817,0.6148237697457588 
3.1215,0.6156751668546159 
311.0,0.6179021851981229 
0.048389999999999996,0.6179021851981229 
3.1198,0.6205996809885614 
315.3,0.627191655285342 
0.047591,0.627191655285342 
3.1547,0.6279756149994382 
319.7,0.6269066461945549 
0.04943,0.6269066461945549 
3.1938,0.6293175330572593 
318.0,0.6228146394942189 
0.050087,0.6228146394942189 
3.2304,0.6371282265322331 
308.4,0.6338322393838427 
0.048544,0.6338322393838427 
3.1785,0.6173269370160972 
307.6,0.6205338434307474 
0.050401,0.6205338434307474 
3.2409,0.6299076413025211 
315.8,0.6332927091846516 
0.051442999999999996,0.6332927091846516 
3.3152,0.6399015738712259 
315.3,0.6434648032208372 
0.051976,0.6434648032208372 
3.3278,0.6405481358974255 
320.1,0.6398354900275034 
0.053667999999999993,0.6398354900275034 
3.3248,0.640299122116485 
319.2,0.6401209606490044 
0.052476999999999996,0.6401209606490044 
3.3233,0.6419923483536211 
321.8,0.6425268327560627 
0.052820000000000006,0.6425268327560627 
3.391,0.6443560720889538 
318.6,0.6596779582922819 
0.052770000000000004,0.6596779582922819 
3.3408,0.6619624000398096 
338.1,0.6633876917796541 
0.055499,0.6633876917796541 
3.4502,0.6718426551478096 
338.0,0.6707736863429263 
0.054765,0.6707736863429263 
3.5359,0.6808049988136196 
338.0,0.679379707073775 
0.053288999999999996,0.679379707073775 
3.5242,0.6646446363185048 
335.1,0.6593888730278283 
0.05284,0.6593888730278283 
3.4237,0.661403565196312 
329.5,0.6628288569361565 
0.052742,0.6628288569361565 
3.4131,0.658656168135322 
330.3,0.658656168135322 
0.053288,0.658656168135322 
3.4195,0.6555456183019726 
333.7,0.6552783761007517 
0.0531,0.6552783761007517 
3.3789,0.6533816993730996 
329.3,0.6524908920356968 
0.053,0.6524908920356968 
3.3491,0.649489927968834 
329.0,0.6490445243001326 
0.051636,0.6490445243001326 
3.3034,0.645284889542209 
331.2,0.6514314601702882 
0.052002,0.6514314601702882 
3.3032,0.653159543411038 
338.4,0.652471483823628 
0.051544000000000006,0.652471483823628 
3.2787,0.6427879385339188 
338.6,0.6420904260961078 
0.050979000000000003,0.6413929136582969 
3.192,0.6433448883741828 
345.7,0.643316021972221 
0.052235000000000004,0.6443211365779542 
3.2794,0.6497035047294502 
346.7,0.6520705496903145 
0.052576,0.6522171690953734 
3.2445,0.6471928554775607 
351.5,0.6462979970167461 
0.053006,0.6481210935664925 
3.2482,0.6529952552830831 
347.2,0.6501952142927925 
0.052361000000000005,0.6482216399325907 
3.2069,0.6398362337566552 
338.3,0.6387970432860318 
0.051898,0.637236318303233 
3.1867,0.6316344973730281 
337.9,0.6259478161865613 
0.052007000000000005,0.6203415531457539 
3.1917,0.60824855002426 
312.1,0.6067186307202866 
0.047443,0.6054048436828503 
2.9891,0.5950212622060376 
310.8,0.5949057965981905 
0.047036,0.5943656198427101 
2.8555,0.587735835896447 
306.6,0.5817316242884008 
0.046562,0.5774140686499538 
2.7709,0.5662912778132788 
297.1,0.5681964603427551 
0.046022,0.5703224417161101 
2.7839,0.5830738031737313 
303.0,0.5876058282817276 
0.047075,0.5889022524948806 
2.9653,0.5862110684191326 
318.0,0.5866729308505207 
0.047925999999999996,0.5877841516046519 
2.9249,0.5866060366873718 
313.9,0.5877029599619186 
0.047179,0.5876122874351057 
2.9108,0.5917818902305779 
313.7,0.590454035740337 
0.047333,0.588395576461417 
2.8922,0.5927730818893503 
311.3,0.5899994247904525 
0.045933,0.5867958780477522 
2.85,0.5777752138281851 
304.9,0.5777752138281851 
0.0449,0.579367010651661 
2.8744,0.5871749095152043 
310.1,0.5871749095152043 
0.045426999999999995,0.5893786178448477 
2.96,0.5956156968186841 
312.1,0.5956156968186841 
0.046967,0.5973852787419247 
2.9683,0.5978819350305822 
313.6,0.5978819350305822 
0.046581,0.5970467585154078 
2.9962,0.5893543611143428 
309.0,0.5893543611143428 
0.046807,0.5927198743982632 
2.8903,0.5896937360813278 
307.7,0.5896937360813278 
0.04678,0.5888172141941151 
2.8539,0.5847862131536172 
309.1,0.5847862131536172 
0.047099,0.5880442284702379 
2.8857,0.5918095761470354 
309.1,0.5918095761470354 
0.047652,0.5906146948951276 
2.9013,0.5895174310015823 
309.8,0.5895174310015823 
0.047075,0.5862883574453883 
2.8644,0.5834585716146663 
304.8,0.5834585716146663 
0.047208,0.5852240190007032 
2.8572,0.5863443831867441 
306.4,0.5863443831867441 
0.047467,0.5869190838580769 
2.9097,0.5911117869460448 
304.7,0.5911117869460448 
0.047113,0.590611507944381 
2.8821,0.5882552781098206 
306.1,0.5882552781098206 
0.0471,0.5927701927364067 
2.886,0.5967549931919134 
319.0,0.5967549931919134 
0.049154,0.6026053633353377 
2.9513,0.606913567885784 
319.2,0.606913567885784 
0.049511,0.6098160130028749 
2.9451,0.6114445836238211 
320.0,0.6114445836238211 
0.050157,0.6129288824799973 
2.9501,0.6134139886224068 
317.0,0.6134139886224068 
0.050574,0.6123100671889833 
2.9848,0.6097459347219616 
318.6,0.6097459347219616 
0.050255,0.6102958281700716 
2.9386,0.6072119391218969 
322.9,0.6072119391218969 
0.050757,0.6071871318986739 
2.9445,0.6110217804529585 
323.8,0.6110217804529585 
0.050437,0.6100501642100575 
2.9267,0.6029006236826415 
324.6,0.6029006236826415 
0.050003,0.6018835275304983 
2.8833,0.6006014612969875 
321.3,0.6006014612969875 
0.049845,0.6028175732382424 
2.88,0.604711797222889 
325.4,0.604711797222889 
0.05011,0.6015943561711985 
2.9015,0.6025530183097697 
320.7,0.6025530183097697 
0.04937,0.5996588422670862 
2.8495,0.5927867362525433 
321.9,0.5927867362525433 
0.049338,0.5920633576233607 
2.8394,0.5920633576233607 
318.2,0.5920633576233607 
0.049229,0.5920633576233607 
2.808,0.5920633576233607 
316.4,0.5920633576233607 
0.049685,0.5920633576233607 
2.8344,0.5920633576233607 
312.8,0.5920633576233607 
0.049075,0.5920633576233607 
2.8696,0.5920633576233607 
315.6,0.5920633576233607 
0.04917,0.5920633576233607 
2.8679,0.5920633576233607 
306.5,0.5920633576233607 
0.047577,0.5920633576233607 
2.7314,0.5920633576233607 
296.6,0.5920633576233607 
0.047322,0.5920633576233607 
2.7125,0.5920633576233607 
300.3,0.5920633576233607 
0.046783,0.5913658451855498 
2.6852,0.5906683327477388 
292.5,0.5899708203099279 
0.046393000000000004,0.5895474253076669 
2.603,0.5896375917457355 
300.0,0.591790451517196 
0.047047000000000005,0.5944123760034539 
2.6664,0.5954205875295592 
304.3,0.5939404964366801 
0.047262,0.5935427167022234 
2.6645,0.5898358337227831 
296.1,0.5900376643263576 
0.04732,0.5915261304294859 
2.5904,0.5911546840777628 
297.1,0.5911883225116921 
0.047142,0.5916074882533776 
2.6085,0.5945335758404204 
299.7,0.5964173281404483 
0.047833999999999995,0.6050572750609062 
2.6209,0.6065127383166373 
303.4,0.6085983212202396 
0.049757,0.6119815875638447 
2.663,0.6160220142060566 
312.4,0.6164256754132055 
0.049558,0.6146848544247766 
2.7312,0.6150840607058876 
312.0,0.6140352143359792 
0.049299,0.6131468139324838 
2.6997,0.6131468139324838 
311.5,0.6131468139324838 
0.049623,0.6131468139324838 
2.74,0.6131468139324838 
312.7,0.6131468139324838 
0.049503,0.6131468139324838 
2.7206,0.6131468139324838 
307.9,0.6131468139324838 
0.049332,0.6131468139324838 
2.7421,0.6131468139324838 
313.2,0.6131468139324838 
0.049593,0.6131468139324838 
2.7447,0.6131468139324838 
312.3,0.6131468139324838 
0.049621,0.6131468139324838 
2.6963,0.6131468139324838 
316.2,0.6131468139324838 
0.049829000000000005,0.6131468139324838 
2.712,0.6131468139324838 
314.7,0.6131468139324838 
0.049656,0.6124493014946728 
2.7046,0.6117517890568619 
311.7,0.6110542766190509 
0.049631,0.6088168711252003 
2.7007,0.6056203704459031 
304.4,0.6037495564842668 
0.048717,0.6044564865972205 
2.6239,0.6038516919723435 
301.8,0.6062778676180911 
0.049138,0.6129408870735171 
2.618,0.6144118073340206 
307.3,0.6146085242782704 
0.050247,0.6143160014729102 
2.6747,0.617310108196067 
306.0,0.6171789635665671 
0.050226,0.6218024490179542 
2.6879,0.6217501828158043 
306.8,0.6220124720748041 
0.052436,0.623158186395798 
2.7085,0.6252563010821 
307.6,0.6272890428393479 
0.051651,0.6260051927491561 
2.6939,0.6244446732849671 
308.3,0.622477503842469 
0.052272000000000006,0.6217624480960331 
2.6862,0.6204888999480482 
304.4,0.6183861269586473 
0.050564,0.6132538955949379 
2.6416,0.6132538955949379 
303.7,0.6132538955949379 
0.049865,0.6132538955949379 
2.6201,0.6132538955949379 
306.2,0.6132538955949379 
0.049504,0.6132538955949379 
2.666,0.6132538955949379 
311.8,0.6132538955949379 
0.049638,0.6132538955949379 
2.6559,0.6132538955949379 
311.2,0.6132538955949379 
0.049693,0.6132538955949379 
2.6439,0.6132538955949379 
312.0,0.6132538955949379 
0.049053,0.6132538955949379 
2.6281,0.6132538955949379 
309.3,0.6132538955949379 
0.049917,0.6132538955949379 
2.6242,0.6132538955949379 
306.9,0.6132538955949379 
0.049801,0.612556383157127 
2.6017,0.6118588707193161 
310.6,0.6111613582815051 
0.049507999999999996,0.6086169829893687 
2.6101,0.6055203520562392 
305.3,0.6046930678707111 
0.04877,0.6058726635839137 
2.5462,0.6052866780509983 
306.2,0.6050918933268292 
0.049177,0.603783026850536 
2.5447,0.6033975100525653 
305.3,0.6050856443286976 
0.048385000000000004,0.6033364493156266 
2.5155,0.601308630958301 
312.2,0.603061693475823 
0.048563,0.6053158524072171 
2.535,0.6101733640616469 
309.3,0.6075762344060589 
0.048931,0.6081498734172739 
2.5717,0.6076255705720338 
308.2,0.6069762881581368 
0.049804,0.6092021691101048 
2.5383,0.6045759675344573 
305.6,0.6047058240172367 
0.049201,0.604031192222357 
2.4943,0.5987582939284497 
307.7,0.5984898805785448 
0.049222,0.5961513482359659 
2.4512,0.5961513482359659 
306.6,0.5961513482359659 
0.048742,0.5961513482359659 
2.4428,0.5961513482359659 
308.0,0.5961513482359659 
0.048609,0.5961513482359659 
2.5601,0.5961513482359659 
290.3,0.5961513482359659 
0.045635,0.5961513482359659 
2.3666,0.5961513482359659 
291.8,0.5961513482359659 
0.045880000000000004,0.5961513482359659 
2.322,0.5961513482359659 
286.4,0.5961513482359659 
0.044211,0.5961513482359659 
2.2359,0.5961513482359659 
281.7,0.5961513482359659 
0.043712,0.5961513482359659 
2.213,0.5961513482359659 
280.5,0.595453835798155 
0.044108,0.594756323360344 
2.1767,0.5940588109225331 
282.6,0.5929354675821736 
0.044077,0.5934163844046706 
2.1697,0.5943431839844909 
278.0,0.5944143083198139 
0.044346,0.594166484085876 
2.2233,0.5944601235567102 
280.0,0.5911884041318519 
0.044617000000000004,0.5916525113335901 
2.1656,0.5890602253801324 
277.6,0.5921185717990216 
0.044816,0.5925015728878347 
2.1013,0.5931347329968208 
277.4,0.594841717044573 
0.044719,0.5968288168112384 
2.1486,0.5976592659396912 
281.6,0.5978015146103373 
0.045304000000000004,0.6007663936272667 
2.2075,0.60200977326158 
280.9,0.6008717838964118 
0.04545,0.5971183732260438 
2.2164,0.5951408949146451 
282.0,0.5958521382678752 
0.044771,0.5951109095018525 
2.1745,0.5948765576754265 
278.7,0.5929862150912115 
0.044708,0.5929862150912115 
2.1457,0.5929862150912115 
279.7,0.5929862150912115 
0.045137000000000004,0.5929862150912115 
2.1211,0.5929862150912115 
276.9,0.5929862150912115 
0.045406999999999996,0.5929862150912115 
2.1107,0.5929862150912115 
277.0,0.5929862150912115 
0.044893,0.5929862150912115 
2.0487,0.5929862150912115 
277.1,0.5929862150912115 
0.044818000000000004,0.5929862150912115 
2.0532,0.5929862150912115 
275.0,0.5929862150912115 
0.044386,0.5929862150912115 
1.9925,0.5929862150912115 
279.9,0.5929862150912115 
0.044879,0.5929862150912115 
2.0187,0.5929862150912115 
281.3,0.5922887026534006 
0.045081,0.5915911902155896 
2.0115,0.5908936777777787 
280.4,0.589343591365854 
0.044851,0.5873351888237812 
2.0307,0.5893607098952522 
277.5,0.5895034195827928 
0.044463,0.5874255936523073 
2.0792,0.5877714143230462 
277.9,0.5874146401041945 
0.044181,0.5858496392969778 
2.0878,0.5892189206890344 
282.1,0.5925012435024705 
0.044217,0.5944862304020194 
2.1969,0.596501870882898 
281.7,0.596501870882898 
0.044456999999999997,0.5941543696720728 
2.137,0.5907850882800161 
281.4,0.5906423785924755 
0.043972000000000004,0.5908192148418784 
2.1182,0.5919900648270946 
282.0,0.5957718715469232 
0.043647000000000005,0.5956259816411658 
2.0728,0.5937832514956567 
287.2,0.593426477276805 
0.043938,0.5947509188921463 
2.1081,0.5960630514422453 
286.2,0.5977191973661551 
0.044534,0.5977191973661551 
2.118,0.5977191973661551 
291.5,0.5977191973661551 
0.045801999999999995,0.5977191973661551 
2.166,0.5977191973661551 
294.3,0.5977191973661551 
0.04546,0.5977191973661551 
2.1326,0.5977191973661551 
296.9,0.5977191973661551 
0.045168,0.5977191973661551 
2.1712,0.5977191973661551 
295.3,0.5977191973661551 
0.045323,0.5977191973661551 
2.1943,0.5977191973661551 
296.8,0.5977191973661551 
0.045021,0.5977191973661551 
2.1828,0.5977191973661551 
301.5,0.5977191973661551 
0.045381,0.5977191973661551 
2.1783,0.5977191973661551 
303.1,0.5970216849283442 
0.046006,0.5963241724905332 
2.1912,0.5956266600527222 
300.4,0.5937438102382605 
0.046479,0.5917804875588301 
2.1485,0.5894156446452425 
299.6,0.5892831465623574 
0.046006,0.587086950280009 
2.0877,0.585195075949139 
298.4,0.5838700951202862 
0.045602,0.5837885956488709 
2.0649,0.584234012663663 
296.7,0.5830415299176955 
0.04602,0.583993786899495 
2.0759,0.5822718139041643 
293.3,0.5837292928159024 
0.04556,0.5822537234386996 
2.0667,0.5895181535150015 
298.3,0.5889881611834604 
0.045777,0.5892197912601143 
2.0886,0.5818818903360117 
294.5,0.5802256642999456 
0.045457,0.5785656487505926 
2.0298,0.5769584739549506 
293.4,0.5770909720378359 
0.045026,0.5763572022705632 
1.9879,0.5739285329814464 
293.3,0.5715085454661268 
0.044881,0.5715085454661268 
1.9193,0.5682510916859551 
290.4,0.5662424798879357 
0.044417,0.5662424798879357 
1.9201,0.5648739638027749 
288.6,0.5633675049542604 
0.043979000000000004,0.5633675049542604 
1.9294,0.5667502454182849 
287.3,0.5697631631153139 
0.044262,0.5697631631153139 
1.9705,0.5687512322072724 
292.8,0.573069747573014 
0.044323,0.573069747573014 
1.959,0.5754405571289969 
294.3,0.5766457242078087 
0.043982,0.5766457242078087 
1.9811,0.5782262639117972 
295.6,0.5807370286593214 
0.043841000000000005,0.5807370286593214 
1.985,0.5812478128319519 
299.8,0.5813482434218529 
0.044087,0.5813482434218529 
2.0633,0.5858489266033327 
298.5,0.5798230912092746 
0.044248,0.5798230912092746 
2.0862,0.5911856296909977 
287.2,0.5820464460100098 
0.043762,0.5820464460100098 
2.0747,0.5706260829049699 
286.6,0.5736390006019989 
0.044336,0.5736390006019989 
2.0373,0.5772048523731927 
286.4,0.5772048523731927 
0.043733,0.5772048523731927 
2.0409,0.5819271966107198 
287.3,0.5827306413299275 
0.044203,0.5827306413299275 
2.1266,0.5829908521348525 
291.1,0.5898201322481182 
0.044349,0.5898201322481182 
2.19,0.5968458239810922 
299.8,0.603574673504457 
0.04559,0.603574673504457 
2.2464,0.6088463516634923 
300.2,0.6092480740230962 
0.04573,0.6092480740230962 
2.2157,0.6041595071712303 
300.2,0.6086788837167739 
0.046100999999999996,0.6086788837167739 
2.1614,0.6184126953084113 
309.2,0.6201200153367277 
0.04687,0.6201200153367277 
2.3604,0.6259988520405879 
305.7,0.6198725860566289 
0.047028,0.6198725860566289 
2.3308,0.6294329237783163 
300.4,0.6307385214470288 
0.046717,0.6307385214470288 
2.5517,0.6388146938369219 
306.2,0.6398189997359316 
0.047377999999999997,0.6398189997359316 
2.54,0.6403105090341232 
302.6,0.6421182596523406 
0.046715,0.6421182596523406 
2.5864,0.6524785046632418 
306.8,0.6510724764046283 
0.046615,0.6510724764046283 
2.73,0.6427939178331268 
301.1,0.638575833057286 
0.045814,0.638575833057286 
2.5315,0.6286974599073571 
298.3,0.635325878840821 
0.045473,0.635325878840821 
2.4693,0.6548609640846317 
309.3,0.6551622558543346 
0.046225999999999996,0.6551622558543346 
2.7906,0.6732902752641068 
302.8,0.6703777881569787 
0.046598,0.6703777881569787 
2.813,0.6643833022064852 
304.5,0.6659901916449007 
0.046599,0.6659901916449007 
2.8479,0.6604101154948432 
304.2,0.6633226026019714 
0.046868,0.6633226026019714 
2.7392,0.6773932609423581 
306.6,0.6759872326837444 
0.047718,0.6759872326837444 
2.8186,0.6737127974999559 
306.9,0.6720054774716395 
0.04807,0.6720054774716395 
2.8774,0.6694901063573648 
305.3,0.6679748096169391 
0.047386000000000005,0.6679748096169391 
2.7796,0.650585255915053 
302.9,0.6498877434772421 
0.047024,0.6491902310394311 
2.6677,0.6367317443489324 
300.9,0.6372606612263394 
0.045880000000000004,0.6371828387763137 
2.5696,0.6385596887002636 
303.6,0.6390555482728326 
0.046531,0.6400780487967832 
2.5813,0.649769468164392 
302.7,0.6482818894466849 
0.045642,0.6458629082917153 
2.611,0.6257983283320175 
301.0,0.626062786770721 
0.045695,0.6262162699360497 
2.5451,0.6288229275590618 
299.3,0.6274345207558685 
0.045233999999999996,0.6262801544138187 
2.5119,0.6199974411686101 
294.5,0.6196007535105549 
0.04458,0.6193283749354646 
2.4247,0.6143690417142467 
295.5,0.6151624170303571 
0.044502,0.6147970838621803 
2.4957,0.6268812812529645 
299.7,0.627145739691668 
0.04508,0.6283195616462242 
2.5773,0.6302311105697663 
296.8,0.6294377352536559 
0.044594999999999996,0.6280607102351433 
2.5382,0.6393963290264983 
295.2,0.6397269020748777 
0.044407,0.6401657342236344 
2.6075,0.6326131108543943 
297.4,0.6334395434753428 
0.044692,0.6344361031826179 
2.5697,0.6653684403090275 
299.8,0.6657981852719207 
0.04526,0.6666823347736031 
2.9824,0.6895540844811601 
300.0,0.6897524283101877 
0.045895,0.6895816512670754 
2.9722,0.7121325815748771 
300.7,0.7117358939168219 
0.045462,0.711340296462524 
3.1506,0.7217134570546129 
298.9,0.7208222982307917 
0.045298000000000005,0.7199259061984704 
3.1572,0.7030828877113157 
296.5,0.7030828877113157 
0.045087,0.7027818796578048 
3.1235,0.7080753997537677 
296.3,0.7080753997537677 
0.045037,0.708934799558719 
3.0805,0.7168082423277142 
296.8,0.7168082423277142 
0.045491000000000004,0.7169958270567138 
3.15,0.7032674302421836 
295.7,0.7032674302421836 
0.04555,0.7049120684475977 
3.0407,0.7059948339217719 
298.7,0.7059948339217719 
0.045939,0.7061213445529577 
3.1729,0.7086745322760105 
298.1,0.7086745322760105 
0.045774,0.7078849314399894 
3.075,0.7057996053415798 
298.2,0.7057996053415798 
0.045271,0.7039193956160268 
3.1061,0.6956181936473576 
296.9,0.6956181936473576 
0.045107999999999995,0.6962594716744024 
3.028,0.7002563466963542 
304.6,0.7002563466963542 
0.045811000000000004,0.7061369098287102 
3.178,0.7196380595684136 
306.2,0.7196380595684136 
0.046938,0.720846454218015 
3.1348,0.7141760841981021 
305.2,0.7141760841981021 
0.046566,0.7147955500473563 
3.1075,0.7236180835406278 
304.5,0.7236180835406278 
0.046274,0.721611363183889 
3.2361,0.7528645197100541 
305.2,0.7528645197100541 
0.046495999999999996,0.7533618373636806 
3.4297,0.7615560995324313 
305.4,0.7615560995324313 
0.046654,0.7614295889012456 
3.42,0.751096530734126 
304.3,0.751096530734126 
0.046647,0.74959585290213 
3.4452,0.7620008696926694 
303.0,0.7620008696926694 
0.046231,0.7612810678255784 
3.4566,0.7513089314831837 
303.2,0.7513089314831837 
0.0467,0.7553398219388936 
3.422,0.7681191280291475 
306.8,0.7681191280291475 
0.047387,0.7687080568294948 
3.5182,0.7638823983581751 
307.7,0.7638823983581751 
0.047242,0.7630099112465495 
3.4921,0.7537997209785736 
305.0,0.7537997209785736 
0.046485000000000005,0.749406748371539 
3.2335,0.7201052431938857 
300.7,0.7201052431938857 
0.045995,0.7212569261812314 
3.2069,0.7300928271494926 
302.1,0.7300928271494926 
0.046408,0.7339143206984124 
3.2426,0.7414001066927035 
307.6,0.7414001066927035 
0.047156,0.7422507816265385 
3.3398,0.7353264295818192 
306.2,0.7353264295818192 
0.047268,0.7354747523907955 
3.2976,0.7419517217825559 
309.2,0.741254209344745 
0.047864,0.7430694597884154 
3.3109,0.7423719473506045 
308.1,0.7441764620371781 
0.047999,0.7458535180897294 
3.2736,0.7496212861455784 
316.2,0.7496212861455784 
0.048842,0.7607277147677224 
3.3862,0.7607277147677224 
323.7,0.7600302023299115 
0.050020999999999996,0.7579373215783425 
3.3916,0.7579373215783425 
319.0,0.7576912566941083 
0.048868,0.7695627380820103 
3.2884,0.7695627380820103 
322.8,0.7701471421820665 
0.050881,0.7769826162022584 
3.287,0.7769826162022584 
326.3,0.7766294515771612 
0.051884000000000007,0.7753196206256586 
3.3341,0.7753196206256586 
321.2,0.7753196206256586 
0.050912,0.8092925430092989 
3.2634,0.8092925430092989 
327.4,0.8092925430092989 
0.055537,0.8176124423685577 
3.3417,0.8176124423685577 
327.1,0.8176124423685577 
0.052901,0.8104625288566945 
3.3107,0.8104625288566945 
323.4,0.8104625288566945 
0.053072,0.7739907478113326 
3.27,0.7739907478113326 
309.1,0.7739907478113326 
0.049675,0.7662630635106321 
3.0855,0.7662630635106321 
309.6,0.7662630635106321 
0.051093,0.7680252644165863 
3.0801,0.7680252644165863 
309.8,0.7680252644165863 
0.050193,0.7706541215057965 
3.0708,0.7706541215057965 
311.5,0.7706541215057965 
0.051398,0.8010159764592027 
2.9473,0.8010159764592027 
321.3,0.8010159764592027 
0.054159000000000006,0.7994415510596208 
3.1089,0.7994415510596208 
323.5,0.7994415510596208 
0.052335,0.7732817941648897 
3.1348,0.7732817941648897 
319.0,0.7732817941648897 
0.051025,0.7732817941648897 
3.2043,0.7732817941648897 
317.4,0.7732817941648897 
0.051815,0.7732817941648897 
3.2074,0.7732817941648897 
318.1,0.7732817941648897 
0.051229,0.7732817941648897 
3.1827,0.7732817941648897 
316.6,0.7732817941648897 
0.050696,0.7732817941648897 
3.14,0.7732817941648897 
313.1,0.7732817941648897 
0.051158999999999996,0.7732817941648897 
3.0841,0.7732817941648897 
315.5,0.7732817941648897 
0.052506,0.7732817941648897 
3.1899,0.7732817941648897 
315.9,0.7732817941648897 
0.052528,0.7725842817270787 
3.25,0.7718867692892677 
315.4,0.7711892568514568 
0.05281,0.7688509739168419 
3.15,0.7656963401200274 
312.6,0.7648396746310935 
0.051895000000000004,0.7637593281717461 
3.0995,0.7640691710065594 
313.5,0.7632409122154818 
0.052063,0.7621170028855262 
3.12,0.7615984903864508 
311.0,0.761662202601149 
0.051704999999999994,0.7605554086417002 
3.0808,0.7569131745018536 
311.8,0.7538549881963372 
0.051817999999999996,0.7473739678977092 
3.0433,0.736516822032923 
304.0,0.73626197317413 
0.049826,0.7292275558957775 
2.8939,0.7313332225078764 
307.7,0.7329897400900311 
0.04945,0.7311755108162954 
2.9391,0.7325603185882162 
306.6,0.7314134987236476 
0.0487,0.7321722801494553 
2.8952,0.7301545330225656 
306.0,0.7277928486481307 
0.048969,0.7240563921127604 
2.8746,0.7240563921127604 
303.9,0.7240563921127604 
0.047937,0.7240563921127604 
2.8262,0.7240563921127604 
306.7,0.7240563921127604 
0.048976,0.7240563921127604 
2.9048,0.7240563921127604 
304.5,0.7240563921127604 
0.048087,0.7240563921127604 
2.867,0.7240563921127604 
306.8,0.7240563921127604 
0.048179,0.7240563921127604 
2.775,0.7240563921127604 
304.7,0.7240563921127604 
0.048494999999999996,0.7240563921127604 
2.7922,0.7240563921127604 
303.9,0.7240563921127604 
0.048780000000000004,0.7240563921127604 
2.7508,0.7240563921127604 
303.5,0.7240563921127604 
0.048351,0.7233588796749495 
2.7314,0.7226613672371385 
291.6,0.7219638547993276 
0.046189999999999995,0.7192741331486393 
2.5606,0.716136198776496 
291.3,0.7156791964950854 
0.046442000000000004,0.715533480635558 
2.5486,0.7138481210338204 
289.4,0.7130245089692772 
0.045734,0.7113265051757048 
2.5901,0.7103016243368103 
289.9,0.7060462953366697 
0.045794999999999995,0.6969967069368359 
2.5694,0.689663115156302 
282.0,0.6602876181875892 
0.044517,0.6329651935091994 
2.4711,0.6194519498556277 
223.9,0.6084018213230045 
0.037579,0.5958340205175492 
2.1755,0.5925771769628401 
219.4,0.5948421101403343 
0.037586,0.5974920251515152 
2.2937,0.6065717102131287 
230.1,0.6036204336485149 
0.038595,0.5980633303240968 
2.3257,0.5851589418059275 
222.0,0.5829349146943056 
0.03696,0.5742829421827998 
2.1994,0.5742829421827998 
218.5,0.5742829421827998 
0.036993,0.5742829421827998 
2.2139,0.5742829421827998 
220.0,0.5742829421827998 
0.037837,0.5742829421827998 
2.1674,0.5742829421827998 
226.4,0.5742829421827998 
0.038717,0.5742829421827998 
2.363,0.5742829421827998 
227.3,0.5742829421827998 
0.038967,0.5742829421827998 
2.2962,0.5742829421827998 
223.2,0.5742829421827998 
0.038344,0.5742829421827998 
2.2702,0.5742829421827998 
223.2,0.5742829421827998 
0.038555,0.5742829421827998 
2.3269,0.5742829421827998 
223.9,0.5735854297449889 
0.039264999999999994,0.5728879173071779 
2.3,0.572190404869367 
208.5,0.5684860762104764 
0.036179,0.5659962470298254 
2.1055,0.5653153178677088 
216.0,0.5713286842003124 
0.037683,0.5732647417664571 
2.24,0.5765871276782613 
214.2,0.5746139918503758 
0.037857,0.5745821662465487 
2.2286,0.5740017769607176 
213.3,0.576162830486497 
0.037573,0.577483593045319 
2.2411,0.5779268824998514 
218.1,0.5773631294061699 
0.03865,0.5801637825429491 
2.239,0.5796382331896376 
213.1,0.5765375911743889 
0.038316,0.5699443869148877 
2.2049,0.5695467974041216 
212.2,0.5728353571172642 
0.03776,0.5783199695101235 
2.1975,0.5786398691164871 
217.0,0.5838076058085684 
0.03834,0.58971868129271 
2.227,0.5897849644911485 
220.7,0.5898398364589335 
0.039310000000000005,0.5898398364589335 
2.2721,0.5898398364589335 
220.7,0.5898398364589335 
0.039481999999999996,0.5898398364589335 
2.2836,0.5898398364589335 
222.2,0.5898398364589335 
0.039271,0.5898398364589335 
2.2823,0.5898398364589335 
219.9,0.5898398364589335 
0.03879,0.5898398364589335 
2.25,0.5898398364589335 
218.8,0.5898398364589335 
0.03845,0.5898398364589335 
2.2342,0.5898398364589335 
226.9,0.5898398364589335 
0.038679000000000005,0.5898398364589335 
2.26,0.5898398364589335 
227.3,0.5898398364589335 
0.038723,0.5898398364589335 
2.2866,0.5898398364589335 
223.0,0.5891423240211225 
0.038169,0.5884448115833115 
2.2155,0.5877472991455006 
221.7,0.5869600235254053 
0.037456,0.5854419370881917 
2.1961,0.5851433210378505 
220.8,0.5796652948850434 
0.037472000000000005,0.5756351598124612 
2.1524,0.5748252768880509 
216.5,0.5751844917177432 
0.03677,0.5768430269900772 
2.173,0.5771687899540858 
214.4,0.5793240789322394 
0.036969999999999996,0.5802061661630666 
2.18,0.581115587770924 
218.3,0.5802175506966933 
0.037458,0.5781258947481448 
2.2035,0.5797320871401318 
216.6,0.5771277796248628 
0.03683,0.5744973638107791 
2.2412,0.5725608839691723 
214.9,0.5799247879778637 
0.036998,0.5891840629218172 
2.188,0.5933375407129272 
224.9,0.5976481186692345 
0.038751999999999995,0.6008407462488827 
2.36,0.6083236301198154 
227.7,0.6080050065658783 
0.038968,0.6080050065658783 
2.48,0.6080050065658783 
226.7,0.6080050065658783 
0.039083,0.6080050065658783 
2.53,0.6080050065658783 
227.6,0.6080050065658783 
0.038932999999999995,0.6080050065658783 
2.6629,0.6080050065658783 
230.8,0.6080050065658783 
0.039302,0.6080050065658783 
2.6227,0.6080050065658783 
231.4,0.6080050065658783 
0.039142,0.6080050065658783 
2.5496,0.6080050065658783 
228.9,0.6080050065658783 
0.03934,0.6080050065658783 
2.58,0.6080050065658783 
225.2,0.6080050065658783 
0.038513,0.6080050065658783 
2.5271,0.6080050065658783 
223.1,0.6073074941280674 
0.038486,0.6066099816902565 
2.5047,0.6059124692524455 
223.2,0.6046380021588323 
0.038301999999999996,0.6033460283947369 
2.5546,0.5993881851737485 
222.9,0.598586995319905 
0.038241000000000004,0.5973633912314669 
2.4627,0.5955945665419422 
223.1,0.5976420517239868 
0.038234,0.599710772195541 
2.4663,0.6087373304766127 
224.7,0.6082032039073837 
0.038632,0.6098726976212696 
2.5689,0.605803607640435 
222.4,0.6051804599763345 
0.038952999999999995,0.6075032338391323 
2.4987,0.6136663584299871 
222.9,0.6142895060940876 
0.03912,0.6147146566671889 
2.592,0.6155157835445072 
225.6,0.6161389312086077 
0.039471,0.6160041273683561 
2.62,0.6165434999194219 
224.2,0.6158313311604499 
0.039588,0.6148861177411837 
2.6237,0.617393112812646 
222.9,0.6159834316158631 
0.03907,0.6159834316158631 
2.6137,0.6064857073434983 
222.5,0.6014873710793451 
0.0384,0.6007898586415343 
2.56,0.599542601079584 
218.7,0.5988450886417731 
0.037817,0.5989081980419182 
2.53,0.5959153157283601 
219.3,0.5970042622406686 
0.03793,0.5979666805928823 
2.5402,0.5969690531550296 
222.3,0.5963792071275291 
0.038273,0.595648189909181 
2.5985,0.5929203023838026 
219.3,0.5928295568411102 
0.03784,0.5921222056478166 
2.5122,0.5933536520164161 
222.6,0.5939689067958704 
0.038380000000000004,0.5951278625456626 
2.5451,0.6001627635210753 
222.1,0.6001627635210753 
0.038698,0.6063815836455737 
2.5578,0.6059918854276625 
222.1,0.6059918854276625 
0.03947,0.6079499522174919 
2.5812,0.6171624180889128 
223.9,0.6171624180889128 
0.040038,0.6158674832519057 
2.6177,0.6119549131440771 
221.9,0.6119549131440771 
0.039527,0.6100699475144014 
2.57,0.610475233661029 
222.2,0.610475233661029 
0.039624,0.6113002324684771 
2.594,0.6137475372769596 
221.6,0.6137475372769596 
0.039464,0.6133507024075542 
2.6699,0.6167488708677398 
220.2,0.6167488708677398 
0.039407,0.6155635877709631 
2.6631,0.6157974067017098 
222.8,0.6157974067017098 
0.039479,0.6168730380582561 
2.6382,0.6199438600153964 
222.3,0.6199438600153964 
0.039637,0.6204286355804667 
2.7354,0.6375013618794069 
223.2,0.636803849441596 
0.039721,0.636803849441596 
2.78,0.6393563569216141 
221.8,0.6383273293973648 
0.039923,0.6383273293973648 
2.7209,0.6241637916510984 
220.0,0.6238953496882507 
0.039361,0.6238953496882507 
2.6856,0.6043197284129233 
221.4,0.6047223913571947 
0.039455000000000004,0.6047223913571947 
2.6318,0.6163334216234428 
222.5,0.6153043940991936 
0.039519,0.6153043940991936 
2.6782,0.6051903231069411 
219.5,0.6062640909583317 
0.038419999999999996,0.6062640909583317 
2.6087,0.613825654470566 
220.5,0.6142283174148375 
0.038879000000000004,0.6142283174148375 
2.6362,0.6021950678661803 
223.9,0.6029109131004406 
0.0389,0.6029109131004406 
2.6067,0.6089755173386793 
223.5,0.610899351405754 
0.038928,0.610899351405754 
2.6143,0.6206295866867256 
227.8,0.622821862716648 
0.0403,0.622821862716648 
2.6962,0.6370621676051705 
234.4,0.6378227531665721 
0.041319999999999996,0.6378227531665721 
2.78,0.6656700340200037 
234.2,0.6656252936928624 
0.041177,0.6656252936928624 
2.8858,0.6642242933466871 
232.9,0.6652085805437951 
0.041681,0.6652085805437951 
2.9,0.6960113963740898 
235.7,0.6953402914669707 
0.041645,0.6953402914669707 
2.9897,0.6801020137291178 
233.8,0.6795203894762812 
0.041249,0.6795203894762812 
2.9551,0.6678134002822128 
233.2,0.6663991585412772 
0.040681,0.6663991585412772 
2.9259,0.6757965253101548 
229.3,0.6757965253101548 
0.040648000000000004,0.6757965253101548 
2.93,0.6701102079966363 
229.3,0.6701102079966363 
0.041145999999999995,0.6701102079966363 
2.8741,0.6556236376979108 
231.8,0.6556236376979108 
0.041234,0.6556236376979108 
2.9068,0.65474361239939 
228.5,0.65474361239939 
0.040958,0.65474361239939 
2.85,0.6744877697379957 
231.7,0.6744877697379957 
0.0421,0.6744877697379957 
3.0081,0.6838521415043058 
232.2,0.6838521415043058 
0.042975,0.6838521415043058 
2.9845,0.6741267337180898 
238.0,0.6741267337180898 
0.042518,0.6741267337180898 
2.8793,0.6654844339915916 
237.8,0.6654844339915916 
0.042407,0.6654844339915916 
2.8993,0.6663418945388682 
239.4,0.6663418945388682 
0.042741,0.6663418945388682 
2.9032,0.6675603911060507 
237.1,0.6675603911060507 
0.041794,0.6675603911060507 
2.9305,0.6839649652605265 
237.5,0.6839649652605265 
0.041782,0.6839649652605265 
2.9563,0.6461690069266242 
231.9,0.6461690069266242 
0.04116,0.6461690069266242 
2.828,0.6374138834439053 
231.7,0.6374138834439053 
0.041260000000000005,0.6374138834439053 
2.814,0.6456274528967653 
231.1,0.6456274528967653 
0.041862,0.6456274528967653 
2.867,0.6589406561307966 
230.5,0.6589406561307966 
0.041654000000000004,0.6589406561307966 
2.8896,0.6606781419765938 
232.1,0.6606781419765938 
0.041624,0.6606781419765938 
2.8797,0.6502532269018101 
224.7,0.6502532269018101 
0.040625,0.6502532269018101 
2.767,0.6327881094388605 
222.1,0.6327881094388605 
0.040772,0.6327881094388605 
2.7887,0.6485383058072569 
223.9,0.6485383058072569 
0.041007,0.6485383058072569 
2.85,0.6499824498868806 
220.6,0.6499824498868806 
0.040436,0.6499824498868806 
2.845,0.6507496514291806 
220.5,0.6507496514291806 
0.040094,0.6507496514291806 
2.8065,0.6473198092400743 
223.2,0.6473198092400743 
0.0404,0.6473198092400743 
2.8273,0.6494860253595099 
224.1,0.6494860253595099 
0.040867,0.6494860253595099 
2.8236,0.6442510030708739 
224.0,0.6442510030708739 
0.040388,0.6442510030708739 
2.796,0.6490121655833834 
225.0,0.6490121655833834 
0.040802,0.6490121655833834 
2.8334,0.6443638268270946 
224.4,0.6443638268270946 
0.040473,0.6443638268270946 
2.8156,0.6475454567525156 
223.9,0.6475454567525156 
0.040477,0.6475454567525156 
2.8309,0.6503660506580307 
226.1,0.6503660506580307 
0.040636,0.6503660506580307 
2.8571,0.6594822101606554 
225.8,0.6594822101606554 
0.040798,0.6594822101606554 
2.8508,0.6540666698620664 
226.6,0.6540666698620664 
0.041339,0.6540666698620664 
2.8681,0.6597981166780732 
226.9,0.6597981166780732 
0.041587,0.6597981166780732 
2.8776,0.6601591526979791 
225.7,0.6601591526979791 
0.041293,0.6601591526979791 
2.8652,0.6540666698620664 
223.3,0.6540666698620664 
0.041125999999999996,0.6540666698620664 
2.866,0.6665675420513094 
225.3,0.6665675420513094 
0.041561,0.6665675420513094 
2.97,0.6868758181710181 
226.1,0.6868758181710181 
0.041804,0.6868758181710181 
2.9983,0.6954278588925399 
225.4,0.6954278588925399 
0.041602,0.6954278588925399 
3.0199,0.6868306886685298 
224.8,0.6868306886685298 
0.0413,0.6868306886685298 
2.9615,0.6904184841163451 
228.0,0.6904184841163451 
0.041513999999999995,0.6904184841163451 
3.007,0.691885192947213 
227.9,0.691885192947213 
0.041522,0.691885192947213 
3.09,0.7117873035445275 
225.7,0.7117873035445275 
0.041460000000000004,0.7117873035445275 
3.0819,0.7129832353604658 
223.2,0.7129832353604658 
0.041124,0.7129832353604658 
3.0404,0.6963530136935489 
225.6,0.6963530136935489 
0.0413,0.6963530136935489 
3.0601,0.6868306886685298 
225.9,0.6868306886685298 
0.041095,0.6868306886685298 
3.0181,0.6744426402355075 
221.4,0.6744426402355075 
0.039416,0.6744426402355075 
2.9353,0.672682589638466 
221.7,0.672682589638466 
0.039623,0.672682589638466 
2.9186,0.6621674155587058 
224.5,0.6621674155587058 
0.039543,0.6621674155587058 
2.9122,0.6576093358073934 
221.8,0.6576093358073934 
0.039169999999999996,0.6576093358073934 
2.8357,0.64653004294653 
221.2,0.64653004294653 
0.038551,0.64653004294653 
2.7856,0.627282310135295 
215.6,0.627282310135295 
0.037771,0.627282310135295 
2.7674,0.6363307753841875 
214.7,0.6363307753841875 
0.038147,0.6363307753841875 
2.7727,0.6470264674739007 
217.2,0.6470264674739007 
0.038593,0.6470264674739007 
2.8315,0.637729789961323 
214.9,0.637729789961323 
0.03815,0.637729789961323 
2.7728,0.6352476673244697 
215.9,0.6352476673244697 
0.03814,0.6352476673244697 
2.7884,0.6501629678968335 
218.0,0.6501629678968335 
0.039222,0.6501629678968335 
2.8369,0.661625861528847 
219.2,0.661625861528847 
0.039319,0.661625861528847 
2.9012,0.6672896140911212 
218.0,0.6672896140911212 
0.03921,0.6672896140911212 
2.9348,0.6688578191730851 
220.5,0.6688578191730851 
0.039226,0.6688578191730851 
2.911,0.6688578191730851 
218.4,0.6688578191730851 
0.039024,0.6688578191730851 
2.8927,0.6688578191730851 
214.3,0.6688578191730851 
0.038191,0.6688578191730851 
2.7836,0.6688578191730851 
213.3,0.6688578191730851 
0.037842,0.6688578191730851 
2.7794,0.6688578191730851 
213.2,0.6688578191730851 
0.0376,0.6688578191730851 
2.7779,0.6688578191730851 
214.0,0.6688578191730851 
0.038163,0.6688578191730851 
2.7779,0.6688578191730851 
212.2,0.6688578191730851 
0.038049,0.6688578191730851 
2.7398,0.6688578191730851 
214.5,0.6688578191730851 
0.038058,0.6681603067352742 
2.7156,0.6674627942974632 
214.0,0.6667652818596522 
0.037966,0.6667294039900421 
2.7562,0.667061666793778 
213.3,0.6660386789293617 
0.0384,0.6690114347433954 
2.7624,0.668164320736127 
214.3,0.6680711751666484 
0.039126999999999995,0.6696412926740606 
2.7844,0.6698947028471751 
214.0,0.6698015572776965 
0.039033,0.6695817408266588 
2.7658,0.6701826849514732 
213.0,0.6695306659651232 
0.039027,0.6665736113261638 
2.7425,0.6621932354766131 
211.7,0.6622863810460916 
0.038399,0.6628306884486612 
2.6949,0.6643221883247066 
212.7,0.6647879161720994 
0.038518000000000004,0.6638510793926768 
2.7123,0.664640271074662 
212.9,0.66929754954859 
0.038465,0.670333827103482 
2.7277,0.6710507172429323 
220.3,0.6760362407037028 
0.038868,0.67874072624042 
2.78,0.67874072624042 
225.7,0.67874072624042 
0.039251,0.67874072624042 
2.91,0.67874072624042 
224.6,0.67874072624042 
0.0395,0.67874072624042 
2.8948,0.67874072624042 
224.7,0.67874072624042 
0.03893,0.67874072624042 
2.8801,0.67874072624042 
224.2,0.67874072624042 
0.038646,0.67874072624042 
2.8872,0.67874072624042 
232.1,0.67874072624042 
0.039225,0.67874072624042 
2.895,0.67874072624042 
229.7,0.67874072624042 
0.0387,0.67874072624042 
2.8887,0.67874072624042 
234.5,0.67874072624042 
0.038819,0.6780432138026091 
2.9529,0.6773457013647982 
232.7,0.6766481889269872 
0.039275,0.6773187309951074 
2.9818,0.6771137885411875 
