date,current_balance 
442.0,1.0 
0.089658,1.0 
5.9691,0.999302487562189 
427.7,0.998604975124378 
0.086774,0.9979074626865669 
5.8231,0.9950809901061258 
426.0,0.9917956669561774 
0.08551399999999999,0.9887615146788296 
5.8034,0.986266456592441 
402.5,0.9816944655686779 
0.08361,0.9811527420014654 
5.5618,0.9800503384204977 
413.9,0.9791186605667432 
0.08513899999999999,0.9735665623933172 
5.6232,0.9635825299619122 
399.6,0.9653025506149978 
0.082022,0.9668218511239933 
5.3834,0.9721414684038513 
416.0,0.9704931152779775 
0.085,0.9722749677182511 
5.6159,0.974651375437601 
406.9,0.9793097647063743 
0.08406799999999999,0.9782455542115941 
5.5228,0.9755094821239365 
409.2,0.9613997227015127 
0.08301900000000001,0.952795678870602 
5.4948,0.952795678870602 
394.9,0.952795678870602 
0.081334,0.952795678870602 
5.1819,0.952795678870602 
394.0,0.952795678870602 
0.08127000000000001,0.952795678870602 
5.2356,0.952795678870602 
416.2,0.952795678870602 
0.08311,0.952795678870602 
5.4841,0.952795678870602 
410.9,0.952795678870602 
0.081584,0.952795678870602 
5.5068,0.952795678870602 
392.8,0.952795678870602 
0.079023,0.952795678870602 
5.2464,0.952795678870602 
389.5,0.952795678870602 
0.077614,0.952795678870602 
5.1451,0.952795678870602 
404.7,0.952795678870602 
0.08089,0.952098166432791 
5.3284,0.95140065399498 
403.2,0.950703141557169 
0.080231,0.949788513725708 
5.4068,0.9478035520549901 
408.0,0.9488469653483065 
0.081134,0.9555594340835825 
5.3907,0.9590614882357515 
413.1,0.9585098313810276 
0.082403,0.9587468801605978 
5.46,0.9609418847340045 
408.4,0.957525009257713 
0.08187,0.9506765218604434 
5.4079,0.9465969174007784 
406.8,0.9468877153136543 
0.08068600000000001,0.9512583021869794 
5.4109,0.9499945116750179 
412.8,0.952466293934463 
0.081861,0.9482809014201772 
5.4053,0.95307000230761 
411.7,0.9572865720443102 
0.08037899999999999,0.9583829226498222 
5.5708,0.9641863817113291 
421.8,0.9650587754499568 
0.082585,0.9656335150315735 
5.6029,0.9714216755763567 
416.5,0.9682726249778237 
0.080712,0.9682726249778237 
5.6,0.9682726249778237 
416.6,0.9682726249778237 
0.080001,0.9682726249778237 
5.5375,0.9682726249778237 
413.0,0.9682726249778237 
0.080192,0.9682726249778237 
5.6496,0.9682726249778237 
414.5,0.9682726249778237 
0.079513,0.9682726249778237 
5.6236,0.9682726249778237 
415.2,0.9682726249778237 
0.079537,0.9682726249778237 
5.636,0.9682726249778237 
399.0,0.9682726249778237 
0.077176,0.9682726249778237 
5.4284,0.9682726249778237 
400.3,0.9682726249778237 
0.077424,0.9682726249778237 
5.4121,0.9682726249778237 
396.0,0.9682726249778237 
0.076503,0.9675751125400127 
5.3864,0.9668776001022017 
404.2,0.9661800876643907 
0.07712000000000001,0.9660198107279043 
5.4232,0.9649641764655401 
402.9,0.9636489430967496 
0.077361,0.9625692747132284 
5.3996,0.9631182058138482 
401.2,0.961974545128226 
0.076795,0.9584237406262673 
5.393,0.9558366774138516 
399.7,0.9594867490597021 
0.076615,0.9630878921205761 
5.4289,0.9683561942940394 
405.9,0.9691011068748253 
0.07795,0.9688997526391635 
5.4734,0.968860974389727 
405.0,0.9667752191635266 
0.07744,0.9675535307282963 
5.3994,0.9592328263491776 
402.3,0.9651176357373856 
0.076851,0.9732105271322535 
5.2681,0.9734487363787929 
416.1,0.9761085212397467 
0.079979,0.9750802593689776 
5.4066,0.9789760995793797 
414.2,0.9789760995793797 
0.078774,0.9789760995793797 
5.3629,0.9789760995793797 
405.4,0.9789760995793797 
0.077234,0.9789760995793797 
5.2943,0.9789760995793797 
401.3,0.9789760995793797 
0.0774,0.9789760995793797 
5.2746,0.9789760995793797 
402.5,0.9789760995793797 
0.077813,0.9789760995793797 
5.25,0.9789760995793797 
405.7,0.9789760995793797 
0.078622,0.9789760995793797 
5.271,0.9789760995793797 
403.8,0.9789760995793797 
0.077549,0.9789760995793797 
5.2332,0.9789760995793797 
410.6,0.9789760995793797 
0.079715,0.9789760995793797 
5.33,0.9789760995793797 
412.4,0.9782785871415687 
0.080182,0.9775810747037577 
5.4293,0.9775810747037577 
408.4,0.9770667435748395 
0.080624,0.9786714307971058 
5.3397,0.9786714307971058 
408.8,0.9786714307971058 
0.081862,0.9786714307971058 
5.3378,0.9786714307971058 
413.6,0.9786714307971058 
0.080176,0.9786714307971058 
5.264,0.9786714307971058 
412.7,0.9786714307971058 
0.080095,0.9786714307971058 
5.2827,0.9786714307971058 
417.0,0.9786714307971058 
0.07932,0.9786714307971058 
5.2404,0.9786714307971058 
418.2,0.9786714307971058 
0.0805,0.9786714307971058 
5.2176,0.9786714307971058 
424.0,0.9786714307971058 
0.079929,0.9786714307971058 
5.0959,0.9786714307971058 
421.6,0.9786714307971058 
0.07926799999999999,0.9786714307971058 
5.0924,0.9779739183592948 
416.8,0.9772764059214838 
0.078542,0.9765788934836728 
4.9258,0.9744420281216013 
414.1,0.9739365127654347 
0.078226,0.9726052670487815 
4.9861,0.9733757195653991 
414.1,0.972342535773365 
0.07741,0.9718569447837306 
4.9977,0.9756109047753324 
415.0,0.9794240904001073 
0.077917,0.977848884648953 
4.9757,0.9715983006244752 
418.5,0.9687923715798296 
0.076426,0.9641587371439523 
4.8101,0.9553634013943983 
415.1,0.9555792420901403 
0.076613,0.9579822931995655 
4.8397,0.9583312189680157 
416.7,0.944373520643368 
0.07646499999999999,0.9264253733619677 
4.764,0.9019945536089317 
387.5,0.893504819576414 
0.07067799999999999,0.8934971543416153 
4.3143,0.8944718123002039 
386.4,0.8942047454126726 
0.072783,0.8921182914961425 
4.4483,0.8921182914961425 
388.5,0.8921182914961425 
0.071533,0.8921182914961425 
4.434,0.8921182914961425 
365.1,0.8921182914961425 
0.069543,0.8921182914961425 
4.4583,0.8921182914961425 
339.9,0.8921182914961425 
0.06504299999999999,0.8921182914961425 
4.3142,0.8921182914961425 
344.8,0.8921182914961425 
0.065944,0.8921182914961425 
4.235,0.8921182914961425 
334.3,0.8921182914961425 
0.06394,0.8921182914961425 
4.2613,0.8921182914961425 
345.2,0.8921182914961425 
0.066715,0.8921182914961425 
4.3383,0.8921182914961425 
345.3,0.8921182914961425 
0.065011,0.8914207790583315 
4.3559,0.8907232666205205 
341.1,0.8900257541827095 
0.063941,0.8912601214684475 
4.286,0.8895146757619591 
350.5,0.8909189230440672 
0.06754,0.8965815493503896 
4.5016,0.8998207207577578 
352.5,0.8960595860171163 
0.069261,0.8939658191426969 
4.4932,0.8918354565974194 
346.0,0.8932601288476624 
0.06722,0.9006062083515015 
4.3974,0.8993573751353043 
350.2,0.9027196016458778 
0.070425,0.902455643856154 
4.4647,0.9054608574780187 
353.0,0.9034093294376688 
0.069746,0.9000181429188443 
4.5293,0.9003787685534681 
347.6,0.8978713453930405 
0.068,0.893352745941836 
4.4092,0.8903809235824364 
345.1,0.8871896577418921 
0.068098,0.8862157787659148 
4.47,0.8806336144980584 
336.5,0.8817235457563842 
0.066838,0.8817235457563842 
4.3469,0.8817235457563842 
347.9,0.8817235457563842 
0.06815399999999999,0.8817235457563842 
4.3498,0.8817235457563842 
341.3,0.8817235457563842 
0.06664199999999999,0.8817235457563842 
4.2554,0.8817235457563842 
344.7,0.8817235457563842 
0.06699400000000001,0.8817235457563842 
4.2737,0.8817235457563842 
340.6,0.8817235457563842 
0.066968,0.8817235457563842 
4.2169,0.8817235457563842 
338.7,0.8817235457563842 
0.06526599999999999,0.8817235457563842 
4.2058,0.8817235457563842 
323.2,0.8817235457563842 
0.061946,0.8817235457563842 
4.0,0.8817235457563842 
305.9,0.8817235457563842 
0.060591,0.8810260333185733 
3.8955,0.8803285208807623 
307.6,0.8796310084429513 
0.061287,0.8799772569933628 
3.88,0.8810162671395795 
309.0,0.870085316459603 
0.061988999999999995,0.8545385169499932 
3.9469,0.841573440285253 
285.3,0.8468133135152207 
0.058475,0.8508113599385081 
3.7378,0.8492104979492754 
288.8,0.85261301303367 
0.058101,0.8529332570525567 
3.7201,0.8544486361200343 
291.7,0.8679225958542369 
0.057972,0.8729814505900864 
3.7936,0.8877389113549059 
317.3,0.8941356397135678 
0.0598,0.8975282247886478 
3.9684,0.9092005291955773 
317.8,0.9077034225584436 
0.059567999999999996,0.9070179002055145 
4.18,0.9253112454611151 
313.1,0.9194465343610491 
0.05954299999999999,0.9209104098018821 
4.17,0.9109461785104156 
308.3,0.9109461785104156 
0.059039,0.9109461785104156 
4.091,0.9109461785104156 
309.6,0.9109461785104156 
0.058649,0.9109461785104156 
4.1771,0.9109461785104156 
305.3,0.9109461785104156 
0.057793,0.9109461785104156 
4.129,0.9109461785104156 
303.8,0.9109461785104156 
0.057737000000000004,0.9109461785104156 
3.9699,0.9109461785104156 
283.0,0.9109461785104156 
0.053069000000000005,0.9109461785104156 
3.825,0.9109461785104156 
283.0,0.9109461785104156 
0.051753999999999994,0.9109461785104156 
3.6881,0.9109461785104156 
284.5,0.9109461785104156 
0.05139,0.9109461785104156 
3.68,0.9109461785104156 
291.6,0.9102486660726046 
0.05315399999999999,0.9095511536347936 
3.8016,0.9095511536347936 
279.0,0.909597255986224 
0.051240999999999995,0.9133861430617044 
3.7501,0.9133861430617044 
301.2,0.9133861430617044 
0.056323000000000005,0.9133861430617044 
3.9957,0.9133861430617044 
294.3,0.9133861430617044 
0.055937,0.9133861430617044 
3.8709,0.9133861430617044 
292.2,0.9133861430617044 
0.055123,0.9133861430617044 
3.8375,0.9133861430617044 
297.7,0.9133861430617044 
0.055807,0.9133861430617044 
3.897,0.9133861430617044 
299.0,0.9133861430617044 
0.05633099999999999,0.9133861430617044 
3.9664,0.9133861430617044 
295.0,0.9133861430617044 
0.056840999999999996,0.9133861430617044 
3.9339,0.9133861430617044 
314.6,0.9133861430617044 
0.058455999999999994,0.9133861430617044 
4.02,0.9126886306238935 
311.1,0.9119911181860825 
0.058008000000000004,0.9112936057482715 
4.0501,0.9104292004794647 
314.5,0.9092243458488575 
0.058538,0.9078695481364474 
4.0977,0.9097070075438554 
311.0,0.9078650500731269 
0.057908,0.9056038443872585 
4.0611,0.8962010249454748 
310.3,0.8909410178094095 
0.05825,0.8902756540452865 
4.0183,0.8839557262237598 
303.2,0.8817560868759508 
0.057,0.8769859405054699 
3.9199,0.8761491556371144 
301.7,0.8728018783687093 
0.057173,0.8759495607912904 
3.9401,0.8786727817225174 
300.9,0.8825938779512207 
0.058251,0.8915609342184765 
3.9029,0.8928307919572966 
308.6,0.8999078924676391 
0.0603,0.9100777216931171 
3.9676,0.9167753624598705 
314.6,0.9187582895136737 
0.061799,0.9217484445060073 
4.0449,0.9217484445060073 
312.0,0.9217484445060073 
0.061251,0.9217484445060073 
4.0255,0.9217484445060073 
314.6,0.9217484445060073 
0.061074,0.9217484445060073 
4.0001,0.9217484445060073 
331.1,0.9217484445060073 
0.062402,0.9217484445060073 
4.0808,0.9217484445060073 
335.4,0.9217484445060073 
0.065001,0.9217484445060073 
4.1512,0.9217484445060073 
324.9,0.9217484445060073 
0.062747,0.9217484445060073 
4.0363,0.9217484445060073 
325.4,0.9217484445060073 
0.061752,0.9217484445060073 
4.017,0.9217484445060073 
325.0,0.9217484445060073 
0.062204999999999996,0.9210509320681963 
4.2553,0.9203534196303853 
325.3,0.9196559071925743 
0.061808,0.9150635917569133 
4.2106,0.9112169389474051 
317.3,0.9092960352690754 
0.060351999999999996,0.9093145831843854 
4.1336,0.909334158671906 
314.2,0.9131187695841602 
0.060171,0.9163633849576772 
4.0798,0.9210220777864281 
321.7,0.9217755514313623 
0.061185,0.9258889972452916 
4.2511,0.9301804669917144 
321.6,0.9278258618512953 
0.061707000000000005,0.9281743757567715 
4.2855,0.9309825522686924 
319.0,0.92872213133389 
0.061803,0.9232980768895083 
4.23,0.9160760229370551 
321.0,0.9082587338708638 
0.060502999999999994,0.9023929012364417 
4.1634,0.8932627273464011 
307.4,0.892132516879 
0.058732000000000006,0.8880512619691849 
3.9684,0.8819565972803843 
302.6,0.8824126372039807 
0.058145,0.8824126372039807 
3.9002,0.8824126372039807 
309.8,0.8824126372039807 
0.059296,0.8824126372039807 
3.9161,0.8824126372039807 
311.2,0.8824126372039807 
0.059315999999999994,0.8824126372039807 
3.9276,0.8824126372039807 
305.7,0.8824126372039807 
0.056604999999999996,0.8824126372039807 
3.8752,0.8824126372039807 
303.4,0.8824126372039807 
0.056885000000000005,0.8824126372039807 
3.8788,0.8824126372039807 
295.8,0.8824126372039807 
0.055376999999999996,0.8824126372039807 
3.71,0.8824126372039807 
305.7,0.8824126372039807 
0.057665999999999995,0.8824126372039807 
3.8457,0.8824126372039807 
296.6,0.8824126372039807 
0.055617999999999994,0.8817151247661696 
3.6947,0.8810176123283586 
284.7,0.8803200998905476 
0.054152,0.8804812829715729 
3.6747,0.880156704104085 
288.1,0.8807068717610977 
0.055082000000000006,0.8835060164453672 
3.67,0.8862591710018637 
291.5,0.8909434436385701 
0.05586,0.9009349733872445 
3.7371,0.9148264073718608 
306.5,0.9143442028357294 
0.058692999999999995,0.9094027397535045 
4.0,0.901861675590427 
297.6,0.9031705164742128 
0.057017,0.9113212154702781 
3.8702,0.9166266902574056 
302.4,0.9240664173862925 
0.05873,0.932955620755086 
3.8762,0.9398567879591052 
308.0,0.9379279698145789 
0.059848,0.934870778918653 
3.9912,0.9337772841151992 
306.4,0.9329422436313441 
0.059072,0.9319624546755438 
3.948,0.9280654574424423 
306.9,0.9280654574424423 
0.059227999999999996,0.9280654574424423 
3.9241,0.9272295509868411 
304.9,0.9272295509868411 
0.059289999999999995,0.9272295509868411 
3.8426,0.9167169875580807 
296.4,0.9167169875580807 
0.059059,0.9167169875580807 
3.8031,0.9138564802991007 
301.9,0.9138564802991007 
0.058702,0.9138564802991007 
3.79,0.8966231159370726 
298.4,0.8966231159370726 
0.057326999999999996,0.8966231159370726 
3.7705,0.9176402511277479 
315.5,0.9176402511277479 
0.059283,0.9176402511277479 
3.8334,0.9158422368121713 
314.4,0.9158422368121713 
0.061463,0.9158422368121713 
3.8491,0.9213072540082003 
312.4,0.9213072540082003 
0.061451,0.9213072540082003 
3.8238,0.9222062611659887 
320.0,0.9222062611659887 
0.062529,0.9222062611659887 
3.8586,0.9282627304395101 
317.6,0.9282627304395101 
0.0629,0.9282627304395101 
3.916,0.948916236985542 
321.9,0.948916236985542 
0.062294,0.948916236985542 
3.932,0.935431129618717 
318.9,0.935431129618717 
0.061922000000000005,0.935431129618717 
3.9041,0.9049595185863124 
303.8,0.9049595185863124 
0.0586,0.9049595185863124 
3.7,0.8611210906025815 
303.5,0.8611210906025815 
0.057537,0.8611210906025815 
3.5971,0.8661129461366166 
302.9,0.8661129461366166 
0.058384000000000005,0.8661129461366166 
3.6119,0.8661366042197163 
305.8,0.8661366042197163 
0.05977999999999999,0.8661366042197163 
3.62,0.01096787441511432 
305.4,0.01096787441511432 
0.058765,0.01096787441511432 
3.63,0.8728554998200291 
304.9,0.8728554998200291 
0.059115999999999995,0.8728554998200291 
3.6576,0.01096787441511432 
305.1,0.01096787441511432 
0.059369000000000005,0.01096787441511432 
3.6165,0.8647171192337346 
304.4,0.8647171192337346 
0.058697000000000006,0.8647171192337346 
3.6147,0.8657344168070216 
302.7,0.8657344168070216 
0.05902999999999999,0.8657344168070216 
3.5971,0.850593243623218 
311.2,0.850593243623218 
0.059332,0.850593243623218 
3.6394,0.87124675016925 
311.5,0.87124675016925 
0.05946,0.87124675016925 
3.6137,0.8610028001870829 
308.7,0.8610028001870829 
0.058924000000000004,0.8610028001870829 
3.6179,0.8638417701590462 
305.7,0.8638417701590462 
0.059945000000000005,0.8638417701590462 
3.5573,0.8526988130190907 
305.4,0.8526988130190907 
0.061458000000000006,0.8526988130190907 
3.5731,0.8617362007631735 
305.1,0.8617362007631735 
0.060762000000000004,0.8617362007631735 
3.5982,0.8629900791674572 
305.6,0.8629900791674572 
0.060319000000000005,0.8629900791674572 
3.5836,0.851681515445804 
303.2,0.851681515445804 
0.059053999999999995,0.851681515445804 
3.547,0.8455067557567839 
308.0,0.8455067557567839 
0.059864,0.8455067557567839 
3.5356,0.8494103394682333 
314.3,0.8494103394682333 
0.061065999999999995,0.8494103394682333 
3.5596,0.8640783509900429 
320.5,0.8640783509900429 
0.060658000000000004,0.8640783509900429 
3.6204,0.8695670262691717 
322.6,0.8695670262691717 
0.060113,0.8695670262691717 
3.6444,0.866160262302816 
318.0,0.866160262302816 
0.059986000000000005,0.866160262302816 
3.632,0.8741330363074125 
331.7,0.8741330363074125 
0.060573,0.8741330363074125 
3.6726,0.8873342466770411 
328.2,0.8873342466770411 
0.060163,0.8873342466770411 
3.6955,0.8902915070645028 
331.3,0.8902915070645028 
0.06030599999999999,0.8902915070645028 
3.7106,0.8947865428534445 
330.9,0.8947865428534445 
0.06015499999999999,0.8947865428534445 
3.713,0.8797636600851395 
325.6,0.8797636600851395 
0.05935700000000001,0.8797636600851395 
3.63,0.8731867129834248 
328.5,0.8731867129834248 
0.060127999999999994,0.8731867129834248 
3.6461,0.8652139389788283 
323.0,0.8652139389788283 
0.059285000000000004,0.8652139389788283 
3.5909,0.8533848974289817 
322.5,0.8533848974289817 
0.058944,0.8533848974289817 
3.5424,0.8355940189380127 
322.7,0.8355940189380127 
0.058539,0.8355940189380127 
3.5067,0.8397105253973594 
325.1,0.8397105253973594 
0.05825,0.8397105253973594 
3.4753,0.8414375654636368 
327.4,0.8414375654636368 
0.058262,0.8414375654636368 
3.5113,0.8522493094401966 
329.8,0.8522493094401966 
0.05872,0.8522493094401966 
3.5363,0.9110396459429335 
326.3,0.9110396459429335 
0.05815,0.9110396459429335 
3.7457,0.8949048332689429 
331.6,0.8949048332689429 
0.058552999999999994,0.8949048332689429 
3.721,0.8648590677323329 
327.5,0.8648590677323329 
0.058,0.8648590677323329 
3.602,0.8660656299704173 
328.2,0.8660656299704173 
0.057465999999999996,0.8660656299704173 
3.644,0.8634395827463512 
323.1,0.8634395827463512 
0.057453,0.8634395827463512 
3.6175,0.8775871164399678 
328.3,0.8775871164399678 
0.057555999999999996,0.8775871164399678 
3.649,0.8808282738246256 
341.9,0.8808282738246256 
0.057603999999999995,0.8808282738246256 
3.6991,0.8861513425220566 
340.5,0.8861513425220566 
0.057589,0.8861513425220566 
3.7576,0.8953779949309368 
339.6,0.8953779949309368 
0.057536000000000004,0.8953779949309368 
3.7052,0.8972233254127129 
338.8,0.8972233254127129 
0.057936,0.8972233254127129 
3.7303,0.8932014512857651 
334.9,0.8932014512857651 
0.057767,0.8932014512857651 
3.7339,0.01096787441511432 
335.6,0.01096787441511432 
0.057746000000000006,0.01096787441511432 
3.7339,0.8859857359403587 
333.0,0.8859857359403587 
0.05683200000000001,0.8859857359403587 
3.6758,0.869638000518471 
333.1,0.869638000518471 
0.0565,0.869638000518471 
3.6141,0.8635105569956505 
333.8,0.8635105569956505 
0.056701999999999995,0.8635105569956505 
3.6148,0.8668936628789066 
337.9,0.8668936628789066 
0.056476,0.8668936628789066 
3.6127,0.8654505198098252 
338.3,0.8654505198098252 
0.056491,0.8654505198098252 
3.6319,0.8670592694606043 
337.3,0.8670592694606043 
0.056348,0.8670592694606043 
3.6104,0.8717672279974433 
345.6,0.8717672279974433 
0.056601,0.8717672279974433 
3.6358,0.8756944697919922 
344.0,0.8756944697919922 
0.056616999999999994,0.8756944697919922 
3.634,0.8875944855911377 
353.8,0.8875944855911377 
0.057477999999999994,0.8875944855911377 
3.6823,0.885275993447368 
349.5,0.885275993447368 
0.057022,0.885275993447368 
3.6858,0.9112052525246315 
348.8,0.9112052525246315 
0.057,0.9112052525246315 
3.8599,0.9067102167356897 
345.9,0.9067102167356897 
0.0563,0.9067102167356897 
3.7554,0.8968921122493172 
342.8,0.8968921122493172 
0.05574400000000001,0.8968921122493172 
3.73,0.8857467893010518 
351.0,0.8857467893010518 
0.055941,0.8857467893010518 
3.7,0.8850492768632408 
343.9,0.8843517644254297 
0.054783000000000005,0.8836542519876187 
3.6,0.8803021794180372 
341.7,0.8791691439824344 
0.054454999999999996,0.8794658126503032 
3.5801,0.881249700087427 
337.6,0.8763037790900495 
0.054458000000000006,0.8705726212583859 
3.5701,0.8646569014115486 
335.1,0.8665048481482103 
0.053320000000000006,0.8673882495464668 
3.565,0.8741065215963015 
336.4,0.8731385494961453 
0.053836,0.8736459577372927 
3.6188,0.8735301254605714 
333.5,0.8753780721972331 
0.053272,0.8743669061339396 
3.535,0.8705361672680855 
343.0,0.8730880937139516 
0.053829999999999996,0.8691164378407987 
3.5413,0.8680491261481527 
336.3,0.8643532326748293 
0.051884000000000007,0.8625219196737297 
3.5262,0.8574252498555885 
336.2,0.8590299716027201 
0.051809,0.8590299716027201 
3.4836,0.8590299716027201 
338.4,0.8590299716027201 
0.052076,0.8590299716027201 
3.5052,0.8590299716027201 
336.5,0.8590299716027201 
0.050861,0.8590299716027201 
3.48,0.8590299716027201 
335.4,0.8590299716027201 
0.051121,0.8590299716027201 
3.4799,0.8590299716027201 
332.5,0.8590299716027201 
0.050569,0.8590299716027201 
3.4524,0.8590299716027201 
328.4,0.8590299716027201 
0.052375,0.8590299716027201 
3.3699,0.8590299716027201 
325.9,0.8590299716027201 
0.051516,0.8590299716027201 
3.3067,0.8590299716027201 
333.8,0.8590299716027201 
0.052091,0.8583324591649091 
3.2793,0.8576349467270981 
330.0,0.856937434289287 
0.050948,0.8547013428506502 
3.2647,0.8531861183438499 
327.3,0.8487954804169647 
0.050637,0.840880981212741 
3.2491,0.8329797671237054 
313.8,0.8304496610146856 
0.048851,0.8300057374090035 
3.1101,0.8282972144256955 
311.4,0.827309855944127 
0.048817,0.8274815064049905 
3.1215,0.8284193369556108 
311.0,0.8299620845830619 
0.048389999999999996,0.8224035453236501 
3.1198,0.8253748896424467 
315.3,0.8299414226197017 
0.047591,0.8359432697685221 
3.1547,0.8368068167111724 
319.7,0.8360662978499959 
0.04943,0.8436366750722257 
3.1938,0.8462923140571501 
318.0,0.8417874909849932 
0.050087,0.8363349253109367 
3.2304,0.8514776759374079 
308.4,0.8488136593343254 
0.048544,0.8488136593343254 
3.1785,0.8488136593343254 
307.6,0.8488136593343254 
0.050401,0.8488136593343254 
3.2409,0.8488136593343254 
315.8,0.8488136593343254 
0.051442999999999996,0.8488136593343254 
3.3152,0.8488136593343254 
315.3,0.8488136593343254 
0.051976,0.8488136593343254 
3.3278,0.8488136593343254 
320.1,0.8488136593343254 
0.053667999999999993,0.8488136593343254 
3.3248,0.8488136593343254 
319.2,0.8488136593343254 
0.052476999999999996,0.8488136593343254 
3.3233,0.8488136593343254 
321.8,0.8488136593343254 
0.052820000000000006,0.8488136593343254 
3.391,0.8488136593343254 
318.6,0.8481161468965144 
0.052770000000000004,0.8474186344587034 
3.3408,0.8467211220208923 
338.1,0.8464964458768133 
0.055499,0.8457953134554624 
3.4502,0.8480370145362754 
338.0,0.846631924877945 
0.054765,0.8415758729729587 
3.5359,0.8484502246087837 
338.0,0.8470345130845605 
0.053288999999999996,0.8429424753145036 
3.5242,0.8328446882057454 
335.1,0.8276242519601724 
0.05284,0.8263714756909972 
3.4237,0.8277521227842428 
329.5,0.8291678343084659 
0.052742,0.8305245527135114 
3.4131,0.8276650535036514 
330.3,0.8276650535036514 
0.053288,0.8341751135923783 
3.4195,0.8320434869086645 
333.7,0.8317780409978727 
0.0531,0.8258806924469083 
3.3789,0.8245809200787901 
329.3,0.8231122963363491 
0.053,0.8168417517525002 
3.3491,0.8140877105900222 
329.0,0.8133901981522113 
0.051636,0.8126926857144002 
3.3034,0.808081803946763 
331.2,0.8094685876965024 
0.052002,0.8087885591007075 
3.3032,0.8112101831299507 
338.4,0.8111503885205806 
0.051544000000000006,0.809153520654553 
3.2787,0.7965610757024879 
338.6,0.8016436174989535 
0.050979000000000003,0.8049924503793344 
3.192,0.8069888136034423 
345.7,0.8069290189940721 
0.052235000000000004,0.8089530815586643 
3.2794,0.8144578464251393 
346.7,0.8193610043934944 
0.052576,0.819656261120767 
3.2445,0.8145176930587141 
351.5,0.8126640601682384 
0.053006,0.8163353444744563 
3.2482,0.8213203461346548 
347.2,0.8155202690257469 
0.052361000000000005,0.8115459580783808 
3.2069,0.802218972720949 
338.3,0.7996640686517799 
0.051898,0.7961226429161646 
3.1867,0.7961226429161646 
337.9,0.7961226429161646 
0.052007000000000005,0.7961226429161646 
3.1917,0.7961226429161646 
312.1,0.7961226429161646 
0.047443,0.7961226429161646 
2.9891,0.7961226429161646 
310.8,0.7961226429161646 
0.047036,0.7961226429161646 
2.8555,0.7961226429161646 
306.6,0.7961226429161646 
0.046562,0.7961226429161646 
2.7709,0.7961226429161646 
297.1,0.7961226429161646 
0.046022,0.7961226429161646 
2.7839,0.7961226429161646 
303.0,0.7961226429161646 
0.047075,0.7961226429161646 
2.9653,0.7961226429161646 
318.0,0.7961226429161646 
0.047925999999999996,0.7961226429161646 
2.9249,0.7954251304783537 
313.9,0.7947276180405427 
0.047179,0.7940301056027318 
2.9108,0.7945892541644293 
313.7,0.7924519448005848 
0.047333,0.7895185862170678 
2.8922,0.7914432593066694 
311.3,0.7857679110660529 
0.045933,0.7802613597595922 
2.85,0.7722077617683312 
304.9,0.7748562576139522 
0.0449,0.7764882993791467 
2.8744,0.783459147320366 
310.1,0.7850986923676552 
0.045426999999999995,0.7873581164218072 
2.96,0.792926545250592 
312.1,0.7933679612248621 
0.046967,0.7951822829794157 
2.9683,0.7956256949046708 
313.6,0.7959409920291496 
0.046581,0.7950846999861125 
2.9962,0.7882169710972781 
309.0,0.7861990695006145 
0.046807,0.7892505467382978 
2.8903,0.785953335662101 
307.7,0.7854376356853037 
0.04678,0.7854376356853037 
2.8539,0.7854376356853037 
309.1,0.7854376356853037 
0.047099,0.7854376356853037 
2.8857,0.7854376356853037 
309.1,0.7854376356853037 
0.047652,0.7854376356853037 
2.9013,0.7854376356853037 
309.8,0.7854376356853037 
0.047075,0.7854376356853037 
2.8644,0.7854376356853037 
304.8,0.7854376356853037 
0.047208,0.7854376356853037 
2.8572,0.7854376356853037 
306.4,0.7854376356853037 
0.047467,0.7854376356853037 
2.9097,0.7854376356853037 
304.7,0.7854376356853037 
0.047113,0.7854376356853037 
2.8821,0.7854376356853037 
306.1,0.7854376356853037 
0.0471,0.7847401232474926 
2.886,0.7840426108096816 
319.0,0.7833450983718707 
0.049154,0.7855735215097143 
2.9513,0.786150893238594 
319.2,0.7863568160353802 
0.049511,0.7885210276171802 
2.9451,0.7894787844481126 
320.0,0.7870597872393008 
0.050157,0.789234318937037 
2.9501,0.7895196082058253 
317.0,0.7882790968166913 
0.050574,0.7866618267239458 
2.9848,0.7851538691603501 
318.6,0.7857741248549173 
0.050255,0.7865797313056107 
2.9386,0.7847661066683133 
322.9,0.7896041010859366 
0.050757,0.7895677579377851 
2.9445,0.7918229016815407 
323.8,0.7913887226953438 
0.050437,0.7899652827260735 
2.9267,0.785760662312264 
324.6,0.7835010708169561 
0.050003,0.7814055854664496 
2.8833,0.7802606109491756 
321.3,0.7802606109491756 
0.049845,0.7802606109491756 
2.88,0.7802606109491756 
325.4,0.7802606109491756 
0.05011,0.7802606109491756 
2.9015,0.7802606109491756 
320.7,0.7802606109491756 
0.04937,0.7802606109491756 
2.8495,0.7802606109491756 
321.9,0.7802606109491756 
0.049338,0.7802606109491756 
2.8394,0.7802606109491756 
318.2,0.7802606109491756 
0.049229,0.7802606109491756 
2.808,0.7802606109491756 
316.4,0.7802606109491756 
0.049685,0.7802606109491756 
2.8344,0.7802606109491756 
312.8,0.7802606109491756 
0.049075,0.7802606109491756 
2.8696,0.7802606109491756 
315.6,0.7795630985113646 
0.04917,0.7788655860735536 
2.8679,0.7781680736357427 
306.5,0.7753828718204164 
0.047577,0.7723680906946833 
2.7314,0.76956200998711 
296.6,0.7656182514934656 
0.047322,0.7642926041990145 
2.7125,0.761009686158175 
300.3,0.7560956142967399 
0.046783,0.7544239647210327 
2.6852,0.7478366716586947 
292.5,0.7502937075894123 
0.046393000000000004,0.7508273014689397 
2.603,0.7523078331344164 
300.0,0.7585978451170533 
0.047047000000000005,0.761153259555728 
2.6664,0.7621045190316138 
304.3,0.757780135793551 
0.047262,0.7573924464904567 
2.6645,0.7538949586430266 
296.1,0.7544846472663986 
0.04732,0.7559353556263642 
2.5904,0.7555848916089324 
297.1,0.7550964328659058 
0.047142,0.7551084637404083 
2.6085,0.7571717494807325 
299.7,0.7564742370429216 
0.047833999999999995,0.7557767246051106 
2.6209,0.7571778444180308 
303.4,0.758508991706907 
0.049757,0.7600965518186866 
2.663,0.7679215688502283 
312.4,0.7686990112022144 
0.049558,0.7678821503103127 
2.7312,0.7694530261496654 
312.0,0.7678333545830277 
0.049299,0.767616595427437 
2.6997,0.7695985415798914 
311.5,0.7712830000091946 
0.049623,0.7713652882071502 
2.74,0.7726278613116766 
312.7,0.7709434028823734 
0.049503,0.7698596071044204 
2.7206,0.7675253149693075 
307.9,0.7695337077119382 
0.049332,0.7702421890260447 
2.7421,0.7748226868006056 
313.2,0.7748226868006056 
0.049593,0.7742406483272605 
2.7447,0.766237931471798 
312.3,0.7681611942768861 
0.049621,0.7686438567055099 
2.6963,0.7686438567055099 
316.2,0.7686438567055099 
0.049829000000000005,0.7686438567055099 
2.712,0.7686438567055099 
314.7,0.7686438567055099 
0.049656,0.7686438567055099 
2.7046,0.7686438567055099 
311.7,0.7686438567055099 
0.049631,0.7686438567055099 
2.7007,0.7686438567055099 
304.4,0.7686438567055099 
0.048717,0.7686438567055099 
2.6239,0.7686438567055099 
301.8,0.7686438567055099 
0.049138,0.7686438567055099 
2.618,0.7686438567055099 
307.3,0.7686438567055099 
0.050247,0.7686438567055099 
2.6747,0.7686438567055099 
306.0,0.7686438567055099 
0.050226,0.7686438567055099 
2.6879,0.767946344267699 
306.8,0.767248831829888 
0.052436,0.7665513193920771 
2.7085,0.7668960090940073 
307.6,0.7672068579227631 
0.051651,0.7659019314780044 
2.6939,0.7636621319750786 
308.3,0.7617202549227393 
0.052272000000000006,0.7610415639713765 
2.6862,0.7597453980532329 
304.4,0.7580624379412055 
0.050564,0.7535776789841886 
2.6416,0.7478058632290367 
303.7,0.7478058632290367 
0.049865,0.7438763968685893 
2.6201,0.7431784613742043 
306.2,0.7483568001804424 
0.049504,0.7530922120456334 
2.666,0.7583544241064724 
311.8,0.7588075287520182 
0.049638,0.7559192360101388 
2.6559,0.7558527659630544 
311.2,0.7552702028473526 
0.049693,0.7538526565342679 
2.6439,0.7506082978494489 
312.0,0.7484612291219125 
0.049053,0.7484612291219125 
2.6281,0.7484612291219125 
309.3,0.7484612291219125 
0.049917,0.7484612291219125 
2.6242,0.7484612291219125 
306.9,0.7484612291219125 
0.049801,0.7484612291219125 
2.6017,0.7484612291219125 
310.6,0.7484612291219125 
0.049507999999999996,0.7484612291219125 
2.6101,0.7484612291219125 
305.3,0.7484612291219125 
0.04877,0.7484612291219125 
2.5462,0.7484612291219125 
306.2,0.7484612291219125 
0.049177,0.7484612291219125 
2.5447,0.7484612291219125 
305.3,0.7484612291219125 
0.048385000000000004,0.7484612291219125 
2.5155,0.7484612291219125 
312.2,0.7484612291219125 
0.048563,0.7477637166841016 
2.535,0.7470662042462906 
309.3,0.7463686918084796 
0.048931,0.7459601350178082 
2.5717,0.7449997566454896 
308.2,0.7439784482832981 
0.049804,0.7455201478327445 
2.5383,0.7408751935824358 
305.6,0.7410049233762328 
0.049201,0.7399911718837523 
2.4943,0.7350752619688423 
307.7,0.7352049917626393 
0.049222,0.7322851446495666 
2.4512,0.7328270559787693 
306.6,0.7332811102570586 
0.048742,0.7341248914394226 
2.4428,0.7363854358412395 
308.0,0.7265259715126728 
0.048609,0.7092921961405041 
2.5601,0.7070471349195215 
290.3,0.7066579455381308 
0.045635,0.70482469433616 
2.3666,0.6977024311523536 
291.8,0.6935694993815711 
0.045880000000000004,0.685329909361736 
2.322,0.6776326008417413 
286.4,0.6776326008417413 
0.044211,0.6776326008417413 
2.2359,0.6776326008417413 
281.7,0.6776326008417413 
0.043712,0.6776326008417413 
2.213,0.6776326008417413 
280.5,0.6776326008417413 
0.044108,0.6776326008417413 
2.1767,0.6776326008417413 
282.6,0.6776326008417413 
0.044077,0.6776326008417413 
2.1697,0.6776326008417413 
278.0,0.6776326008417413 
0.044346,0.6776326008417413 
2.2233,0.6776326008417413 
280.0,0.6776326008417413 
0.044617000000000004,0.6776326008417413 
2.1656,0.6776326008417413 
277.6,0.6776326008417413 
0.044816,0.6776326008417413 
2.1013,0.6776326008417413 
277.4,0.6769350884039302 
0.044719,0.6762375759661193 
2.1486,0.6755400635283083 
281.6,0.6749132706978622 
0.045304000000000004,0.6756706734134016 
2.2075,0.6762153950074401 
280.9,0.675084283105555 
0.04545,0.6714271051428019 
2.2164,0.6675001533206919 
282.0,0.66820709825937 
0.044771,0.667877820531631 
2.1745,0.6678049304746081 
278.7,0.6663203461033842 
0.044708,0.667005243777081 
2.1457,0.6647456520093704 
279.7,0.6640387070706923 
0.045137000000000004,0.6647850699202338 
2.1211,0.6633819363225426 
276.9,0.6616145739758474 
0.045406999999999996,0.6604730778530192 
2.1107,0.6559083380319587 
277.0,0.6571808389215793 
0.044893,0.6570930315275155 
2.0487,0.655507672787267 
277.1,0.652223065213181 
0.044818000000000004,0.6509051991586364 
2.0532,0.6458342832994501 
275.0,0.6451367708616391 
0.044386,0.6444392584238282 
1.9925,0.6446012886382524 
279.9,0.6456020320476423 
0.044879,0.6456728806881565 
2.0187,0.648645509665958 
281.3,0.6482523604694119 
0.045081,0.6490073412948917 
2.0115,0.6479021330851963 
280.4,0.647044353020005 
0.044851,0.6457225830704116 
2.0307,0.6535352617941208 
277.5,0.65360674346622 
0.044463,0.6525661540586675 
2.0792,0.6539000260358862 
277.9,0.6537213218556379 
0.044181,0.6529375587699494 
2.0878,0.6659332828908512 
282.1,0.6675773613491345 
0.044217,0.6685714563363496 
2.1969,0.6763460244321383 
281.7,0.6763460244321383 
0.044456999999999997,0.6751703798036055 
2.137,0.6613732272881628 
281.4,0.6611003102640879 
0.043972000000000004,0.6609946926532413 
2.1182,0.6609946926532413 
282.0,0.6609946926532413 
0.043647000000000005,0.6609946926532413 
2.0728,0.6609946926532413 
287.2,0.6609946926532413 
0.043938,0.6609946926532413 
2.1081,0.6609946926532413 
286.2,0.6609946926532413 
0.044534,0.6609946926532413 
2.118,0.6609946926532413 
291.5,0.6609946926532413 
0.045801999999999995,0.6609946926532413 
2.166,0.6609946926532413 
294.3,0.6609946926532413 
0.04546,0.6609946926532413 
2.1326,0.6609946926532413 
296.9,0.6609946926532413 
0.045168,0.6609946926532413 
2.1712,0.6609946926532413 
295.3,0.6609946926532413 
0.045323,0.6609946926532413 
2.1943,0.6602971802154303 
296.8,0.6595996677776194 
0.045021,0.6589021553398084 
2.1828,0.6588304159829752 
301.5,0.6593601008917646 
0.045381,0.6586954058970811 
2.1783,0.6576845481328005 
303.1,0.6566955844887226 
0.046006,0.6619367599035125 
2.1912,0.6606526973380751 
300.4,0.6582791845922881 
0.046479,0.6556804715736025 
2.1485,0.6509904558204089 
299.6,0.6508585940011984 
0.046006,0.6486186258773483 
2.0877,0.6448666132747933 
298.4,0.6435479950826895 
0.045602,0.6434648712655935 
2.0649,0.6443482334560008 
296.7,0.6431614770831073 
0.04602,0.644132713261808 
2.0759,0.6407176532473466 
293.3,0.6421681332586608 
0.04556,0.6402655078342128 
2.0667,0.6542709694788003 
298.3,0.6533532112170959 
0.045777,0.6533532112170959 
2.0886,0.6533532112170959 
294.5,0.6533532112170959 
0.045457,0.6533532112170959 
2.0298,0.6533532112170959 
293.4,0.6533532112170959 
0.045026,0.6533532112170959 
1.9879,0.6533532112170959 
293.3,0.6533532112170959 
0.044881,0.6533532112170959 
1.9193,0.6533532112170959 
290.4,0.6533532112170959 
0.044417,0.6533532112170959 
1.9201,0.6533532112170959 
288.6,0.6533532112170959 
0.043979000000000004,0.6533532112170959 
1.9294,0.6533532112170959 
287.3,0.6533532112170959 
0.044262,0.6533532112170959 
1.9705,0.6533532112170959 
292.8,0.6533532112170959 
0.044323,0.6526556987792849 
1.959,0.651958186341474 
294.3,0.6512606739036629 
0.043982,0.6495321637346074 
1.9811,0.6496616116150552 
295.6,0.6498042079881374 
0.043841000000000005,0.6508811575863384 
1.985,0.6514134535394197 
299.8,0.6514803808950578 
0.044087,0.6522283877289546 
2.0633,0.6569186181079922 
298.5,0.6529029767697082 
0.044248,0.650920308053355 
2.0862,0.6627613821794478 
287.2,0.6566709928163836 
0.043762,0.6587978556211989 
2.0747,0.6468965215758893 
286.6,0.6489043422450314 
0.044336,0.6474804256214686 
2.0373,0.6511964539731686 
286.4,0.6511964539731686 
0.043733,0.6508404748172779 
2.0409,0.655761701553313 
287.3,0.65591242195821 
0.044203,0.6563930208550541 
2.1266,0.6562363852383699 
291.1,0.6562363852383699 
0.044349,0.6562363852383699 
2.19,0.6562363852383699 
299.8,0.6562363852383699 
0.04559,0.6562363852383699 
2.2464,0.6562363852383699 
300.2,0.6562363852383699 
0.04573,0.6562363852383699 
2.2157,0.6562363852383699 
300.2,0.6562363852383699 
0.046100999999999996,0.6562363852383699 
2.1614,0.6562363852383699 
309.2,0.6562363852383699 
0.04687,0.6562363852383699 
2.3604,0.6562363852383699 
305.7,0.6562363852383699 
0.047028,0.6562363852383699 
2.3308,0.6562363852383699 
300.4,0.6562363852383699 
0.046717,0.6562363852383699 
2.5517,0.6562363852383699 
306.2,0.6555388728005589 
0.047377999999999997,0.654841360362748 
2.54,0.654841360362748 
302.6,0.6552309173522489 
0.046715,0.65458734575004 
2.5864,0.65458734575004 
306.8,0.65458734575004 
0.046615,0.65458734575004 
2.73,0.65458734575004 
301.1,0.65458734575004 
0.045814,0.65458734575004 
2.5315,0.65458734575004 
298.3,0.65458734575004 
0.045473,0.65458734575004 
2.4693,0.65458734575004 
309.3,0.65458734575004 
0.046225999999999996,0.65458734575004 
2.7906,0.65458734575004 
302.8,0.65458734575004 
0.046598,0.65458734575004 
2.813,0.65458734575004 
304.5,0.65458734575004 
0.046599,0.65458734575004 
2.8479,0.65458734575004 
304.2,0.65458734575004 
0.046868,0.65458734575004 
2.7392,0.6538898333122289 
306.6,0.653192320874418 
0.047718,0.652494808436607 
2.8186,0.6509848902882036 
306.9,0.6497363868769213 
0.04807,0.6482010635353126 
2.8774,0.6463967361915964 
305.3,0.6458117097070376 
0.047386000000000005,0.6443247374803998 
2.7796,0.632351193574973 
302.9,0.6301410935221952 
0.047024,0.6251803542450926 
2.6677,0.6187373156077614 
300.9,0.6197773626914216 
0.045880000000000004,0.6196274159122648 
2.5696,0.6203394684655321 
303.6,0.6213145126064635 
0.046531,0.623284646677051 
2.5813,0.6282966670762624 
302.7,0.6253715346534682 
0.045642,0.6207106889346791 
2.611,0.610334078425415 
301.0,0.6108541019672451 
0.045695,0.6111498303372487 
2.5451,0.6121485566310877 
299.3,0.6090333556037546 
0.045233999999999996,0.6064352444220587 
2.5119,0.6064352444220587 
294.5,0.6064352444220587 
0.04458,0.6064352444220587 
2.4247,0.6064352444220587 
295.5,0.6064352444220587 
0.044502,0.6064352444220587 
2.4957,0.6064352444220587 
299.7,0.6064352444220587 
0.04508,0.6064352444220587 
2.5773,0.6064352444220587 
296.8,0.6064352444220587 
0.044594999999999996,0.6064352444220587 
2.5382,0.6064352444220587 
295.2,0.6064352444220587 
0.044407,0.6064352444220587 
2.6075,0.6064352444220587 
297.4,0.6064352444220587 
0.044692,0.6064352444220587 
2.5697,0.6064352444220587 
299.8,0.6064352444220587 
0.04526,0.6057377319842476 
2.9824,0.6050402195464367 
300.0,0.6043427071086257 
0.045895,0.6034726899192916 
2.9722,0.608411869775551 
300.7,0.6073179330845042 
0.045462,0.6065180398778337 
3.1506,0.6115646580466046 
298.9,0.6101743981905067 
0.045298000000000005,0.6097722660866067 
3.1572,0.6015780149362828 
296.5,0.6004525664813463 
0.045087,0.6001509674034213 
3.1235,0.6027263034792374 
296.3,0.6031897234312702 
0.045037,0.6040508106537514 
3.0805,0.6078812978978315 
296.8,0.607086863694347 
0.045491000000000004,0.6072748167429088 
3.15,0.6005958517180019 
295.7,0.6018537058735192 
0.04555,0.6035015732992829 
3.0407,0.604028346587518 
298.7,0.604557969389841 
0.045939,0.6042844233971643 
3.1729,0.6051205881966895 
298.1,0.6041969260294381 
0.045774,0.6041969260294381 
3.075,0.6041969260294381 
298.2,0.6041969260294381 
0.045271,0.6041969260294381 
3.1061,0.6041969260294381 
296.9,0.6041969260294381 
0.045107999999999995,0.6041969260294381 
3.028,0.6041969260294381 
304.6,0.6041969260294381 
0.045811000000000004,0.6041969260294381 
3.178,0.6041969260294381 
306.2,0.6041969260294381 
0.046938,0.6041969260294381 
3.1348,0.6041969260294381 
305.2,0.6041969260294381 
0.046566,0.6041969260294381 
3.1075,0.6041969260294381 
304.5,0.6041969260294381 
0.046274,0.6041969260294381 
3.2361,0.6041969260294381 
305.2,0.6041969260294381 
0.046495999999999996,0.6034994135916272 
3.4297,0.6028019011538163 
305.4,0.6021043887160052 
0.046654,0.6013451488488556 
3.42,0.5984410373667903 
304.3,0.5975795458789428 
0.046647,0.5961146613118147 
3.4452,0.6014728614351087 
303.0,0.6013415699223491 
0.046231,0.600638936336372 
3.4566,0.5963315901165688 
303.2,0.599220003397279 
0.0467,0.6031547514787512 
3.422,0.6086746214333515 
306.8,0.6087402671897312 
0.047387,0.6093151492146216 
3.5182,0.6072307631752798 
307.7,0.6065743056114821 
0.047242,0.6057226285375703 
3.4921,0.6017443959029263 
305.0,0.5993155029168746 
0.046485000000000005,0.5950273088497291 
3.2335,0.5823708706274656 
300.7,0.5811875402229637 
0.045995,0.5819172145560376 
3.2069,0.5853568441476846 
302.1,0.5853568441476846 
0.046408,0.5853568441476846 
3.2426,0.5853568441476846 
307.6,0.5853568441476846 
0.047156,0.5853568441476846 
3.3398,0.5853568441476846 
306.2,0.5853568441476846 
0.047268,0.5853568441476846 
3.2976,0.5853568441476846 
309.2,0.5853568441476846 
0.047864,0.5853568441476846 
3.3109,0.5853568441476846 
308.1,0.5853568441476846 
0.047999,0.5853568441476846 
3.2736,0.5853568441476846 
316.2,0.5853568441476846 
0.048842,0.5853568441476846 
3.3862,0.5853568441476846 
323.7,0.5853568441476846 
0.050020999999999996,0.5853568441476846 
3.3916,0.5853568441476846 
319.0,0.5846593317098737 
0.048868,0.5839618192720627 
3.2884,0.5839618192720627 
322.8,0.5843474954773394 
0.050881,0.5852223706369493 
3.287,0.5852223706369493 
326.3,0.5852223706369493 
0.051884000000000007,0.5852223706369493 
3.3341,0.5852223706369493 
321.2,0.5852223706369493 
0.050912,0.5852223706369493 
3.2634,0.5852223706369493 
327.4,0.5852223706369493 
0.055537,0.5852223706369493 
3.3417,0.5852223706369493 
327.1,0.5852223706369493 
0.052901,0.5852223706369493 
3.3107,0.5852223706369493 
323.4,0.5852223706369493 
0.053072,0.5852223706369493 
3.27,0.5852223706369493 
309.1,0.5852223706369493 
0.049675,0.5852223706369493 
3.0855,0.5852223706369493 
309.6,0.5852223706369493 
0.051093,0.5852223706369493 
3.0801,0.5845248581991384 
309.8,0.5838273457613273 
0.050193,0.5831298333235164 
3.0708,0.5802578080128309 
311.5,0.5814534419040007 
0.051398,0.5855741391251863 
2.9473,0.5881931595748455 
321.3,0.591626228738922 
0.054159000000000006,0.5914125484358252 
3.1089,0.5945136771274615 
323.5,0.5944501017725713 
0.052335,0.5910998298643856 
3.1348,0.5947742764654 
319.0,0.59267628975402 
0.051025,0.592688051972539 
3.2043,0.5969553614116605 
317.4,0.596446758572538 
0.051815,0.5975661297016042 
3.2074,0.5931945806425959 
318.1,0.5933217313523764 
0.051229,0.592480732728262 
3.1827,0.5909366833586867 
316.6,0.5880122170337327 
0.050696,0.5876946371337175 
3.14,0.5833062924659549 
313.1,0.5828451168415807 
0.051158999999999996,0.5837895759397891 
3.0841,0.5837895759397891 
315.5,0.5837895759397891 
0.052506,0.5837895759397891 
3.1899,0.5837895759397891 
315.9,0.5837895759397891 
0.052528,0.5837895759397891 
3.25,0.5837895759397891 
315.4,0.5837895759397891 
0.05281,0.5837895759397891 
3.15,0.5837895759397891 
312.6,0.5837895759397891 
0.051895000000000004,0.5837895759397891 
3.0995,0.5837895759397891 
313.5,0.5837895759397891 
0.052063,0.5837895759397891 
3.12,0.5837895759397891 
311.0,0.5837895759397891 
0.051704999999999994,0.5837895759397891 
3.0808,0.5837895759397891 
311.8,0.5837895759397891 
0.051817999999999996,0.5830920635019782 
3.0433,0.5823945510641673 
304.0,0.5816970386263564 
0.049826,0.5785672475429162 
2.8939,0.5790219529427868 
307.7,0.5798682285975519 
0.04945,0.5785979043112521 
2.9391,0.5801047597687526 
306.6,0.579518876623146 
0.0487,0.5800501757743344 
2.8952,0.578254334338683 
306.0,0.5772453133656938 
0.048969,0.575016253768979 
2.8746,0.5690301156501412 
303.9,0.5700391366231303 
0.047937,0.5715970815025548 
2.8262,0.5725259650037537 
306.7,0.571940081858147 
0.048976,0.5689600129349406 
2.9048,0.5724828896209693 
304.5,0.5723852424300349 
0.048087,0.5722374374030125 
2.867,0.5669600029924968 
306.8,0.5673180426925898 
0.048179,0.5678190298290471 
2.775,0.5667256307388581 
304.7,0.5650324935461822 
0.048494999999999996,0.5650324935461822 
2.7922,0.5650324935461822 
303.9,0.5650324935461822 
0.048780000000000004,0.5650324935461822 
2.7508,0.5650324935461822 
303.5,0.5650324935461822 
0.048351,0.5650324935461822 
2.7314,0.5650324935461822 
291.6,0.5650324935461822 
0.046189999999999995,0.5650324935461822 
2.5606,0.5650324935461822 
291.3,0.5650324935461822 
0.046442000000000004,0.5650324935461822 
2.5486,0.5650324935461822 
289.4,0.5650324935461822 
0.045734,0.5650324935461822 
2.5901,0.5650324935461822 
289.9,0.5650324935461822 
0.045794999999999995,0.5650324935461822 
2.5694,0.5650324935461822 
282.0,0.5650324935461822 
0.044517,0.5643349811083713 
2.4711,0.5636374686705604 
223.9,0.5629399562327494 
0.037579,0.5574140971997135 
2.1755,0.5548434632048277 
219.4,0.556309348066235 
0.037586,0.5583973777930714 
2.2937,0.5689416397280667 
230.1,0.5670315473328996 
0.038595,0.5626527665465242 
2.3257,0.5480530192519153 
222.0,0.5468092381573879 
0.03696,0.5403626997774463 
2.1994,0.542055424101459 
218.5,0.5424107901284667 
0.036993,0.5460547060837954 
2.2139,0.5433569266924002 
220.0,0.5445562870335516 
0.037837,0.55015646384946 
2.1674,0.5566452404248419 
226.4,0.558510912066633 
0.038717,0.5625856108539544 
2.363,0.5736588491402037 
227.3,0.5715944390478085 
0.038967,0.5671910681637763 
2.2962,0.5571372907342087 
223.2,0.5571372907342087 
0.038344,0.5571372907342087 
2.2702,0.5571372907342087 
223.2,0.5571372907342087 
0.038555,0.5571372907342087 
2.3269,0.5571372907342087 
223.9,0.5571372907342087 
0.039264999999999994,0.5571372907342087 
2.3,0.5571372907342087 
208.5,0.5571372907342087 
0.036179,0.5571372907342087 
2.1055,0.5571372907342087 
216.0,0.5571372907342087 
0.037683,0.5571372907342087 
2.24,0.5571372907342087 
214.2,0.5571372907342087 
0.037857,0.5571372907342087 
2.2286,0.5571372907342087 
213.3,0.5571372907342087 
0.037573,0.5571372907342087 
2.2411,0.5571372907342087 
218.1,0.5564397782963978 
0.03865,0.5557422658585868 
2.239,0.5557422658585868 
213.1,0.5540162269014619 
0.038316,0.5505957418956526 
2.2049,0.5505957418956526 
212.2,0.5505957418956526 
0.03776,0.5505957418956526 
2.1975,0.5505957418956526 
217.0,0.5505957418956526 
0.03834,0.5505957418956526 
2.227,0.5505957418956526 
220.7,0.5505957418956526 
0.039310000000000005,0.5505957418956526 
2.2721,0.5505957418956526 
220.7,0.5505957418956526 
0.039481999999999996,0.5505957418956526 
2.2836,0.5505957418956526 
222.2,0.5505957418956526 
0.039271,0.5505957418956526 
2.2823,0.5505957418956526 
219.9,0.5505957418956526 
0.03879,0.5505957418956526 
2.25,0.5505957418956526 
218.8,0.5505957418956526 
0.03845,0.5505957418956526 
2.2342,0.5498982294578417 
226.9,0.5492007170200307 
0.038679000000000005,0.5485032045822198 
2.26,0.5484764260177271 
227.3,0.5465099724456578 
0.038723,0.5462337845764743 
2.2866,0.5434542804117559 
223.0,0.540988084887603 
0.038169,0.5394161371087923 
2.2155,0.5359593487014052 
221.7,0.5357831918782514 
0.037456,0.5349778590260528 
2.1961,0.5343973296751939 
220.8,0.5290245465690036 
0.037472000000000005,0.5270550947541719 
2.1524,0.5254806287874485 
216.5,0.525832942433756 
0.03677,0.5266434376760328 
2.173,0.5272767424224244 
214.4,0.5293906243002697 
0.036969999999999996,0.5298216838717991 
2.18,0.5315896596221421 
218.3,0.5307088755063731 
0.037458,0.5296867222708903 
2.2035,0.53241565001489 
216.6,0.5294838720071415 
0.03683,0.5280108098102787 
2.2412,0.5280108098102787 
214.9,0.5280108098102787 
0.036998,0.5280108098102787 
2.188,0.5280108098102787 
224.9,0.5280108098102787 
0.038751999999999995,0.5280108098102787 
2.36,0.5280108098102787 
227.7,0.5280108098102787 
0.038968,0.5280108098102787 
2.48,0.5280108098102787 
226.7,0.5280108098102787 
0.039083,0.5280108098102787 
2.53,0.5280108098102787 
227.6,0.5280108098102787 
0.038932999999999995,0.5280108098102787 
2.6629,0.5280108098102787 
230.8,0.5280108098102787 
0.039302,0.5280108098102787 
2.6227,0.5280108098102787 
231.4,0.5280108098102787 
0.039142,0.5273132973724678 
2.5496,0.5266157849346568 
228.9,0.5259182724968459 
0.03934,0.5244912659669873 
2.58,0.5255150862976604 
225.2,0.5242382844661102 
0.038513,0.5228196703051147 
2.5271,0.5197421481123453 
223.1,0.5202264522553471 
0.038486,0.5191180010471141 
2.5047,0.5207583047539202 
223.2,0.5201859453121908 
0.038301999999999996,0.5190164784411191 
2.5546,0.5124865074940247 
222.9,0.5120902586497504 
0.038241000000000004,0.5108902839472595 
2.4627,0.5091484376300323 
223.1,0.5101610735653996 
0.038234,0.5121898443547804 
2.4663,0.5210787282516626 
224.7,0.5208145623554797 
0.038632,0.5224518159749799 
2.5689,0.5184447883483538 
222.4,0.5181365948028072 
0.038952999999999995,0.5200158670489563 
2.4987,0.5256810542598827 
222.9,0.5257922681021756 
0.03912,0.5257922681021756 
2.592,0.5257922681021756 
225.6,0.5257922681021756 
0.039471,0.5257922681021756 
2.62,0.5257922681021756 
224.2,0.5257922681021756 
0.039588,0.5257922681021756 
2.6237,0.5257922681021756 
222.9,0.5257922681021756 
0.03907,0.5257922681021756 
2.6137,0.5257922681021756 
222.5,0.5257922681021756 
0.0384,0.5257922681021756 
2.56,0.5257922681021756 
218.7,0.5257922681021756 
0.037817,0.5257922681021756 
2.53,0.5257922681021756 
219.3,0.5257922681021756 
0.03793,0.5257922681021756 
2.5402,0.5257922681021756 
222.3,0.5250947556643647 
0.038273,0.5243972432265537 
2.5985,0.5236997307887428 
219.3,0.5229119257124906 
0.03784,0.5215091495427491 
2.5122,0.5218218264129724 
222.6,0.5234478319918765 
0.038380000000000004,0.5271630244193124 
2.5451,0.5284414374456683 
222.1,0.5290737729485755 
0.038698,0.5353411868027911 
2.5578,0.5352422384261382 
222.1,0.5363262421454076 
0.03947,0.5382996092279692 
2.5812,0.5406387488520444 
223.9,0.5400064133491372 
0.040038,0.5387013599185365 
2.6177,0.5377079182169411 
221.9,0.5363529135678543 
0.039527,0.5344532188563751 
2.57,0.5345561251680941 
222.2,0.534736792454639 
0.039624,0.535568237785425 
2.594,0.5361896335908054 
221.6,0.5338955203862583 
0.039464,0.5330806197650926 
2.6699,0.533735594691574 
220.2,0.533735594691574 
0.039407,0.533735594691574 
2.6631,0.533735594691574 
222.8,0.533735594691574 
0.039479,0.533735594691574 
2.6382,0.533735594691574 
222.3,0.533735594691574 
0.039637,0.533735594691574 
2.7354,0.533735594691574 
223.2,0.533735594691574 
0.039721,0.533735594691574 
2.78,0.533735594691574 
221.8,0.533735594691574 
0.039923,0.533735594691574 
2.7209,0.533735594691574 
220.0,0.533735594691574 
0.039361,0.533735594691574 
2.6856,0.533735594691574 
221.4,0.533735594691574 
0.039455000000000004,0.533735594691574 
2.6318,0.533735594691574 
222.5,0.533038082253763 
0.039519,0.532340569815952 
2.6782,0.532340569815952 
219.5,0.5332343129298188 
0.038419999999999996,0.5335810304916584 
2.6087,0.5335810304916584 
220.5,0.5335810304916584 
0.038879000000000004,0.5335810304916584 
2.6362,0.5335810304916584 
223.9,0.5335810304916584 
0.0389,0.5335810304916584 
2.6067,0.5335810304916584 
223.5,0.5335810304916584 
0.038928,0.5335810304916584 
2.6143,0.5335810304916584 
227.8,0.5335810304916584 
0.0403,0.5335810304916584 
2.6962,0.5335810304916584 
234.4,0.5335810304916584 
0.041319999999999996,0.5335810304916584 
2.78,0.5335810304916584 
234.2,0.5335810304916584 
0.041177,0.5335810304916584 
2.8858,0.5335810304916584 
232.9,0.5335810304916584 
0.041681,0.5335810304916584 
2.9,0.5328835180538475 
235.7,0.5321860056160365 
0.041645,0.5314884931782256 
2.9897,0.5281902507672638 
233.8,0.5269411253920078 
0.041249,0.5252542341037169 
2.9551,0.5212045251548848 
233.2,0.5189068232770773 
0.040681,0.5196924326484813 
2.9259,0.5231844767584579 
229.3,0.522418576132522 
0.040648000000000004,0.5229872994811458 
2.93,0.5213143049645791 
229.3,0.520888804616837 
0.041145999999999995,0.519965834097672 
2.8741,0.5157036814007045 
231.8,0.5167248822352857 
0.041234,0.5173490320119533 
2.9068,0.5170901161939132 
228.5,0.5176858166807522 
0.040958,0.5187798861734437 
2.85,0.5245888949115225 
231.7,0.5261206961633943 
0.0421,0.5286697093922367 
3.0081,0.5310284059391134 
232.2,0.5350485332245811 
0.042975,0.5350485332245811 
2.9845,0.5350485332245811 
238.0,0.5350485332245811 
0.042518,0.5350485332245811 
2.8793,0.5350485332245811 
237.8,0.5350485332245811 
0.042407,0.5350485332245811 
2.8993,0.5350485332245811 
239.4,0.5350485332245811 
0.042741,0.5350485332245811 
2.9032,0.5350485332245811 
237.1,0.5350485332245811 
0.041794,0.5350485332245811 
2.9305,0.5350485332245811 
237.5,0.5350485332245811 
0.041782,0.5350485332245811 
2.9563,0.5350485332245811 
231.9,0.5350485332245811 
0.04116,0.5350485332245811 
2.828,0.5350485332245811 
231.7,0.5350485332245811 
0.041260000000000005,0.5343510207867702 
2.814,0.5336535083489592 
231.1,0.5329559959111483 
0.041862,0.5335297647704977 
2.867,0.5349167769806893 
230.5,0.5337132911700019 
0.041654000000000004,0.5318915083467778 
2.8896,0.5324300222925391 
232.1,0.5324730039286351 
0.041624,0.5329380379650895 
2.8797,0.5297069542905221 
224.7,0.5273859459413393 
0.040625,0.5231862571172754 
2.767,0.5177731429092337 
222.1,0.5178161245453297 
0.040772,0.5192495799772876 
2.7887,0.5241311739271753 
223.9,0.5232285595691598 
0.041007,0.5208410652376714 
2.85,0.5212886612445379 
220.6,0.520987789791866 
0.040436,0.5203837249610075 
2.845,0.5206215103396554 
220.5,0.5212897028544035 
0.040094,0.5215062361254396 
2.8065,0.5200482201078224 
223.2,0.5200482201078224 
0.0404,0.5200482201078224 
2.8273,0.5200482201078224 
224.1,0.5200482201078224 
0.040867,0.5200482201078224 
2.8236,0.5200482201078224 
224.0,0.5200482201078224 
0.040388,0.5200482201078224 
2.796,0.5200482201078224 
225.0,0.5200482201078224 
0.040802,0.5200482201078224 
2.8334,0.5200482201078224 
224.4,0.5200482201078224 
0.040473,0.5200482201078224 
2.8156,0.5200482201078224 
223.9,0.5200482201078224 
0.040477,0.5200482201078224 
2.8309,0.5200482201078224 
226.1,0.5200482201078224 
0.040636,0.5200482201078224 
2.8571,0.5200482201078224 
225.8,0.5193507076700115 
0.040798,0.5186531952322005 
2.8508,0.5179556827943895 
226.6,0.5176096140212574 
0.041339,0.5176301557871099 
2.8681,0.5185158001029383 
226.9,0.5173756182092921 
0.041587,0.5175297961201429 
2.8776,0.5175855847384628 
225.7,0.5149543957531255 
0.041293,0.511485392758983 
2.8652,0.5105439598248347 
223.3,0.5122980858150595 
0.041125999999999996,0.515261192539223 
2.866,0.5171928734485496 
225.3,0.518069936443662 
0.041561,0.5192985416707542 
2.97,0.5224366514512486 
226.1,0.5227874766492936 
0.041804,0.5234330966509811 
2.9983,0.5247545895474338 
225.4,0.5236144076537876 
0.041602,0.521576368394729 
3.0199,0.5202479019209862 
224.8,0.52195378944648 
0.0413,0.5221323852839618 
2.9615,0.5224765452703772 
228.0,0.5224765452703772 
0.041513999999999995,0.5224765452703772 
3.007,0.5224765452703772 
227.9,0.5224765452703772 
0.041522,0.5224765452703772 
3.09,0.5224765452703772 
225.7,0.5224765452703772 
0.041460000000000004,0.5224765452703772 
3.0819,0.5224765452703772 
223.2,0.5224765452703772 
0.041124,0.5224765452703772 
3.0404,0.5224765452703772 
225.6,0.5224765452703772 
0.0413,0.5224765452703772 
3.0601,0.5224765452703772 
225.9,0.5224765452703772 
0.041095,0.5224765452703772 
3.0181,0.5224765452703772 
221.4,0.5217790328325663 
0.039416,0.5217790328325663 
2.9353,0.5217790328325663 
221.7,0.5223872091455715 
0.039623,0.5216896967077604 
2.9186,0.5216896967077604 
224.5,0.520128364994518 
0.039543,0.5191909134420819 
2.9122,0.5191909134420819 
221.8,0.5191909134420819 
0.039169999999999996,0.5191909134420819 
2.8357,0.5191909134420819 
221.2,0.5191909134420819 
0.038551,0.5191909134420819 
2.7856,0.5191909134420819 
215.6,0.5191909134420819 
0.037771,0.5191909134420819 
2.7674,0.5191909134420819 
214.7,0.5191909134420819 
0.038147,0.5191909134420819 
2.7727,0.5191909134420819 
217.2,0.5191909134420819 
0.038593,0.5191909134420819 
2.8315,0.5191909134420819 
214.9,0.5191909134420819 
0.03815,0.5191909134420819 
2.7728,0.5191909134420819 
215.9,0.5191909134420819 
0.03814,0.5191909134420819 
2.7884,0.518493401004271 
218.0,0.51779588856646 
0.039222,0.5170983761286491 
2.8369,0.518182955909199 
219.2,0.517621997662919 
0.039319,0.5177312210301663 
2.9012,0.5194767722182734 
218.0,0.5194767722182734 
0.03921,0.5191033807069865 
2.9348,0.5199935422690491 
220.5,0.5201754897604295 
0.039226,0.5208155894940643 
2.911,0.5193621225685089 
218.4,0.5164509627064215 
0.039024,0.5143833389636492 
2.8927,0.5052870005013224 
214.3,0.5017390244194034 
0.038191,0.4999457291339031 
2.7836,0.49579395997334563 
213.3,0.4967946711759381 
0.037842,0.49685817313364 
2.7794,0.5009960335197903 
213.2,0.5014509022482414 
0.0376,0.5014894250758616 
2.7779,0.5009301949832702 
214.0,0.4990888863705 
0.038163,0.4990888863705 
2.7779,0.4990888863705 
212.2,0.4990888863705 
0.038049,0.4990888863705 
2.7398,0.4990888863705 
214.5,0.4990888863705 
0.038058,0.4990888863705 
2.7156,0.4990888863705 
214.0,0.4990888863705 
0.037966,0.4990888863705 
2.7562,0.4990888863705 
213.3,0.4990888863705 
0.0384,0.4990888863705 
2.7624,0.4990888863705 
214.3,0.4990888863705 
0.039126999999999995,0.4990888863705 
2.7844,0.4990888863705 
214.0,0.4990888863705 
0.039033,0.4990888863705 
2.7658,0.4990888863705 
213.0,0.4990888863705 
0.039027,0.49839137393268906 
2.7425,0.49769386149487804 
211.7,0.49699634905706713 
0.038399,0.4965682453486948 
2.6949,0.49732673826009993 
212.7,0.4975608617602462 
0.038518000000000004,0.4966347261063495 
2.7123,0.49703606458859784 
212.9,0.4993772995900611 
0.038465,0.5004017401457681 
2.7277,0.5009687688271098 
220.3,0.5036846014288072 
0.038868,0.5067630970381288 
2.78,0.5084862751086996 
225.7,0.5091418209091093 
0.039251,0.5099851734877974 
2.91,0.5139801482881591 
224.6,0.5136523753879543 
0.0395,0.5127365876184585 
2.8948,0.5126113994680325 
224.7,0.5127986982681495 
0.03893,0.5109878184979604 
2.8801,0.5099089912016415 
224.2,0.5126248238033388 
0.038646,0.5137469483877921 
2.8872,0.5146305042614729 
232.1,0.5143209929942795 
0.039225,0.5143209929942795 
2.895,0.5143209929942795 
229.7,0.5143209929942795 
0.0387,0.5143209929942795 
2.8887,0.5143209929942795 
234.5,0.5143209929942795 
0.038819,0.5143209929942795 
2.9529,0.5143209929942795 
232.7,0.5143209929942795 
0.039275,0.5143209929942795 
2.9818,0.5143209929942795 
