0,1
1573300800000,998.2562189054727 
1573315200000,998.1070289577754 
1573329600000,996.7372508823245 
1573344000000,994.7763146201845 
1573358400000,995.6167158753873 
1573372800000,996.4571171305903 
1573387200000,992.2551108545757 
1573401600000,1004.0207284274164 
1573416000000,1003.7405946756821 
1573430400000,993.3756458615129 
1573444800000,975.4470857505174 
1573459200000,978.2484232678605 
1573473600000,959.4794619016623 
1573488000000,974.3265507435802 
1573502400000,971.8053469779715 
1573516800000,974.046416991846 
1573531200000,976.2874870057203 
1573545600000,972.8748976420931 
1573560000000,972.8748976420931 
1573574400000,972.8748976420931 
1573588800000,972.8748976420931 
1573603200000,972.8748976420931 
1573617600000,972.8748976420931 
1573632000000,972.8748976420931 
1573646400000,972.8748976420931 
1573660800000,972.8748976420931 
1573675200000,972.8748976420931 
1573689600000,972.8748976420931 
1573704000000,972.8748976420931 
1573718400000,972.8748976420931 
1573732800000,972.8748976420931 
1573747200000,972.8748976420931 
1573761600000,972.8748976420931 
1573776000000,972.8748976420931 
1573790400000,972.8748976420931 
1573804800000,972.8748976420931 
1573819200000,972.8748976420931 
1573833600000,972.8748976420931 
1573848000000,972.8748976420931 
1573862400000,972.8748976420931 
1573876800000,972.8748976420931 
1573891200000,972.8748976420931 
1573905600000,971.1311165475657 
1573920000000,968.9029970205901 
1573934400000,967.9349133109687 
1573948800000,968.5165728479137 
1573963200000,968.5165728479137 
1573977600000,968.5165728479137 
1573992000000,968.5165728479137 
1574006400000,975.4964872912533 
1574020800000,970.8432109956935 
1574035200000,968.5165728479137 
1574049600000,975.787317059726 
1574064000000,965.8991049316613 
1574078400000,958.0467011829043 
1574092800000,944.9593616016422 
1574107200000,947.867659286367 
1574121600000,943.2143829908073 
1574136000000,933.9078303996877 
1574150400000,921.1113205868983 
1574164800000,930.1270434095453 
1574179200000,930.9995327149628 
1574193600000,932.4536815573252 
1574208000000,937.1069578528851 
1574222400000,933.9078303996877 
1574236800000,922.6143288303641 
1574251200000,922.6143288303641 
1574265600000,922.6143288303641 
1574280000000,922.6143288303641 
1574294400000,922.6143288303641 
1574308800000,922.6143288303641 
1574323200000,922.6143288303641 
1574337600000,922.6143288303641 
1574352000000,922.6143288303641 
1574366400000,922.6143288303641 
1574380800000,922.6143288303641 
1574395200000,922.6143288303641 
1574409600000,922.6143288303641 
1574424000000,922.6143288303641 
1574438400000,922.6143288303641 
1574452800000,922.6143288303641 
1574467200000,922.6143288303641 
1574481600000,922.6143288303641 
1574496000000,922.6143288303641 
1574510400000,922.6143288303641 
1574524800000,922.6143288303641 
1574539200000,920.8705477358368 
1574553600000,917.270376947985 
1574568000000,916.6912012296739 
1574582400000,916.6912012296739 
1574596800000,916.6912012296739 
1574611200000,887.6790678920541 
1574625600000,894.320399619943 
1574640000000,902.0103626732881 
1574654400000,864.6091787320194 
1574668800000,885.23226146599 
1574683200000,902.35990644844 
1574697600000,914.9434823539136 
1574712000000,915.2930261290658 
1574726400000,914.9434823539136 
1574740800000,930.3234084606037 
1574755200000,930.3234084606037 
1574769600000,930.3234084606037 
1574784000000,916.6912012296739 
1574798400000,916.3416574545219 
1574812800000,918.0893763302821 
1574827200000,915.2930261290658 
1574841600000,914.9434823539136 
1574856000000,899.2140124720718 
1574870400000,918.0893763302821 
1574884800000,909.0012381763289 
1574899200000,920.1866389811943 
1574913600000,924.730708058171 
1574928000000,923.6820767327148 
1574942400000,921.2352703066505 
1574956800000,923.3325329575628 
1574971200000,903.7580815490483 
1574985600000,911.4480446023932 
1575000000000,911.0985008272412 
1575014400000,913.5453072533055 
1575028800000,922.6334454072586 
1575043200000,927.8766020345392 
1575057600000,936.9647401884924 
1575072000000,933.1197586618199 
1575086400000,926.1288831587792 
1575100800000,910.7489570520892 
1575115200000,901.660818898136 
1575129600000,901.660818898136 
1575144000000,906.9039755254166 
1575158400000,891.1745056435748 
1575172800000,891.8735931938787 
1575187200000,891.8735931938787 
1575201600000,892.9222245193349 
1575216000000,892.9222245193349 
1575230400000,891.8735931938787 
1575244800000,901.660818898136 
1575259200000,902.0103626732881 
1575273600000,903.7580815490483 
1575288000000,904.4571690993523 
1575302400000,906.5544317502646 
1575316800000,909.0012381763289 
1575331200000,908.651694401177 
1575345600000,904.8067128745045 
1575360000000,905.5058004248085 
1575374400000,905.5058004248085 
1575388800000,905.1562566496564 
1575403200000,885.23226146599 
1575417600000,874.3964044362765 
1575432000000,871.6000542350602 
1575446400000,871.6000542350602 
1575460800000,884.8827176908378 
1575475200000,881.0377361641654 
1575489600000,871.9495980102123 
1575504000000,871.9495980102123 
1575518400000,873.3477731108204 
1575532800000,873.3477731108204 
1575547200000,873.3477731108204 
1575561600000,873.6973168859726 
1575576000000,873.6973168859726 
1575590400000,884.5331739156859 
1575604800000,881.7368237144696 
1575619200000,881.3872799393174 
1575633600000,878.5909297381011 
1575648000000,881.7368237144696 
1575662400000,894.6699433950951 
1575676800000,904.4571690993523 
1575691200000,893.9708558447911 
1575705600000,897.1167498211594 
1575720000000,891.8735931938787 
1575734400000,889.4267867678144 
1575748800000,888.7276992175105 
1575763200000,886.6304365665981 
1575777600000,888.3781554423583 
1575792000000,888.3781554423583 
1575806400000,891.8735931938787 
1575820800000,894.320399619943 
1575835200000,896.0681184957033 
1575849600000,893.621312069639 
1575864000000,898.1653811466156 
1575878400000,891.5240494187267 
1575892800000,905.5058004248085 
1575907200000,891.5240494187267 
1575921600000,900.2626437975279 
1575936000000,904.8067128745045 
1575950400000,905.1562566496564 
1575964800000,907.2535193005688 
1575979200000,921.2352703066505 
1575993600000,870.9009666847561 
1576008000000,865.3082662823234 
1576022400000,860.0651096550428 
1576036800000,860.4146534301948 
1576051200000,868.8037040338438 
1576065600000,871.2505104599082 
1576080000000,871.9495980102123 
1576094400000,880.6881923890135 
1576108800000,859.7155658798906 
1576123200000,859.7155658798906 
1576137600000,845.0347273235049 
1576152000000,845.733814873809 
1576166400000,849.2292526253293 
1576180800000,849.9283401756335 
1576195200000,848.5301650750254 
1576209600000,840.1411144713762 
1576224000000,841.5392895719845 
1576238400000,846.4329024241131 
1576252800000,839.4420269210722 
1576267200000,847.8310775247212 
1576281600000,848.5301650750254 
1576296000000,843.2870084477446 
1576310400000,849.9283401756335 
1576324800000,843.2870084477446 
1576339200000,830.004344991967 
1576353600000,833.1502389683354 
1576368000000,834.8979578440957 
1576382400000,838.393395595616 
1576396800000,834.8979578440957 
1576411200000,824.4116445895344 
1576425600000,830.004344991967 
1576440000000,833.1502389683354 
1576454400000,832.4511514180314 
1576468800000,827.9070823410548 
1576483200000,826.5089072404465 
1576497600000,828.9557136665109 
1576512000000,806.9344558319322 
1576526400000,804.1381056307158 
1576540800000,776.1746036185523 
1576555200000,800.6426678791953 
1576569600000,776.8736911688563 
1576584000000,749.9588204821489 
1576598400000,732.8311754996988 
1576612800000,725.079692741927 
1576627200000,725.079692741927 
1576641600000,725.079692741927 
1576656000000,725.079692741927 
1576670400000,725.079692741927 
1576684800000,725.079692741927 
1576699200000,725.079692741927 
1576713600000,725.079692741927 
1576728000000,725.079692741927 
1576742400000,725.079692741927 
1576756800000,725.079692741927 
1576771200000,725.079692741927 
1576785600000,725.079692741927 
1576800000000,725.079692741927 
1576814400000,725.079692741927 
1576828800000,725.079692741927 
1576843200000,725.079692741927 
1576857600000,725.079692741927 
1576872000000,725.079692741927 
1576886400000,725.079692741927 
1576900800000,725.079692741927 
1576915200000,725.079692741927 
1576929600000,725.079692741927 
1576944000000,725.079692741927 
1576958400000,725.079692741927 
1576972800000,725.079692741927 
1576987200000,725.079692741927 
1577001600000,725.079692741927 
1577016000000,725.079692741927 
1577030400000,725.079692741927 
1577044800000,725.079692741927 
1577059200000,725.079692741927 
1577073600000,725.079692741927 
1577088000000,725.079692741927 
1577102400000,725.079692741927 
1577116800000,725.079692741927 
1577131200000,725.079692741927 
1577145600000,725.079692741927 
1577160000000,725.079692741927 
1577174400000,725.079692741927 
1577188800000,725.079692741927 
1577203200000,723.3359116473997 
1577217600000,717.9618050231604 
1577232000000,714.1455878001245 
1577246400000,715.7356783097229 
1577260800000,715.7356783097229 
1577275200000,711.6014429847673 
1577289600000,706.195135252133 
1577304000000,721.4600041442768 
1577318400000,718.9158593289194 
1577332800000,725.912257571152 
1577347200000,725.912257571152 
1577361600000,724.6401851634735 
1577376000000,738.3149635460188 
1577390400000,730.0464928961076 
1577404800000,732.9086558133846 
1577419200000,734.4987463229829 
1577433600000,722.4140584500358 
1577448000000,730.6825290999469 
1577462400000,733.2266739153042 
1577476800000,733.2266739153042 
1577491200000,736.0888368325813 
1577505600000,733.7952902815366 
1577520000000,733.7952902815366 
1577534400000,733.7952902815366 
1577548800000,733.7952902815366 
1577563200000,733.7952902815366 
1577577600000,733.7952902815366 
1577592000000,733.7952902815366 
1577606400000,733.7952902815366 
1577620800000,733.7952902815366 
1577635200000,733.7952902815366 
1577649600000,733.7952902815366 
1577664000000,733.7952902815366 
1577678400000,733.7952902815366 
1577692800000,733.7952902815366 
1577707200000,733.7952902815366 
1577721600000,733.7952902815366 
1577736000000,733.7952902815366 
1577750400000,733.7952902815366 
1577764800000,733.7952902815366 
1577779200000,733.7952902815366 
1577793600000,733.7952902815366 
1577808000000,733.7952902815366 
1577822400000,733.7952902815366 
1577836800000,733.7952902815366 
1577851200000,733.7952902815366 
1577865600000,733.7952902815366 
1577880000000,733.7952902815366 
1577894400000,733.7952902815366 
1577908800000,732.0515091870093 
1577923200000,729.9981372786606 
1577937600000,720.7046261198358 
1577952000000,721.0144098251299 
1577966400000,721.0144098251299 
1577980800000,721.9437609410124 
1577995200000,721.6339772357182 
1578009600000,720.3948424145417 
1578024000000,729.6883535733664 
1578038400000,742.0797017851327 
1578052800000,743.0090529010151 
1578067200000,748.5851595963101 
1578081600000,747.9655921857217 
1578096000000,742.699269195721 
1578110400000,744.557971427486 
1578124800000,754.471049996899 
1578139200000,761.9058589239588 
1578153600000,760.6667241027822 
1578168000000,771.1993700827836 
1578182400000,765.6232633874887 
1578196800000,765.3134796821945 
1578211200000,762.5254263345472 
1578225600000,770.5798026721952 
1578240000000,766.8623982086654 
1578254400000,768.101533029842 
1578268800000,781.732016062785 
1578283200000,795.3624990957279 
1578297600000,800.9386057910227 
1578312000000,793.8135805692572 
1578326400000,794.1233642745512 
1578340800000,798.1505524433753 
1578355200000,815.8082236451423 
1578369600000,818.2864932874955 
1578384000000,829.7484903833795 
1578398400000,824.4821673933787 
1578412800000,825.7213022145554 
1578427200000,816.8063467436001 
1578441600000,816.8063467436001 
1578456000000,816.8063467436001 
1578470400000,816.8063467436001 
1578484800000,816.8063467436001 
1578499200000,816.8063467436001 
1578513600000,816.8063467436001 
1578528000000,816.8063467436001 
1578542400000,816.8063467436001 
1578556800000,816.8063467436001 
1578571200000,816.8063467436001 
1578585600000,816.8063467436001 
1578600000000,816.8063467436001 
1578614400000,816.8063467436001 
1578628800000,816.8063467436001 
1578643200000,816.8063467436001 
1578657600000,816.8063467436001 
1578672000000,816.8063467436001 
1578686400000,816.8063467436001 
1578700800000,816.8063467436001 
1578715200000,816.8063467436001 
1578729600000,816.8063467436001 
1578744000000,816.8063467436001 
1578758400000,816.8063467436001 
1578772800000,816.8063467436001 
1578787200000,816.8063467436001 
1578801600000,816.8063467436001 
1578816000000,816.8063467436001 
1578830400000,816.8063467436001 
1578844800000,816.8063467436001 
1578859200000,816.8063467436001 
1578873600000,816.8063467436001 
1578888000000,816.8063467436001 
1578902400000,816.8063467436001 
1578916800000,816.8063467436001 
1578931200000,816.8063467436001 
1578945600000,816.8063467436001 
1578960000000,816.8063467436001 
1578974400000,816.8063467436001 
1578988800000,816.8063467436001 
1579003200000,816.8063467436001 
1579017600000,816.8063467436001 
1579032000000,816.8063467436001 
1579046400000,816.8063467436001 
1579060800000,816.8063467436001 
1579075200000,816.8063467436001 
1579089600000,816.8063467436001 
1579104000000,816.8063467436001 
1579118400000,816.8063467436001 
1579132800000,816.8063467436001 
1579147200000,816.8063467436001 
1579161600000,816.8063467436001 
1579176000000,816.8063467436001 
1579190400000,816.8063467436001 
1579204800000,816.8063467436001 
1579219200000,816.8063467436001 
1579233600000,816.8063467436001 
1579248000000,816.8063467436001 
1579262400000,816.8063467436001 
1579276800000,816.8063467436001 
1579291200000,816.8063467436001 
1579305600000,816.8063467436001 
1579320000000,816.8063467436001 
1579334400000,816.8063467436001 
1579348800000,816.8063467436001 
1579363200000,816.8063467436001 
1579377600000,816.8063467436001 
1579392000000,816.8063467436001 
1579406400000,816.8063467436001 
1579420800000,816.8063467436001 
1579435200000,816.8063467436001 
1579449600000,816.8063467436001 
1579464000000,816.8063467436001 
1579478400000,816.8063467436001 
1579492800000,816.8063467436001 
1579507200000,816.8063467436001 
1579521600000,816.8063467436001 
1579536000000,816.8063467436001 
1579550400000,816.8063467436001 
1579564800000,816.8063467436001 
1579579200000,816.8063467436001 
1579593600000,816.8063467436001 
1579608000000,816.8063467436001 
1579622400000,816.8063467436001 
1579636800000,816.8063467436001 
1579651200000,816.8063467436001 
1579665600000,816.8063467436001 
1579680000000,816.8063467436001 
1579694400000,816.8063467436001 
1579708800000,816.8063467436001 
1579723200000,816.8063467436001 
1579737600000,816.8063467436001 
1579752000000,816.8063467436001 
1579766400000,816.8063467436001 
1579780800000,816.8063467436001 
1579795200000,816.8063467436001 
1579809600000,816.8063467436001 
1579824000000,816.8063467436001 
1579838400000,816.8063467436001 
1579852800000,816.8063467436001 
1579867200000,816.8063467436001 
1579881600000,816.8063467436001 
1579896000000,816.8063467436001 
1579910400000,816.8063467436001 
1579924800000,816.8063467436001 
1579939200000,816.8063467436001 
1579953600000,816.8063467436001 
1579968000000,816.8063467436001 
1579982400000,816.8063467436001 
1579996800000,816.8063467436001 
1580011200000,816.8063467436001 
1580025600000,816.8063467436001 
1580040000000,816.8063467436001 
1580054400000,816.8063467436001 
1580068800000,816.8063467436001 
1580083200000,816.8063467436001 
1580097600000,816.8063467436001 
1580112000000,816.8063467436001 
1580126400000,816.8063467436001 
1580140800000,816.8063467436001 
1580155200000,816.8063467436001 
1580169600000,816.8063467436001 
1580184000000,816.8063467436001 
1580198400000,816.8063467436001 
1580212800000,816.8063467436001 
1580227200000,816.8063467436001 
1580241600000,816.8063467436001 
1580256000000,816.8063467436001 
1580270400000,816.8063467436001 
1580284800000,816.8063467436001 
1580299200000,816.8063467436001 
1580313600000,816.8063467436001 
1580328000000,816.8063467436001 
1580342400000,816.8063467436001 
1580356800000,816.8063467436001 
1580371200000,816.8063467436001 
1580385600000,816.8063467436001 
1580400000000,816.8063467436001 
1580414400000,816.8063467436001 
1580428800000,816.8063467436001 
1580443200000,816.8063467436001 
1580457600000,816.8063467436001 
1580472000000,816.8063467436001 
1580486400000,816.8063467436001 
1580500800000,816.8063467436001 
1580515200000,816.8063467436001 
1580529600000,816.8063467436001 
1580544000000,816.8063467436001 
1580558400000,816.8063467436001 
1580572800000,816.8063467436001 
1580587200000,816.8063467436001 
1580601600000,816.8063467436001 
1580616000000,816.8063467436001 
1580630400000,816.8063467436001 
1580644800000,816.8063467436001 
1580659200000,816.8063467436001 
1580673600000,816.8063467436001 
1580688000000,816.8063467436001 
1580702400000,816.8063467436001 
1580716800000,816.8063467436001 
1580731200000,816.8063467436001 
1580745600000,816.8063467436001 
1580760000000,816.8063467436001 
1580774400000,816.8063467436001 
1580788800000,816.8063467436001 
1580803200000,816.8063467436001 
1580817600000,816.8063467436001 
1580832000000,816.8063467436001 
1580846400000,816.8063467436001 
1580860800000,816.8063467436001 
1580875200000,816.8063467436001 
1580889600000,816.8063467436001 
1580904000000,816.8063467436001 
1580918400000,816.8063467436001 
1580932800000,816.8063467436001 
1580947200000,816.8063467436001 
1580961600000,816.8063467436001 
1580976000000,816.8063467436001 
1580990400000,816.8063467436001 
1581004800000,816.8063467436001 
1581019200000,816.8063467436001 
1581033600000,816.8063467436001 
1581048000000,816.8063467436001 
1581062400000,816.8063467436001 
1581076800000,816.8063467436001 
1581091200000,816.8063467436001 
1581105600000,816.8063467436001 
1581120000000,816.8063467436001 
1581134400000,816.8063467436001 
1581148800000,816.8063467436001 
1581163200000,816.8063467436001 
1581177600000,816.8063467436001 
1581192000000,816.8063467436001 
1581206400000,816.8063467436001 
1581220800000,816.8063467436001 
1581235200000,816.8063467436001 
1581249600000,816.8063467436001 
1581264000000,816.8063467436001 
1581278400000,816.8063467436001 
1581292800000,816.8063467436001 
1581307200000,816.8063467436001 
1581321600000,816.8063467436001 
1581336000000,816.8063467436001 
1581350400000,816.8063467436001 
1581364800000,816.8063467436001 
1581379200000,816.8063467436001 
1581393600000,816.8063467436001 
1581408000000,816.8063467436001 
1581422400000,816.8063467436001 
1581436800000,816.8063467436001 
1581451200000,816.8063467436001 
1581465600000,816.8063467436001 
1581480000000,816.8063467436001 
1581494400000,816.8063467436001 
1581508800000,816.8063467436001 
1581523200000,816.8063467436001 
1581537600000,816.8063467436001 
1581552000000,816.8063467436001 
1581566400000,816.8063467436001 
1581580800000,816.8063467436001 
1581595200000,816.8063467436001 
1581609600000,816.8063467436001 
1581624000000,816.8063467436001 
1581638400000,816.8063467436001 
1581652800000,816.8063467436001 
1581667200000,816.8063467436001 
1581681600000,816.8063467436001 
1581696000000,816.8063467436001 
1581710400000,816.8063467436001 
1581724800000,816.8063467436001 
1581739200000,816.8063467436001 
1581753600000,816.8063467436001 
1581768000000,816.8063467436001 
1581782400000,816.8063467436001 
1581796800000,816.8063467436001 
1581811200000,816.8063467436001 
1581825600000,816.8063467436001 
1581840000000,816.8063467436001 
1581854400000,816.8063467436001 
1581868800000,816.8063467436001 
1581883200000,816.8063467436001 
1581897600000,816.8063467436001 
1581912000000,816.8063467436001 
1581926400000,816.8063467436001 
1581940800000,816.8063467436001 
1581955200000,816.8063467436001 
1581969600000,816.8063467436001 
1581984000000,816.8063467436001 
1581998400000,816.8063467436001 
1582012800000,816.8063467436001 
1582027200000,816.8063467436001 
1582041600000,816.8063467436001 
1582056000000,816.8063467436001 
1582070400000,816.8063467436001 
1582084800000,816.8063467436001 
1582099200000,816.8063467436001 
1582113600000,816.8063467436001 
1582128000000,816.8063467436001 
1582142400000,816.8063467436001 
1582156800000,816.8063467436001 
1582171200000,816.8063467436001 
1582185600000,816.8063467436001 
1582200000000,816.8063467436001 
1582214400000,816.8063467436001 
1582228800000,816.8063467436001 
1582243200000,816.8063467436001 
1582257600000,816.8063467436001 
1582272000000,816.8063467436001 
1582286400000,816.8063467436001 
1582300800000,816.8063467436001 
1582315200000,816.8063467436001 
1582329600000,816.8063467436001 
1582344000000,816.8063467436001 
1582358400000,816.8063467436001 
1582372800000,816.8063467436001 
1582387200000,816.8063467436001 
1582401600000,816.8063467436001 
1582416000000,816.8063467436001 
1582430400000,816.8063467436001 
1582444800000,816.8063467436001 
1582459200000,816.8063467436001 
1582473600000,816.8063467436001 
1582488000000,816.8063467436001 
1582502400000,816.8063467436001 
1582516800000,816.8063467436001 
1582531200000,816.8063467436001 
1582545600000,816.8063467436001 
1582560000000,816.8063467436001 
1582574400000,816.8063467436001 
1582588800000,816.8063467436001 
1582603200000,816.8063467436001 
1582617600000,816.8063467436001 
1582632000000,816.8063467436001 
1582646400000,816.8063467436001 
1582660800000,816.8063467436001 
1582675200000,816.8063467436001 
1582689600000,816.8063467436001 
1582704000000,816.8063467436001 
1582718400000,816.8063467436001 
1582732800000,816.8063467436001 
1582747200000,816.8063467436001 
1582761600000,816.8063467436001 
1582776000000,816.8063467436001 
1582790400000,816.8063467436001 
1582804800000,816.8063467436001 
1582819200000,816.8063467436001 
1582833600000,816.8063467436001 
1582848000000,816.8063467436001 
1582862400000,816.8063467436001 
1582876800000,816.8063467436001 
1582891200000,816.8063467436001 
1582905600000,816.8063467436001 
1582920000000,816.8063467436001 
1582934400000,816.8063467436001 
1582948800000,816.8063467436001 
1582963200000,816.8063467436001 
1582977600000,816.8063467436001 
1582992000000,815.0625656490728 
1583006400000,810.605080348304 
1583020800000,814.318638227358 
1583035200000,807.5094355775055 
1583049600000,807.5094355775055 
1583064000000,801.7216133251311 
1583078400000,785.0390668329928 
1583092800000,782.6558459055445 
1583107200000,782.9963060380371 
1583121600000,792.1887296153378 
1583136000000,817.0423192872988 
1583150400000,821.4683010097028 
1583164800000,830.320264454511 
1583179200000,825.2133624671217 
1583193600000,833.3844056469444 
1583208000000,815.6804787573284 
1583222400000,836.1080867068854 
1583236800000,821.1278408772102 
1583251200000,787.4222877604412 
1583265600000,827.59658339457 
1583280000000,828.6179637920478 
1583294400000,827.091340557951 
1583308800000,827.091340557951 
1583323200000,827.091340557951 
1583337600000,827.091340557951 
1583352000000,827.091340557951 
1583366400000,827.091340557951 
1583380800000,827.091340557951 
1583395200000,827.091340557951 
1583409600000,827.091340557951 
1583424000000,827.091340557951 
1583438400000,827.091340557951 
1583452800000,827.091340557951 
1583467200000,827.091340557951 
1583481600000,827.091340557951 
1583496000000,827.091340557951 
1583510400000,827.091340557951 
1583524800000,827.091340557951 
1583539200000,827.091340557951 
1583553600000,827.091340557951 
1583568000000,827.091340557951 
1583582400000,827.091340557951 
1583596800000,827.091340557951 
1583611200000,827.091340557951 
1583625600000,827.091340557951 
1583640000000,827.091340557951 
1583654400000,827.091340557951 
1583668800000,827.091340557951 
1583683200000,827.091340557951 
1583697600000,827.091340557951 
1583712000000,827.091340557951 
1583726400000,827.091340557951 
1583740800000,827.091340557951 
1583755200000,827.091340557951 
1583769600000,827.091340557951 
1583784000000,827.091340557951 
1583798400000,827.091340557951 
1583812800000,827.091340557951 
1583827200000,827.091340557951 
1583841600000,827.091340557951 
1583856000000,827.091340557951 
1583870400000,827.091340557951 
1583884800000,827.091340557951 
1583899200000,827.091340557951 
1583913600000,827.091340557951 
1583928000000,827.091340557951 
1583942400000,827.091340557951 
1583956800000,827.091340557951 
1583971200000,827.091340557951 
1583985600000,827.091340557951 
1584000000000,827.091340557951 
1584014400000,827.091340557951 
1584028800000,827.091340557951 
1584043200000,827.091340557951 
1584057600000,827.091340557951 
1584072000000,827.091340557951 
1584086400000,827.091340557951 
1584100800000,827.091340557951 
1584115200000,827.091340557951 
1584129600000,827.091340557951 
1584144000000,827.091340557951 
1584158400000,827.091340557951 
1584172800000,827.091340557951 
1584187200000,827.091340557951 
1584201600000,827.091340557951 
1584216000000,827.091340557951 
1584230400000,827.091340557951 
1584244800000,827.091340557951 
