0,1
998.2562189054727 
997.6596609573196 
985.8689241842335 
1004.2935511289724 
1008.3239382731339 
1004.8693207209953 
1003.1420119449261 
1005.2531671156775 
1005.2531671156775 
1004.8693207209953 
1001.7985495635389 
1011.9704790226135 
1043.0620369918602 
1038.8397266503575 
1053.8097360429579 
1050.5470416881603 
1037.1124178742884 
1046.1328081493166 
1027.7081812045778 
1030.5870291646934 
1026.3647188231907 
1035.385109098219 
1034.4254931115138 
1029.051643585965 
1039.4154962423806 
1037.3043410716293 
1040.1831890317449 
1046.3247313466577 
1055.345121621686 
1061.294740739258 
1055.9208912137092 
1049.9712720961372 
1026.1727956258496 
1033.0820307301267 
1036.7285714796062 
1048.819732912091 
1053.0420432535936 
1055.537044819027 
1056.3047376083912 
1049.3955025041141 
1057.0724303977554 
1045.9408849519755 
1046.3247313466577 
1043.4458833865424 
1044.2135761759064 
1055.345121621686 
1055.728968016368 
1053.8097360429579 
1058.4158927791425 
1060.7189711472347 
1063.0220495153271 
1061.486663936599 
1066.4766670674658 
1058.2239695818016 
1063.4058959100093 
1073.7697485664248 
1113.4978504160179 
1137.2963268863055 
1154.761337844339 
1150.7309507001773 
1150.1551811081545 
1154.761337844339 
1152.4582594762467 
1152.0744130815647 
1148.4278723320851 
1170.3071168289625 
1167.044422474165 
1179.3275071039907 
1167.812115263529 
1175.8728895518523 
1169.3475008422574 
1183.9336638401755 
1209.2675258891913 
1243.0460086212124 
1238.6317750823687 
1291.0268079564696 
1300.239121428839 
1891.9383388312315 
1973.4097361024983 
1994.041479816659 
1907.1962330198435 
2072.2501827331284 
2039.6232391851534 
1845.7808098707142 
1733.9855474195647 
1785.32500270829 
1759.415371067251 
1844.8211938840088 
1869.29140154499 
1876.9683294386314 
1939.8231765678183 
2027.1482313579866 
1962.8539602487417 
2003.1578316903579 
2045.3809351053842 
2035.7847752383327 
1955.1770323551007 
1987.8039759030755 
2007.476103630531 
1883.6856413455673 
1887.0442972990354 
1910.0750809799588 
1859.6952416779386 
1803.5577064556876 
1782.4461547481744 
1861.614473651349 
1826.5884901366112 
1885.125065325625 
1913.4337369334269 
1906.7164250264907 
1897.1202651594394 
1906.7164250264907 
1893.2818012126188 
1893.2818012126188 
1900.4789211129073 
1876.9683294386314 
1846.7404258574193 
1851.0586977975925 
1893.2818012126188 
1878.8875614120416 
2005.0770636637683 
2025.708807377929 
2207.0762288652013 
2185.4848691643356 
2197.48006899815 
2083.76557457359 
2054.0174789857306 
2070.8107587530703 
2085.204998553648 
2062.1742148727244 
2096.7203903941095 
2149.979077656245 
2118.791558088328 
2123.109830028501 
2110.634822201334 
2123.109830028501 
2128.867525948732 
2106.7963582545135 
1995.4809037967168 
2022.3501514244608 
2058.8155589192565 
2029.5472713247493 
2124.0694460152063 
2116.8723261149175 
2108.235782234571 
2132.2261819021996 
2143.4746416516737 
2151.5685818220663 
2145.9022322296864 
2137.3048668349506 
2140.739207890945 
2112.922872129172 
2046.5733665723342 
2103.4823230876164 
2071.2136602878973 
2043.8205403139618 
2082.71877067695 
2060.256412298323 
2071.2136602878973 
2056.421375501972 
2085.458082674343 
2094.7717434654814 
2032.8632923243877 
2072.3093850868545 
2025.1932187316856 
2041.0812283165683 
2077.240146682163 
2101.3460922592258 
2064.6393114941525 
2092.5802938675665 
2106.2768538545342 
1975.3377403791233 
1875.07892127452 
1893.1583804573174 
1898.6370044521045 
1903.0199036479341 
1892.6105180578386 
1903.0199036479341 
1890.419068459924 
1918.360050833338 
1906.3070780448063 
1938.63095961405 
1977.5291899770382 
1996.704373958793 
1984.6514011702614 
2007.1137595488883 
2007.1137595488883 
2015.331695541069 
2006.5658971494097 
1990.677887564527 
2033.959017123345 
2175.85537858833 
2167.6374425961494 
2176.9511033872877 
2123.260588238374 
2052.586338705621 
2140.7921850216926 
2163.8024057997986 
2172.568204191458 
2121.6170010399383 
2085.458082674343 
2077.7880090816416 
2093.676018666524 
2125.452037836289 
2073.4051098858117 
2112.8512026482786 
2132.5742490295124 
2180.7861401836385 
2181.8818649825957 
2208.7271225570526 
2173.663928990415 
2124.3563130373313 
1929.8651612223907 
1891.5147932588811 
1914.525014036987 
1963.2847675905919 
1814.8140573318622 
1814.2661949323835 
1816.4576445302985 
1850.4251132979782 
1861.3823612875524 
1850.4251132979782 
1862.4780860865098 
1873.4353340760838 
1850.4251132979782 
1875.6267836739987 
1830.154204517266 
1849.8772508984996 
1719.4859998225672 
1686.066393454366 
1764.4107165798212 
1746.8791197965027 
1754.0013309897258 
1764.4107165798212 
1751.809881391811 
1789.064524556363 
1824.675580522479 
1843.8507645042337 
1807.691846138639 
1883.2968572667007 
1870.6960220786902 
1888.227618862009 
1880.5575452693072 
1865.2173980839034 
1936.987372415614 
1932.0566108203054 
1932.6044732197843 
1912.8814268385509 
1923.838674828125 
1882.2011324677433 
1928.7694364234333 
1923.838674828125 
1935.3437852171778 
1963.8326299900705 
1939.7266844130074 
1950.6839324025816 
1973.1462907812086 
1929.3172988229119 
1934.2480604182203 
1926.5779868255186 
1917.555788830903 
1915.8120077363758 
1913.8355267177085 
1925.2842480327874 
1909.6901453961157 
1911.3330096785526 
1924.9753671130086 
1912.1797354456853 
1921.3069182136371 
1908.421483717705 
1905.2001250937221 
1934.1923527095691 
1888.0195457658126 
1891.7777974937928 
1868.1545009179174 
1884.2612940378324 
1885.871973349824 
1877.8185767898665 
1884.2612940378324 
1882.650614725841 
1917.548666485657 
1921.3069182136371 
1905.7370181977192 
1892.3146905977899 
1902.5156595737362 
1922.9175975256287 
1922.9175975256287 
1911.642842341688 
1919.1593457976485 
1991.6399148372661 
1991.6399148372661 
1959.9632217014332 
1972.8486561973652 
1981.43894586132 
1991.6399148372661 
1974.4593355093568 
1951.9098251414757 
1896.07294232577 
1922.3807044216314 
1977.1438010293427 
1953.5559871055866 
1949.5011928339613 
1949.752189853615 
1950.9518808623588 
1932.9253490024225 
1934.7157488961848 
1910.8483859108276 
1940.6492106032827 
1908.517166989296 
1912.1449783650687 
1900.743285469783 
1903.852838077588 
1868.3728428225313 
1866.629061728004 
1867.7436462554435 
1872.374891809999 
1874.5052735253328 
1872.7614924308054 
1869.7873869151072 
1872.822961370466 
1864.6192125037346 
1865.3387807300721 
1899.3937662516564 
1883.3964361729234 
1889.8207052955756 
1882.3257246524813 
1880.1843016115972 
1891.9621283364597 
1910.6995799441952 
1897.3156859386697 
1906.4167338624272 
1930.507743072373 
1930.507743072373 
1930.507743072373 
1930.507743072373 
1934.7905891541411 
1908.0228011430902 
1928.3663200314888 
1880.1843016115972 
1894.1035513773438 
1900.5278204999959 
1903.739955061322 
1897.8510416988909 
1888.2146380149125 
1877.5075228104922 
1877.5075228104922 
1866.8004076060718 
1870.012542167398 
1898.921753219333 
1893.0328398569018 
1898.921753219333 
1894.1035513773438 
1895.1742628977859 
1937.4673679552461 
1937.4673679552461 
1964.235155966297 
1938.5380794756882 
1937.4673679552461 
1898.921753219333 
1911.2349357044163 
1952.4573292414348 
1934.7905891541411 
1886.0732149740284 
1896.7803301784488 
1911.7702914646372 
1994.215078538674 
1947.1037716392245 
1909.0935126635322 
1908.0228011430902 
1954.5987522823186 
1930.507743072373 
1939.0734352359093 
1955.1341080425398 
1951.3866177209927 
1859.8407827231986 
1869.477186407177 
1881.7903688922604 
1888.2146380149125 
1857.1640039220936 
1795.5980914966765 
1761.3353228425312 
1750.628207638111 
1750.628207638111 
1723.325063866839 
1648.9106131961175 
1632.314584629266 
1596.4457486944577 
1543.9808841927982 
1536.4859035497038 
1571.819383724291 
1580.9204316480484 
1599.6578832557839 
1618.9306906237405 
1581.9911431684905 
1601.799306296668 
1589.4861238115845 
1503.8292021762218 
1569.142604923186 
1557.9001339585445 
1583.5972104491534 
1567.536537642523 
1575.031518285617 
1596.9811044546789 
1602.334662056889 
1605.011440857994 
1590.5568353320266 
1596.4457486944577 
1616.2539118226355 
1654.2641707983278 
1658.547016880096 
1662.294507201643 
1695.4865643353462 
1675.1430454469476 
1672.4662666458423 
1678.3551800082735 
1704.0522564988823 
1691.739074013799 
1656.9409495994328 
1631.779228869045 
1649.9813247165596 
1678.8905357684946 
1660.68843992098 
1700.3047661773353 
1689.062295212694 
1665.5066417629691 
1652.6581035176646 
1638.7388537519182 
1613.5771330215305 
1616.7892675828566 
1599.6578832557839 
1625.3549597463928 
1641.9509883132444 
1586.2739892502584 
1494.1927984922434 
1510.253471298874 
1519.3545192226313 
1503.2938464160006 
1508.11204825799 
1519.3545192226313 
1510.788827059095 
1517.7484519419681 
1505.9706252171059 
1500.0817118546747 
1525.7787883452834 
1546.1223072336822 
1532.7384132281568 
1538.627326590588 
1525.2434325850625 
1548.7990860347873 
1524.1727210646204 
1526.3141441055045 
1560.5769127596495 
1588.9507680513636 
1627.4963827872768 
1619.4660463839616 
1637.6681422314762 
1608.2235754193202 
1622.1428251850666 
1625.890315506614 
1651.0520362370016 
1663.365218722085 
1640.3449210325814 
1638.7388537519182 
1636.0620749508132 
1629.637805828161 
1627.4963827872768 
1653.1934592778857 
1688.5269394524728 
1666.5773532834112 
1641.4156325530232 
1627.4963827872768 
1577.7082970867223 
1708.3351025806505 
1712.0825929021976 
1752.769630678995 
1754.9110537198792 
1771.5070822867306 
1743.1332269950167 
1811.123408543086 
1793.4566684557924 
1786.4970435729192 
1796.6688030171185 
1781.67884173093 
1799.8809375784447 
1826.6487255894954 
1860.9114942436406 
1847.5276002381152 
1850.2043790392202 
1861.4468500038615 
1837.891196554137 
1844.8508214370102 
1808.4466297419808 
1786.4970435729192 
1807.3759182215388 
1800.4162933386656 
1809.5173412624229 
1769.3656592458465 
1776.8606398889408 
1777.395995649162 
1775.7899283684987 
1777.395995649162 
1810.588052782865 
1779.2851387434944 
1778.0124706753295 
1775.7058927054504 
1766.8789291680446 
1768.047889489481 
1732.5920526427963 
1783.1298650798637 
1769.1550543222152 
1778.2861547940022 
1769.1550543222152 
1760.0239538504281 
1766.3015854247817 
1776.4556282449928 
1775.5516267059395 
1770.2091396016842 
1768.0617411928208 
1766.3179600982935 
1767.887615153023 
1766.639753405413 
1769.1884830561867 
1759.2032078157158 
1749.0529453911745 
1743.856435291896 
1748.4755553801435 
1732.8860250823084 
1716.7191047734423 
1719.6060548285968 
1731.7312450602465 
1731.7312450602465 
1752.51728545736 
1761.178135622824 
1757.1364055456074 
1758.2911855676693 
1819.494526736948 
1823.5362568141645 
1795.82153628468 
1818.917136725917 
1811.988456593546 
1774.4581058765355 
1748.4755553801435 
1767.5294257441642 
1774.4581058765355 
1756.5590155345765 
1744.433825302927 
1767.5294257441642 
1757.7137955566384 
1745.5886053249887 
1740.9694852367413 
1769.838985788288 
1778.499835953752 
1757.7137955566384 
1777.922445942721 
1779.6546159758138 
1683.807874144679 
1706.3260845748855 
1688.4269942329265 
1689.5817742549884 
1701.706964486638 
1705.1713045528236 
1688.4269942329265 
1688.4269942329265 
1698.2426244204523 
1716.7191047734423 
1714.4095447293184 
1731.1538550492155 
1745.0112153139578 
1739.2373152036487 
1747.8981653691126 
1784.2737360640613 
1794.666756262618 
1779.0772259647829 
1738.6599251926177 
1738.6599251926177 
1729.9990750271536 
1736.350365148494 
1775.0354958875664 
1728.266904994061 
1836.816227067876 
1853.5605373877731 
1843.7449072002473 
1836.816227067876 
1842.5901271781854 
1848.9414172995257 
1848.9414172995257 
1818.917136725917 
1763.4876956669477 
1755.4042355125146 
1783.1189560419994 
1756.5590155345765 
1776.190275909628 
1782.5415660309684 
1811.988456593546 
1824.6910368362264 
1792.2474288551844 
1788.7335157707641 
1788.5951313777887 
1793.0923235266046 
1815.2280556259122 
1819.1569306571341 
1853.0014727234914 
1854.9773807904924 
1882.4493820586954 
1882.9880487502287 
1881.3720486756285 
1886.7587155909625 
1840.4333801190908 
1839.356046736024 
1830.1987129799563 
1837.7400466614238 
1873.2920483026278 
1884.6040488248289 
1850.6680472582252 
1875.9853817602946 
1896.4547160385637 
1858.748047631226 
1873.2920483026278 
1859.8253810142928 
1795.7240447218192 
1772.5613769858833 
1805.4200451694203 
1804.8813784778868 
1790.8760444980185 
1794.108044647219 
1799.4947115625528 
1772.5613769858833 
1781.1800440504176 
1783.8733775080846 
1788.1827110403517 
1802.1880450202198 
1809.190712010154 
1794.108044647219 
1773.1000436774166 
1761.249376463682 
1764.4813766128823 
1761.249376463682 
1773.1000436774166 
1794.6467113387523 
1791.9533778810853 
1852.8227140243587 
1861.9800477804265 
1889.9907157401628 
1961.0947190225706 
1943.857384893502 
1939.0093846697016 
1911.5373834014986 
1910.4600500184317 
1921.772050540633 
1946.0120516596357 
1919.078717082966 
1930.9293842967006 
1915.8467169337657 
1914.2307168591656 
1904.5347164115644 
1950.321385191903 
1951.937385266503 
1929.3133842221005 
1948.7053851173027 
1957.324052181837 
1953.0147186495699 
1949.244051808836 
1890.5293824316961 
1883.5267154417622 
1899.686716187764 
1899.686716187764 
1893.7613825808967 
1899.686716187764 
1903.4573830284976 
1923.9267173067667 
1917.4627170083659 
1881.9107153671619 
1895.3773826554968 
1892.1453825062965 
1899.686716187764 
1935.7773845205013 
1899.1480494962304 
1899.686716187764 
1907.2280498692314 
1920.6947171575662 
1915.3080502422324 
1932.0067176797675 
1919.6173837744996 
1937.9320512866348 
1949.244051808836 
1963.7880524802376 
1956.7853854903035 
1952.4760519580364 
1944.934718276569 
1932.0067176797675 
1941.7027181273686 
1935.2387178289678 
1906.6893831776981 
1926.6200507644335 
1923.3880506152332 
1899.686716187764 
1880.8333819840952 
1779.5640439758174 
1754.7853761652811 
1644.3587044009357 
1643.1632859983895 
1645.998654065831 
1642.6478113734784 
1642.7708883002874 
1639.75447090651 
1647.5162693887903 
1641.11247064321 
1657.8799447250212 
1647.7178392208932 
1625.869312387018 
1633.840504154437 
1631.4043450754207 
1628.8153168898111 
1622.4994205039657 
1635.2871341709795 
1633.882245755494 
1634.2525573053417 
1460.9943170061485 
1480.2452325949478 
1486.324469096674 
1489.364087347537 
1458.461301797096 
1536.4781702359141 
1517.2272546471147 
1502.5357664346102 
1485.311263013053 
1436.6773709992442 
1424.518897995792 
1451.8754622535594 
1447.3160348772649 
1479.2320265113267 
1466.566950466064 
1492.4037055984 
1456.434889629854 
1448.8358440026964 
1466.566950466064 
1474.6725991350322 
1487.3376751802948 
1494.430117765642 
1469.606568716927 
1480.7518356367584 
1518.7470637725464 
1491.8971025565895 
1517.7338576889254 
1519.2536668143568 
1528.8881900388933 
1528.6924738632174 
1525.6813757873667 
1522.6670329350459 
1528.832380025829 
1534.7113560526475 
1532.5150092033148 
1537.3945872970505 
1576.973387390684 
1572.6359846406967 
1571.5516339531998 
1576.973387390684 
1572.0938092969484 
1738.5416398277084 
1730.4090096714824 
1740.710341202702 
1742.3368672339473 
1740.710341202702 
1737.4572891402115 
1733.1198863902243 
1722.2763795152562 
1745.0477439526892 
1883.8446319522807 
1909.8690484522042 
1938.6043416708696 
2015.5932404831428 
1973.8457390145159 
1940.7730430458632 
1927.086223479246 
1923.759566904933 
1921.377377398436 
1920.0069124184542 
1920.2463813607587 
1909.7543707050554 
1912.2630546892635 
1922.4362316191512 
1928.4806092360182 
1927.58451478704 
1924.1290330954243 
1938.4446001035465 
1970.5312158114068 
1909.3198258456428 
1883.1568930376952 
1868.3476857879134 
1890.0678564209265 
1883.1568930376952 
1852.0575578131536 
1814.5408994470401 
1794.3016495390052 
1788.3779666390926 
1717.871087161896 
1714.0012269379565 
1712.7802821833861 
1712.9741880517115 
1719.5143914116957 
1735.1583326295474 
1711.8826838295508 
1734.538529467217 
1718.7673762833342 
1690.161135653736 
1692.8855395232215 
1723.3080493991436 
1724.2161840223055 
1684.7123279147647 
1690.615202965317 
1657.92235653149 
1658.376423843071 
1654.7438853504236 
1609.7912215039119 
1605.2505483881027 
1584.817519366961 
1533.5079131583163 
1535.32418240464 
1235.0040625250151 
1077.7151457933821 
963.1085563503563 
960.7474063301354 
1007.6071528852871 
1019.2312760617588 
1038.48373007279 
994.8932681610211 
967.8308563907979 
991.9872373669032 
823.9823320819603 
825.6169744036516 
822.8925705341661 
825.798601328284 
825.4353474790192 
835.9697091076968 
845.0510553393153 
845.41430918858 
842.1450245451973 
844.6878014900506 
844.869428414683 
854.6772823448309 
850.8631169275511 
852.3161323246101 
866.8462862951998 
868.4809286168911 
870.6604517124796 
869.3890632400529 
862.6688670286552 
857.7649400635812 
861.579105480861 
855.0405361940957 
873.5664825065975 
883.3743364367455 
870.842078637112 
902.8084173724092 
895.9065942363791 
867.2095401444645 
873.3848555819651 
891.1842941959375 
857.2200592896842 
860.1260900838021 
817.9886435690921 
868.1176747676263 
857.7649400635812 
822.8925705341661 
778.2123470746029 
776.3960778282792 
761.1394161591601 
776.0328239790144 
767.8596123705578 
763.8638200286456 
793.6506356683544 
794.3771433668838 
786.567185607692 
800.5524588043845 
741.3420813742316 
744.974619866879 
744.7929929422467 
776.2144509036468 
770.4023893154109 
774.2165547326907 
793.2873818190897 
780.2296963353627 
774.4872140925918 
767.277979349796 
714.0555985001233 
723.1971792609052 
780.023221827927 
776.5642453238474 
801.2712203529874 
750.3748517929591 
774.8347570718076 
772.611129319185 
775.3288965723905 
762.2341998069462 
742.7156895339257 
745.6805265374225 
747.4100147894623 
794.6003370951196 
776.317175573556 
761.2459208057807 
780.5173613285098 
723.4442490111966 
612.0157916297754 
560.378213818873 
608.3097453754044 
594.2267696087947 
601.1447226169539 
581.8732820942247 
582.8615610953904 
575.2023988363569 
616.4630471350206 
627.3341161478422 
619.9220236391002 
612.0157916297754 
601.6388621175366 
594.4738393590861 
607.8156058748217 
591.2619326052979 
599.6623041152054 
599.6623041152054 
584.0969098468473 
584.8381190977215 
601.0211877418081 
506.5170082553479 
530.9769135341965 
546.6658426777003 
557.907516315959 
575.8200732120854 
578.6613753404365 
584.8381190977215 
565.7001334431791 
570.60036291503 
588.9692829037903 
575.1644494076951 
570.5628382423301 
592.3363154638134 
583.3575619704183 
569.1037907996533 
601.427303375876 
594.4687694184947 
575.1644494076951 
581.5618112717392 
583.5820308077531 
581.3373424344043 
560.4617405622605 
583.5820308077531 
579.4293573170578 
593.4586596504878 
591.213971277139 
585.7144847624345 
589.8671582531297 
577.6336066183787 
585.7144847624345 
594.019831743825 
593.3464252318204 
646.2088364241846 
645.0864922375101 
637.3423173494568 
597.835801978518 
607.7124308212527 
603.4475229118899 
618.262466175992 
621.1805610613454 
614.6709647786339 
623.4252494346943 
624.449276270616 
622.7054951760887 
621.8288159313446 
622.1343203487909 
619.3847805917742 
621.6251463197137 
626.9205562221163 
620.5111116643491 
611.725931305845 
606.2310486895382 
603.2303430962588 
596.2937384838331 
609.6160404696229 
606.7900976241524 
625.9661383612739 
608.2030690468875 
617.2864567644715 
618.2957220664252 
635.4532321996393 
638.6828811658913 
650.1885056081643 
638.4810281055005 
641.1051178905803 
640.7014117697988 
644.1329137964417 
637.0680566827652 
621.9290771534588 
627.1772567236184 
619.9105465495513 
613.4512486170472 
608.0012159864968 
605.1752731410263 
599.7252405104759 
609.8178935300136 
602.7530364163372 
611.8364241339211 
605.377126201417 
611.0290118923581 
608.8086282280599 
603.9641547786817 
600.532652752039 
585.3936732227326 
559.7583345531068 
570.6583998142075 
539.7748815744222 
545.2249142049726 
548.4545631712247 
549.2619754127877 
547.8490039900523 
560.1620406738883 
562.3824243381866 
556.5286855868547 
560.3638937342791 
541.1878529971575 
527.5627714207817 
513.433057193429 
515.8552939181179 
531.2970530380106 
533.7192897626996 
536.0405999571933 
538.1600570912963 
548.1517835806385 
547.6471509296616 
570.6583998142075 
570.2546936934259 
566.7222651365878 
570.4565467538167 
584.8890405717556 
570.7593263444029 
573.6861957200688 
578.4297426392516 
577.8241834580792 
579.640861001596 
582.2649507866759 
579.640861001596 
560.2629672040837 
554.8129345735333 
564.5018814722896 
562.1805712777959 
563.1898365797497 
566.0157794252202 
578.0260365184699 
577.4204773372977 
567.6306039083462 
567.5296773781508 
573.4843426596781 
562.1805712777959 
553.6018162111889 
540.6832203461806 
555.7212733452918 
555.519420284901 
550.7758733657183 
560.1620406738883 
560.4648202644744 
559.0518488417392 
578.3288161090561 
572.2732242973335 
552.8953304998213 
558.6481427209577 
563.290763109945 
555.0147876339241 
560.4648202644744 
548.1517835806385 
547.2434448088801 
555.216640694315 
555.6203468150964 
554.5101549829473 
563.8963222911173 
565.4102202440479 
564.5018814722896 
558.1435100699807 
558.9509223115438 
558.2444366001762 
559.0518488417392 
560.4648202644744 
552.1888447884536 
531.0951999776198 
534.324848943872 
539.8758081046176 
540.0776611650084 
537.6554244403194 
544.1147223728235 
540.1785876952038 
547.9499305202478 
545.325840735168 
548.55548970142 
542.7017509500881 
538.8665428026638 
533.1137305815274 
507.98302456287865 
500.4135347982254 
493.7523838053305 
497.7894450131456 
488.6051307653663 
509.2950694554185 
522.2136653204268 
516.8645592200718 
514.5432490255781 
521.2044000184729 
511.81823271030294 
497.7894450131456 
506.2672735495572 
510.3043347573723 
509.3959959856139 
516.662706159681 
512.3228653612798 
500.1107552076393 
501.120020509593 
492.1375593222045 
498.19315113392713 
515.6534408577272 
519.589575535347 
519.589575535347 
526.4525795886325 
518.3784571730024 
520.2960612467145 
522.1127387902313 
533.2146571117228 
548.252710110834 
548.252710110834 
550.5740203053276 
555.7212733452918 
552.9962570300165 
547.7480774598571 
556.2259059962687 
551.1795794864997 
553.1981100904073 
549.8675345939599 
551.0786529563045 
548.9591958222015 
542.1971182991113 
538.2609836214916 
545.325840735168 
545.9313999163403 
541.8943387085251 
538.8665428026638 
538.361910151687 
547.1425182786847 
548.3536366410292 
554.0055223319704 
563.1898365797497 
573.2824895992873 
564.905587593071 
567.9333834989322 
569.447281451863 
575.5028732635856 
608.4049221072784 
618.3966485966206 
606.0836119127847 
618.6994281872068 
611.1299384225536 
609.6160404696229 
605.7808323221985 
606.5882445637616 
596.3946650140285 
606.9919506845431 
612.8456894358749 
604.3678608994633 
602.1474772351651 
601.340064993602 
598.1104160273499 
600.7345058124297 
589.8344405513291 
585.797379343514 
591.449265034455 
593.0640895175811 
588.4214691285938 
584.3844079207787 
589.6325874909382 
591.449265034455 
585.3936732227326 
589.6325874909382 
589.6325874909382 
604.1660078390726 
593.0640895175811 
592.6603833967996 
592.4585303364088 
588.0177630078123 
583.1732895584341 
585.797379343514 
585.797379343514 
594.2752078799256 
593.4677956383625 
597.3030037857869 
596.4955915442239 
591.2474119740643 
565.4102202440479 
568.0343100291277 
564.1991018817034 
569.447281451863 
570.4565467538167 
567.832456968737 
572.8787834785057 
570.4565467538167 
579.9436405921822 
573.8880487804595 
578.5306691694468 
520.0942081863238 
524.0303428639436 
524.2321959243343 
524.9386816357019 
525.3423877564834 
524.0303428639436 
517.9747510522209 
525.3423877564834 
513.6349102538197 
513.5339837236244 
515.4515877973365 
522.314591850622 
529.1775959039078 
531.7007591587922 
545.6286203257541 
545.9313999163403 
556.9323917076363 
566.4194855460016 
557.7398039491993 
554.6110815131426 
555.1157141641195 
555.1157141641195 
549.1610488825922 
553.7027427413842 
546.7388121579032 
546.6378856277079 
537.2517183195379 
539.6739550442269 
549.0601223523969 
544.3165754332142 
554.2073753923611 
553.904595801775 
549.9684611241553 
554.1064488621657 
549.5647550033738 
555.6203468150964 
551.6842121374767 
550.977726426109 
536.4443060779748 
537.4535713799286 
544.5184284936049 
546.7388121579032 
547.4452978692709 
551.2805060166952 
552.6934774394305 
566.8231916667833 
561.1713059758421 
553.904595801775 
552.0879182582582 
551.7851386676721 
549.2619754127877 
546.3351060371217 
540.8850734065713 
546.940665218294 
547.6471509296616 
541.9952652387205 
552.1888447884536 
555.519420284901 
554.9138611037288 
553.904595801775 
554.7120080433381 
555.6203468150964 
551.7851386676721 
554.1064488621657 
546.2341795069264 
547.9499305202478 
547.8490039900523 
551.6842121374767 
559.2537019021299 
560.868526385256 
561.6759386268191 
561.8777916872098 
565.5111467742433 
559.4555549625206 
564.7037345326803 
562.3824243381866 
567.6306039083462 
571.9704447067475 
570.0528406330352 
562.0796447476005 
564.4009549420941 
572.5760038879196 
565.5111467742433 
566.7222651365878 
594.5779874705117 
592.1557507458227 
593.568722168558 
606.5882445637616 
613.2493955566564 
606.3863915033708 
610.5185255026299 
608.7747444081026 
607.1391115300373 
605.39533043551 
605.1358971492664 
615.6486132300151 
612.2804614759888 
611.8722006573189 
614.9341567973429 
615.1382872066778 
618.506438960704 
615.4444828206802 
612.994917908661 
609.6267661546348 
618.9146997793739 
634.4286108888284 
645.0433921742446 
642.7979576715604 
634.4286108888284 
640.1442623502063 
631.9790459768093 
637.0823062101824 
615.0362220020104 
627.2840465621059 
621.568395100728 
631.3666547488044 
622.7931775567375 
650.9631740449574 
680.5620833985218 
684.0323003572156 
680.9703442171917 
684.4405611758855 
681.5827354451965 
680.7662138078568 
682.8075179012061 
684.2364307665506 
671.3762149784502 
690.1562126372635 
681.3786050358616 
674.4381711184741 
679.9496921705171 
683.4199091292109 
677.7042576678328 
680.5620833985218 
684.4405611758855 
680.153822579852 
674.846431937144 
666.0688243357421 
677.2959968491631 
678.9290401238425 
680.5620833985218 
674.0299102998042 
675.4588231651487 
677.0918664398281 
674.0299102998042 
675.6629535744836 
676.8877360304932 
676.0712143931535 
680.153822579852 
674.846431937144 
676.6836056211582 
674.4381711184741 
668.5183892477612 
673.4175190717995 
675.8670839838186 
678.7249097145075 
681.7868658545315 
679.3373009425123 
682.8075179012061 
697.9131681919906 
665.6605635170722 
669.9473021131057 
671.78447579712 
666.0688243357421 
652.3920869103019 
663.0068681957182 
664.2316506517277 
662.3944769677133 
660.3531728743641 
657.0870863250053 
653.6168693663116 
649.5342611796129 
656.6788255063354 
651.5755652729622 
655.6581734596608 
669.7431717037707 
677.0918664398281 
676.8877360304932 
684.0323003572156 
683.215778719876 
679.3373009425123 
679.9496921705171 
687.9107781345792 
685.0529524038902 
682.3992570825362 
682.3992570825362 
688.1149085439141 
693.8305600052921 
695.8718640986414 
688.9314301812539 
692.4016471399476 
729.5533816389044 
722.6129477215168 
748.9457705257224 
798.7535904034446 
787.9346787086935 
777.1157670139423 
780.1777231539662 
790.3842436207126 
798.1411991754399 
794.0585909887412 
788.7512003460332 
793.0379389420666 
806.5105459581719 
805.0816330928274 
809.9807629168656 
817.125327243588 
827.3318477103344 
814.6757623315689 
815.6964143782435 
836.9259769490759 
859.3803219759179 
887.142057645468 
882.8553190494346 
854.8894529705495 
854.9915181752169 
861.625756478602 
869.2806468286618 
863.7691257766188 
854.9915181752169 
855.1956485845519 
838.9672810424252 
823.9636959563081 
835.190868469729 
831.006195078363 
828.6586953710114 
823.7595655469731 
830.9041298736956 
839.1714114517602 
841.9271719777817 
834.7826076510592 
836.5177161304061 
847.1324974158223 
860.8092348412624 
865.6062994606332 
851.1130403978534 
861.625756478602 
858.972061157248 
813.144784261557 
829.883477827021 
826.1070652543248 
796.3040254914255 
818.1459792902626 
829.1690213943488 
824.4740219796454 
826.9235868916645 
834.6805424463918 
826.3111956636598 
825.2905436169851 
796.0998950820906 
811.613806191545 
809.7766325075306 
812.6344582382196 
810.1848933262005 
829.3731518036836 
827.3318477103344 
863.2587997532816 
864.687712618626 
871.8322769453484 
902.0435775269176 
884.284231914779 
891.6329266508363 
958.7918313220274 
956.954657638013 
985.3287845355678 
1014.5194330704625 
1003.4963909663763 
978.1842202088454 
993.6981313182998 
988.7990014942616 
982.4709588048789 
970.2231342447833 
940.215964072549 
963.0785699180608 
967.5694389234292 
989.8196535409362 
984.5122628982282 
1013.2946506144528 
1056.3661669841224 
1014.5194330704625 
1041.0563862840029 
1119.8507242872847 
1191.704628373179 
1182.9270207717773 
1181.7022383157675 
1253.9644032203319 
1258.0470114070304 
1201.9111488399253 
1223.5489722294276 
1211.7094084880018 
1182.7228903624423 
1180.273325450423 
1165.7800663876433 
1140.2637652207775 
1184.7641944557915 
1178.027890947739 
1212.5259301253416 
1216.0982122887028 
1189.050933051825 
1157.4107196049113 
1201.2987576119206 
1206.4020178452938 
1201.8090836352578 
1211.505278078667 
1221.7117985454133 
1230.897666965485 
1204.8710397752818 
1209.4639739853178 
1224.7737546854373 
1204.3607137519446 
1134.9563745780692 
1089.0270324777107 
1057.8971450541344 
1067.0830134742062 
1063.510731310845 
1077.2895339409524 
1076.268881894278 
1102.8058351078184 
1087.496054407699 
1060.857035989491 
1095.3550751670937 
1098.6211617164522 
1109.0318125925337 
1139.8555044021075 
1137.8142003087582 
1123.3209412459785 
1112.0937687325575 
1141.692678086122 
1111.2772470952177 
1078.8205120109644 
1134.5481137593995 
1112.9102903698972 
1136.181157034079 
1150.8785465061937 
1176.5989780823945 
1211.7094084880018 
1177.823760538404 
1168.4337617089973 
1153.1239810088778 
1164.147023112964 
1178.027890947739 
1171.0874570303515 
1169.454413755672 
1229.366688895473 
1204.3607137519446 
1280.399291229205 
1254.3726640390016 
1317.653090932829 
1315.6117868394797 
1382.4644958966683 
1330.411241516262 
1329.9009154929247 
1318.1634169561662 
1292.6471157893004 
1117.0949637612632 
1157.4107196049113 
1102.8058351078184 
1120.156919901287 
1090.5580105477227 
1034.4221479806179 
1062.0818184455004 
1057.3868190307971 
1055.3455149374477 
1079.4329032389692 
1089.0270324777107 
1080.8618161043137 
1078.2081207829597 
1119.0342026499452 
1093.5179014830792 
1074.3296430055962 
1079.4329032389692 
1022.6846494438595 
1061.4694272174956 
1037.1779085066394 
1067.5933394975434 
1048.8133418387301 
1064.1231225388497 
1055.5496453467827 
1076.7792079176152 
1072.6965997309167 
1078.2081207829597 
1103.5202915404907 
1086.9857283843617 
1063.1024704921751 
1058.6116014868066 
1074.1255125962612 
1069.6346435908927 
1076.1668166896104 
1058.6116014868066 
1056.5702973934574 
1044.1183424240269 
1063.7148617201797 
1056.9785582121272 
1057.999210258802 
1068.2057307255482 
1086.1692067470217 
1083.9237722443377 
1088.2105108403712 
1078.6163816016297 
1083.9237722443377 
1091.8848582083997 
1150.2661552781888 
1131.2820272100407 
1061.6735576268306 
1042.2811687400126 
1033.9118219572806 
1038.198560553314 
979.2048722555201 
961.6496570527163 
928.1722699217883 
944.7068330779174 
914.0872716776784 
896.5320564748746 
916.7409669990324 
919.8029231390562 
921.8442272324056 
904.4931424389367 
918.3740102737119 
918.3740102737119 
931.846617289817 
936.1333558858505 
936.7457471138553 
917.965749455042 
918.3740102737119 
918.3740102737119 
918.3740102737119 
929.6011827871328 
926.335096237774 
942.4613985752331 
936.3374862951854 
932.4590085178218 
906.9427073509559 
916.1285757710276 
920.619444776396 
918.5781406830467 
913.0666196310037 
927.7640091031185 
930.8259652431424 
947.1563979899365 
946.7481371712666 
935.7250950671806 
936.9498775231901 
936.9498775231901 
915.107923724353 
920.4153143670611 
925.5185746004342 
924.2937921444247 
901.4311862989128 
895.715534837535 
861.0133652505973 
871.2198857173437 
874.8942330853723 
869.3827120333293 
861.829886887937 
858.972061157248 
851.6233664211907 
865.7083646653007 
867.3414079399801 
865.3001038466308 
874.2818418573676 
870.8116248986738 
887.142057645468 
879.7933629094106 
871.2198857173437 
870.1992336706691 
873.0570594013581 
878.9768412720709 
870.1992336706691 
879.7933629094106 
874.8942330853723 
880.4057541374154 
877.7520588160613 
882.2429278214297 
907.5550985789607 
897.9609693402191 
915.3120541336879 
898.1650997495541 
917.761619045707 
934.9085734298409 
938.1746599791998 
929.6011827871328 
956.3422664100083 
953.2803102699843 
955.5257447726685 
949.6059629019556 
945.1150938965873 
948.7894412646159 
939.6035728445443 
957.5670488660178 
973.0809599754723 
1004.9253038317208 
1008.3955207904146 
990.0237839502712 
995.1270441836443 
998.8013915516731 
1007.5789991530748 
1009.0079120184193 
997.7807395049985 
983.2874804422186 
997.1683482769936 
985.1246541262329 
953.4844406793193 
956.750527228678 
994.7187833649745 
994.1063921369697 
991.2485664062807 
993.2898704996301 
989.2072623129314 
986.3494365822424 
979.0007418461852 
969.6107430167784 
978.3883506181803 
977.7759593901756 
975.3263944781564 
965.7322652394149 
978.1842202088454 
975.7346552968263 
996.351826639654 
1005.1294342410558 
1012.0698681584433 
1019.6226933038356 
999.005521961008 
989.0031319035966 
996.351826639654 
986.5535669915774 
988.3907406755918 
993.9022617276348 
976.551176934166 
992.6774792716252 
996.7600874583238 
1004.3129126037161 
996.351826639654 
996.351826639654 
989.2072623129314 
976.7553073435009 
988.1866102662568 
973.8974816128119 
977.1635681621708 
979.6131330741899 
981.8585675768741 
990.4320447689411 
1001.659217282362 
986.7576974009123 
995.3311745929793 
988.5948710849267 
1000.2303044170176 
1005.3335646503907 
1011.4574769304385 
1004.1087821943811 
1002.6798693290367 
990.2279143596061 
1003.9046517850462 
996.351826639654 
996.351826639654 
990.636175178276 
1001.4550868730271 
1001.659217282362 
997.3724786863286 
1015.3359547078021 
1014.5194330704625 
1110.2565950485432 
1103.1120307218207 
1087.5981196123662 
1095.5592055764284 
1098.0087704884477 
1106.9905084991842 
1101.8872482658112 
1114.5433336445767 
1087.1898587936964 
1082.0865985603232 
1068.4098611348832 
1082.2907289696582 
1078.0039903736247 
975.9387857061612 
988.7990014942616 
984.1040020795583 
996.351826639654 
993.6981313182998 
1000.8426956450223 
992.6774792716252 
1042.0770383306776 
1065.1437745855242 
1067.7974699068784 
1065.9602962228641 
1057.795079849467 
1060.4487751708211 
1080.8618161043137 
1068.6139915442182 
1068.0016003162132 
1031.4622570452614 
1031.8705178639311 
1039.2192125999886 
1017.7855196198212 
1029.829213770582 
994.3105225463047 
1005.5376950597256 
996.351826639654 
1028.1961704959026 
1018.1937804384911 
1044.1183424240269 
1046.3637769267111 
1020.6433453505102 
1014.7235634797973 
1020.2350845318404 
1017.1731283918165 
1015.3359547078021 
1007.9872599717447 
1011.0492161117687 
1018.1937804384911 
996.351826639654 
1001.0468260543572 
1012.2739985677782 
997.1683482769936 
1006.1500862877305 
1011.8657377491083 
999.209652370343 
1008.5996511997496 
1005.1294342410558 
1026.1548664025531 
1030.2374745892516 
1024.9300839465436 
1034.5242131852851 
1025.3383447652136 
1014.7235634797973 
1015.3359547078021 
997.1683482769936 
1000.8426956450223 
1014.7235634797973 
1019.4185628945007 
1011.4574769304385 
1002.8839997383716 
995.1270441836443 
996.351826639654 
1003.2922605570415 
987.3700886289172 
994.1063921369697 
969.4066126074435 
976.9594377528358 
980.6337851208646 
981.6544371675392 
982.4709588048789 
994.7187833649745 
985.1246541262329 
985.3287845355678 
989.0031319035966 
996.351826639654 
990.0237839502712 
993.494000908965 
996.351826639654 
1002.0674781010318 
1007.1707383344051 
996.351826639654 
1006.5583471064002 
1021.255736578515 
1001.863347691697 
1011.8657377491083 
1031.4622570452614 
1031.2581266359266 
1030.8498658172566 
1029.0126921332421 
1026.971388039893 
1028.1961704959026 
1026.971388039893 
1026.563127221223 
1015.9483459358069 
1009.4161728370892 
1002.2716085103668 
1002.6798693290367 
1003.2922605570415 
1004.9253038317208 
995.5353050023142 
971.4479167007928 
989.4113927222664 
984.1040020795583 
986.7576974009123 
985.5329149449028 
982.2668283955439 
983.2874804422186 
982.8792196235487 
995.9435658209841 
987.778349447587 
996.351826639654 
994.5146529556396 
993.494000908965 
991.2485664062807 
995.5353050023142 
994.7187833649745 
996.9642178676587 
1001.659217282362 
1003.9046517850462 
999.209652370343 
996.351826639654 
992.4733488622903 
996.351826639654 
986.7576974009123 
1028.4003009052376 
1057.3868190307971 
1050.0381242947396 
1045.5472552893714 
1064.9396441761894 
1066.9809482695387 
1052.283558797424 
1053.9166020721032 
1050.8546459320794 
1046.5679073360461 
1054.3248628907731 
1057.795079849467 
1049.0174722480651 
1057.795079849467 
1051.0587763414144 
1049.6298634760699 
1048.2009506107254 
1067.7974699068784 
1065.7561658135292 
1051.0587763414144 
1055.9579061654526 
1051.4670371600841 
1058.8157318961416 
1081.4742073323184 
1091.0683365710602 
1090.4559453430552 
1102.9079003124857 
1081.2700769229837 
1084.9444242910122 
1089.4352932963807 
1084.3320330630074 
1080.4535552856437 
1071.6759476842421 
1067.1850786788737 
1056.7744278027922 
1063.510731310845 
1074.533773414931 
1081.0659465136487 
1089.6394237057157 
1079.2287728296342 
1075.7585558709407 
1077.595729554955 
1062.6942096735052 
1076.1668166896104 
1066.7768178602037 
1061.2652968081607 
1069.226382772223 
1071.6759476842421 
1095.9674663950982 
1088.0063804310362 
1079.0246424202992 
1086.7815979750267 
1076.7792079176152 
1081.2700769229837 
1079.4329032389692 
1079.8411640576392 
1070.6552956375672 
1091.8848582083997 
1105.357465224505 
1095.1509447577587 
1097.8046400791127 
1102.9079003124857 
1098.2129008977824 
1094.5385535297537 
1104.5409435871652 
1102.2955090844812 
1079.6370336483042 
1080.045294466974 
1077.39159914562 
1070.4511652282324 
1068.6139915442182 
1093.5179014830792 
1084.3320330630074 
1076.1668166896104 
1074.3296430055962 
1065.5520354041942 
1076.1668166896104 
1065.5520354041942 
1086.7815979750267 
1077.595729554955 
1076.9833383269502 
1075.5544254616057 
1073.9213821869262 
1072.9007301402517 
1066.164426632199 
1061.6735576268306 
1061.8776880361656 
1070.8594260469022 
1061.4694272174956 
1060.4487751708211 
1058.2033406681367 
1050.2422547040746 
1047.1802985640506 
1049.425733066735 
1046.7720377453809 
1044.9348640613666 
1008.5996511997496 
1001.0468260543572 
999.005521961008 
1005.5376950597256 
998.8013915516731 
1002.8839997383716 
1010.6409552930988 
1012.0698681584433 
1009.4161728370892 
1007.7831295624098 
996.9642178676587 
1004.9253038317208 
999.8220435983477 
1003.4963909663763 
1002.2716085103668 
1013.4987810237878 
1011.6616073397735 
1034.7283435946201 
1029.420952951912 
1031.6663874545961 
1035.9531260506296 
1046.7720377453809 
1043.9142120146919 
1043.7100816053571 
1073.5131213682562 
1074.9420342336007 
1076.3709470989452 
1072.2883389122467 
1081.4742073323184 
1081.6783377416534 
1071.0635564562372 
1066.9809482695387 
1081.2700769229837 
1088.618771659041 
1084.3320330630074 
1077.7998599642897 
1090.0476845243854 
1085.965076337687 
1086.7815979750267 
1081.8824681509882 
1040.2398646466631 
1042.2811687400126 
1046.3637769267111 
1061.8776880361656 
1054.9372541187781 
1068.2057307255482 
1072.4924693215817 
1061.6735576268306 
1062.2859488548352 
1073.3089909589214 
1070.6552956375672 
1065.5520354041942 
1066.7768178602037 
1062.8983400828401 
1062.4900792641702 
1064.7355137668544 
1069.226382772223 
1071.4718172749072 
1067.7974699068784 
1071.0635564562372 
1078.6163816016297 
1095.9674663950982 
1096.988118441773 
1087.3939892030312 
1089.2311628870457 
1089.6394237057157 
1094.3344231204187 
1090.0476845243854 
1069.4305131815577 
1072.6965997309167 
1065.9602962228641 
1076.1668166896104 
1080.045294466974 
1076.1668166896104 
1079.4329032389692 
1203.135931295935 
1226.8150587787866 
1230.897666965485 
1219.874624861399 
1219.0581032240593 
1217.1188643353776 
1209.4639739853178 
1220.6911464987386 
1222.7324505920878 
1231.4079929888223 
1235.4906011755209 
1236.5112532221956 
1237.0215792455328 
1246.2074476656046 
1254.3726640390016 
1250.290055852303 
1236.5112532221956 
1222.7324505920878 
1258.9655982490374 
1330.411241516262 
1347.7623263097307 
1392.6710163634148 
1386.5471040833668 
1401.346558760149 
1421.2492736703045 
1577.919362834861 
1576.8987107881862 
1549.3411055279712 
1573.326428624825 
1558.0166479247055 
1473.8128540740481 
1485.5503526108064 
1457.9927473505913 
1477.3851362374094 
1493.2052429608661 
1528.9280645944784 
1584.0432751149087 
1574.3470806714997 
1565.161212251428 
1545.2584973412727 
1533.5209988045142 
1596.2910996750043 
1630.4829432386045 
1531.479694711165 
1515.6595879877082 
1403.8981888768355 
1409.0014491102088 
1461.054703490615 
1445.2345967671583 
1397.2639505734505 
1280.9096172525421 
1261.5172283657241 
1178.8444125850785 
1239.062883338882 
1237.53190526887 
1256.4139681323509 
1266.6204885990971 
1259.9862502957121 
1300.3020061393602 
1292.1367897659632 
1316.122112862817 
1321.2253730961902 
1318.6737429795037 
1298.260702046011 
1273.7650529258196 
1277.337335089181 
1272.2340748558076 
1293.6677678359752 
1283.4612473692287 
1272.2340748558076 
1253.8623380156644 
1272.2340748558076 
1257.9449462023629 
1251.821033922315 
1264.0688584824106 
1272.2340748558076 
1274.275378949157 
1285.502551462578 
1313.0601567227932 
1314.0808087694677 
1302.3433102327094 
1279.8889652058674 
1294.1780938593124 
1312.549830699456 
1293.6677678359752 
1247.2280997122791 
1264.579184505748 
1271.7237488324704 
1266.11016257576 
1244.6764695955926 
1234.9802751521836 
1232.428645035497 
1219.1601684287268 
1274.7857049724944 
1266.6204885990971 
1248.7590777822911 
1256.4139681323509 
1259.4759242723749 
1255.3933160856764 
1259.4759242723749 
1264.579184505748 
1263.0482064357361 
1272.2340748558076 
1283.4612473692287 
1267.1308146224346 
1259.9862502957121 
1271.7237488324704 
1255.3933160856764 
1270.1927707624584 
1272.2340748558076 
1276.8270090658436 
1282.9509213458914 
1272.2340748558076 
1254.8829900623389 
1265.0895105290854 
1277.8476611125182 
1283.4612473692287 
1272.2340748558076 
1272.2340748558076 
1282.4405953225541 
1283.4612473692287 
1280.399291229205 
1274.275378949157 
1273.2547269024824 
1276.8270090658436 
1279.3786391825302 
1283.4612473692287 
1271.2134228091331 
1272.2340748558076 
1272.2340748558076 
1266.11016257576 
1268.6617926924466 
1269.6824447391211 
1224.7737546854373 
1250.8003818756404 
1247.7384257356166 
1228.8563628721358 
1272.2340748558076 
1259.9862502957121 
1260.4965763190494 
1259.9862502957121 
1239.062883338882 
1236.000927198858 
1188.5406070284878 
1169.1482181416695 
1133.9357225313947 
1079.8411640576392 
1093.6199666877467 
1088.5891727496874 
1086.84539165516 
1081.603797722425 
1079.1347434788186 
1081.9108786941306 
1077.1316721728942 
1092.3004580881227 
1095.0017487305606 
1109.7549514700295 
1103.521203833634 
1108.7159935306302 
1092.5082496760024 
1091.2615001487234 
1082.7420450456498 
1090.8459169729638 
1099.3653720760371 
1081.2875039304909 
1080.8719207547315 
1115.365324342785 
1155.2613092157148 
1153.598976512676 
1140.3892555989391 
1137.5095597356008 
1136.692154211282 
1151.6895322461355 
1144.8942176735125 
1140.9656064191781 
1141.9238042860889 
1146.2356946871876 
1151.0266840217414 
1145.2774968202766 
1121.3225501475072 
1129.4672320162488 
1142.8820021529998 
1128.5090341493378 
1135.695518151169 
1126.113539482061 
1129.4672320162488 
1141.3488855659425 
1139.6051044714152 
1140.336257137205 
1129.1986069836455 
1121.198953900183 
1135.584609769793 
1136.2445505425867 
1105.692606275898 
1110.708597125653 
1092.4686303992714 
1098.8526187535049 
1111.1645962938123 
1113.9005913027695 
1123.0205746659603 
1121.6525771614815 
1119.3725813206838 
1112.9885929664506 
1122.1085763296412 
1142.1725397286607 
1121.6525771614815 
1129.4045630201938 
1134.8765530381083 
1143.9965364012987 
1150.8365239236919 
1134.8765530381083 
1157.2205122779255 
1164.0604998003184 
1161.7805039595207 
1180.0204706859022 
1182.3004665267 
1177.7404748451045 
1148.5565280828941 
1143.5405372331393 
1146.2765322420964 
1147.1885305784158 
1162.2365031276804 
1163.604500632159 
1159.9565072868827 
1154.0285181008087 
1173.1804831635093 
1177.7404748451045 
1179.108472349583 
1163.1485014639993 
1165.8844964729567 
1153.1165197644896 
1165.8844964729567 
1169.0764906500733 
1166.3404956411161 
1154.4845172689681 
1149.924525587373 
1142.1725397286607 
1118.833550028434 
1135.6689781509792 
1135.5372762417815 
1129.590861769871 
1149.0207329450184 
1162.8046199113062 
1208.0945342291084 
1208.586815906476 
1207.602252551741 
1214.9864777122523 
1210.063660938578 
1162.8046199113062 
1146.5022198836068 
1144.7584387890795 
1140.4727920113564 
1142.2130834564425 
1099.7313382249058 
1110.088677112786 
1132.215719282348 
1108.2055245877168 
1143.3263191802555 
1114.8907160517122 
1110.3711499915464 
1094.552668780966 
1007.4640386198021 
1013.7885721266023 
1006.5295102929136 
1015.9413449618186 
1002.6826147366338 
980.6402690761212 
1005.8971234787919 
987.0692865604374 
968.9302729439738 
900.7367660567629 
902.573628195139 
925.0751893902456 
925.9936204594336 
914.9724476291773 
902.344020427842 
927.6008748305127 
932.8818534783438 
927.6008748305127 
914.0540165599892 
906.0177447045941 
927.6008748305127 
920.7126418116025 
930.1265602707797 
908.7730379121581 
938.392439893472 
896.6038262454168 
903.721667031624 
899.5887272202779 
899.8183349875749 
908.7730379121581 
905.55852917 
909.0026456794551 
927.6008748305127 
927.6008748305127 
938.622047660769 
927.6008748305127 
926.4528359940276 
938.162832126175 
928.7516689602053 
927.007887865678 
925.2641067711506 
914.7723049163203 
928.1149789273315 
925.2676836704994 
913.7176444454669 
881.9514309913903 
873.9348136054837 
879.6051039516128 
878.431940431724 
878.431940431724 
871.588486565706 
870.610850299132 
852.8416555229239 
845.2319613221355 
843.0038148500453 
841.1215086517183 
845.9026217332365 
855.8805968598836 
850.6837348147549 
845.9026217332365 
856.0884713416887 
840.705759688108 
838.8348893518616 
836.9640190156153 
831.5592824886816 
842.3687555425491 
852.8234647893113 
848.5294182343138 
843.4131287489855 
851.3130900922894 
861.2549759503129 
868.3563229917581 
885.6024515209825 
883.9792864829378 
878.9068957390483 
874.8489831439367 
878.7040001092928 
887.4285121887827 
884.3850777424491 
859.4289152825127 
877.2837307010037 
859.0231240230015 
855.1681070576454 
863.6897235073798 
872.4142355868698 
861.660767209824 
853.1391507600896 
860.8491846908017 
870.9939661785808 
885.1966602614714 
882.1532258151376 
874.7928878977164 
871.7632629344143 
868.5345628067114 
866.5317595091668 
838.6475367192443 
822.5256589319816 
819.8984209463645 
836.7402967243469 
847.2390373317282 
844.801829690729 
851.1760650594963 
837.4902067677314 
830.7218936711656 
828.9781125766383 
827.1042468289093 
831.6520975106571 
825.4482251824073 
817.1665738284714 
812.9907314310326 
809.116224665458 
803.2700812731325 
810.2477362897791 
815.1509533285038 
824.3916315937925 
810.059151019059 
817.2253913064256 
802.1385696488114 
802.3271549195316 
810.5942343359143 
807.8770889565678 
801.8681987128796 
805.6921145042215 
807.9678260550681 
815.5123616553215 
817.4029744719595 
818.1820759221123 
824.8475233576621 
827.0905273600057 
821.6699343543419 
828.0251123609822 
837.9317133713333 
866.3430974010195 
856.6234133908637 
854.1934923883248 
858.6795003930121 
861.2963383957463 
842.4177213760206 
841.8569703754347 
839.9878003734817 
853.0719903871529 
841.2962193748488 
851.7635713857858 
848.212148382075 
851.7635713857858 
888.5862204242607 
909.1470904457441 
913.446181450236 
920.3621104574622 
938.3061424762114 
935.3154704730865 
928.5864584660557 
926.343454463712 
941.2968144793363 
967.8390285070694 
931.0163794685946 
931.7640474693758 
828.3989463613729 
818.4923453510218 
791.7632143230933 
791.3893803227027 
732.1366912607914 
695.2996172135962 
688.4853018361559 
681.2869700674174 
684.189966451705 
657.4823997162598 
691.0120079547806 
659.6596470044755 
609.1475099178726 
619.5982969013078 
623.3721922008815 
621.0497950934514 
620.1788961781651 
626.5654882235978 
617.8564990707353 
616.2598510593771 
621.630394370309 
625.6945893083115 
610.0184088331589 
619.5982969013078 
616.8404503362345 
613.3568546750896 
603.9221164261551 
608.4217608218007 
610.3087084715876 
602.4706182340113 
606.3896633527995 
602.6157680532258 
621.630394370309 
621.0497950934514 
621.630394370309 
619.4531470820933 
616.4050008785914 
605.0833149798701 
616.985600155449 
606.3896633527995 
604.647865522227 
604.5027157030127 
605.3736146182989 
604.3575658837983 
596.3743258270076 
593.9067789003632 
599.5676218497238 
595.0679774540781 
603.3415171492976 
605.3736146182989 
602.9060676916545 
604.2124160645839 
618.7273979860215 
613.7923041327326 
617.2758997938777 
613.3568546750896 
600.2933709457957 
605.2284647990845 
609.1475099178726 
599.8579214881526 
610.5990081100164 
604.0672662453694 
605.0833149798701 
605.8090640759419 
606.6799629912282 
620.7594954550227 
614.6632030480189 
613.2117048558752 
607.9863113641577 
557.7644739159836 
534.1050533840403 
530.0408584460379 
530.7666075421097 
532.871279920718 
535.0485272089338 
536.9354748587207 
528.3716355250724 
535.0485272089338 
532.395817946486 
529.4756920136501 
523.0648148796204 
542.5399016800216 
527.4624151248722 
539.8175777186752 
538.0375966670256 
529.635429982116 
524.0904980858245 
518.5110433856412 
512.4289951317025 
511.9135673135721 
469.85465735413214 
466.2466626272194 
472.9769129052388 
471.2331318107115 
474.09172813490665 
475.84188914972003 
481.7924366000854 
475.9585665507076 
477.59205016453336 
479.4005498798405 
479.4588885803343 
481.0340334936663 
475.9585665507076 
480.2172916867534 
489.7848385677331 
490.6599190751398 
496.4354504240239 
503.5527718842649 
486.63454874106907 
477.4753727635458 
480.7423399911974 
478.93384027589025 
472.39990582058704 
479.4005498798405 
478.93384027589025 
477.06700186008936 
443.98895868011675 
459.1570208084993 
472.92495412503104 
474.61677643935064 
466.4493583702216 
466.04098746676516 
469.249615993923 
473.5666798304626 
469.36629339491054 
473.45000242947503 
470.619175326715 
468.87539423218766 
477.3853230613951 
469.97531700603076 
480.91665407215464 
482.8849369306108 
500.48370131210106 
487.458300042906 
492.3790071890464 
496.2576822336511 
494.40518071981 
492.72635122289154 
479.9904033152341 
480.33774734907934 
481.26399810599986 
473.91188272294306 
478.7168085244684 
485.4321265121423 
483.5796249983012 
480.15342518517235 
473.1905891182646 
472.6493440814816 
479.30665803391264 
483.5824938244985 
475.8968143021797 
479.57728055230416 
479.4149070412693 
480.5515216185136 
483.5824938244985 
481.47163818104474 
489.427940221755 
493.1625309755578 
490.5645547989993 
482.1752567288626 
483.69074283185506 
484.394361379673 
480.7680196332268 
474.4354527028655 
475.62619178378816 
477.95354544195516 
477.7911719309202 
474.89248217690533 
470.1159465518101 
476.28737946358706 
474.3884770291942 
470.32693571118705 
477.71155628938175 
474.5994661885711 
471.85660711667026 
452.7093409032083 
425.06976102482247 
432.0255904443069 
448.15493089518714 
431.98300036924536 
442.04707730599023 
439.4095950742916 
442.65801258495264 
446.9621463417805 
451.59555670556114 
446.8897493048464 
436.39217894940595 
408.44692269285406 
409.82301950796364 
415.8639180179159 
419.0888584872581 
422.83676227595305 
424.14417057433496 
422.74960172272756 
422.1394778501493 
425.8002210856188 
427.10762938400075 
415.42811525178865 
441.92492343232954 
445.7599877742499 
444.80122168876983 
429.6352854275392 
437.2182535581545 
432.3372625775286 
427.4562715969026 
429.6352854275392 
428.4150376823827 
431.9886203646267 
436.2594874726744 
439.1357857291147 
438.52566185653643 
449.9436943290722 
445.9343088807008 
446.45727220005364 
441.66344177265313 
442.36072619845686 
439.22294628234016 
434.6732926583787 
433.53897908948124 
429.3364698682062 
425.6996830421028 
433.21570914938314 
438.630480646026 
437.0949484305601 
434.1047014846529 
425.6996830421028 
431.27608950879466 
426.7809579540925 
418.22246422792955 
413.42756137159085 
409.78116941122585 
407.53795713124094 
405.7754331969671 
407.53795713124094 
405.3748595755412 
392.1559300684871 
405.3748595755412 
402.4907295012748 
411.7039227940701 
410.5022019297925 
410.0215135840814 
412.74541420977744 
416.35057680261036 
410.66243137836284 
404.41348288411905 
406.5765804398188 
402.81118839841554 
408.018645476952 
406.0207404769921 
400.4773359759182 
400.07907113617205 
401.5128245592583 
393.78439737083295 
390.05340262956776 
387.7956476443641 
387.7150135377497 
381.7480896482829 
380.86111447552435 
383.7639423136433 
383.5220399938001 
359.654344435933 
343.04371847336336 
343.76942543289306 
335.4641124516083 
337.96376975665515 
341.5116704476894 
338.6894767161849 
338.85074492941374 
336.18981941113805 
337.3993310103542 
334.5771372788497 
332.80318693333254 
333.0450892531758 
304.4558635825016 
302.71208248797427 
269.0776823648498 
293.97924338145606 
300.1181698820777 
293.2010695996871 
288.877881923193 
295.7949822055836 
292.0770408037987 
272.01744998486583 
254.46530801829965 
260.08545199774204 
262.3302438535482 
273.7930844050981 
295.7421625438163 
336.8011345844035 
325.77199581818195 
317.03604432018466 
328.06518308640625 
325.9903946056319 
293.9949722442168 
290.8281898261928 
311.8747589996408 
317.4814751554267 
297.1907718094117 
318.45698973936976 
340.21096496129934 
331.8215395393893 
326.261106410914 
337.86972995983604 
333.47991433209245 
322.8468053671134 
320.8957761992273 
310.5553216094312 
313.87207119483753 
329.0900987043488 
355.0387866372334 
362.64780039198905 
361.672285808046 
359.6237051817656 
350.35631663430684 
351.81958851022137 
360.7943226824973 
359.81880809855426 
361.9649401832289 
358.06288184745677 
342.8448543379455 
352.6000001773758 
359.3310508065827 
356.11185267957075 
351.52693413503846 
355.9167497627821 
351.6244855934328 
343.72281746349427 
345.8689495481689 
335.13828912479556 
347.52732434087204 
341.4791339204253 
345.4787437145917 
353.47796330292454 
347.62487579926636 
342.9424057963398 
320.6031218240444 
306.3606088984762 
289.58175805465606 
305.2875428561389 
295.6299484751029 
294.5568824327655 
289.6793095130504 
293.19116201524525 
295.72749993349714 
309.6773584838825 
303.0438593130699 
314.5549314035976 
293.77647076561107 
276.9000684633967 
270.7543265845556 
267.5351284575436 
251.14648344730068 
253.44869786540622 
248.96133077926828 
239.59639077341518 
249.62468069634957 
204.59492750153927 
218.4082140101726 
217.78388467644905 
221.7249635955789 
248.76622786247967 
253.99498603241435 
249.50761894627638 
255.24364469986142 
249.66370127970728 
237.17711460523648 
239.9865966069924 
245.13731361021163 
239.67443194013066 
241.70350227473216 
250.09292769664222 
269.13497237521017 
267.1839432073241 
264.1865088106799 
259.02351364459275 
251.32757616303306 
249.84291261992908 
246.87091478354353 
241.66991856986877 
261.483237479106 
255.56400845497134 
240.20868630031254 
240.08485305712978 
236.41938905892093 
216.55653685241066 
222.5500658224549 
225.76973014520595 
221.55939987699304 
221.014533606989 
229.23706095432246 
230.9707263588807 
256.9261741299814 
264.00943564003364 
265.8421676391381 
267.5758330436964 
257.86730677817013 
264.3066354236722 
262.3748368300216 
266.43656720641525 
263.3655027754835 
266.8328335846 
259.10563920999743 
259.30377239908984 
249.59524613356362 
262.12717034365613 
262.4243701272947 
266.0403008282305 
263.46456937002966 
268.26929920551964 
266.337500611869 
265.0001015854955 
265.7431010445919 
263.76661251947564 
262.69865670971 
262.69865670971 
270.0464754771553 
272.13920867041503 
260.3268924240156 
247.35194662580534 
235.44662001526115 
238.09741539339012 
240.32966413286718 
236.4697340208548 
238.14392057546257 
235.53963037940602 
222.98323121984765 
235.86516665391306 
241.67831441296786 
244.70115124767636 
239.72509676592546 
240.09713822250498 
235.67914592562335 
238.28343612167987 
239.9111174942152 
240.7482107715191 
245.21270825047318 
240.05063304043253 
244.1932216490812 
244.1932216490812 
244.1932216490812 
244.1932216490812 
244.1932216490812 
244.1932216490812 
244.1932216490812 
244.1932216490812 
244.1932216490812 
244.1932216490812 
244.1932216490812 
244.1932216490812 
244.1932216490812 
244.1932216490812 
244.1932216490812 
244.1932216490812 
244.1932216490812 
244.1932216490812 
244.1932216490812 
244.1932216490812 
244.1932216490812 
244.1932216490812 
244.1932216490812 
244.1932216490812 
244.1932216490812 
244.1932216490812 
244.1932216490812 
244.1932216490812 
244.1932216490812 
244.1932216490812 
244.1932216490812 
244.1932216490812 
244.1932216490812 
244.1932216490812 
244.1932216490812 
244.1932216490812 
244.1932216490812 
244.1932216490812 
244.1932216490812 
244.1932216490812 
244.1932216490812 
244.1932216490812 
244.1932216490812 
244.1932216490812 
244.1932216490812 
244.1932216490812 
244.1932216490812 
244.1932216490812 
244.1932216490812 
244.1932216490812 
244.1932216490812 
244.1932216490812 
244.1932216490812 
244.1932216490812 
244.1932216490812 
244.1932216490812 
244.1932216490812 
244.1932216490812 
244.1932216490812 
244.1932216490812 
244.1932216490812 
244.1932216490812 
244.1932216490812 
244.1932216490812 
244.1932216490812 
244.1932216490812 
244.1932216490812 
244.1932216490812 
244.1932216490812 
244.1932216490812 
244.1932216490812 
244.1932216490812 
244.1932216490812 
244.1932216490812 
244.1932216490812 
244.1932216490812 
244.1932216490812 
244.1932216490812 
244.1932216490812 
244.1932216490812 
244.1932216490812 
244.1932216490812 
244.1932216490812 
244.1932216490812 
244.1932216490812 
244.1932216490812 
244.1932216490812 
244.1932216490812 
244.1932216490812 
244.1932216490812 
244.1932216490812 
244.1932216490812 
244.1932216490812 
244.1932216490812 
244.1932216490812 
244.1932216490812 
244.1932216490812 
244.1932216490812 
244.1932216490812 
244.1932216490812 
244.1932216490812 
244.1932216490812 
244.1932216490812 
244.1932216490812 
244.1932216490812 
244.1932216490812 
244.1932216490812 
244.1932216490812 
244.1932216490812 
244.1932216490812 
244.1932216490812 
244.1932216490812 
244.1932216490812 
244.1932216490812 
244.1932216490812 
244.1932216490812 
244.1932216490812 
244.1932216490812 
244.1932216490812 
244.1932216490812 
244.1932216490812 
244.1932216490812 
244.1932216490812 
244.1932216490812 
244.1932216490812 
244.1932216490812 
244.1932216490812 
244.1932216490812 
244.1932216490812 
244.1932216490812 
244.1932216490812 
244.1932216490812 
244.1932216490812 
244.1932216490812 
244.1932216490812 
244.1932216490812 
244.1932216490812 
244.1932216490812 
244.1932216490812 
244.1932216490812 
244.1932216490812 
244.1932216490812 
244.1932216490812 
244.1932216490812 
244.1932216490812 
244.1932216490812 
244.1932216490812 
244.1932216490812 
244.1932216490812 
244.1932216490812 
244.1932216490812 
244.1932216490812 
244.1932216490812 
244.1932216490812 
244.1932216490812 
244.1932216490812 
244.1932216490812 
244.1932216490812 
244.1932216490812 
244.1932216490812 
244.1932216490812 
244.1932216490812 
244.1932216490812 
244.1932216490812 
244.1932216490812 
244.1932216490812 
244.1932216490812 
244.1932216490812 
244.1932216490812 
244.1932216490812 
244.1932216490812 
244.1932216490812 
244.1932216490812 
244.1932216490812 
244.1932216490812 
244.1932216490812 
244.1932216490812 
244.1932216490812 
244.1932216490812 
244.1932216490812 
244.1932216490812 
244.1932216490812 
244.1932216490812 
244.1932216490812 
244.1932216490812 
244.1932216490812 
244.1932216490812 
244.1932216490812 
244.1932216490812 
244.1932216490812 
244.1932216490812 
244.1932216490812 
244.1932216490812 
244.1932216490812 
244.1932216490812 
244.1932216490812 
244.1932216490812 
244.1932216490812 
244.1932216490812 
244.1932216490812 
244.1932216490812 
244.1932216490812 
244.1932216490812 
244.1932216490812 
244.1932216490812 
244.1932216490812 
244.1932216490812 
244.1932216490812 
244.1932216490812 
244.1932216490812 
244.1932216490812 
244.1932216490812 
244.1932216490812 
244.1932216490812 
244.1932216490812 
244.1932216490812 
244.1932216490812 
244.1932216490812 
244.1932216490812 
244.1932216490812 
244.1932216490812 
244.1932216490812 
244.1932216490812 
244.1932216490812 
244.1932216490812 
244.1932216490812 
244.1932216490812 
244.1932216490812 
244.1932216490812 
244.1932216490812 
244.1932216490812 
244.1932216490812 
244.1932216490812 
244.1932216490812 
244.1932216490812 
244.1932216490812 
244.1932216490812 
244.1932216490812 
244.1932216490812 
244.1932216490812 
244.1932216490812 
244.1932216490812 
244.1932216490812 
244.1932216490812 
244.1932216490812 
244.1932216490812 
244.1932216490812 
244.1932216490812 
244.1932216490812 
244.1932216490812 
244.1932216490812 
244.1932216490812 
244.1932216490812 
244.1932216490812 
244.1932216490812 
244.1932216490812 
244.1932216490812 
244.1932216490812 
244.1932216490812 
244.1932216490812 
244.1932216490812 
244.1932216490812 
244.1932216490812 
244.1932216490812 
244.1932216490812 
244.1932216490812 
244.1932216490812 
244.1932216490812 
244.1932216490812 
244.1932216490812 
244.1932216490812 
244.1932216490812 
244.1932216490812 
244.1932216490812 
244.1932216490812 
244.1932216490812 
244.1932216490812 
244.1932216490812 
244.1932216490812 
244.1932216490812 
244.1932216490812 
244.1932216490812 
244.1932216490812 
244.1932216490812 
244.1932216490812 
244.1932216490812 
244.1932216490812 
244.1932216490812 
244.1932216490812 
244.1932216490812 
244.1932216490812 
244.1932216490812 
244.1932216490812 
244.1932216490812 
244.1932216490812 
244.1932216490812 
244.1932216490812 
244.1932216490812 
244.1932216490812 
244.1932216490812 
244.1932216490812 
244.1932216490812 
244.1932216490812 
244.1932216490812 
244.1932216490812 
244.1932216490812 
244.1932216490812 
244.1932216490812 
244.1932216490812 
244.1932216490812 
244.1932216490812 
244.1932216490812 
244.1932216490812 
244.1932216490812 
244.1932216490812 
244.1932216490812 
244.1932216490812 
244.1932216490812 
244.1932216490812 
244.1932216490812 
244.1932216490812 
244.1932216490812 
244.1932216490812 
244.1932216490812 
244.1932216490812 
244.1932216490812 
244.1932216490812 
244.1932216490812 
244.1932216490812 
244.1932216490812 
244.1932216490812 
244.1932216490812 
244.1932216490812 
244.1932216490812 
244.1932216490812 
244.1932216490812 
244.1932216490812 
244.1932216490812 
244.1932216490812 
244.1932216490812 
244.1932216490812 
244.1932216490812 
244.1932216490812 
244.1932216490812 
244.1932216490812 
244.1932216490812 
244.1932216490812 
244.1932216490812 
244.1932216490812 
244.1932216490812 
244.1932216490812 
244.1932216490812 
244.1932216490812 
244.1932216490812 
244.1932216490812 
244.1932216490812 
244.1932216490812 
244.1932216490812 
244.1932216490812 
244.1932216490812 
244.1932216490812 
244.1932216490812 
244.1932216490812 
244.1932216490812 
244.1932216490812 
244.1932216490812 
244.1932216490812 
244.1932216490812 
244.1932216490812 
244.1932216490812 
244.1932216490812 
244.1932216490812 
244.1932216490812 
244.1932216490812 
244.1932216490812 
244.1932216490812 
244.1932216490812 
244.1932216490812 
244.1932216490812 
244.1932216490812 
244.1932216490812 
244.1932216490812 
244.1932216490812 
244.1932216490812 
244.1932216490812 
244.1932216490812 
244.1932216490812 
244.1932216490812 
244.1932216490812 
244.1932216490812 
244.1932216490812 
244.1932216490812 
244.1932216490812 
244.1932216490812 
244.1932216490812 
244.1932216490812 
244.1932216490812 
244.1932216490812 
244.1932216490812 
244.1932216490812 
244.1932216490812 
244.1932216490812 
244.1932216490812 
244.1932216490812 
244.1932216490812 
244.1932216490812 
244.1932216490812 
244.1932216490812 
244.1932216490812 
244.1932216490812 
244.1932216490812 
244.1932216490812 
244.1932216490812 
244.1932216490812 
244.1932216490812 
244.1932216490812 
244.1932216490812 
244.1932216490812 
244.1932216490812 
244.1932216490812 
244.1932216490812 
244.1932216490812 
244.1932216490812 
244.1932216490812 
244.1932216490812 
244.1932216490812 
244.1932216490812 
244.1932216490812 
244.1932216490812 
244.1932216490812 
244.1932216490812 
244.1932216490812 
244.1932216490812 
244.1932216490812 
244.1932216490812 
244.1932216490812 
244.1932216490812 
244.1932216490812 
244.1932216490812 
244.1932216490812 
244.1932216490812 
244.1932216490812 
244.1932216490812 
244.1932216490812 
244.1932216490812 
244.1932216490812 
244.1932216490812 
244.1932216490812 
244.1932216490812 
244.1932216490812 
244.1932216490812 
244.1932216490812 
244.1932216490812 
244.1932216490812 
244.1932216490812 
244.1932216490812 
244.1932216490812 
244.1932216490812 
244.1932216490812 
244.1932216490812 
244.1932216490812 
244.1932216490812 
244.1932216490812 
244.1932216490812 
244.1932216490812 
244.1932216490812 
244.1932216490812 
244.1932216490812 
244.1932216490812 
244.1932216490812 
244.1932216490812 
244.1932216490812 
244.1932216490812 
244.1932216490812 
244.1932216490812 
244.1932216490812 
244.1932216490812 
244.1932216490812 
244.1932216490812 
244.1932216490812 
244.1932216490812 
244.1932216490812 
244.1932216490812 
244.1932216490812 
244.1932216490812 
244.1932216490812 
244.1932216490812 
244.1932216490812 
244.1932216490812 
244.1932216490812 
244.1932216490812 
244.1932216490812 
244.1932216490812 
244.1932216490812 
244.1932216490812 
244.1932216490812 
244.1932216490812 
244.1932216490812 
244.1932216490812 
244.1932216490812 
244.1932216490812 
244.1932216490812 
244.1932216490812 
244.1932216490812 
244.1932216490812 
244.1932216490812 
244.1932216490812 
244.1932216490812 
244.1932216490812 
244.1932216490812 
244.1932216490812 
244.1932216490812 
244.1932216490812 
244.1932216490812 
244.1932216490812 
244.1932216490812 
244.1932216490812 
244.1932216490812 
244.1932216490812 
244.1932216490812 
244.1932216490812 
244.1932216490812 
244.1932216490812 
244.1932216490812 
244.1932216490812 
244.1932216490812 
244.1932216490812 
244.1932216490812 
244.1932216490812 
244.1932216490812 
244.1932216490812 
244.1932216490812 
244.1932216490812 
244.1932216490812 
244.1932216490812 
244.1932216490812 
244.1932216490812 
244.1932216490812 
244.1932216490812 
244.1932216490812 
244.1932216490812 
244.1932216490812 
244.1932216490812 
244.1932216490812 
244.1932216490812 
244.1932216490812 
244.1932216490812 
244.1932216490812 
244.1932216490812 
244.1932216490812 
244.1932216490812 
244.1932216490812 
244.1932216490812 
244.1932216490812 
244.1932216490812 
244.1932216490812 
244.1932216490812 
244.1932216490812 
244.1932216490812 
244.1932216490812 
244.1932216490812 
244.1932216490812 
244.1932216490812 
244.1932216490812 
244.1932216490812 
244.1932216490812 
244.1932216490812 
244.1932216490812 
244.1932216490812 
244.1932216490812 
244.1932216490812 
244.1932216490812 
244.1932216490812 
244.1932216490812 
244.1932216490812 
244.1932216490812 
244.1932216490812 
244.1932216490812 
244.1932216490812 
244.1932216490812 
244.1932216490812 
244.1932216490812 
244.1932216490812 
244.1932216490812 
244.1932216490812 
244.1932216490812 
244.1932216490812 
244.1932216490812 
244.1932216490812 
244.1932216490812 
244.1932216490812 
244.1932216490812 
244.1932216490812 
244.1932216490812 
244.1932216490812 
244.1932216490812 
244.1932216490812 
244.1932216490812 
244.1932216490812 
244.1932216490812 
244.1932216490812 
244.1932216490812 
244.1932216490812 
244.1932216490812 
244.1932216490812 
244.1932216490812 
244.1932216490812 
244.1932216490812 
244.1932216490812 
244.1932216490812 
244.1932216490812 
244.1932216490812 
244.1932216490812 
244.1932216490812 
244.1932216490812 
244.1932216490812 
244.1932216490812 
244.1932216490812 
244.1932216490812 
244.1932216490812 
244.1932216490812 
244.1932216490812 
244.1932216490812 
244.1932216490812 
244.1932216490812 
244.1932216490812 
244.1932216490812 
244.1932216490812 
244.1932216490812 
244.1932216490812 
244.1932216490812 
244.1932216490812 
244.1932216490812 
244.1932216490812 
244.1932216490812 
244.1932216490812 
244.1932216490812 
244.1932216490812 
244.1932216490812 
244.1932216490812 
244.1932216490812 
244.1932216490812 
244.1932216490812 
244.1932216490812 
244.1932216490812 
244.1932216490812 
244.1932216490812 
244.1932216490812 
244.1932216490812 
244.1932216490812 
244.1932216490812 
244.1932216490812 
244.1932216490812 
244.1932216490812 
244.1932216490812 
244.1932216490812 
244.1932216490812 
244.1932216490812 
244.1932216490812 
244.1932216490812 
244.1932216490812 
244.1932216490812 
244.1932216490812 
244.1932216490812 
244.1932216490812 
244.1932216490812 
244.1932216490812 
244.1932216490812 
244.1932216490812 
244.1932216490812 
244.1932216490812 
244.1932216490812 
244.1932216490812 
244.1932216490812 
244.1932216490812 
244.1932216490812 
244.1932216490812 
244.1932216490812 
244.1932216490812 
244.1932216490812 
244.1932216490812 
244.1932216490812 
244.1932216490812 
244.1932216490812 
244.1932216490812 
244.1932216490812 
244.1932216490812 
244.1932216490812 
244.1932216490812 
244.1932216490812 
244.1932216490812 
244.1932216490812 
244.1932216490812 
244.1932216490812 
244.1932216490812 
244.1932216490812 
244.1932216490812 
244.1932216490812 
244.1932216490812 
244.1932216490812 
244.1932216490812 
244.1932216490812 
244.1932216490812 
244.1932216490812 
244.1932216490812 
244.1932216490812 
244.1932216490812 
244.1932216490812 
244.1932216490812 
244.1932216490812 
244.1932216490812 
244.1932216490812 
244.1932216490812 
244.1932216490812 
244.1932216490812 
244.1932216490812 
244.1932216490812 
244.1932216490812 
244.1932216490812 
244.1932216490812 
244.1932216490812 
244.1932216490812 
244.1932216490812 
244.1932216490812 
244.1932216490812 
244.1932216490812 
244.1932216490812 
244.1932216490812 
244.1932216490812 
244.1932216490812 
244.1932216490812 
244.1932216490812 
244.1932216490812 
244.1932216490812 
244.1932216490812 
244.1932216490812 
244.1932216490812 
244.1932216490812 
244.1932216490812 
244.1932216490812 
244.1932216490812 
244.1932216490812 
244.1932216490812 
244.1932216490812 
244.1932216490812 
244.1932216490812 
244.1932216490812 
244.1932216490812 
244.1932216490812 
244.1932216490812 
244.1932216490812 
244.1932216490812 
244.1932216490812 
244.1932216490812 
244.1932216490812 
244.1932216490812 
244.1932216490812 
244.1932216490812 
244.1932216490812 
244.1932216490812 
244.1932216490812 
244.1932216490812 
244.1932216490812 
244.1932216490812 
244.1932216490812 
244.1932216490812 
244.1932216490812 
244.1932216490812 
244.1932216490812 
244.1932216490812 
244.1932216490812 
244.1932216490812 
244.1932216490812 
244.1932216490812 
244.1932216490812 
244.1932216490812 
244.1932216490812 
244.1932216490812 
244.1932216490812 
244.1932216490812 
244.1932216490812 
244.1932216490812 
244.1932216490812 
244.1932216490812 
244.1932216490812 
244.1932216490812 
244.1932216490812 
244.1932216490812 
244.1932216490812 
244.1932216490812 
244.1932216490812 
244.1932216490812 
244.1932216490812 
244.1932216490812 
244.1932216490812 
244.1932216490812 
244.1932216490812 
244.1932216490812 
244.1932216490812 
244.1932216490812 
244.1932216490812 
244.1932216490812 
244.1932216490812 
244.1932216490812 
244.1932216490812 
244.1932216490812 
244.1932216490812 
244.1932216490812 
244.1932216490812 
244.1932216490812 
244.1932216490812 
244.1932216490812 
244.1932216490812 
244.1932216490812 
244.1932216490812 
244.1932216490812 
244.1932216490812 
244.1932216490812 
244.1932216490812 
244.1932216490812 
244.1932216490812 
244.1932216490812 
244.1932216490812 
244.1932216490812 
244.1932216490812 
244.1932216490812 
244.1932216490812 
244.1932216490812 
244.1932216490812 
244.1932216490812 
244.1932216490812 
244.1932216490812 
244.1932216490812 
244.1932216490812 
244.1932216490812 
244.1932216490812 
244.1932216490812 
244.1932216490812 
244.1932216490812 
244.1932216490812 
244.1932216490812 
244.1932216490812 
244.1932216490812 
244.1932216490812 
244.1932216490812 
244.1932216490812 
244.1932216490812 
244.1932216490812 
244.1932216490812 
244.1932216490812 
244.1932216490812 
244.1932216490812 
244.1932216490812 
244.1932216490812 
244.1932216490812 
244.1932216490812 
244.1932216490812 
244.1932216490812 
244.1932216490812 
244.1932216490812 
244.1932216490812 
244.1932216490812 
244.1932216490812 
244.1932216490812 
244.1932216490812 
244.1932216490812 
244.1932216490812 
244.1932216490812 
244.1932216490812 
244.1932216490812 
244.1932216490812 
244.1932216490812 
244.1932216490812 
244.1932216490812 
244.1932216490812 
244.1932216490812 
244.1932216490812 
244.1932216490812 
244.1932216490812 
244.1932216490812 
244.1932216490812 
244.1932216490812 
244.1932216490812 
244.1932216490812 
244.1932216490812 
244.1932216490812 
244.1932216490812 
244.1932216490812 
244.1932216490812 
244.1932216490812 
244.1932216490812 
244.1932216490812 
244.1932216490812 
244.1932216490812 
244.1932216490812 
244.1932216490812 
244.1932216490812 
244.1932216490812 
244.1932216490812 
244.1932216490812 
244.1932216490812 
244.1932216490812 
244.1932216490812 
244.1932216490812 
244.1932216490812 
244.1932216490812 
244.1932216490812 
244.1932216490812 
244.1932216490812 
244.1932216490812 
244.1932216490812 
244.1932216490812 
244.1932216490812 
244.1932216490812 
244.1932216490812 
244.1932216490812 
244.1932216490812 
244.1932216490812 
244.1932216490812 
244.1932216490812 
244.1932216490812 
244.1932216490812 
244.1932216490812 
244.1932216490812 
244.1932216490812 
244.1932216490812 
244.1932216490812 
244.1932216490812 
244.1932216490812 
244.1932216490812 
244.1932216490812 
244.1932216490812 
244.1932216490812 
244.1932216490812 
244.1932216490812 
244.1932216490812 
244.1932216490812 
244.1932216490812 
244.1932216490812 
244.1932216490812 
244.1932216490812 
244.1932216490812 
244.1932216490812 
244.1932216490812 
244.1932216490812 
244.1932216490812 
244.1932216490812 
244.1932216490812 
244.1932216490812 
244.1932216490812 
244.1932216490812 
244.1932216490812 
244.1932216490812 
244.1932216490812 
244.1932216490812 
244.1932216490812 
244.1932216490812 
244.1932216490812 
244.1932216490812 
244.1932216490812 
244.1932216490812 
244.1932216490812 
244.1932216490812 
244.1932216490812 
244.1932216490812 
244.1932216490812 
244.1932216490812 
244.1932216490812 
244.1932216490812 
244.1932216490812 
244.1932216490812 
244.1932216490812 
244.1932216490812 
244.1932216490812 
244.1932216490812 
244.1932216490812 
244.1932216490812 
244.1932216490812 
244.1932216490812 
244.1932216490812 
244.1932216490812 
244.1932216490812 
244.1932216490812 
244.1932216490812 
244.1932216490812 
244.1932216490812 
244.1932216490812 
244.1932216490812 
244.1932216490812 
244.1932216490812 
244.1932216490812 
244.1932216490812 
244.1932216490812 
244.1932216490812 
244.1932216490812 
244.1932216490812 
244.1932216490812 
244.1932216490812 
244.1932216490812 
244.1932216490812 
244.1932216490812 
244.1932216490812 
244.1932216490812 
244.1932216490812 
244.1932216490812 
244.1932216490812 
244.1932216490812 
244.1932216490812 
244.1932216490812 
244.1932216490812 
244.1932216490812 
244.1932216490812 
244.1932216490812 
244.1932216490812 
244.1932216490812 
244.1932216490812 
244.1932216490812 
244.1932216490812 
244.1932216490812 
244.1932216490812 
244.1932216490812 
244.1932216490812 
244.1932216490812 
244.1932216490812 
244.1932216490812 
244.1932216490812 
244.1932216490812 
244.1932216490812 
244.1932216490812 
244.1932216490812 
244.1932216490812 
244.1932216490812 
244.1932216490812 
244.1932216490812 
244.1932216490812 
244.1932216490812 
244.1932216490812 
244.1932216490812 
244.1932216490812 
244.1932216490812 
244.1932216490812 
244.1932216490812 
244.1932216490812 
244.1932216490812 
244.1932216490812 
244.1932216490812 
244.1932216490812 
244.1932216490812 
244.1932216490812 
244.1932216490812 
244.1932216490812 
244.1932216490812 
244.1932216490812 
244.1932216490812 
244.1932216490812 
244.1932216490812 
244.1932216490812 
244.1932216490812 
244.1932216490812 
244.1932216490812 
244.1932216490812 
244.1932216490812 
244.1932216490812 
244.1932216490812 
244.1932216490812 
244.1932216490812 
244.1932216490812 
244.1932216490812 
244.1932216490812 
244.1932216490812 
244.1932216490812 
244.1932216490812 
244.1932216490812 
244.1932216490812 
244.1932216490812 
244.1932216490812 
244.1932216490812 
244.1932216490812 
244.1932216490812 
244.1932216490812 
244.1932216490812 
244.1932216490812 
244.1932216490812 
244.1932216490812 
244.1932216490812 
244.1932216490812 
244.1932216490812 
244.1932216490812 
244.1932216490812 
244.1932216490812 
244.1932216490812 
244.1932216490812 
244.1932216490812 
244.1932216490812 
244.1932216490812 
244.1932216490812 
244.1932216490812 
244.1932216490812 
244.1932216490812 
244.1932216490812 
244.1932216490812 
244.1932216490812 
244.1932216490812 
244.1932216490812 
244.1932216490812 
244.1932216490812 
244.1932216490812 
244.1932216490812 
244.1932216490812 
244.1932216490812 
244.1932216490812 
244.1932216490812 
244.1932216490812 
244.1932216490812 
244.1932216490812 
244.1932216490812 
244.1932216490812 
244.1932216490812 
244.1932216490812 
244.1932216490812 
244.1932216490812 
244.1932216490812 
244.1932216490812 
244.1932216490812 
244.1932216490812 
244.1932216490812 
244.1932216490812 
244.1932216490812 
244.1932216490812 
244.1932216490812 
244.1932216490812 
244.1932216490812 
244.1932216490812 
244.1932216490812 
244.1932216490812 
244.1932216490812 
244.1932216490812 
244.1932216490812 
244.1932216490812 
244.1932216490812 
244.1932216490812 
244.1932216490812 
244.1932216490812 
244.1932216490812 
244.1932216490812 
244.1932216490812 
244.1932216490812 
244.1932216490812 
244.1932216490812 
244.1932216490812 
244.1932216490812 
244.1932216490812 
244.1932216490812 
244.1932216490812 
244.1932216490812 
244.1932216490812 
244.1932216490812 
244.1932216490812 
244.1932216490812 
244.1932216490812 
244.1932216490812 
244.1932216490812 
244.1932216490812 
244.1932216490812 
244.1932216490812 
244.1932216490812 
244.1932216490812 
244.1932216490812 
244.1932216490812 
244.1932216490812 
244.1932216490812 
244.1932216490812 
244.1932216490812 
244.1932216490812 
244.1932216490812 
244.1932216490812 
244.1932216490812 
244.1932216490812 
244.1932216490812 
244.1932216490812 
244.1932216490812 
244.1932216490812 
244.1932216490812 
244.1932216490812 
244.1932216490812 
244.1932216490812 
244.1932216490812 
244.1932216490812 
244.1932216490812 
244.1932216490812 
244.1932216490812 
244.1932216490812 
244.1932216490812 
244.1932216490812 
244.1932216490812 
244.1932216490812 
244.1932216490812 
244.1932216490812 
244.1932216490812 
244.1932216490812 
244.1932216490812 
244.1932216490812 
244.1932216490812 
244.1932216490812 
244.1932216490812 
244.1932216490812 
244.1932216490812 
244.1932216490812 
244.1932216490812 
244.1932216490812 
244.1932216490812 
244.1932216490812 
244.1932216490812 
244.1932216490812 
244.1932216490812 
244.1932216490812 
244.1932216490812 
244.1932216490812 
244.1932216490812 
244.1932216490812 
244.1932216490812 
244.1932216490812 
244.1932216490812 
244.1932216490812 
244.1932216490812 
244.1932216490812 
244.1932216490812 
244.1932216490812 
244.1932216490812 
244.1932216490812 
244.1932216490812 
244.1932216490812 
244.1932216490812 
244.1932216490812 
244.1932216490812 
244.1932216490812 
244.1932216490812 
244.1932216490812 
244.1932216490812 
244.1932216490812 
244.1932216490812 
244.1932216490812 
244.1932216490812 
244.1932216490812 
244.1932216490812 
244.1932216490812 
244.1932216490812 
244.1932216490812 
244.1932216490812 
244.1932216490812 
244.1932216490812 
244.1932216490812 
244.1932216490812 
244.1932216490812 
244.1932216490812 
244.1932216490812 
244.1932216490812 
244.1932216490812 
244.1932216490812 
244.1932216490812 
244.1932216490812 
244.1932216490812 
244.1932216490812 
244.1932216490812 
244.1932216490812 
244.1932216490812 
244.1932216490812 
244.1932216490812 
244.1932216490812 
244.1932216490812 
244.1932216490812 
244.1932216490812 
244.1932216490812 
244.1932216490812 
244.1932216490812 
244.1932216490812 
244.1932216490812 
244.1932216490812 
244.1932216490812 
244.1932216490812 
244.1932216490812 
244.1932216490812 
244.1932216490812 
244.1932216490812 
244.1932216490812 
244.1932216490812 
244.1932216490812 
244.1932216490812 
244.1932216490812 
244.1932216490812 
244.1932216490812 
244.1932216490812 
244.1932216490812 
244.1932216490812 
244.1932216490812 
244.1932216490812 
244.1932216490812 
244.1932216490812 
244.1932216490812 
244.1932216490812 
244.1932216490812 
244.1932216490812 
244.1932216490812 
244.1932216490812 
244.1932216490812 
244.1932216490812 
244.1932216490812 
244.1932216490812 
244.1932216490812 
244.1932216490812 
244.1932216490812 
244.1932216490812 
244.1932216490812 
244.1932216490812 
244.1932216490812 
244.1932216490812 
244.1932216490812 
244.1932216490812 
244.1932216490812 
244.1932216490812 
244.1932216490812 
244.1932216490812 
244.1932216490812 
244.1932216490812 
244.1932216490812 
244.1932216490812 
244.1932216490812 
244.1932216490812 
244.1932216490812 
244.1932216490812 
244.1932216490812 
244.1932216490812 
244.1932216490812 
244.1932216490812 
244.1932216490812 
244.1932216490812 
244.1932216490812 
244.1932216490812 
244.1932216490812 
244.1932216490812 
244.1932216490812 
244.1932216490812 
244.1932216490812 
244.1932216490812 
244.1932216490812 
244.1932216490812 
244.1932216490812 
244.1932216490812 
244.1932216490812 
244.1932216490812 
244.1932216490812 
244.1932216490812 
244.1932216490812 
244.1932216490812 
244.1932216490812 
244.1932216490812 
244.1932216490812 
244.1932216490812 
244.1932216490812 
244.1932216490812 
244.1932216490812 
244.1932216490812 
244.1932216490812 
244.1932216490812 
244.1932216490812 
244.1932216490812 
244.1932216490812 
244.1932216490812 
244.1932216490812 
244.1932216490812 
244.1932216490812 
244.1932216490812 
244.1932216490812 
244.1932216490812 
244.1932216490812 
244.1932216490812 
244.1932216490812 
244.1932216490812 
244.1932216490812 
244.1932216490812 
244.1932216490812 
244.1932216490812 
244.1932216490812 
244.1932216490812 
244.1932216490812 
244.1932216490812 
244.1932216490812 
244.1932216490812 
244.1932216490812 
244.1932216490812 
244.1932216490812 
244.1932216490812 
244.1932216490812 
244.1932216490812 
244.1932216490812 
244.1932216490812 
244.1932216490812 
244.1932216490812 
244.1932216490812 
244.1932216490812 
244.1932216490812 
244.1932216490812 
244.1932216490812 
244.1932216490812 
244.1932216490812 
244.1932216490812 
244.1932216490812 
244.1932216490812 
244.1932216490812 
244.1932216490812 
244.1932216490812 
244.1932216490812 
244.1932216490812 
244.1932216490812 
244.1932216490812 
244.1932216490812 
244.1932216490812 
244.1932216490812 
244.1932216490812 
244.1932216490812 
244.1932216490812 
244.1932216490812 
244.1932216490812 
244.1932216490812 
244.1932216490812 
244.1932216490812 
244.1932216490812 
244.1932216490812 
244.1932216490812 
244.1932216490812 
244.1932216490812 
244.1932216490812 
244.1932216490812 
244.1932216490812 
244.1932216490812 
244.1932216490812 
244.1932216490812 
244.1932216490812 
244.1932216490812 
244.1932216490812 
244.1932216490812 
244.1932216490812 
244.1932216490812 
244.1932216490812 
244.1932216490812 
244.1932216490812 
244.1932216490812 
244.1932216490812 
244.1932216490812 
244.1932216490812 
244.1932216490812 
244.1932216490812 
244.1932216490812 
244.1932216490812 
244.1932216490812 
244.1932216490812 
244.1932216490812 
244.1932216490812 
244.1932216490812 
244.1932216490812 
244.1932216490812 
244.1932216490812 
244.1932216490812 
244.1932216490812 
244.1932216490812 
244.1932216490812 
244.1932216490812 
244.1932216490812 
244.1932216490812 
244.1932216490812 
244.1932216490812 
244.1932216490812 
244.1932216490812 
244.1932216490812 
244.1932216490812 
244.1932216490812 
244.1932216490812 
244.1932216490812 
244.1932216490812 
244.1932216490812 
244.1932216490812 
244.1932216490812 
244.1932216490812 
244.1932216490812 
244.1932216490812 
244.1932216490812 
244.1932216490812 
244.1932216490812 
244.1932216490812 
244.1932216490812 
244.1932216490812 
244.1932216490812 
244.1932216490812 
244.1932216490812 
244.1932216490812 
244.1932216490812 
244.1932216490812 
244.1932216490812 
244.1932216490812 
244.1932216490812 
244.1932216490812 
244.1932216490812 
244.1932216490812 
244.1932216490812 
244.1932216490812 
244.1932216490812 
244.1932216490812 
244.1932216490812 
244.1932216490812 
244.1932216490812 
244.1932216490812 
244.1932216490812 
244.1932216490812 
244.1932216490812 
244.1932216490812 
244.1932216490812 
244.1932216490812 
244.1932216490812 
244.1932216490812 
244.1932216490812 
244.1932216490812 
244.1932216490812 
244.1932216490812 
244.1932216490812 
244.1932216490812 
244.1932216490812 
244.1932216490812 
244.1932216490812 
244.1932216490812 
244.1932216490812 
244.1932216490812 
244.1932216490812 
244.1932216490812 
244.1932216490812 
244.1932216490812 
244.1932216490812 
244.1932216490812 
244.1932216490812 
244.1932216490812 
244.1932216490812 
244.1932216490812 
244.1932216490812 
244.1932216490812 
244.1932216490812 
244.1932216490812 
244.1932216490812 
244.1932216490812 
244.1932216490812 
244.1932216490812 
244.1932216490812 
244.1932216490812 
244.1932216490812 
244.1932216490812 
244.1932216490812 
244.1932216490812 
244.1932216490812 
244.1932216490812 
244.1932216490812 
244.1932216490812 
244.1932216490812 
244.1932216490812 
244.1932216490812 
244.1932216490812 
244.1932216490812 
244.1932216490812 
244.1932216490812 
244.1932216490812 
244.1932216490812 
244.1932216490812 
244.1932216490812 
244.1932216490812 
244.1932216490812 
244.1932216490812 
244.1932216490812 
244.1932216490812 
244.1932216490812 
244.1932216490812 
244.1932216490812 
244.1932216490812 
244.1932216490812 
244.1932216490812 
244.1932216490812 
244.1932216490812 
244.1932216490812 
244.1932216490812 
244.1932216490812 
244.1932216490812 
244.1932216490812 
244.1932216490812 
244.1932216490812 
244.1932216490812 
244.1932216490812 
244.1932216490812 
244.1932216490812 
244.1932216490812 
244.1932216490812 
244.1932216490812 
244.1932216490812 
244.1932216490812 
244.1932216490812 
244.1932216490812 
244.1932216490812 
244.1932216490812 
244.1932216490812 
244.1932216490812 
244.1932216490812 
244.1932216490812 
244.1932216490812 
244.1932216490812 
244.1932216490812 
244.1932216490812 
244.1932216490812 
244.1932216490812 
244.1932216490812 
244.1932216490812 
244.1932216490812 
244.1932216490812 
244.1932216490812 
244.1932216490812 
244.1932216490812 
244.1932216490812 
244.1932216490812 
244.1932216490812 
244.1932216490812 
244.1932216490812 
244.1932216490812 
244.1932216490812 
244.1932216490812 
244.1932216490812 
244.1932216490812 
244.1932216490812 
244.1932216490812 
244.1932216490812 
244.1932216490812 
244.1932216490812 
244.1932216490812 
244.1932216490812 
244.1932216490812 
244.1932216490812 
244.1932216490812 
244.1932216490812 
244.1932216490812 
244.1932216490812 
244.1932216490812 
244.1932216490812 
244.1932216490812 
244.1932216490812 
244.1932216490812 
244.1932216490812 
244.1932216490812 
244.1932216490812 
244.1932216490812 
244.1932216490812 
244.1932216490812 
244.1932216490812 
244.1932216490812 
244.1932216490812 
244.1932216490812 
244.1932216490812 
244.1932216490812 
244.1932216490812 
244.1932216490812 
244.1932216490812 
244.1932216490812 
244.1932216490812 
244.1932216490812 
244.1932216490812 
244.1932216490812 
244.1932216490812 
244.1932216490812 
244.1932216490812 
244.1932216490812 
244.1932216490812 
244.1932216490812 
244.1932216490812 
244.1932216490812 
244.1932216490812 
244.1932216490812 
244.1932216490812 
244.1932216490812 
244.1932216490812 
244.1932216490812 
244.1932216490812 
244.1932216490812 
244.1932216490812 
244.1932216490812 
244.1932216490812 
244.1932216490812 
244.1932216490812 
244.1932216490812 
244.1932216490812 
244.1932216490812 
244.1932216490812 
244.1932216490812 
244.1932216490812 
244.1932216490812 
244.1932216490812 
244.1932216490812 
244.1932216490812 
244.1932216490812 
244.1932216490812 
244.1932216490812 
244.1932216490812 
244.1932216490812 
244.1932216490812 
244.1932216490812 
244.1932216490812 
244.1932216490812 
244.1932216490812 
244.1932216490812 
244.1932216490812 
244.1932216490812 
244.1932216490812 
244.1932216490812 
244.1932216490812 
244.1932216490812 
244.1932216490812 
244.1932216490812 
244.1932216490812 
244.1932216490812 
244.1932216490812 
244.1932216490812 
244.1932216490812 
244.1932216490812 
244.1932216490812 
244.1932216490812 
244.1932216490812 
244.1932216490812 
244.1932216490812 
244.1932216490812 
244.1932216490812 
244.1932216490812 
244.1932216490812 
244.1932216490812 
244.1932216490812 
244.1932216490812 
244.1932216490812 
244.1932216490812 
244.1932216490812 
244.1932216490812 
244.1932216490812 
244.1932216490812 
244.1932216490812 
244.1932216490812 
244.1932216490812 
244.1932216490812 
244.1932216490812 
244.1932216490812 
244.1932216490812 
244.1932216490812 
244.1932216490812 
244.1932216490812 
244.1932216490812 
244.1932216490812 
244.1932216490812 
244.1932216490812 
244.1932216490812 
244.1932216490812 
244.1932216490812 
244.1932216490812 
244.1932216490812 
244.1932216490812 
244.1932216490812 
244.1932216490812 
244.1932216490812 
244.1932216490812 
244.1932216490812 
244.1932216490812 
244.1932216490812 
244.1932216490812 
244.1932216490812 
244.1932216490812 
244.1932216490812 
244.1932216490812 
244.1932216490812 
244.1932216490812 
244.1932216490812 
244.1932216490812 
