0,1
998.2562189054727 
996.7676596497677 
986.1807223195766 
992.0821680981331 
995.6743524850807 
991.8255834990655 
993.1085064944039 
1006.1943210468555 
1010.2996746319384 
1007.9904132403293 
1005.1679826505848 
1015.1747820142243 
1031.0830271564205 
1047.2478568976842 
1055.2019794687822 
1063.412686638948 
1039.8069035247213 
1048.017610694887 
1026.464504373202 
1022.1025661890516 
1017.9972126039687 
1020.0498893965101 
1023.1289045853223 
1018.5103818021041 
1030.8264425573527 
1038.2673959303154 
1036.214719137774 
1049.3005336902256 
1071.1102246109783 
1090.0974849419865 
1087.7882235503776 
1084.4526237624975 
1056.4849024641205 
1061.3600098464065 
1050.0702874874287 
1057.767825459459 
1068.0312094221663 
1076.4985011913996 
1073.1629014035198 
1070.8536400119106 
1080.6038547764824 
1084.4526237624975 
1080.6038547764824 
1071.8799784081812 
1073.676070601655 
1073.4194860025873 
1074.4458243988581 
1079.0643471820763 
1077.2682549886026 
1071.6233938091136 
1070.0838862147075 
1077.2682549886026 
1080.3472701774147 
1087.5316389513096 
1100.6174535037612 
1106.7754838813858 
1118.8349600375664 
1132.1773591890858 
1217.6200306786227 
1132.1773591890858 
1132.4339437881536 
1173.4874796389822 
1190.6786477765168 
1165.7899416669518 
1153.2172963126354 
1164.763603270681 
1152.1909579163648 
1170.9216336483055 
1165.533357067884 
1164.5070186716134 
1164.5070186716134 
1202.2249547345623 
1213.0015078954048 
1243.021905986323 
1352.583529788222 
1378.2419896949898 
1400.0516806157425 
2420.4886311079013 
2046.644870266293 
2258.0705798980607 
2100.5276360705057 
1828.547961058766 
1838.8113450214732 
1686.9132623734074 
1446.75007764606 
1554.0024400563498 
1585.3057611426066 
1736.690674592537 
1702.8215075156036 
1636.6226809561424 
1759.2701193104929 
1839.837683417744 
1725.9141214316946 
1707.4400302988217 
1749.0067353477857 
1763.3754728955757 
1699.7424923267913 
1693.0712927510317 
1777.7442104433658 
1708.4663686950923 
1699.229323128656 
1722.321937044747 
1638.6753577486838 
1563.2394856227863 
1498.0669974595958 
1604.8061906717503 
1607.8852058605623 
1655.0967720890153 
1709.4927070913632 
1648.938741711391 
1621.2276050120815 
1659.7152948722335 
1659.2021256740982 
1650.9914185039324 
1669.9786788349406 
1628.4119737859767 
1610.451051851239 
1608.911544256833 
1669.9786788349406 
1633.0304965691948 
1727.966798224236 
1775.1783644526888 
1828.547961058766 
1894.7467876182272 
1909.6286943641526 
1849.5878981823157 
1718.7297526577995 
1756.7042733198161 
1728.4799674223714 
1741.8223665738906 
1749.0067353477857 
1804.4290087464044 
1775.1783644526888 
1841.8903602102855 
1794.6787939818325 
1818.284577096059 
1826.4952842662246 
1803.9158395482689 
1719.242921855935 
1758.243780914222 
1760.809626904899 
1743.875043366432 
1778.7705488396364 
1798.7841475669154 
1788.5207636042082 
1814.179223510976 
1839.837683417744 
1810.0738699258932 
1780.3100564340425 
1805.9685163408103 
1798.27097836878 
1760.2964577067635 
1653.0440952964739 
1701.7951691193327 
1693.0712927510317 
1700.7688307230621 
1716.1639066671228 
1720.2692602522056 
1728.9931366205067 
1724.8877830354238 
1724.3746138372885 
1730.5326442149128 
1684.860585580866 
1716.1639066671228 
1680.755231995783 
1702.308338317468 
1734.6379977999957 
1752.0857505365977 
1735.6643361962663 
1760.809626904899 
1769.5335032732 
1741.8223665738906 
1701.2819999211974 
1700.7688307230621 
1711.5453838839046 
1725.4009522335593 
1716.677075865258 
1706.413691902551 
1686.9132623734074 
1686.400093175272 
1686.9132623734074 
1716.1639066671228 
1727.966798224236 
1728.9931366205067 
1716.677075865258 
1747.9803969515149 
1742.335535772026 
1742.8487049701614 
1752.5989197347333 
1762.349134499305 
1780.8232256321778 
1830.0874686531722 
1811.6133775202993 
1793.1392863874264 
1788.5207636042082 
1760.2964577067635 
1814.6923927091113 
1824.4426074736832 
1823.929438275548 
1812.1265467184346 
1786.981256009802 
1757.7306117160867 
1765.4281496881172 
1781.8495640284486 
1777.7442104433658 
1779.7968872359072 
1788.007594406073 
1846.5088829935037 
1848.0483905879098 
1884.9965728536554 
1860.8776205412937 
1831.1138070494428 
1704.3610151100095 
1674.5972016181588 
1680.755231995783 
1702.8215075156036 
1605.832529068021 
1524.238626564499 
1495.501151468919 
1521.1596113756868 
1520.1332729794162 
1487.8036134968886 
1453.4212772218198 
1489.3431210912947 
1507.8172122241676 
1511.9225658092505 
1479.0797371285876 
1528.343980149582 
1469.8426915621512 
1424.6838021262397 
1486.777275100618 
1460.6056459957147 
1466.763676373339 
1494.9879822707837 
1485.7509367043472 
1515.0015809980625 
1544.7653944899134 
1561.186808830245 
1515.514750196198 
1577.0950539724408 
1597.6218218978552 
1577.0950539724408 
1585.3057611426066 
1554.0024400563498 
1597.6218218978552 
1621.2276050120815 
1609.4247134549685 
1603.7798522754795 
1584.7925919444713 
1595.0559759071784 
1600.187667888532 
1634.0568349654657 
1619.6880974176756 
1646.3728957207143 
1660.2284640703688 
1700.7688307230621 
1724.3746138372885 
1695.6371387417084 
1678.7025552032417 
1651.5045877020677 
1660.2284640703688 
1649.9650801076616 
1617.1222514269987 
1665.3601560517225 
1652.5309260983383 
1666.8996636461284 
1658.1757872778273 
1653.0440952964739 
1661.2548024666396 
1661.767971664775 
1665.8733252498578 
1686.400093175272 
1655.6099412871506 
1644.8333881263081 
1602.7535138792089 
1628.925142984112 
1636.109511758007 
1639.7016961449544 
1642.2675421356314 
1627.8988045878414 
1652.5309260983383 
1665.3601560517225 
1661.767971664775 
1644.8333881263081 
1665.3601560517225 
1693.0712927510317 
1687.4264315715427 
1684.860585580866 
1698.2029847323852 
1753.1120889328686 
1745.4145509608381 
1714.1112298745813 
1732.5853210074542 
1741.8223665738906 
1733.6116594037248 
1736.1775053944018 
1728.9931366205067 
1688.9659391659488 
1682.2947395901892 
1722.8351062428824 
1701.7540834242184 
1700.4284982354084 
1700.2596773731352 
1705.842589993328 
1692.463515183557 
1691.346489156836 
1689.0181483922158 
1681.6916703767217 
1677.4654631472122 
1672.2803889579613 
1659.9121267864457 
1675.5418662053276 
1649.4791879631698 
1639.0233606571776 
1637.9777779265783 
1604.519130547403 
1619.6800801410916 
1620.2028715063914 
1628.5675333511851 
1639.0233606571776 
1650.5247706937691 
1639.5461520224771 
1647.910813867271 
1670.913633940454 
1667.7768857486562 
1654.707101616166 
1660.9805979997614 
1663.0717634609598 
1652.6159361549676 
1651.5703534243682 
1665.1629289221582 
1687.1201662647422 
1688.1657489953413 
1683.9834180729445 
1689.7341230912402 
1690.7797058218393 
1688.688540360641 
1693.9164540136371 
1665.1629289221582 
1692.870871283038 
1712.7369431644233 
1705.9406554155282 
1702.8039072237307 
1698.6215763013338 
1665.1629289221582 
1670.3908425751545 
1668.299677113956 
1659.4122239038625 
1656.275475712065 
1637.9777779265783 
1625.4307851593874 
1617.0661233145936 
1643.728482944874 
1681.3694612464465 
1688.688540360641 
1711.1685690685244 
1690.7797058218393 
1714.3053172603222 
1692.870871283038 
1687.6429576300418 
1705.4178640502287 
1705.4178640502287 
1676.6643389587498 
1686.074583534143 
1708.5546122420265 
1760.833748771988 
1714.8281086256218 
1723.1927704704156 
1725.8067272969138 
1778.0858638268753 
1765.0160796943849 
1786.9733170369689 
1759.265374676089 
1753.5146696577933 
1689.7341230912402 
1714.8281086256218 
1721.624396374517 
1731.0346409499098 
1708.5546122420265 
1695.484828109536 
1659.4122239038625 
1630.6586988123836 
1634.8410297347805 
1596.154468702609 
1559.0362817663363 
1588.3125982231147 
1574.1972313600252 
1525.5776343871607 
1506.7571452363748 
1515.1218070811685 
1520.8725120994643 
1552.2399940174412 
1556.422324939838 
1541.784166711449 
1560.0818644969354 
1542.829749442048 
1498.3924833915808 
1532.3739221360559 
1537.601835789052 
1564.786986784632 
1534.4650875972543 
1547.5348717297447 
1557.990699035737 
1575.765605455924 
1576.8111881865232 
1577.3339795518227 
1566.8781522458305 
1558.5134904010367 
1563.2186126887332 
1583.6074759354183 
1580.4707277436205 
1588.3125982231147 
1588.3125982231147 
1579.947936378321 
1588.3125982231147 
1599.2912168944067 
1585.6986413966167 
1573.6744399947254 
1573.1516486294258 
1579.4251450130212 
1575.2428140906243 
1587.2670154925156 
1594.0633032414105 
1594.0633032414105 
1588.3125982231147 
1588.3125982231147 
1564.786986784632 
1564.786986784632 
1550.1488285562427 
1525.0548430218612 
1520.8725120994643 
1543.3525408073479 
1500.4836488527792 
1405.8584117335488 
1384.4239657562646 
1381.8100089297664 
1260.5224121802555 
1162.2376355039278 
1151.5204125152857 
1157.532513216231 
1200.4014051707998 
1186.0246426250603 
1171.386484396671 
1191.775347643356 
1207.4590886023445 
1194.650700152504 
1184.1948728465118 
1172.6934628099202 
1195.4348872004534 
1178.7055635108657 
1187.0702253556597 
1248.4982107783644 
1283.5252322534386 
1291.3671027329328 
1276.4675488218938 
1312.801548710217 
1280.6498797442907 
1272.5466135821466 
1283.263836570789 
1301.3001386736255 
1305.2210739133727 
1298.4247861644776 
1287.4461674931858 
1285.3550020319874 
1272.8080092647965 
1279.0815056483918 
1277.5131315524932 
1313.3243400755168 
1304.4368868654233 
1321.4276062376607 
1239.3493618856212 
1214.2553763512396 
1361.6825413657311 
1368.2174334319764 
1392.2658362357588 
1382.5941959777158 
1378.9346564206185 
1370.3085988931748 
1435.1347281903272 
1411.6091167518446 
1402.1988721764515 
1432.5207713638292 
1423.6333181537357 
1453.4324259758139 
1457.0919655329112 
1488.9822388161876 
1482.1859510672928 
1463.888253281806 
1471.2073323960008 
1464.4110446471057 
1454.478008706413 
1437.7486850168254 
1423.1105267884361 
1427.8156490761326 
1426.7700663455335 
1405.3356203682492 
1391.7430448704592 
1397.493749888755 
1403.7672462723503 
1410.0407426559457 
1403.7672462723503 
1433.0435627291288 
1407.4267858294477 
1391.2202535051595 
1384.4239657562646 
1378.6732607379688 
1359.329980221883 
1351.4881097423888 
1380.2416348338677 
1365.0806852401788 
1348.8741529158906 
1334.2359946875015 
1325.348541477408 
1313.8471314408164 
1310.7103832490186 
1305.4824695960226 
1292.9354768288317 
1298.163390481828 
1277.2517358698433 
1262.0907862761544 
1235.428426645874 
1235.428426645874 
1228.1093475316793 
1210.3344411114924 
1211.9028152073913 
1247.9754194130649 
1233.3372611846755 
1223.9270166092824 
1229.1549302622786 
1229.1549302622786 
1261.045203545555 
1286.6619804452364 
1301.8229300389253 
1280.9112754269406 
1300.777347308326 
1342.6006565322953 
1343.1234478975948 
1313.8471314408164 
1326.9169155733068 
1339.4639083404975 
1303.9140955001237 
1287.184771810536 
1310.187591883719 
1294.5038509247306 
1286.6619804452364 
1277.2517358698433 
1300.2545559430264 
1312.2787573449175 
1305.4824695960226 
1303.3913041348242 
1328.4852896692057 
1324.8257501121084 
1323.780167381509 
1328.4852896692057 
1338.4183256098984 
1289.798728637034 
1286.6619804452364 
1299.208973212427 
1302.8685127695244 
1303.3913041348242 
1302.3457214042248 
1300.2545559430264 
1286.6619804452364 
1288.7531459064348 
1305.7438652786723 
1304.1754911827734 
1321.6890019203106 
1320.3820235070616 
1322.73458465091 
1325.348541477408 
1355.9318363474354 
1311.2331746143184 
1302.3457214042248 
1284.0480236187382 
1272.023822216847 
1257.9084553537575 
1215.8237504471383 
1243.7930884906677 
1238.5651748376717 
1263.6591603720533 
1215.5623547644886 
1201.7083835840488 
1197.5260526616519 
1199.3558224402004 
1244.3158798559675 
1234.3828439152749 
1201.1855922187492 
1085.3873048048843 
1099.2412759853241 
1106.298959416869 
1080.6821825171878 
1100.809650081223 
1120.6757219626083 
1130.870153585951 
1154.6571607070832 
1119.630139232009 
1151.2590168326358 
1152.3045995632351 
1211.6414195247414 
1287.184771810536 
1262.8749733241038 
1289.5373329543843 
1340.5094910710968 
1318.0294623632133 
1313.8471314408164 
1298.6861818471275 
1311.755965979618 
1291.8898940982326 
1271.7490848588118 
1274.3204143852834 
1271.4914146915562 
1287.2700159694004 
1291.0855766183902 
1282.9319969032415 
1288.552853898084 
1331.7447023847699 
1296.2445529436584 
1290.3278613701398 
1276.423636172371 
1229.0901035842223 
1234.1192914217131 
1229.9776073202502 
1248.6151857768336 
1229.0901035842223 
1220.5109008026204 
1216.9608858585093 
1186.1940896762126 
1208.9733522342592 
1220.2150662239444 
1206.9025101835277 
1206.9025101835277 
1201.873322346037 
1215.4817129651296 
1224.6525849040834 
1180.57323268137 
1181.4607364173978 
1157.2023009659715 
1176.431548579907 
1174.3607065291756 
1158.3856392806754 
1228.7942690055465 
1229.9776073202502 
1229.3859381628984 
1262.8152455532784 
1237.6693063658242 
1234.710960579065 
1178.2065560519625 
1132.6480309358694 
1113.71461790061 
1172.881533635796 
1144.4814140829067 
1131.4646926211658 
1102.1770693322487 
1104.5437459616562 
1104.839580540332 
1110.1646029564988 
1152.7647822858326 
1125.843835626323 
1140.6355645601195 
1163.1189925394901 
1159.568977595379 
1156.6106318086197 
1119.0396403167767 
1107.7979263270913 
1136.4938804586566 
1128.2105122557305 
1120.2229786314804 
1112.827114164582 
1128.8021814130823 
1129.6896851491101 
1123.4771589969157 
1108.3895954844431 
1111.3479412712024 
1109.8687683778228 
1120.5188132101564 
1145.3689178189345 
1132.6480309358694 
1155.427293493916 
1165.1898345902216 
1153.6522860218604 
1137.9730533520362 
1148.0314290270178 
1150.3981056564253 
1162.5273233821383 
1174.9523756865274 
1184.714916782833 
1180.57323268137 
1187.9690971482682 
1175.8398794225552 
1161.3439850674347 
1166.6690074836013 
1156.6106318086197 
1150.989774813777 
1162.5273233821383 
1151.581443971129 
1141.8189028748232 
1117.560467423397 
1090.0478516065357 
1080.581145088906 
1001.5933125824328 
982.0682303898215 
970.5306818214602 
945.0889080553303 
919.3512997105245 
943.0180660045988 
950.413930471497 
947.7514192634137 
957.8097949383953 
953.0764416795804 
917.8721268171448 
927.9305024921264 
927.9305024921264 
927.9305024921264 
907.2220819848113 
921.422141761256 
922.0138109186078 
919.0554651318486 
650.3785007783696 
660.3717790920625 
659.1503591646724 
658.6542871376628 
643.5347558829367 
676.2630095135937 
661.8810163688543 
650.7257524553065 
550.8815308158655 
570.6106752580081 
572.270136005478 
592.3680495026138 
589.8788583814089 
571.7169824229879 
566.64640791683 
557.8881428607385 
572.6389050604713 
570.5184829942598 
568.6746377192931 
580.0142861603376 
607.211003966095 
609.5158105598032 
589.1413202714223 
603.9842747349034 
616.6146148684245 
604.5374283173933 
601.6794681411951 
604.1686592624001 
621.777381638331 
601.4950836136984 
608.0407343398299 
609.0548492410614 
620.9476512645961 
623.0680733308076 
620.394497682106 
611.7284248897631 
619.0178261818246 
604.9697491571815 
594.2786147048029 
592.5756097814578 
596.6485163926804 
653.6614897740076 
646.5654544604517 
647.0548362062143 
643.1397822401145 
651.7039627909577 
645.5866909689269 
639.7141100197773 
631.6393112146966 
663.9385064350193 
713.121371884147 
763.7723825705622 
756.1869655112439 
764.0170734434433 
730.4944238587145 
726.0899881468523 
733.9200960790517 
723.6430794180401 
726.824060765496 
743.7077309943011 
743.4630401214199 
729.5156603671896 
753.005984163788 
771.3577996298803 
767.1980547908994 
763.5276916976809 
761.5701647146311 
761.3254738417498 
782.3688889095358 
736.8563865536266 
715.0788988671969 
692.5673385621235 
697.439509288559 
694.9801261165712 
688.1351921614973 
608.7348831596432 
589.4103680359741 
582.1333539726677 
515.4273917256925 
526.6663356679101 
525.0492214316198 
514.1337003366602 
533.7816383075874 
550.9230492122647 
539.2798267109745 
564.5068087971033 
556.9872275983535 
520.2787344345634 
527.9600270569424 
525.2109328552489 
535.0753296966197 
518.0956302155714 
520.1170230109344 
457.615557778314 
468.7736460087171 
469.66305883867676 
465.37770611250744 
479.8508785273057 
467.8842331787574 
462.1434776399268 
455.83673211839465 
394.5076747070847 
360.95255430406075 
385.37097927204445 
362.56966854035113 
366.0868920042825 
368.83598620597604 
373.60647320303246 
373.9703239061978 
362.6909521080729 
349.3901875145851 
318.7458727368837 
323.2737925984966 
315.956350679283 
313.0859729098677 
310.66030155543217 
322.7886583276095 
339.3236513936779 
343.3260091284964 
337.74696501329487 
337.9086764369239 
336.4937014801699 
340.8194820622465 
335.2404379470449 
335.8064279297465 
337.9895321487384 
343.89199911119806 
347.2070832955932 
342.7195912898876 
337.70653715738763 
336.53412933607717 
337.54482573375856 
326.5080210710772 
327.1952946215006 
329.297543128678 
330.0656723909159 
332.69348302488766 
339.0406564023271 
333.8658908461981 
329.9443888231941 
333.4211844312183 
326.7505882065208 
325.9824589442829 
320.28213126135955 
329.05497599323445 
328.12513530736754 
324.6483396993434 
318.66501702506923 
317.12875850059345 
307.34521737103705 
312.51998292716604 
316.92661922105714 
315.4307885524886 
322.384379768537 
320.2417034054523 
323.3142204544039 
324.6483396993434 
314.74351500206524 
317.57346491557325 
317.0479027887789 
321.1715440913192 
324.44620041980704 
328.1655631632748 
333.5424679989401 
332.0870651862788 
336.33199005654086 
332.73391088079495 
325.0121904025087 
326.1441703679119 
329.82310525547234 
329.54011026412155 
334.71487582025054 
331.6019309153917 
330.2678116704522 
324.2440611402708 
323.43550402212566 
323.55678758984743 
322.2226683449079 
321.7375340740208 
325.61860824111756 
332.3700601776296 
329.6613938318433 
330.3890952381739 
333.4211844312183 
329.0145481373272 
322.1418126330934 
321.1715440913192 
322.869514039424 
323.11208117486757 
326.4675932151699 
327.6804288923877 
324.40577256389986 
324.04192186073453 
327.84214031601675 
329.5805381200288 
325.6590360970248 
327.80171246010946 
330.6316623736175 
331.15722450041187 
328.2464188750893 
327.51871746875867 
324.52705613162163 
324.1632054284563 
318.4224498896257 
321.616250506299 
324.7696232670652 
318.2203106100894 
319.8374248463797 
321.8588176417426 
324.8909068347869 
328.9336924255127 
327.0740110537788 
331.44021949176266 
328.9336924255127 
327.2761503333151 
336.53412933607717 
341.7088948922061 
341.6280391803916 
349.066764667327 
342.15360130718597 
341.95146202764965 
343.8111433993835 
341.6280391803916 
338.4342385637183 
334.59359225252877 
334.8361593879723 
337.7364878129353 
346.8882154347876 
353.2720976385324 
359.4407928017016 
364.8204688160933 
360.7319150451556 
360.0863539234286 
365.681216978396 
360.7319150451556 
364.31836572141674 
370.70224792516154 
368.5503775194049 
387.1999210359628 
389.0648753876186 
390.3559976310726 
364.46182374846717 
364.39009473494195 
368.263461465304 
389.28006242819424 
385.4066956978322 
384.9763216166809 
391.5753908610014 
394.5880094290608 
392.36441000977885 
384.83286358963045 
392.14922296920315 
386.8412759683367 
393.1534291585563 
393.94244830733373 
396.16604772661566 
404.7735293496424 
401.4022657139569 
399.96768544345247 
391.2884748069005 
391.5753908610014 
391.5753908610014 
398.89175024057414 
390.8581007257492 
390.0690815769717 
391.21674579337525 
400.1828724840281 
393.08170014503105 
397.81581503769576 
392.5795970503545 
387.9889401847403 
385.1915086572566 
383.90038641380255 
382.1788900891972 
382.03543206214675 
390.9298297392744 
382.3940771297729 
379.45318757523876 
384.043844440853 
382.3940771297729 
379.23800053466306 
384.18730246790346 
382.3940771297729 
386.41090188718533 
386.69781794128625 
386.62608892776103 
388.34758525236634 
384.9763216166809 
382.3940771297729 
381.10295488631886 
368.76556455998053 
376.8709430883307 
365.8964040189716 
360.66018603163036 
358.2213995717728 
360.58845701810515 
362.0947663021348 
371.5629960874642 
377.6599622371082 
369.4828546952328 
371.4195380604138 
369.76977074933365 
366.3985071136482 
355.4239680442891 
359.3690637881764 
367.6896293571022 
366.4702361271734 
370.63051891163633 
371.70645411451466 
378.6641684264613 
383.97211542732776 
384.6176765490548 
384.4024895084791 
387.0564630089124 
385.4066956978322 
391.2884748069005 
387.4868370900637 
389.49524946876994 
392.43613902330407 
394.30109337495986 
396.3812347671913 
392.8665131044554 
384.9763216166809 
384.4742185220043 
387.4868370900637 
394.30109337495986 
400.1828724840281 
398.03100207827146 
399.75249840287677 
411.80297267511423 
412.0898887292151 
403.1237620385623 
403.1237620385623 
404.41488428201626 
402.0478268356839 
389.28006242819424 
382.6092641703485 
389.6283785178727 
387.8845974233453 
379.6792018931139 
385.1695768434894 
385.9539161221144 
386.7985891914029 
387.6432622606915 
386.37625265675865 
380.8255439157198 
377.20551647591174 
382.33388868230645 
366.10409899383393 
375.938506871979 
367.9744465044014 
367.2504410164398 
364.4750866459203 
355.9076883717081 
357.35569934763123 
364.7164218085742 
361.0360605781027 
364.05275011127605 
358.32103999824676 
363.1477432513241 
361.39806332208354 
358.0797048355929 
360.6740578341219 
344.38393435498597 
341.4879124031396 
324.1721144827246 
325.6804592493113 
325.92179441196515 
323.2067738321092 
330.2054935490713 
328.6368149918212 
336.8422105220526 
330.68816387437903 
332.6791789662734 
328.998817735802 
333.64451961688894 
335.69586849944676 
330.0848259677444 
329.17981910779235 
321.69842906552253 
320.853755996234 
320.3107518802628 
330.0848259677444 
327.9731432945231 
327.12847022523454 
328.5161474104942 
331.8948396876484 
329.78315701442705 
325.378790295994 
329.1194853171289 
333.40318445423503 
333.40318445423503 
334.9718630114852 
332.49817759428305 
331.8345058969849 
329.78315701442705 
328.8178163638116 
329.48148806110976 
333.4635182448985 
334.60986026750436 
336.17853882475447 
339.2555621485913 
335.81653608077374 
336.9628781033796 
342.93592337906273 
341.7895813564569 
345.83194533090915 
350.6586485839865 
353.0116664198617 
353.0720002105252 
354.218342233131 
352.40832851322705 
357.71770209161207 
358.9847116955449 
359.70871718350645 
361.27739574075656 
361.8203998567278 
361.69973227540083 
356.26969111568883 
353.37366916384246 
354.39934360512143 
354.0976746518041 
351.5636554439385 
351.3826540719481 
355.6060194183907 
358.5623751609006 
361.39806332208354 
362.48407155402595 
376.90384752259445 
378.532859870508 
378.2311909171907 
378.17085712652727 
378.59319366117154 
380.5842087530659 
401.58036790395226 
401.5200341132888 
392.2889641417784 
400.55469346267336 
396.9346660228653 
395.1849860936248 
394.94365093097093 
395.12465230296135 
389.69461114324935 
395.1849860936248 
395.66765641893255 
393.01296962974004 
390.1772814685571 
385.2299106341528 
384.0232348208835 
385.29024442481625 
378.532859870508 
369.3621236896611 
375.7575054999886 
378.2311909171907 
372.68048217615177 
357.1143641849774 
361.458397112747 
361.458397112747 
360.1310537181507 
362.42373776336245 
363.3287446233145 
373.2838200827864 
370.3274643402766 
374.6714972680462 
375.03350001202693 
374.18882694273844 
367.31077480710326 
368.87945336435337 
360.43272267146807 
364.05275011127605 
360.79472541544885 
361.458397112747 
363.1477432513241 
358.5623751609006 
332.1965086409657 
334.7908616394948 
333.04118171025425 
343.0565909603897 
339.4365635205817 
333.8858547795428 
340.8242407058414 
342.09125030977424 
350.17597825867875 
345.28894121493795 
349.63297414270755 
318.56107195102226 
321.5174276935321 
322.4827683441476 
324.473783436042 
326.52513231859984 
324.6547848080324 
322.96543866945535 
325.8011268306383 
319.7677477642916 
319.88841534561857 
320.4314194615897 
325.5597916679844 
327.61114055054225 
326.4044647372729 
333.94618857020623 
333.58418582622545 
337.8075511726681 
342.57392063508195 
333.34285066357154 
334.00652236086967 
337.26454705669687 
337.0835456847065 
334.67019405816785 
338.35055528863927 
337.86788496333156 
338.41088907930276 
334.73052784883134 
334.9718630114852 
338.5315566606297 
336.3595401967449 
338.1695539166489 
337.5662160100143 
334.67019405816785 
333.52385203556196 
330.0244921770809 
332.7395127569369 
332.49817759428305 
330.9294990370329 
329.48148806110976 
331.5328369436676 
333.58418582622545 
333.94618857020623 
335.9975374527641 
335.75620229011025 
335.69586849944676 
341.9102489377838 
341.3672448218126 
338.41088907930276 
334.0668561515332 
331.6535045249945 
331.6535045249945 
332.43784380361956 
330.96978813242424 
326.4701813982158 
328.38604876501705 
325.6271997568233 
327.8496059023127 
329.0757610170655 
330.3019161318183 
332.5243222773077 
335.05326720148537 
331.9878794146034 
330.0720120478021 
330.9149936891947 
327.8496059023127 
326.853354871576 
328.38604876501705 
330.83835899452265 
340.724234607217 
353.29232453343315 
356.43434701498717 
353.59886331212135 
352.3727081973685 
350.3035714412232 
353.139055144089 
350.84001430392755 
349.76712857851885 
349.5372244945027 
348.1577999904058 
344.47933464614744 
344.5559693408195 
356.51098170965923 
352.52597758671266 
350.22693674655113 
362.18194911539086 
361.4156021686704 
361.79877564203065 
369.7687838879238 
369.1557063305474 
364.5576246502244 
366.3968573223536 
364.5576246502244 
365.477240986289 
351.60636125064804 
359.5763694965412 
358.58011846580456 
359.4231001071971 
361.3389674739983 
365.553875680961 
364.94079812358467 
368.0061859104666 
364.2510858715362 
359.269830717853 
364.02118178752005 
367.6996471317784 
376.12946354570386 
375.36311659898337 
375.36311659898337 
374.5967696522629 
372.7575369801337 
370.4584961399722 
369.8454185825958 
360.1894470539176 
364.0978164821921 
358.4268490764604 
366.16695323833744 
357.81377151908407 
368.15945529981076 
385.70880037971006 
385.0957228223337 
381.4172574780753 
385.40226160102185 
381.8770656461076 
379.27148602725794 
381.80043095143554 
383.7162983182368 
373.217345148166 
377.9686962178331 
380.72754522602685 
378.19860030184924 
380.8041799206989 
384.3293758756132 
383.63966362356473 
383.7162983182368 
385.1723575170057 
382.9499513715163 
382.41350850881196 
376.2060982403759 
384.7891840436455 
385.40226160102185 
388.16111060921565 
384.8658187383175 
384.25274118094114 
381.8770656461076 
382.10696973012375 
384.25274118094114 
384.25274118094114 
382.9499513715163 
383.7162983182368 
380.59569829923146 
380.9894556698772 
385.61610477496515 
387.48645228553266 
385.32078674698084 
386.00986214561095 
382.3676064671375 
377.54407867672666 
378.2561623029171 
379.8816113332117 
385.88326929122263 
372.3170216153021 
373.1922634008454 
372.3170216153021 
368.50346812114935 
371.4417798297589 
375.94302329826706 
377.9435759509374 
375.94302329826706 
374.5676433495562 
372.1919870745103 
370.9416416665913 
371.8794007225305 
376.75574781341436 
372.1294698041143 
374.3175742679724 
376.6307132726225 
378.06861049172926 
379.25926503504684 
375.02632524143576 
371.6846483758254 
370.84255850312775 
367.0581352687278 
360.3748370481014 
361.1070113495156 
358.4833867694481 
360.13077894763 
365.2559990575294 
365.6831007333543 
371.6625241949036 
362.9374471030511 
364.5238247561152 
373.920061624264 
373.3099163730855 
386.0619521227161 
399.42413312352517 
400.1563074249393 
398.44790072163954 
392.9565934610331 
391.9193465340296 
395.88529066668985 
401.25456887706065 
405.159498484603 
405.22051300972083 
414.31167725228045 
417.3624035081729 
414.5557353527518 
422.24356551760087 
436.21589176958844 
423.46385601995786 
429.50429400662495 
436.21589176958844 
456.89981578453944 
459.76749846507835 
460.98778896743534 
454.642278355179 
450.43227612204737 
455.25242360635747 
455.0083655058861 
454.5202493049433 
451.1644504234616 
448.05270964245125 
440.30386495248433 
437.6802403724168 
445.4290850623837 
441.8292280804306 
437.3751677468276 
435.6667610435278 
444.086765509791 
448.17473869268696 
446.8934336652121 
443.9647364595553 
448.17473869268696 
458.66923701295707 
473.1906939910053 
478.6820012516117 
467.39431410480955 
473.9838828175373 
471.7873599132947 
454.2761912044719 
458.7912660631928 
468.0654738811059 
459.15735321389985 
471.48228728770545 
476.24142024689775 
475.4482314203657 
473.9228682924195 
476.36344929713346 
478.2548995757868 
471.1772146621162 
460.37764371625684 
465.44184930103836 
465.990980027099 
462.2690939949102 
463.4283699721493 
470.38402583558417 
468.9196772327558 
505.77245040393694 
507.54187163235457 
509.12824928541863 
520.9650671582815 
510.0434671621864 
514.1924548702002 
530.6053621269017 
543.4184124016501 
561.661755411887 
570.0207453530325 
560.9905956355908 
550.6181263655563 
551.3503006669705 
545.492906255657 
541.2218894974076 
537.8660906159257 
526.7614470444771 
517.3652101763283 
514.6805710711429 
538.9643520680471 
529.5071006747804 
545.3708772054213 
569.1665420013826 
546.2250805570711 
558.489000105759 
603.9448213185569 
640.4925218641488 
632.8046916992997 
616.5748280179517 
651.0480347095368 
631.2183140462356 
597.1722090304756 
610.9614917071096 
592.4130760712833 
570.7529196544467 
567.8852369739078 
586.0065509339091 
567.7632079236721 
582.1626358514845 
578.0136481434708 
602.4194581906106 
599.3687319347182 
594.182497299701 
581.979592276131 
603.3956905924963 
602.9075743915535 
599.4907609849538 
602.6025017659642 
609.4361285791633 
601.9313419896678 
586.9827833357947 
575.6950961889925 
587.2878559613839 
569.3495855767362 
474.16692639289084 
437.192124171474 
412.2981979233914 
420.1080571384761 
418.27762138494063 
429.1382068559179 
438.2903856235953 
432.9821219383424 
416.26414205605164 
421.20631859059745 
436.0938627193527 
431.3347297601605 
436.4599498700598 
441.9512571306663 
454.7643074054147 
455.9845979077717 
448.90691299410116 
466.1130090773347 
447.56459344150846 
436.7040079705312 
455.7405398073003 
443.7816928842018 
453.1779297523506 
460.98778896743534 
478.559972201376 
486.2478023662251 
462.33010852002803 
460.743730866964 
469.1637353332272 
464.770689524742 
453.5440169030577 
460.01155656554977 
470.1399677351128 
493.0814291794242 
505.89447945417265 
522.2463721857563 
519.1956459298638 
552.6316056944454 
552.7536347446811 
542.5031945248824 
527.4936213458914 
525.1750693914131 
517.2431811260926 
509.799409061715 
428.89414875544645 
438.0463275231239 
417.5454470835265 
428.28400350426796 
419.61994093753333 
385.2077487710662 
392.52949178520817 
404.61036775854234 
400.09529289982146 
416.56921468164086 
425.9654515497897 
417.5454470835265 
412.9083431745699 
432.43299121228176 
423.40284149484 
404.00022250736384 
410.833849320563 
377.39788955598146 
398.264857146286 
393.9938403880365 
410.4677621698559 
404.85442585901376 
400.70543815099995 
399.3631185984073 
409.613558818206 
416.8132727821123 
421.81646384177594 
423.5248705450757 
414.3726917773983 
404.366309658071 
409.0034135670275 
414.1286336769269 
417.91153423423356 
423.40284149484 
416.2031275309338 
416.0810984806981 
413.0303722248056 
408.02718116514194 
409.7355878684417 
414.61674987786967 
414.8608079783411 
428.89414875544645 
428.40603255450367 
427.9179163535609 
429.01617780568216 
426.6976258512039 
433.53125266440304 
457.93706271154286 
453.6660459532934 
426.8196549014396 
418.39965043517634 
403.63413535665677 
409.2474716674989 
400.21732195005717 
387.03818452460166 
391.79731748379396 
398.264857146286 
391.9193465340296 
385.3297778213019 
385.8178940222447 
394.97007278992214 
396.8615230685755 
383.3773130175307 
396.3123923425148 
395.03108731504 
403.5731208315389 
405.58660016042796 
406.19674541160646 
403.146019155714 
403.0239901054783 
400.21732195005717 
389.11267837860856 
403.5731208315389 
400.9494962514714 
405.0984839594851 
404.00022250736384 
404.366309658071 
393.6887677624473 
388.8076057530193 
392.52949178520817 
389.4177510041978 
386.73311189901244 
398.2038426211681 
399.18007502305375 
415.04385155369465 
411.5660236219772 
402.65790295477115 
406.07471636137075 
404.97645490924947 
401.31558340217845 
406.4408035120778 
408.63732641632043 
399.2410895481716 
400.9494962514714 
399.48514764864296 
390.33296888096555 
384.3535454194163 
369.03889961483605 
367.45252196177194 
362.5103454272262 
364.5238247561152 
361.4730985002227 
369.0999141399539 
369.0999141399539 
368.1236817380683 
370.38121916742875 
373.1878873228498 
377.2148459806279 
372.82180017214273 
371.47948061955003 
366.5983186101221 
371.60150966978574 
375.140352126621 
372.1506403958464 
373.7370180489105 
369.16092866507176 
373.06585827261415 
373.85904709914615 
376.9707878801565 
386.9771699994838 
381.7299208393488 
389.9668817302585 
385.39079234641974 
392.0413755842653 
392.0413755842653 
389.9668817302585 
386.73311189901244 
389.4177510041978 
393.2616660866223 
396.6784794932219 
387.34325715019094 
389.5397800544335 
385.51282139665545 
385.1467342459483 
391.7363029586761 
411.4439945717415 
415.10486607881245 
410.16268954426664 
407.8441375897884 
412.84732864945204 
410.6508057452095 
414.7387789281054 
418.27762138494063 
420.6571878645368 
415.71501132999094 
419.8029845128869 
415.95906943046236 
401.498626977532 
406.1357308864886 
416.69124373187657 
415.22689512904816 
416.6302292067587 
417.8505197091157 
415.7760258551088 
415.71501132999094 
408.75935546655614 
409.613558818206 
410.4677621698559 
415.34892417928387 
412.4202269736271 
412.4202269736271 
423.15878339436864 
425.3553062986112 
435.11763031746716 
432.06690406157463 
438.9005308747738 
444.87995433632307 
437.55821132218114 
437.192124171474 
437.0700951212383 
434.0193688653458 
436.4599498700598 
440.7309666283093 
430.84661355921764 
439.7547342264237 
439.8767632766594 
442.80546048231616 
439.0225599250095 
438.7785018245381 
438.6564727743024 
432.92110741322455 
439.1445889752452 
431.82284596110327 
434.6295141165243 
435.60574651840994 
436.33792081982415 
440.9750247287807 
450.12720349645815 
448.78488394386545 
450.4932906471652 
449.761116345751 
465.5028638261562 
468.0654738811059 
468.6756191322844 
466.1130090773347 
463.550399022385 
456.2286560082431 
462.2080794697923 
474.28895544312655 
470.1399677351128 
468.431561031813 
473.55678114171235 
471.3602582374698 
475.02112974454076 
479.1701174525545 
485.51562806481087 
504.43013085134425 
496.1321554353167 
495.5220101841382 
495.3999811339025 
494.9118649329597 
497.1083878372023 
489.0544705216461 
495.7660682846096 
447.56459344150846 
451.1034358983437 
444.75792528608736 
448.78488394386545 
442.80546048231616 
426.2095096502611 
431.944875011339 
440.7309666283093 
452.6898135514078 
449.6390872955153 
457.5709755608358 
463.67242807262073 
469.4077934336986 
474.77707164406934 
471.1162001369984 
472.94663589053386 
473.67881019194806 
468.5535900820487 
472.45851968959107 
474.41098449336226 
471.9704034886483 
465.3808347759205 
473.312723041241 
468.6756191322844 
453.421987852822 
458.30314986225 
447.93068059221554 
455.86256885753596 
440.7309666283093 
450.981406848108 
452.0796683002293 
469.65185153416996 
481.2446113065614 
474.77707164406934 
477.70576884972616 
485.7596861652823 
481.1225822563257 
474.6550425938336 
466.1130090773347 
470.1399677351128 
468.9196772327558 
461.35387611814247 
463.79445712285644 
465.990980027099 
460.1335856157855 
464.40460237403494 
467.9434448308702 
462.8182247209708 
471.72634538817687 
471.2382291872341 
476.24142024689775 
466.8451833787489 
464.1605442735635 
473.1906939910053 
465.6248928763919 
467.8214157806345 
463.67242807262073 
454.8863364556504 
455.9845979077717 
457.69300461107144 
459.15735321389985 
447.8086515419798 
450.00517444622244 
446.10024483868006 
442.3173442813734 
447.8086515419798 
443.29357668325895 
443.29357668325895 
440.2428504273665 
444.02575098467315 
451.5915520992865 
447.93068059221554 
447.6866224917441 
447.93068059221554 
446.58836103962284 
445.24604148703014 
447.8086515419798 
449.27300014480824 
448.2967677429226 
450.4932906471652 
455.0083655058861 
458.30314986225 
465.2588057256848 
457.69300461107144 
459.76749846507835 
463.18431187167795 
457.93706271154286 
459.27938226413556 
462.9402537712065 
470.87214203652695 
469.04170628299147 
468.6756191322844 
464.770689524742 
467.4553286299274 
464.1605442735635 
462.6961956707351 
462.33010852002803 
457.08285935989295 
455.9845979077717 
454.7643074054147 
456.47271410871446 
451.34749399881514 
449.761116345751 
442.68343143208045 
446.10024483868006 
447.93068059221554 
447.32053534103704 
448.2967677429226 
445.24604148703014 
445.36807053726585 
441.5851699799592 
442.4393733316091 
443.6596638339661 
450.4932906471652 
451.95763924999363 
449.39502919504395 
451.34749399881514 
453.0559007021149 
451.5915520992865 
457.32691746036437 
461.4759051683781 
460.25561466602113 
458.7912660631928 
456.3506850584788 
452.0796683002293 
453.5440169030577 
445.49009958750156 
459.64546941484264 
462.8182247209708 
456.9608303096573 
458.30314986225 
464.6486604745063 
473.312723041241 
467.0892414792203 
463.91648617309215 
462.2080794697923 
462.0860504195566 
462.45213757026374 
460.01155656554977 
454.7643074054147 
453.421987852822 
449.0289420443368 
443.53763478373037 
450.73734874763664 
459.88952751531406 
459.523440364607 
449.88314539598673 
449.39502919504395 
449.27300014480824 
453.421987852822 
457.4489465106001 
463.30634092191366 
463.4283699721493 
469.7738805844057 
464.52663142427065 
465.8689509768633 
468.3095319815773 
462.33010852002803 
457.69300461107144 
456.47271410871446 
458.66923701295707 
454.642278355179 
458.7912660631928 
464.0385152233278 
466.2350381275704 
469.04170628299147 
465.01474762521343 
467.3332995796917 
465.6248928763919 
460.25561466602113 
461.59793421861383 
461.23184706790676 
459.27938226413556 
462.8182247209708 
464.2825733237992 
471.72634538817687 
467.9434448308702 
467.4553286299274 
468.7976481825201 
469.04170628299147 
470.0179386848771 
468.9196772327558 
469.4077934336986 
467.8214157806345 
470.87214203652695 
470.38402583558417 
471.2382291872341 
470.87214203652695 
474.41098449336226 
471.72634538817687 
472.5805487398268 
495.3999811339025 
498.8167945405021 
490.2747610240031 
491.25099342588874 
488.81041242117476 
486.00374426575365 
485.88171521551794 
494.5457777822526 
491.128964375653 
494.0576615813098 
493.569545380367 
487.46809286858206 
492.34925487801 
491.25099342588874 
494.1796906315455 
492.9594001291885 
492.4712839282457 
491.37302247612445 
494.4237487320169 
496.010126385081 
489.90867387329604 
487.46809286858206 
493.8136034808384 
493.32548727989564 
489.90867387329604 
495.0338939831954 
491.98316772730294 
495.2779520836668 
492.34925487801 
496.1321554353167 
493.6915744306027 
492.2272258277743 
487.34606381834635 
483.3191051605683 
482.4649018089184 
486.61388951693215 
480.2683789046758 
480.7564951056186 
485.27156996433945 
484.05127946198246 
483.6851923112754 
486.61388951693215 
483.8072213615111 
482.5869308591541 
477.9498269501975 
471.72634538817687 
472.33649063935536 
477.2176526487833 
475.75330404595496 
485.88171521551794 
483.3191051605683 
484.9054828136324 
486.4918604666965 
490.51881912447453 
492.59331297848144 
492.71534202871715 
495.5220101841382 
483.3191051605683 
493.93563253107413 
492.71534202871715 
490.2747610240031 
489.6646157728246 
488.68838337093905 
489.29852862211754 
492.71534202871715 
500.28114314333044 
499.3820331011938 
497.63825200666645 
499.5293350772181 
498.89897405370084 
498.1110227743044 
497.5594568787268 
489.3647635730033 
489.12837818918433 
491.33464177149455 
493.1469297141065 
489.7587392127016 
495.274398168477 
494.4864468890805 
493.4621102258651 
491.33464177149455 
493.1469297141065 
492.2013881788307 
490.6254856200377 
492.0437979229514 
491.4922320273738 
490.1527148523998 
489.83753434064124 
491.0982563876756 
493.1469297141065 
490.783075875917 
492.35897843470997 
492.98933945822716 
494.4864468890805 
492.2013881788307 
493.698495609684 
494.88042252877875 
496.0623494478735 
498.5049984140026 
498.5049984140026 
497.40186662284754 
495.8259640640546 
493.8560858655633 
493.8560858655633 
496.77150559933034 
499.765720461037 
498.6625886698819 
524.9801614017248 
525.9257029370006 
524.5073906340868 
519.3069121900701 
520.3312488532854 
523.4042588429318 
522.458717307656 
527.8167860075521 
524.6649808899662 
533.2536498353879 
532.544493683931 
541.3695480131719 
543.1818359557838 
550.1158072144729 
547.4367728645248 
544.7577385145767 
543.1818359557838 
538.7693087911634 
546.4124362013093 
551.3765292615072 
561.541100765722 
585.6524099152547 
580.6095217271171 
576.6697653301346 
579.8215704477207 
590.2225273357543 
602.1993867825811 
596.2109570591676 
603.1449283178567 
599.6779426885123 
594.0834886047971 
587.149517346108 
584.7068683799789 
589.9861419519355 
591.0892737430904 
593.216742197461 
607.4786603545375 
621.5829882557348 
621.4253979998555 
610.9456459838821 
604.0904698531326 
618.6675685219677 
624.1832274777432 
609.6849239368478 
607.7938408662961 
564.2989302436097 
569.8145891993852 
583.9189171005823 
586.2039758108322 
577.1425360977726 
554.2919489952742 
547.9095436321627 
524.3498003782076 
528.28955677519 
527.6591957516728 
540.2664162220167 
539.3208746867409 
538.6117185352841 
556.0254418099466 
553.8191782276364 
556.9709833452223 
559.2560420554721 
561.541100765722 
562.3290520451185 
548.53990465568 
550.5885779821108 
542.7878603160855 
552.1644805409037 
546.491231329249 
544.5213531307578 
539.7148503264391 
548.7762900394989 
545.7820751777922 
538.6117185352841 
541.999909036689 
541.2907528852322 
541.8423187808097 
542.3150895484475 
548.6974949115593 
551.3765292615072 
549.7218315747746 
546.0972556895508 
544.915328770456 
549.6430364468349 
541.0543675014133 
518.0461901430356 
513.7912532342946 
520.5676342371044 
518.1249852709752 
512.136555547562 
505.0449940329935 
501.4204181477696 
500.31728635661455 
514.5004093857515 
511.663784779924 
500.0021058448559 
505.6753550565107 
504.96619890505383 
501.2628278918903 
499.92331071691626 
505.2025842888728 
503.6266817300798 
511.4273993961051 
514.5792045136911 
511.900170163743 
511.74257990786367 
513.3972775945963 
500.2384912286749 
504.8086086491745 
511.4273993961051 
508.19679915057947 
518.0461901430356 
519.543297573889 
513.476072722536 
517.2582388636391 
526.6348590884575 
526.3196785766988 
524.5073906340868 
527.3440152399143 
536.3266598250343 
534.1991913706637 
534.9083475221205 
534.1991913706637 
532.2293131721725 
532.3081083001122 
533.2536498353879 
538.3753331514652 
530.5746154854398 
527.8955811354917 
530.3382301016209 
524.6649808899662 
529.7078690781037 
528.053171391371 
515.8399265607254 
518.6765511665528 
521.2767903885613 
519.9372732135872 
517.7310096312771 
521.4343806444406 
519.9372732135872 
519.8584780856476 
518.6765511665528 
516.0763119445444 
514.1852288739929 
507.6452332550019 
503.7842719859591 
499.84451558897666 
500.63246686837317 
502.681140194804 
498.6625886698819 
496.53512021551137 
487.31609024657246 
488.3404269097879 
487.7888610142103 
493.61970048174436 
494.4864468890805 
501.2628278918903 
498.6625886698819 
495.1956030405373 
492.5165686905893 
495.7471689361149 
493.3045199699858 
491.4922320273738 
492.5165686905893 
491.7286174111928 
492.59536381852894 
497.4806617507872 
515.051975281329 
515.1307704092686 
510.1666773490707 
512.6093263151998 
515.5247460489668 
518.5977560386132 
519.3857073180097 
519.0705268062511 
516.3126973283634 
518.6765511665528 
518.9917316783115 
516.7863687243137 
516.0434302668461 
513.218342010304 
506.61348856623044 
498.7462558044674 
499.03805448982587 
496.84956434963715 
496.7036650069579 
497.5790610630334 
496.4118663215994 
498.7462558044674 
506.9166189945053 
496.84956434963715 
508.22971307861854 
511.8771966455998 
492.76438275461817 
492.4725840692597 
488.67920115959924 
487.51200641816524 
490.284093929071 
495.2446715801654 
491.74308735586345 
493.78567815337294 
493.0561814399767 
486.34481167673124 
493.4938794680144 
497.2872623776749 
490.57589261442945 
489.2627985303162 
496.2659669789202 
505.0199275396751 
512.4607940163168 
505.0199275396751 
517.859069695449 
519.6098618075999 
522.2360499758264 
523.4032447172605 
510.27230387612803 
508.3756124212978 
503.2691354275241 
499.7675512032221 
503.8527327982411 
500.05934988858064 
508.22971307861854 
506.47892096646757 
507.6461157079016 
509.68870650541106 
517.7131703527698 
525.2999361720906 
522.8196473465434 
514.357485471147 
519.0262644368829 
515.6705795552602 
512.3148946736376 
513.1902907297131 
509.5428071627318 
507.0858700811883 
505.50609575146655 
501.15298368939926 
492.40911254375607 
450.00133748738654 
430.76482096697146 
423.18679930741405 
429.453240295125 
437.0312619546824 
448.2525632582579 
463.84580013465495 
462.05946553388543 
461.0797407458474 
459.24889497470315 
450.09466611898176 
453.51578054684245 
447.57044947573263 
445.17856275548775 
446.85288345965915 
456.7393485700049 
450.67990221205105 
457.77583281544435 
451.636656900149 
458.6528579462008 
447.49071991839116 
450.7596317693925 
449.0853110652211 
443.1853238219503 
431.54480845009164 
431.9434562367991 
432.26237446616506 
429.2326512871882 
427.1596827963092 
432.4218335808481 
429.39211040187115 
424.7677960760643 
420.62185909430644 
415.43943786710906 
414.5624127363526 
417.990783702037 
413.8448467202791 
412.6489033601566 
416.31646299786553 
416.4759221125486 
417.671865472671 
412.7286329174982 
414.5624127363526 
413.12728070420565 
408.2637777063743 
412.4894442454737 
410.6556644266192 
415.0407900804016 
389.20841350175635 
388.80976571504885 
385.38139474936446 
387.6138223549264 
387.9327405842924 
387.2949041255604 
389.52733173112233 
395.74623720375916 
397.2610987932476 
402.84216780715246 
396.7827214491986 
395.4273189743932 
398.77596038273606 
395.5867780890762 
395.67065358339937 
393.92687248887205 
392.72321336513585 
398.1396794219486 
396.5348005903004 
375.5710708518956 
370.95704421090704 
373.4665932399554 
372.3210622740951 
364.0545678985743 
374.7139948564826 
371.6684442970802 
364.1633375614101 
354.1565285805166 
351.3285173467858 
352.4705988065617 
342.79009881417556 
340.8322448831312 
349.37066341574143 
346.21634319350323 
346.92334600193595 
350.45836004409944 
345.40057072223476 
345.94441903641376 
345.18303139656314 
341.9199415114892 
346.6514218448465 
352.307444312308 
357.74592745409797 
351.3829021782037 
355.2442252088746 
358.4529302625307 
359.21431790238125 
383.8185594841532 
382.07477838962586 
371.6857652193104 
365.3574323236868 
374.6389872372681 
374.9026677745858 
373.37332065814337 
367.572348837155 
371.7283670290027 
377.41250243480374 
375.3168785505819 
374.0141934333629 
376.7539146814032 
374.7215345065413 
370.79408267806764 
365.02599415134193 
366.92361843736074 
372.783928732419 
372.6723037744179 
371.61186667340735 
367.76080562236905 
370.3281796563946 
365.4166815043458 
357.6602220470887 
346.6697230004715 
339.1770658045235 
351.16531731804025 
349.7777882076796 
352.55284642840104 
357.6034523901141 
353.4408650590319 
339.2880681333524 
340.50909375046984 
341.952124025245 
332.0174155950622 
322.7487211378524 
329.96387251172825 
327.2998166198356 
327.9658305928088 
330.35238066262923 
333.7934528563239 
333.40494470542285 
335.9579982684866 
329.2978585387551 
327.3128693836826 
331.0092010392502 
330.8247094059458 
338.8193468491377 
338.08138031592 
327.87284327307486 
335.19101139415056 
334.0225643832225 
338.69635242693477 
339.31132453794953 
338.2658719492244 
347.42895640334444 
349.0893811030843 
347.7364424588518 
348.2899173587651 
354.6241301022172 
367.6615388557302 
365.20165041167115 
365.6321308893815 
367.3540528002228 
369.87543845538335 
361.01984005677076 
359.9743874680456 
360.8968456345678 
364.279192245149 
363.7872145563372 
365.57063367828 
363.35673407862686 
365.57063367828 
376.51713725434286 
382.05188625347574 
381.8058974090698 
384.6347691197377 
385.4342328640569 
383.52781931991115 
380.39146155373584 
385.4342328640569 
388.87807668573964 
394.1668368404666 
376.9476177320532 
378.91552848730043 
353.45568309128913 
346.6909898701267 
344.3540958482706 
345.3380512258942 
331.56267593916346 
322.39959148504346 
326.25156462306165 
325.8910188669935 
324.1940967066985 
320.6117054794089 
335.06696832636663 
323.94270083109916 
291.26123700319476 
292.7067632878905 
293.08385710128937 
290.0671065940982 
297.98607667547503 
300.43718646256787 
294.592232354885 
297.04334214197786 
295.15787307498334 
294.46653441708537 
279.19423497443 
278.8799901299309 
284.2221524864153 
279.5713287878289 
279.8227246634282 
282.9023241395192 
283.3422669218179 
281.0797040414245 
282.273834450521 
281.45679785482344 
286.5475643357085 
291.1355390653951 
289.06152309170113 
278.56574528543183 
266.6872901633666 
265.1160659408712 
272.1551504576506 
268.0071185102627 
267.75572263466347 
262.28786234037943 
267.81857160356327 
253.9917984456037 
251.2264438140118 
245.4443386752287 
247.7697505245219 
241.73624951013954 
246.38707320872592 
245.9471304264272 
246.57562011542538 
246.51277114652558 
256.2543613259971 
252.16917834750902 
254.43174122790242 
253.04906391210645 
246.38707320872592 
248.77533402691896 
249.65521959151638 
238.21670725174982 
242.11334332353843 
236.33123818475534 
240.4792701321432 
244.87869795513035 
247.07841186662392 
243.99881239053292 
246.51277114652558 
249.96946443601547 
249.15242784031784 
229.41785160577555 
225.45836656508712 
225.39551759618732 
224.2013871870908 
226.27540316078475 
227.78377841438032 
223.63574646699246 
214.8368908210182 
216.15671916791433 
217.09945370141156 
220.43044905310182 
219.4877145196046 
223.13295471579391 
221.24748564879943 
229.2293046990761 
229.92064335697407 
225.7097624406864 
223.57289749809263 
223.32150162249337 
223.25865265359354 
222.12737121339686 
221.62457946219834 
215.6539274167158 
219.11062070620568 
217.1623026703114 
218.60782895500716 
222.00167327559723 
227.78377841438032 
222.50446502679577 
226.02400728518546 
225.45836656508712 
224.13853821819097 
226.96674181868272 
227.84662738328015 
225.7097624406864 
230.4234351081726 
238.845196940748 
237.39967065605222 
240.1650252876441 
234.1943732421616 
228.03517428997958 
232.24605520626727 
232.18320623736747 
228.66366397897775 
230.61198201487207 
228.97790882347684 
228.66366397897775 
216.53381298131322 
226.9038928497829 
233.18878973976453 
231.74326345506876 
225.83546037848603 
226.8410438808831 
225.2698196583877 
226.526799036384 
225.7097624406864 
226.40110109858438 
220.93324080430037 
224.07568924929117 
229.04075779237664 
224.89272584498877 
226.96674181868272 
226.1497052229851 
235.89129540245662 
228.66366397897775 
230.98907582827096 
231.74326345506876 
234.50861808666068 
236.07984230915608 
229.2293046990761 
228.8522108856772 
225.45836656508712 
223.32150162249337 
221.1217877109998 
222.00167327559723 
219.61341245740422 
222.00167327559723 
220.68184492870108 
220.8075428665007 
221.0589387421 
221.8759753377976 
215.84247432341525 
220.43044905310182 
218.54497998610734 
220.93324080430037 
219.61341245740422 
217.979339266009 
221.1217877109998 
222.56731399569557 
220.7446938976009 
213.4542135052222 
218.16788617270845 
222.3159181200963 
218.7963758617066 
216.28241710571396 
215.96817226121487 
213.64276041192167 
213.7056093808215 
215.84247432341525 
215.90532329231505 
220.36760008420202 
216.15671916791433 
214.0827031942204 
216.9109067947121 
215.3396825722167 
212.6371769095246 
178.981554063673 
158.61848814013257 
160.6925041138265 
139.26100571898917 
131.62877777332082 
131.62877777332082 
131.62877777332082 
131.62877777332082 
131.62877777332082 
131.62877777332082 
131.62877777332082 
131.62877777332082 
131.62877777332082 
131.62877777332082 
131.62877777332082 
131.62877777332082 
131.62877777332082 
131.62877777332082 
131.62877777332082 
131.62877777332082 
131.62877777332082 
131.62877777332082 
131.62877777332082 
131.62877777332082 
131.62877777332082 
131.62877777332082 
131.62877777332082 
131.62877777332082 
131.62877777332082 
131.62877777332082 
131.62877777332082 
131.62877777332082 
131.62877777332082 
131.62877777332082 
131.62877777332082 
131.62877777332082 
131.62877777332082 
131.62877777332082 
131.62877777332082 
131.62877777332082 
131.62877777332082 
131.62877777332082 
131.62877777332082 
131.62877777332082 
131.62877777332082 
131.62877777332082 
131.62877777332082 
131.62877777332082 
131.62877777332082 
131.62877777332082 
131.62877777332082 
131.62877777332082 
131.62877777332082 
131.62877777332082 
131.62877777332082 
131.62877777332082 
131.62877777332082 
131.62877777332082 
131.62877777332082 
131.62877777332082 
131.62877777332082 
131.62877777332082 
131.62877777332082 
131.62877777332082 
131.62877777332082 
131.62877777332082 
131.62877777332082 
131.62877777332082 
131.62877777332082 
131.62877777332082 
131.62877777332082 
131.62877777332082 
131.62877777332082 
131.62877777332082 
131.62877777332082 
131.62877777332082 
131.62877777332082 
131.62877777332082 
131.62877777332082 
131.62877777332082 
131.62877777332082 
131.62877777332082 
131.62877777332082 
131.62877777332082 
131.62877777332082 
131.62877777332082 
131.62877777332082 
131.62877777332082 
131.62877777332082 
131.62877777332082 
131.62877777332082 
131.62877777332082 
131.62877777332082 
131.62877777332082 
131.62877777332082 
131.62877777332082 
131.62877777332082 
131.62877777332082 
131.62877777332082 
131.62877777332082 
131.62877777332082 
131.62877777332082 
131.62877777332082 
131.62877777332082 
131.62877777332082 
131.62877777332082 
131.62877777332082 
131.62877777332082 
131.62877777332082 
131.62877777332082 
131.62877777332082 
131.62877777332082 
131.62877777332082 
131.62877777332082 
131.62877777332082 
131.62877777332082 
131.62877777332082 
131.62877777332082 
131.62877777332082 
131.62877777332082 
131.62877777332082 
131.62877777332082 
131.62877777332082 
131.62877777332082 
131.62877777332082 
131.62877777332082 
131.62877777332082 
131.62877777332082 
131.62877777332082 
131.62877777332082 
131.62877777332082 
131.62877777332082 
131.62877777332082 
131.62877777332082 
131.62877777332082 
131.62877777332082 
131.62877777332082 
131.62877777332082 
131.62877777332082 
131.62877777332082 
131.62877777332082 
131.62877777332082 
131.62877777332082 
131.62877777332082 
131.62877777332082 
131.62877777332082 
131.62877777332082 
131.62877777332082 
131.62877777332082 
131.62877777332082 
131.62877777332082 
131.62877777332082 
131.62877777332082 
131.62877777332082 
131.62877777332082 
131.62877777332082 
131.62877777332082 
131.62877777332082 
131.62877777332082 
131.62877777332082 
131.62877777332082 
131.62877777332082 
131.62877777332082 
131.62877777332082 
131.62877777332082 
131.62877777332082 
131.62877777332082 
131.62877777332082 
131.62877777332082 
131.62877777332082 
131.62877777332082 
131.62877777332082 
131.62877777332082 
131.62877777332082 
131.62877777332082 
131.62877777332082 
131.62877777332082 
131.62877777332082 
131.62877777332082 
131.62877777332082 
131.62877777332082 
131.62877777332082 
131.62877777332082 
131.62877777332082 
131.62877777332082 
131.62877777332082 
131.62877777332082 
131.62877777332082 
131.62877777332082 
131.62877777332082 
131.62877777332082 
131.62877777332082 
131.62877777332082 
131.62877777332082 
131.62877777332082 
131.62877777332082 
131.62877777332082 
131.62877777332082 
131.62877777332082 
131.62877777332082 
131.62877777332082 
131.62877777332082 
131.62877777332082 
131.62877777332082 
131.62877777332082 
131.62877777332082 
131.62877777332082 
131.62877777332082 
131.62877777332082 
131.62877777332082 
131.62877777332082 
131.62877777332082 
131.62877777332082 
131.62877777332082 
131.62877777332082 
131.62877777332082 
131.62877777332082 
131.62877777332082 
131.62877777332082 
131.62877777332082 
131.62877777332082 
131.62877777332082 
131.62877777332082 
131.62877777332082 
131.62877777332082 
131.62877777332082 
131.62877777332082 
131.62877777332082 
131.62877777332082 
131.62877777332082 
131.62877777332082 
131.62877777332082 
131.62877777332082 
131.62877777332082 
131.62877777332082 
131.62877777332082 
131.62877777332082 
131.62877777332082 
131.62877777332082 
131.62877777332082 
131.62877777332082 
131.62877777332082 
131.62877777332082 
131.62877777332082 
131.62877777332082 
131.62877777332082 
131.62877777332082 
131.62877777332082 
131.62877777332082 
131.62877777332082 
131.62877777332082 
131.62877777332082 
131.62877777332082 
131.62877777332082 
131.62877777332082 
131.62877777332082 
131.62877777332082 
131.62877777332082 
131.62877777332082 
131.62877777332082 
131.62877777332082 
131.62877777332082 
131.62877777332082 
131.62877777332082 
131.62877777332082 
131.62877777332082 
131.62877777332082 
131.62877777332082 
131.62877777332082 
131.62877777332082 
131.62877777332082 
131.62877777332082 
131.62877777332082 
131.62877777332082 
131.62877777332082 
131.62877777332082 
131.62877777332082 
131.62877777332082 
131.62877777332082 
131.62877777332082 
131.62877777332082 
131.62877777332082 
131.62877777332082 
131.62877777332082 
131.62877777332082 
131.62877777332082 
131.62877777332082 
131.62877777332082 
131.62877777332082 
131.62877777332082 
131.62877777332082 
131.62877777332082 
131.62877777332082 
131.62877777332082 
131.62877777332082 
131.62877777332082 
131.62877777332082 
131.62877777332082 
131.62877777332082 
131.62877777332082 
131.62877777332082 
131.62877777332082 
131.62877777332082 
131.62877777332082 
131.62877777332082 
131.62877777332082 
131.62877777332082 
131.62877777332082 
131.62877777332082 
131.62877777332082 
131.62877777332082 
131.62877777332082 
131.62877777332082 
131.62877777332082 
131.62877777332082 
131.62877777332082 
131.62877777332082 
131.62877777332082 
131.62877777332082 
131.62877777332082 
131.62877777332082 
131.62877777332082 
131.62877777332082 
131.62877777332082 
131.62877777332082 
131.62877777332082 
131.62877777332082 
131.62877777332082 
131.62877777332082 
131.62877777332082 
131.62877777332082 
131.62877777332082 
131.62877777332082 
131.62877777332082 
131.62877777332082 
131.62877777332082 
131.62877777332082 
131.62877777332082 
131.62877777332082 
131.62877777332082 
131.62877777332082 
131.62877777332082 
131.62877777332082 
131.62877777332082 
131.62877777332082 
131.62877777332082 
131.62877777332082 
131.62877777332082 
131.62877777332082 
131.62877777332082 
131.62877777332082 
131.62877777332082 
131.62877777332082 
131.62877777332082 
131.62877777332082 
131.62877777332082 
131.62877777332082 
131.62877777332082 
131.62877777332082 
131.62877777332082 
131.62877777332082 
131.62877777332082 
131.62877777332082 
131.62877777332082 
131.62877777332082 
131.62877777332082 
131.62877777332082 
131.62877777332082 
131.62877777332082 
131.62877777332082 
131.62877777332082 
131.62877777332082 
131.62877777332082 
131.62877777332082 
131.62877777332082 
131.62877777332082 
131.62877777332082 
131.62877777332082 
131.62877777332082 
131.62877777332082 
131.62877777332082 
131.62877777332082 
131.62877777332082 
131.62877777332082 
131.62877777332082 
131.62877777332082 
131.62877777332082 
131.62877777332082 
131.62877777332082 
131.62877777332082 
131.62877777332082 
131.62877777332082 
131.62877777332082 
131.62877777332082 
131.62877777332082 
131.62877777332082 
131.62877777332082 
131.62877777332082 
131.62877777332082 
131.62877777332082 
131.62877777332082 
131.62877777332082 
131.62877777332082 
131.62877777332082 
131.62877777332082 
131.62877777332082 
131.62877777332082 
131.62877777332082 
131.62877777332082 
131.62877777332082 
131.62877777332082 
131.62877777332082 
131.62877777332082 
131.62877777332082 
131.62877777332082 
131.62877777332082 
131.62877777332082 
131.62877777332082 
131.62877777332082 
131.62877777332082 
131.62877777332082 
131.62877777332082 
131.62877777332082 
131.62877777332082 
131.62877777332082 
131.62877777332082 
131.62877777332082 
131.62877777332082 
131.62877777332082 
131.62877777332082 
131.62877777332082 
131.62877777332082 
131.62877777332082 
131.62877777332082 
131.62877777332082 
131.62877777332082 
131.62877777332082 
131.62877777332082 
131.62877777332082 
131.62877777332082 
131.62877777332082 
131.62877777332082 
131.62877777332082 
131.62877777332082 
131.62877777332082 
131.62877777332082 
131.62877777332082 
131.62877777332082 
131.62877777332082 
131.62877777332082 
131.62877777332082 
131.62877777332082 
131.62877777332082 
131.62877777332082 
131.62877777332082 
131.62877777332082 
131.62877777332082 
131.62877777332082 
131.62877777332082 
131.62877777332082 
131.62877777332082 
131.62877777332082 
131.62877777332082 
131.62877777332082 
131.62877777332082 
131.62877777332082 
131.62877777332082 
131.62877777332082 
131.62877777332082 
131.62877777332082 
131.62877777332082 
131.62877777332082 
131.62877777332082 
131.62877777332082 
131.62877777332082 
131.62877777332082 
131.62877777332082 
131.62877777332082 
131.62877777332082 
131.62877777332082 
131.62877777332082 
131.62877777332082 
131.62877777332082 
131.62877777332082 
131.62877777332082 
131.62877777332082 
131.62877777332082 
131.62877777332082 
131.62877777332082 
131.62877777332082 
131.62877777332082 
131.62877777332082 
131.62877777332082 
131.62877777332082 
131.62877777332082 
131.62877777332082 
131.62877777332082 
131.62877777332082 
131.62877777332082 
131.62877777332082 
131.62877777332082 
131.62877777332082 
131.62877777332082 
131.62877777332082 
131.62877777332082 
131.62877777332082 
131.62877777332082 
131.62877777332082 
131.62877777332082 
131.62877777332082 
131.62877777332082 
131.62877777332082 
131.62877777332082 
131.62877777332082 
131.62877777332082 
131.62877777332082 
131.62877777332082 
131.62877777332082 
131.62877777332082 
131.62877777332082 
131.62877777332082 
131.62877777332082 
131.62877777332082 
131.62877777332082 
131.62877777332082 
131.62877777332082 
131.62877777332082 
131.62877777332082 
131.62877777332082 
131.62877777332082 
131.62877777332082 
131.62877777332082 
131.62877777332082 
131.62877777332082 
131.62877777332082 
131.62877777332082 
131.62877777332082 
131.62877777332082 
131.62877777332082 
131.62877777332082 
131.62877777332082 
131.62877777332082 
131.62877777332082 
131.62877777332082 
131.62877777332082 
131.62877777332082 
131.62877777332082 
131.62877777332082 
131.62877777332082 
131.62877777332082 
131.62877777332082 
131.62877777332082 
131.62877777332082 
131.62877777332082 
131.62877777332082 
131.62877777332082 
131.62877777332082 
131.62877777332082 
131.62877777332082 
131.62877777332082 
131.62877777332082 
131.62877777332082 
131.62877777332082 
131.62877777332082 
131.62877777332082 
131.62877777332082 
131.62877777332082 
131.62877777332082 
131.62877777332082 
131.62877777332082 
131.62877777332082 
131.62877777332082 
131.62877777332082 
131.62877777332082 
131.62877777332082 
131.62877777332082 
131.62877777332082 
131.62877777332082 
131.62877777332082 
131.62877777332082 
131.62877777332082 
131.62877777332082 
131.62877777332082 
131.62877777332082 
131.62877777332082 
131.62877777332082 
131.62877777332082 
131.62877777332082 
131.62877777332082 
131.62877777332082 
131.62877777332082 
131.62877777332082 
131.62877777332082 
131.62877777332082 
131.62877777332082 
131.62877777332082 
131.62877777332082 
131.62877777332082 
131.62877777332082 
131.62877777332082 
131.62877777332082 
131.62877777332082 
131.62877777332082 
131.62877777332082 
131.62877777332082 
131.62877777332082 
131.62877777332082 
131.62877777332082 
131.62877777332082 
131.62877777332082 
131.62877777332082 
131.62877777332082 
131.62877777332082 
131.62877777332082 
131.62877777332082 
131.62877777332082 
131.62877777332082 
131.62877777332082 
131.62877777332082 
131.62877777332082 
131.62877777332082 
131.62877777332082 
131.62877777332082 
131.62877777332082 
131.62877777332082 
131.62877777332082 
131.62877777332082 
131.62877777332082 
131.62877777332082 
131.62877777332082 
131.62877777332082 
131.62877777332082 
131.62877777332082 
131.62877777332082 
131.62877777332082 
131.62877777332082 
131.62877777332082 
131.62877777332082 
131.62877777332082 
131.62877777332082 
131.62877777332082 
131.62877777332082 
131.62877777332082 
131.62877777332082 
131.62877777332082 
131.62877777332082 
131.62877777332082 
131.62877777332082 
131.62877777332082 
131.62877777332082 
131.62877777332082 
131.62877777332082 
131.62877777332082 
131.62877777332082 
131.62877777332082 
131.62877777332082 
131.62877777332082 
131.62877777332082 
131.62877777332082 
131.62877777332082 
131.62877777332082 
131.62877777332082 
131.62877777332082 
131.62877777332082 
131.62877777332082 
131.62877777332082 
131.62877777332082 
131.62877777332082 
131.62877777332082 
131.62877777332082 
131.62877777332082 
131.62877777332082 
131.62877777332082 
131.62877777332082 
131.62877777332082 
131.62877777332082 
131.62877777332082 
131.62877777332082 
131.62877777332082 
131.62877777332082 
131.62877777332082 
131.62877777332082 
131.62877777332082 
131.62877777332082 
131.62877777332082 
131.62877777332082 
131.62877777332082 
131.62877777332082 
131.62877777332082 
131.62877777332082 
131.62877777332082 
131.62877777332082 
131.62877777332082 
131.62877777332082 
131.62877777332082 
131.62877777332082 
131.62877777332082 
131.62877777332082 
131.62877777332082 
131.62877777332082 
131.62877777332082 
131.62877777332082 
131.62877777332082 
131.62877777332082 
131.62877777332082 
131.62877777332082 
131.62877777332082 
131.62877777332082 
131.62877777332082 
131.62877777332082 
131.62877777332082 
131.62877777332082 
131.62877777332082 
131.62877777332082 
131.62877777332082 
131.62877777332082 
131.62877777332082 
131.62877777332082 
131.62877777332082 
131.62877777332082 
131.62877777332082 
131.62877777332082 
131.62877777332082 
131.62877777332082 
131.62877777332082 
131.62877777332082 
131.62877777332082 
131.62877777332082 
131.62877777332082 
131.62877777332082 
131.62877777332082 
131.62877777332082 
131.62877777332082 
131.62877777332082 
131.62877777332082 
131.62877777332082 
131.62877777332082 
131.62877777332082 
131.62877777332082 
131.62877777332082 
131.62877777332082 
131.62877777332082 
131.62877777332082 
131.62877777332082 
131.62877777332082 
131.62877777332082 
131.62877777332082 
131.62877777332082 
131.62877777332082 
131.62877777332082 
131.62877777332082 
131.62877777332082 
131.62877777332082 
131.62877777332082 
131.62877777332082 
131.62877777332082 
131.62877777332082 
131.62877777332082 
131.62877777332082 
131.62877777332082 
131.62877777332082 
131.62877777332082 
131.62877777332082 
131.62877777332082 
131.62877777332082 
131.62877777332082 
131.62877777332082 
131.62877777332082 
131.62877777332082 
131.62877777332082 
131.62877777332082 
131.62877777332082 
131.62877777332082 
131.62877777332082 
131.62877777332082 
131.62877777332082 
131.62877777332082 
131.62877777332082 
131.62877777332082 
131.62877777332082 
131.62877777332082 
131.62877777332082 
131.62877777332082 
131.62877777332082 
131.62877777332082 
131.62877777332082 
131.62877777332082 
131.62877777332082 
131.62877777332082 
131.62877777332082 
131.62877777332082 
131.62877777332082 
131.62877777332082 
131.62877777332082 
131.62877777332082 
131.62877777332082 
131.62877777332082 
131.62877777332082 
131.62877777332082 
131.62877777332082 
131.62877777332082 
131.62877777332082 
131.62877777332082 
131.62877777332082 
131.62877777332082 
131.62877777332082 
131.62877777332082 
131.62877777332082 
131.62877777332082 
131.62877777332082 
131.62877777332082 
131.62877777332082 
131.62877777332082 
131.62877777332082 
131.62877777332082 
131.62877777332082 
131.62877777332082 
131.62877777332082 
131.62877777332082 
131.62877777332082 
131.62877777332082 
131.62877777332082 
131.62877777332082 
131.62877777332082 
131.62877777332082 
131.62877777332082 
131.62877777332082 
131.62877777332082 
131.62877777332082 
131.62877777332082 
131.62877777332082 
131.62877777332082 
131.62877777332082 
131.62877777332082 
131.62877777332082 
131.62877777332082 
131.62877777332082 
131.62877777332082 
131.62877777332082 
131.62877777332082 
131.62877777332082 
131.62877777332082 
131.62877777332082 
131.62877777332082 
131.62877777332082 
131.62877777332082 
131.62877777332082 
131.62877777332082 
131.62877777332082 
131.62877777332082 
131.62877777332082 
131.62877777332082 
131.62877777332082 
131.62877777332082 
131.62877777332082 
131.62877777332082 
131.62877777332082 
131.62877777332082 
131.62877777332082 
131.62877777332082 
131.62877777332082 
131.62877777332082 
131.62877777332082 
131.62877777332082 
131.62877777332082 
131.62877777332082 
131.62877777332082 
131.62877777332082 
131.62877777332082 
131.62877777332082 
131.62877777332082 
131.62877777332082 
131.62877777332082 
131.62877777332082 
131.62877777332082 
131.62877777332082 
131.62877777332082 
131.62877777332082 
131.62877777332082 
131.62877777332082 
131.62877777332082 
131.62877777332082 
131.62877777332082 
131.62877777332082 
131.62877777332082 
131.62877777332082 
131.62877777332082 
131.62877777332082 
131.62877777332082 
131.62877777332082 
131.62877777332082 
131.62877777332082 
131.62877777332082 
131.62877777332082 
131.62877777332082 
131.62877777332082 
131.62877777332082 
131.62877777332082 
131.62877777332082 
131.62877777332082 
131.62877777332082 
131.62877777332082 
131.62877777332082 
131.62877777332082 
131.62877777332082 
131.62877777332082 
131.62877777332082 
131.62877777332082 
131.62877777332082 
131.62877777332082 
131.62877777332082 
131.62877777332082 
131.62877777332082 
131.62877777332082 
131.62877777332082 
131.62877777332082 
131.62877777332082 
131.62877777332082 
131.62877777332082 
131.62877777332082 
131.62877777332082 
131.62877777332082 
131.62877777332082 
131.62877777332082 
131.62877777332082 
131.62877777332082 
131.62877777332082 
131.62877777332082 
131.62877777332082 
131.62877777332082 
131.62877777332082 
131.62877777332082 
131.62877777332082 
131.62877777332082 
131.62877777332082 
131.62877777332082 
131.62877777332082 
131.62877777332082 
131.62877777332082 
131.62877777332082 
131.62877777332082 
131.62877777332082 
131.62877777332082 
131.62877777332082 
131.62877777332082 
131.62877777332082 
131.62877777332082 
131.62877777332082 
131.62877777332082 
131.62877777332082 
131.62877777332082 
131.62877777332082 
131.62877777332082 
131.62877777332082 
131.62877777332082 
131.62877777332082 
131.62877777332082 
131.62877777332082 
131.62877777332082 
131.62877777332082 
131.62877777332082 
131.62877777332082 
131.62877777332082 
131.62877777332082 
131.62877777332082 
131.62877777332082 
131.62877777332082 
131.62877777332082 
131.62877777332082 
131.62877777332082 
131.62877777332082 
131.62877777332082 
131.62877777332082 
131.62877777332082 
131.62877777332082 
131.62877777332082 
131.62877777332082 
131.62877777332082 
131.62877777332082 
131.62877777332082 
131.62877777332082 
131.62877777332082 
131.62877777332082 
131.62877777332082 
131.62877777332082 
131.62877777332082 
131.62877777332082 
131.62877777332082 
131.62877777332082 
131.62877777332082 
131.62877777332082 
131.62877777332082 
131.62877777332082 
131.62877777332082 
131.62877777332082 
131.62877777332082 
131.62877777332082 
131.62877777332082 
131.62877777332082 
131.62877777332082 
131.62877777332082 
131.62877777332082 
131.62877777332082 
131.62877777332082 
131.62877777332082 
131.62877777332082 
131.62877777332082 
131.62877777332082 
131.62877777332082 
131.62877777332082 
131.62877777332082 
131.62877777332082 
131.62877777332082 
131.62877777332082 
131.62877777332082 
131.62877777332082 
131.62877777332082 
131.62877777332082 
131.62877777332082 
131.62877777332082 
131.62877777332082 
131.62877777332082 
131.62877777332082 
131.62877777332082 
131.62877777332082 
131.62877777332082 
131.62877777332082 
131.62877777332082 
131.62877777332082 
131.62877777332082 
131.62877777332082 
131.62877777332082 
131.62877777332082 
131.62877777332082 
131.62877777332082 
131.62877777332082 
131.62877777332082 
131.62877777332082 
131.62877777332082 
131.62877777332082 
131.62877777332082 
131.62877777332082 
131.62877777332082 
131.62877777332082 
131.62877777332082 
131.62877777332082 
131.62877777332082 
131.62877777332082 
131.62877777332082 
131.62877777332082 
131.62877777332082 
131.62877777332082 
131.62877777332082 
131.62877777332082 
131.62877777332082 
131.62877777332082 
131.62877777332082 
131.62877777332082 
131.62877777332082 
131.62877777332082 
131.62877777332082 
131.62877777332082 
131.62877777332082 
131.62877777332082 
131.62877777332082 
131.62877777332082 
131.62877777332082 
131.62877777332082 
131.62877777332082 
131.62877777332082 
131.62877777332082 
131.62877777332082 
131.62877777332082 
131.62877777332082 
131.62877777332082 
131.62877777332082 
131.62877777332082 
131.62877777332082 
131.62877777332082 
131.62877777332082 
131.62877777332082 
131.62877777332082 
131.62877777332082 
131.62877777332082 
131.62877777332082 
131.62877777332082 
131.62877777332082 
131.62877777332082 
131.62877777332082 
131.62877777332082 
131.62877777332082 
131.62877777332082 
131.62877777332082 
131.62877777332082 
131.62877777332082 
131.62877777332082 
131.62877777332082 
131.62877777332082 
131.62877777332082 
131.62877777332082 
131.62877777332082 
131.62877777332082 
131.62877777332082 
131.62877777332082 
131.62877777332082 
131.62877777332082 
131.62877777332082 
131.62877777332082 
131.62877777332082 
131.62877777332082 
131.62877777332082 
131.62877777332082 
131.62877777332082 
131.62877777332082 
131.62877777332082 
131.62877777332082 
131.62877777332082 
131.62877777332082 
131.62877777332082 
131.62877777332082 
131.62877777332082 
131.62877777332082 
131.62877777332082 
131.62877777332082 
131.62877777332082 
131.62877777332082 
131.62877777332082 
131.62877777332082 
131.62877777332082 
131.62877777332082 
131.62877777332082 
131.62877777332082 
131.62877777332082 
131.62877777332082 
131.62877777332082 
131.62877777332082 
131.62877777332082 
131.62877777332082 
131.62877777332082 
131.62877777332082 
131.62877777332082 
131.62877777332082 
131.62877777332082 
131.62877777332082 
131.62877777332082 
131.62877777332082 
131.62877777332082 
131.62877777332082 
131.62877777332082 
131.62877777332082 
131.62877777332082 
131.62877777332082 
131.62877777332082 
131.62877777332082 
131.62877777332082 
131.62877777332082 
131.62877777332082 
131.62877777332082 
131.62877777332082 
131.62877777332082 
131.62877777332082 
131.62877777332082 
131.62877777332082 
131.62877777332082 
131.62877777332082 
131.62877777332082 
131.62877777332082 
131.62877777332082 
131.62877777332082 
131.62877777332082 
131.62877777332082 
131.62877777332082 
131.62877777332082 
131.62877777332082 
131.62877777332082 
131.62877777332082 
131.62877777332082 
131.62877777332082 
131.62877777332082 
131.62877777332082 
131.62877777332082 
131.62877777332082 
131.62877777332082 
131.62877777332082 
131.62877777332082 
131.62877777332082 
131.62877777332082 
131.62877777332082 
131.62877777332082 
131.62877777332082 
131.62877777332082 
131.62877777332082 
131.62877777332082 
131.62877777332082 
131.62877777332082 
131.62877777332082 
131.62877777332082 
131.62877777332082 
131.62877777332082 
131.62877777332082 
131.62877777332082 
131.62877777332082 
131.62877777332082 
131.62877777332082 
131.62877777332082 
131.62877777332082 
131.62877777332082 
131.62877777332082 
131.62877777332082 
131.62877777332082 
131.62877777332082 
131.62877777332082 
131.62877777332082 
131.62877777332082 
131.62877777332082 
131.62877777332082 
131.62877777332082 
131.62877777332082 
131.62877777332082 
131.62877777332082 
131.62877777332082 
131.62877777332082 
131.62877777332082 
131.62877777332082 
131.62877777332082 
131.62877777332082 
131.62877777332082 
131.62877777332082 
131.62877777332082 
131.62877777332082 
131.62877777332082 
131.62877777332082 
131.62877777332082 
131.62877777332082 
131.62877777332082 
131.62877777332082 
131.62877777332082 
131.62877777332082 
131.62877777332082 
131.62877777332082 
131.62877777332082 
131.62877777332082 
131.62877777332082 
131.62877777332082 
131.62877777332082 
131.62877777332082 
131.62877777332082 
131.62877777332082 
131.62877777332082 
131.62877777332082 
131.62877777332082 
131.62877777332082 
131.62877777332082 
131.62877777332082 
131.62877777332082 
131.62877777332082 
131.62877777332082 
131.62877777332082 
131.62877777332082 
131.62877777332082 
131.62877777332082 
131.62877777332082 
131.62877777332082 
131.62877777332082 
131.62877777332082 
131.62877777332082 
131.62877777332082 
131.62877777332082 
131.62877777332082 
131.62877777332082 
131.62877777332082 
131.62877777332082 
131.62877777332082 
131.62877777332082 
131.62877777332082 
131.62877777332082 
131.62877777332082 
131.62877777332082 
131.62877777332082 
131.62877777332082 
131.62877777332082 
131.62877777332082 
131.62877777332082 
131.62877777332082 
131.62877777332082 
131.62877777332082 
131.62877777332082 
131.62877777332082 
131.62877777332082 
131.62877777332082 
131.62877777332082 
131.62877777332082 
131.62877777332082 
131.62877777332082 
131.62877777332082 
131.62877777332082 
131.62877777332082 
131.62877777332082 
131.62877777332082 
131.62877777332082 
131.62877777332082 
131.62877777332082 
131.62877777332082 
131.62877777332082 
131.62877777332082 
131.62877777332082 
131.62877777332082 
131.62877777332082 
131.62877777332082 
131.62877777332082 
131.62877777332082 
131.62877777332082 
131.62877777332082 
131.62877777332082 
131.62877777332082 
131.62877777332082 
131.62877777332082 
131.62877777332082 
131.62877777332082 
131.62877777332082 
131.62877777332082 
131.62877777332082 
131.62877777332082 
131.62877777332082 
131.62877777332082 
131.62877777332082 
131.62877777332082 
131.62877777332082 
131.62877777332082 
131.62877777332082 
131.62877777332082 
131.62877777332082 
131.62877777332082 
131.62877777332082 
131.62877777332082 
131.62877777332082 
131.62877777332082 
131.62877777332082 
131.62877777332082 
131.62877777332082 
131.62877777332082 
131.62877777332082 
131.62877777332082 
131.62877777332082 
131.62877777332082 
131.62877777332082 
131.62877777332082 
131.62877777332082 
131.62877777332082 
131.62877777332082 
131.62877777332082 
131.62877777332082 
131.62877777332082 
131.62877777332082 
131.62877777332082 
131.62877777332082 
131.62877777332082 
131.62877777332082 
131.62877777332082 
131.62877777332082 
131.62877777332082 
131.62877777332082 
131.62877777332082 
131.62877777332082 
131.62877777332082 
131.62877777332082 
131.62877777332082 
131.62877777332082 
131.62877777332082 
131.62877777332082 
131.62877777332082 
131.62877777332082 
131.62877777332082 
131.62877777332082 
131.62877777332082 
131.62877777332082 
131.62877777332082 
131.62877777332082 
131.62877777332082 
131.62877777332082 
131.62877777332082 
131.62877777332082 
131.62877777332082 
131.62877777332082 
131.62877777332082 
131.62877777332082 
131.62877777332082 
131.62877777332082 
131.62877777332082 
131.62877777332082 
131.62877777332082 
131.62877777332082 
131.62877777332082 
131.62877777332082 
131.62877777332082 
131.62877777332082 
131.62877777332082 
131.62877777332082 
131.62877777332082 
131.62877777332082 
131.62877777332082 
131.62877777332082 
131.62877777332082 
131.62877777332082 
131.62877777332082 
131.62877777332082 
131.62877777332082 
131.62877777332082 
131.62877777332082 
131.62877777332082 
131.62877777332082 
131.62877777332082 
131.62877777332082 
131.62877777332082 
131.62877777332082 
131.62877777332082 
131.62877777332082 
131.62877777332082 
131.62877777332082 
131.62877777332082 
131.62877777332082 
131.62877777332082 
131.62877777332082 
131.62877777332082 
131.62877777332082 
131.62877777332082 
131.62877777332082 
131.62877777332082 
131.62877777332082 
131.62877777332082 
131.62877777332082 
131.62877777332082 
131.62877777332082 
131.62877777332082 
131.62877777332082 
131.62877777332082 
131.62877777332082 
131.62877777332082 
131.62877777332082 
131.62877777332082 
131.62877777332082 
131.62877777332082 
131.62877777332082 
131.62877777332082 
131.62877777332082 
131.62877777332082 
131.62877777332082 
131.62877777332082 
131.62877777332082 
131.62877777332082 
131.62877777332082 
131.62877777332082 
131.62877777332082 
131.62877777332082 
131.62877777332082 
131.62877777332082 
131.62877777332082 
131.62877777332082 
131.62877777332082 
131.62877777332082 
131.62877777332082 
131.62877777332082 
131.62877777332082 
131.62877777332082 
131.62877777332082 
131.62877777332082 
131.62877777332082 
131.62877777332082 
131.62877777332082 
131.62877777332082 
131.62877777332082 
131.62877777332082 
131.62877777332082 
131.62877777332082 
131.62877777332082 
131.62877777332082 
131.62877777332082 
131.62877777332082 
131.62877777332082 
131.62877777332082 
131.62877777332082 
131.62877777332082 
131.62877777332082 
131.62877777332082 
131.62877777332082 
131.62877777332082 
131.62877777332082 
131.62877777332082 
131.62877777332082 
131.62877777332082 
131.62877777332082 
131.62877777332082 
131.62877777332082 
131.62877777332082 
131.62877777332082 
131.62877777332082 
131.62877777332082 
131.62877777332082 
131.62877777332082 
131.62877777332082 
131.62877777332082 
131.62877777332082 
131.62877777332082 
131.62877777332082 
131.62877777332082 
131.62877777332082 
131.62877777332082 
131.62877777332082 
131.62877777332082 
131.62877777332082 
131.62877777332082 
131.62877777332082 
131.62877777332082 
131.62877777332082 
131.62877777332082 
131.62877777332082 
131.62877777332082 
131.62877777332082 
131.62877777332082 
131.62877777332082 
131.62877777332082 
131.62877777332082 
131.62877777332082 
131.62877777332082 
131.62877777332082 
131.62877777332082 
131.62877777332082 
131.62877777332082 
131.62877777332082 
131.62877777332082 
131.62877777332082 
131.62877777332082 
131.62877777332082 
131.62877777332082 
131.62877777332082 
131.62877777332082 
131.62877777332082 
131.62877777332082 
131.62877777332082 
131.62877777332082 
131.62877777332082 
131.62877777332082 
131.62877777332082 
131.62877777332082 
131.62877777332082 
131.62877777332082 
131.62877777332082 
131.62877777332082 
131.62877777332082 
131.62877777332082 
131.62877777332082 
131.62877777332082 
131.62877777332082 
131.62877777332082 
131.62877777332082 
131.62877777332082 
131.62877777332082 
131.62877777332082 
131.62877777332082 
131.62877777332082 
131.62877777332082 
131.62877777332082 
131.62877777332082 
131.62877777332082 
131.62877777332082 
131.62877777332082 
131.62877777332082 
131.62877777332082 
131.62877777332082 
131.62877777332082 
131.62877777332082 
131.62877777332082 
131.62877777332082 
131.62877777332082 
131.62877777332082 
131.62877777332082 
131.62877777332082 
131.62877777332082 
131.62877777332082 
131.62877777332082 
131.62877777332082 
131.62877777332082 
131.62877777332082 
131.62877777332082 
131.62877777332082 
131.62877777332082 
131.62877777332082 
131.62877777332082 
131.62877777332082 
131.62877777332082 
131.62877777332082 
131.62877777332082 
131.62877777332082 
131.62877777332082 
131.62877777332082 
131.62877777332082 
131.62877777332082 
131.62877777332082 
131.62877777332082 
131.62877777332082 
131.62877777332082 
131.62877777332082 
131.62877777332082 
131.62877777332082 
131.62877777332082 
131.62877777332082 
131.62877777332082 
131.62877777332082 
131.62877777332082 
131.62877777332082 
131.62877777332082 
131.62877777332082 
131.62877777332082 
131.62877777332082 
131.62877777332082 
131.62877777332082 
131.62877777332082 
131.62877777332082 
131.62877777332082 
131.62877777332082 
131.62877777332082 
131.62877777332082 
131.62877777332082 
131.62877777332082 
131.62877777332082 
131.62877777332082 
131.62877777332082 
131.62877777332082 
131.62877777332082 
131.62877777332082 
131.62877777332082 
131.62877777332082 
131.62877777332082 
131.62877777332082 
131.62877777332082 
131.62877777332082 
131.62877777332082 
131.62877777332082 
131.62877777332082 
131.62877777332082 
131.62877777332082 
131.62877777332082 
131.62877777332082 
131.62877777332082 
131.62877777332082 
131.62877777332082 
131.62877777332082 
131.62877777332082 
131.62877777332082 
131.62877777332082 
131.62877777332082 
131.62877777332082 
131.62877777332082 
131.62877777332082 
131.62877777332082 
131.62877777332082 
131.62877777332082 
131.62877777332082 
131.62877777332082 
131.62877777332082 
131.62877777332082 
131.62877777332082 
131.62877777332082 
131.62877777332082 
131.62877777332082 
131.62877777332082 
131.62877777332082 
131.62877777332082 
131.62877777332082 
131.62877777332082 
131.62877777332082 
131.62877777332082 
131.62877777332082 
131.62877777332082 
131.62877777332082 
131.62877777332082 
131.62877777332082 
131.62877777332082 
131.62877777332082 
131.62877777332082 
131.62877777332082 
131.62877777332082 
131.62877777332082 
131.62877777332082 
131.62877777332082 
131.62877777332082 
131.62877777332082 
131.62877777332082 
131.62877777332082 
131.62877777332082 
131.62877777332082 
131.62877777332082 
131.62877777332082 
131.62877777332082 
131.62877777332082 
131.62877777332082 
131.62877777332082 
131.62877777332082 
131.62877777332082 
131.62877777332082 
131.62877777332082 
131.62877777332082 
131.62877777332082 
131.62877777332082 
131.62877777332082 
131.62877777332082 
131.62877777332082 
131.62877777332082 
131.62877777332082 
131.62877777332082 
131.62877777332082 
131.62877777332082 
131.62877777332082 
131.62877777332082 
131.62877777332082 
131.62877777332082 
131.62877777332082 
131.62877777332082 
131.62877777332082 
131.62877777332082 
131.62877777332082 
131.62877777332082 
131.62877777332082 
131.62877777332082 
131.62877777332082 
131.62877777332082 
131.62877777332082 
131.62877777332082 
131.62877777332082 
131.62877777332082 
131.62877777332082 
131.62877777332082 
131.62877777332082 
131.62877777332082 
131.62877777332082 
131.62877777332082 
131.62877777332082 
131.62877777332082 
131.62877777332082 
131.62877777332082 
131.62877777332082 
131.62877777332082 
131.62877777332082 
131.62877777332082 
131.62877777332082 
131.62877777332082 
131.62877777332082 
131.62877777332082 
131.62877777332082 
131.62877777332082 
131.62877777332082 
131.62877777332082 
131.62877777332082 
131.62877777332082 
131.62877777332082 
131.62877777332082 
131.62877777332082 
131.62877777332082 
131.62877777332082 
131.62877777332082 
131.62877777332082 
131.62877777332082 
131.62877777332082 
131.62877777332082 
131.62877777332082 
131.62877777332082 
131.62877777332082 
131.62877777332082 
131.62877777332082 
131.62877777332082 
131.62877777332082 
131.62877777332082 
131.62877777332082 
131.62877777332082 
131.62877777332082 
131.62877777332082 
131.62877777332082 
131.62877777332082 
131.62877777332082 
131.62877777332082 
131.62877777332082 
131.62877777332082 
131.62877777332082 
131.62877777332082 
131.62877777332082 
131.62877777332082 
131.62877777332082 
131.62877777332082 
131.62877777332082 
131.62877777332082 
131.62877777332082 
131.62877777332082 
131.62877777332082 
131.62877777332082 
131.62877777332082 
131.62877777332082 
131.62877777332082 
131.62877777332082 
131.62877777332082 
131.62877777332082 
131.62877777332082 
131.62877777332082 
131.62877777332082 
131.62877777332082 
131.62877777332082 
131.62877777332082 
131.62877777332082 
131.62877777332082 
131.62877777332082 
131.62877777332082 
131.62877777332082 
131.62877777332082 
131.62877777332082 
131.62877777332082 
131.62877777332082 
131.62877777332082 
131.62877777332082 
131.62877777332082 
131.62877777332082 
131.62877777332082 
131.62877777332082 
131.62877777332082 
131.62877777332082 
131.62877777332082 
131.62877777332082 
131.62877777332082 
131.62877777332082 
131.62877777332082 
131.62877777332082 
131.62877777332082 
131.62877777332082 
131.62877777332082 
131.62877777332082 
131.62877777332082 
131.62877777332082 
131.62877777332082 
131.62877777332082 
131.62877777332082 
131.62877777332082 
131.62877777332082 
131.62877777332082 
131.62877777332082 
131.62877777332082 
131.62877777332082 
131.62877777332082 
131.62877777332082 
131.62877777332082 
131.62877777332082 
131.62877777332082 
131.62877777332082 
131.62877777332082 
131.62877777332082 
131.62877777332082 
131.62877777332082 
131.62877777332082 
131.62877777332082 
131.62877777332082 
131.62877777332082 
131.62877777332082 
131.62877777332082 
131.62877777332082 
131.62877777332082 
131.62877777332082 
131.62877777332082 
131.62877777332082 
131.62877777332082 
131.62877777332082 
131.62877777332082 
131.62877777332082 
131.62877777332082 
131.62877777332082 
131.62877777332082 
131.62877777332082 
131.62877777332082 
131.62877777332082 
131.62877777332082 
131.62877777332082 
131.62877777332082 
131.62877777332082 
131.62877777332082 
131.62877777332082 
131.62877777332082 
131.62877777332082 
131.62877777332082 
131.62877777332082 
131.62877777332082 
131.62877777332082 
131.62877777332082 
131.62877777332082 
131.62877777332082 
131.62877777332082 
131.62877777332082 
131.62877777332082 
131.62877777332082 
131.62877777332082 
131.62877777332082 
131.62877777332082 
131.62877777332082 
131.62877777332082 
131.62877777332082 
131.62877777332082 
131.62877777332082 
131.62877777332082 
131.62877777332082 
131.62877777332082 
131.62877777332082 
131.62877777332082 
131.62877777332082 
131.62877777332082 
131.62877777332082 
131.62877777332082 
131.62877777332082 
131.62877777332082 
131.62877777332082 
131.62877777332082 
131.62877777332082 
131.62877777332082 
131.62877777332082 
131.62877777332082 
131.62877777332082 
131.62877777332082 
131.62877777332082 
131.62877777332082 
131.62877777332082 
131.62877777332082 
131.62877777332082 
131.62877777332082 
131.62877777332082 
131.62877777332082 
131.62877777332082 
131.62877777332082 
131.62877777332082 
131.62877777332082 
131.62877777332082 
131.62877777332082 
131.62877777332082 
131.62877777332082 
131.62877777332082 
131.62877777332082 
131.62877777332082 
131.62877777332082 
131.62877777332082 
131.62877777332082 
131.62877777332082 
131.62877777332082 
131.62877777332082 
131.62877777332082 
131.62877777332082 
131.62877777332082 
131.62877777332082 
131.62877777332082 
131.62877777332082 
131.62877777332082 
131.62877777332082 
131.62877777332082 
131.62877777332082 
131.62877777332082 
131.62877777332082 
131.62877777332082 
131.62877777332082 
131.62877777332082 
131.62877777332082 
131.62877777332082 
131.62877777332082 
131.62877777332082 
131.62877777332082 
131.62877777332082 
131.62877777332082 
131.62877777332082 
131.62877777332082 
131.62877777332082 
131.62877777332082 
131.62877777332082 
131.62877777332082 
131.62877777332082 
131.62877777332082 
131.62877777332082 
131.62877777332082 
131.62877777332082 
131.62877777332082 
131.62877777332082 
131.62877777332082 
131.62877777332082 
131.62877777332082 
131.62877777332082 
131.62877777332082 
131.62877777332082 
131.62877777332082 
131.62877777332082 
131.62877777332082 
131.62877777332082 
131.62877777332082 
131.62877777332082 
131.62877777332082 
131.62877777332082 
131.62877777332082 
131.62877777332082 
131.62877777332082 
131.62877777332082 
131.62877777332082 
131.62877777332082 
131.62877777332082 
131.62877777332082 
131.62877777332082 
131.62877777332082 
131.62877777332082 
131.62877777332082 
131.62877777332082 
131.62877777332082 
131.62877777332082 
131.62877777332082 
131.62877777332082 
131.62877777332082 
131.62877777332082 
131.62877777332082 
131.62877777332082 
131.62877777332082 
131.62877777332082 
131.62877777332082 
131.62877777332082 
131.62877777332082 
131.62877777332082 
131.62877777332082 
131.62877777332082 
131.62877777332082 
131.62877777332082 
131.62877777332082 
131.62877777332082 
131.62877777332082 
131.62877777332082 
131.62877777332082 
131.62877777332082 
131.62877777332082 
131.62877777332082 
131.62877777332082 
131.62877777332082 
131.62877777332082 
131.62877777332082 
131.62877777332082 
131.62877777332082 
