0,1
998.2562189054727 
996.4323230866602 
984.1116949161923 
1002.2719572989159 
1006.8725571025392 
1006.6304202707696 
992.1022103645907 
1006.6304202707696 
1009.0517885884661 
1006.8725571025392 
1013.4102515603197 
1029.6334192888862 
1056.9948812788564 
1053.3628288023117 
1073.4601858391925 
1078.3029224745856 
1063.532575736637 
1063.0483020730976 
1041.6036957042504 
1039.859914609723 
1035.2732052991332 
1047.0737673331546 
1042.4159764870205 
1026.3185141914587 
1037.0501557218333 
1039.1368637971839 
1042.714077640642 
1066.562169930363 
1074.0146987709008 
1079.0824183824666 
1088.9197564519766 
1068.0526756984707 
1048.3779995594507 
1037.4353024123122 
1035.691521317785 
1027.4807822268183 
1027.4937417409058 
1025.615576496916 
1026.4053485667991 
1028.5727534523949 
1028.638371680718 
1025.019609684186 
1025.8720700804236 
1018.0899263475703 
1009.1548724320725 
1018.0899263475703 
1018.0899263475703 
1018.0899263475703 
1025.0073874434397 
1020.9722018041826 
1019.2428365302153 
1036.82471681555 
1053.541914463901 
1050.3714114616278 
1063.629878562044 
1077.1765732081215 
1112.6285613244522 
1127.9046212444973 
1129.057531427142 
1116.9519745093708 
1125.0223457878851 
1125.3105733335462 
1131.6515793380934 
1127.616393698836 
1131.363351792432 
1167.1035674544241 
1164.7977470891342 
1213.21997476022 
1201.690872933771 
1209.473016666624 
1195.6380944748853 
1215.8140226711712 
1238.872226324069 
1304.2998791891673 
1282.6828132645753 
1324.475807385453 
1327.069855296404 
1782.1811498954792 
1666.6019040853275 
1673.519365181197 
1603.191844039858 
1559.957712190674 
1656.2257124415235 
1557.075436734062 
1450.4312448394085 
1507.5002988803315 
1510.2770786119543 
1501.5919115510837 
1499.9417886715057 
1507.7493477716794 
1554.8552305054616 
1553.4768741552489 
1465.0107952625765 
1455.217276745821 
1502.0085318814301 
1535.7417623280317 
1483.5096635720033 
1487.862338468339 
1534.1095092419057 
1446.51192695315 
1460.6581203662406 
1491.6709290026329 
1454.6731923837792 
1414.9550339547159 
1400.264756179583 
1429.6453117298488 
1421.4840462992195 
1442.159252056814 
1468.8193857968702 
1467.7312170727862 
1459.5699516421569 
1455.217276745821 
1442.7033364188562 
1437.8065771604784 
1435.0861553502684 
1416.5872870408418 
1415.499118316758 
1418.7636244890095 
1448.6882644013176 
1429.6453117298488 
1497.1117726230525 
1546.0793652068292 
1672.8510215626063 
1675.5714433728162 
1692.4380585961173 
1579.2685112913887 
1548.799787017039 
1573.827667670969 
1530.300918707612 
1510.7138816741017 
1527.0364125353606 
1573.827667670969 
1533.565424879864 
1555.3287993615425 
1544.4471121207032 
1560.769642981962 
1565.122317878298 
1545.5352808447872 
1511.2579660361434 
1520.5074001908567 
1519.4192314667728 
1531.389087431696 
1547.1675339309131 
1542.2707746725353 
1556.9610524476684 
1555.3287993615425 
1572.737875979616 
1583.0432641235552 
1579.2151868414776 
1579.2914944377048 
1575.6362817382956 
1511.2245855312997 
1398.1905783437503 
1484.736139345092 
1440.8939801536228 
1418.6882112124893 
1435.2001932456396 
1416.410696449296 
1419.2575899032875 
1416.410696449296 
1434.6308145548414 
1455.1284474235802 
1420.3963472848839 
1443.1714949168158 
1413.5638029953045 
1425.5207555020686 
1473.917944219924 
1500.6787426874441 
1464.238506476353 
1514.9132099574017 
1528.5782985365609 
1471.0710507659326 
1446.0183883708073 
1450.0040392063956 
1447.7265244432024 
1442.6021162260176 
1460.822234331563 
1460.822234331563 
1448.865281824799 
1451.7121752787905 
1460.822234331563 
1495.5543344702596 
1501.8175000690408 
1502.9562574506374 
1495.5543344702596 
1518.8988607929898 
1523.4538903193761 
1518.8988607929898 
1510.9275591218136 
1517.7601034113932 
1537.1189788985353 
1597.473120123155 
1606.0138004851294 
1623.0951612090785 
1595.195605359962 
1535.4108428261404 
1568.4348068924419 
1596.3343627415584 
1596.9037414323568 
1566.1572921292486 
1547.937174023703 
1512.06631650341 
1544.520901878913 
1543.3821444973166 
1535.9802215169389 
1578.114244636013 
1570.1429429648365 
1621.3870251366834 
1621.3870251366834 
1633.343977643448 
1615.6932382287005 
1590.6405758335754 
1457.9753408775716 
1461.96099171316 
1459.6834769499667 
1477.9035950555121 
1406.7312587057247 
1347.5158748627018 
1294.5636566184598 
1311.645017342409 
1332.7120289019458 
1327.5876206847613 
1325.8794846123662 
1349.7933896258949 
1332.7120289019458 
1334.4201649743409 
1244.4583318282096 
1281.1832573846998 
1225.6688350318657 
1190.6520455477703 
1208.8721636533157 
1203.463066090732 
1220.2597374692818 
1233.640136703042 
1239.618612956424 
1250.4368080815916 
1283.7454614932922 
1283.7454614932922 
1252.7143228447849 
1283.176082802494 
1268.6569261871373 
1287.7311123288803 
1272.6425770227254 
1267.3806049977554 
1248.1175637485085 
1243.9765353628704 
1237.5269751323774 
1227.5083217773572 
1238.5995190670478 
1230.224533358506 
1243.8055912642499 
1233.8461488000376 
1234.7515526604207 
1249.2380144265471 
1245.1636970548243 
1246.069100915207 
1276.400130238035 
1259.6501588209508 
1261.4609665417167 
1238.8258700321437 
1240.183975822718 
1229.319129498123 
1229.319129498123 
1239.2785719623353 
1239.2785719623353 
1242.9001874038668 
1249.690716356739 
1233.8461488000376 
1237.4677642415693 
1244.2582931944412 
1216.1907735225707 
1231.5826391490805 
1210.7583503602732 
1199.8935040356782 
1169.1097727826586 
1178.3901623515837 
1179.5219171770623 
1172.5050372590947 
1182.0117777931155 
1182.2381287582111 
1201.4779607913483 
1208.4948407093157 
1211.8901051857517 
1200.3118273597452 
1197.6638856595646 
1203.063129968324 
1202.9319826873045 
1201.6486480877434 
1200.939914558748 
1243.106209295761 
1238.2504696788274 
1230.069175910447 
1232.1304916456293 
1234.6341934734833 
1239.6413404114699 
1234.198789391919 
1212.4351163749398 
1210.6913352804124 
1209.2856913207816 
1223.5362047154645 
1219.1178034075554 
1231.5432830542395 
1224.44300897042 
1247.5188997428334 
1222.2241733192263 
1214.680132105168 
1204.4734881096774 
1229.7682145332847 
1207.8277038073327 
1205.5864102749945 
1200.5332338070018 
1204.1201821589912 
1189.067552851223 
1181.9422482863938 
1189.067552851223 
1135.5449369494395 
1133.8011558549122 
1130.773321072933 
1126.9229100458058 
1135.0325554063697 
1136.9053700271402 
1136.9053700271402 
1161.2519600971543 
1161.720163752347 
1172.957051476969 
1158.9109418211915 
1150.4437562380988 
1148.9452756765977 
1148.8041577503523 
1143.6370906408783 
1151.1474978126878 
1163.4559916317519 
1177.5879660166033 
1170.2940437534544 
1171.205784036348 
1188.9847195527739 
1177.5879660166033 
1187.6171091284336 
1142.9418352666448 
1155.706199227156 
1173.4851347435822 
1174.3968750264758 
1165.735342338986 
1163.9118617731988 
1140.1194654174544 
1137.8781718851162 
1133.6320419950148 
1131.6596188270394 
1142.2852258889384 
1142.2852258889384 
1149.1352027496835 
1139.5452351446402 
1142.2852258889384 
1155.9851796104285 
1166.945142587621 
1188.8650685420055 
1174.2517845724158 
1181.5584265572106 
1164.205151843323 
1165.5751472154718 
1199.3683663951483 
1194.3450500306017 
1166.945142587621 
1177.9051055648133 
1186.581742921757 
1260.5614930178053 
1244.5782136760665 
1219.9182969773838 
1212.611654992589 
1242.4435272353526 
1244.6590857841902 
1243.331111156701 
1247.8192229817978 
1248.2470176980335 
1205.3547450253923 
1214.8405360972263 
1216.9026645911033 
1223.0890500727342 
1210.3038534106968 
1196.2813796523335 
1173.5979662196867 
1145.1405930041842 
1153.8015326784675 
1108.847131511949 
1109.6719829095 
1113.796239897254 
1103.0731717290937 
1040.1782526658458 
1035.0229314311532 
1054.406939273597 
1050.4888951352305 
1066.573497387471 
1065.9548588393081 
1037.7036984731933 
1049.8702565870676 
1041.2093169127843 
992.7492973066751 
1015.2264978899342 
1023.0625861666668 
1024.5060761123807 
1020.3818191246266 
1027.599268853196 
1036.6726342262548 
1045.1273610511505 
1041.6217426115595 
1043.2714454066613 
1042.8590197078856 
1035.0229314311532 
1054.8193649723723 
1062.4492403997172 
1063.4803046466557 
1064.0989431948187 
1061.0057504540032 
1058.1187705625755 
1067.8107744837973 
1084.9264409829764 
1065.7486459899203 
1044.714935352375 
1044.5087225029874 
1034.1980800336023 
1042.8590197078856 
1042.8590197078856 
1059.768473357677 
1053.3758750266584 
1044.2517360525455 
1043.4147341931557 
1041.2212388599046 
1027.774299202616 
1023.39750505799 
1025.8913912130458 
1026.9236049402725 
1035.953195207957 
961.1307373390841 
887.4911447564288 
894.3096255511191 
875.7633577895614 
875.2178793259862 
887.8343642635402 
887.8043507477005 
887.0688146220011 
885.3250335274738 
876.9937611378457 
876.2038497580511 
873.3313156851252 
878.118872473335 
879.555139509798 
872.8525600063043 
867.1074918604527 
877.1613611156931 
869.261892415147 
878.3582503127456 
900.8597672173314 
914.2649262243187 
913.7861705454978 
910.1955029543406 
914.5043040637291 
891.2846536409119 
887.4546082103442 
882.9064292615448 
886.7364746921127 
903.2535456114363 
892.4815428379643 
884.1033184585972 
882.4276735827239 
882.4276735827239 
883.6245627797763 
889.3696309256279 
905.6473240055411 
896.3115882685322 
899.662878020279 
874.7675827215883 
839.8184181676569 
927.4307073918956 
940.5964885594725 
952.5653805299969 
960.464849230543 
962.6192497852373 
958.3104486758485 
981.0513434198449 
970.9974741646045 
960.2254713911325 
980.8119655804345 
976.5031644710457 
1002.3559711273784 
1011.6917068643874 
1014.8036187767237 
1008.8191727914616 
1010.016061988514 
1019.1124198861125 
1017.1973971708286 
1019.3517977255229 
1008.8191727914616 
994.2171245874217 
991.1052126750853 
995.1746359450638 
985.5995223686442 
979.136320704561 
978.4181871863296 
981.2907212592554 
980.093832062203 
981.2907212592554 
991.3445905144958 
989.9083234780329 
981.2907212592554 
988.4720564415701 
978.4181871863296 
983.9238774927707 
983.4451218139498 
993.0202353903693 
1027.2512664260692 
1037.3051356813096 
1029.8844226595845 
1027.0118885866586 
1026.5331329078376 
1039.2201583965934 
1023.1818431560908 
1001.3984597697364 
1000.6803262515049 
1003.5528603244309 
1015.7611301343657 
1011.6917068643874 
1022.2243317984488 
1016.2398858131866 
1005.7072608791252 
1009.058550630872 
1010.7341955067454 
998.2865478574 
983.2057439745394 
982.9663661351289 
983.4451218139498 
977.7000536680981 
976.7425423104561 
982.0088547774869 
979.8544542227925 
985.5995223686442 
1021.2668204408069 
1019.5911755649336 
1010.4948176673349 
1018.1549085284705 
1014.5642409373132 
1000.9197040909154 
994.9352581056532 
997.3290364997581 
999.9621927332735 
982.9663661351289 
983.6844996533603 
993.2596132297798 
980.3332099016134 
985.8389002080546 
987.035789405107 
993.7383689086008 
999.2440592150421 
983.9238774927707 
996.8502808209372 
1006.4253943973566 
956.1560481211542 
944.4265339900402 
938.2027101653675 
948.9747129388395 
936.2876874500837 
946.1021788659137 
945.3840453476822 
936.5270652894942 
939.39959936242 
943.2296447929878 
938.4420880047779 
955.6772924423333 
956.3954259605646 
950.8897356541235 
963.3373833034689 
973.3912525587093 
980.3332099016134 
981.2907212592554 
972.1943633616569 
973.3912525587093 
968.2995330021869 
964.5651037052074 
969.1468378914192 
954.908886324571 
989.4600322191081 
984.8352008606455 
981.3429305280695 
981.4888023820912 
999.7087329051242 
996.0647468005176 
987.9669999013918 
976.6301542426157 
979.666809329788 
982.0961333995256 
991.2060986610421 
988.9792182637825 
986.3474505215667 
985.1327884866978 
1000.5185075950368 
1003.3527190097308 
999.1014018876897 
999.1014018876897 
998.8989582152116 
1027.0386286896737 
1059.632059958655 
1055.380742836614 
1067.7298068577807 
1070.5640182724746 
1065.7053701329992 
1063.883377080696 
1069.1469125651276 
1067.5273631853024 
1054.9758554916575 
1058.6198415962642 
1050.3196510246603 
1056.7978485439608 
1067.7298068577807 
1065.098039115565 
1062.668715045827 
1068.3371378752151 
1081.6984202587728 
1058.8656769148522 
1056.5047694550422 
1052.3201592380256 
1057.3805923665009 
1053.0578615085954 
1049.9587286311719 
1049.294563498195 
1044.3823021432934 
1041.4962650358457 
1036.1599419865215 
1027.1175956242466 
1026.2353826017677 
1024.317595332744 
1021.2867466230894 
1022.1993749515018 
1018.4129027482029 
1016.8588670532984 
1011.4480729219046 
997.7831269282677 
994.5674155443589 
994.7541950331344 
985.6129588263577 
985.6129588263577 
983.8691777318304 
990.3330891392602 
988.3407969241861 
998.3526708812369 
1028.5736978256682 
1014.2975071832068 
1017.2639883556661 
1010.9602158641898 
1015.4099376228789 
1012.2580513771408 
1017.2639883556661 
1008.3645448382878 
1001.3191520536964 
998.1672658079582 
991.1218730233669 
982.9640497991032 
986.1159360448415 
994.2737592691051 
987.0429614112351 
998.1672658079582 
1007.2521143986154 
1009.8477854245174 
1004.841848445992 
985.9305309715627 
988.7116070707435 
991.3072780966455 
993.7175440492689 
990.380252730252 
981.6662142861521 
987.4940055741812 
985.2527120418429 
983.9353005683582 
974.4017165709594 
981.1907638188063 
981.007276055351 
987.0623722493767 
1006.3285874121857 
990.7321275184831 
1003.2092954334452 
1016.0534388753179 
1007.2460262294624 
1004.4937097776325 
1015.502975584952 
1003.7597587238112 
1017.1543654560497 
1028.3471190268247 
1030.7324599517437 
1029.6315333710118 
1024.8608515211733 
1021.7415595424329 
1017.7048287464157 
1031.6498987690202 
1019.3562186175136 
1003.2262629170351 
1000.7996094744421 
1001.0662185493434 
994.1399322835979 
987.7927415906478 
967.9104722341814 
971.4608774764075 
955.8390944106127 
931.4596450806599 
938.5604555651121 
923.8854472305775 
940.6906987104477 
941.400779758893 
939.5072302963724 
930.9862577150298 
946.1346534151945 
943.5310229042286 
932.578437386098 
928.003336977448 
928.6260693920858 
926.8822882975585 
924.4564737015455 
926.313812758224 
925.0124940972903 
926.313812758224 
889.3191822545363 
895.825775559205 
894.1288419364712 
892.4026079611198 
890.4014484714496 
920.5891160395632 
923.2390426034987 
911.1250925969365 
915.2892629116923 
913.0178972854618 
910.7465316592314 
896.6991415283517 
892.4414132086506 
888.547356080117 
887.4206180371305 
892.7944242795502 
883.3439374394328 
875.7464872346326 
875.1905762440375 
879.0819531782033 
887.050010710067 
891.6826022983598 
883.3439374394328 
886.4940997194718 
899.4653561666918 
886.1234923924085 
899.8359634937552 
901.3183928020088 
910.954183305658 
898.9094451760967 
906.3215917173652 
903.7273404279211 
905.76568072677 
912.6219162774433 
909.657057660936 
907.4334136985555 
916.3657178747443 
913.2555188697692 
912.1621581241745 
911.3632093827242 
910.3014054412877 
972.5939033388945 
967.2848836317121 
971.5320993974582 
974.363576574622 
975.4253805160586 
969.0545568674396 
967.2848836317121 
965.8691450431302 
972.3886212435502 
970.6448401490229 
971.8598134131715 
968.5048954365695 
970.2674666837012 
964.07448397778 
954.2026189784863 
948.6859885377044 
942.8744183655268 
938.4034864040891 
939.3238932946659 
937.1875088831872 
907.4928645863131 
919.253119753392 
923.3692090618696 
920.7428208170529 
914.2382682960028 
908.8694458074217 
907.9152528766303 
923.3368875922039 
925.0959713204819 
919.8139745481209 
918.4661647739406 
917.573341691411 
914.3450934183309 
915.3733632483538 
913.2254290768069 
902.5830456518106 
917.8474595148788 
907.7729463652538 
914.1840001877424 
921.8162071192764 
913.5734236332197 
928.2272609417652 
943.1863865275718 
927.0061078327196 
930.0589906053333 
925.4796664464128 
924.2585133373674 
919.0686126239243 
918.7633243466628 
920.595054010231 
920.595054010231 
919.9844774557083 
900.4460277109811 
912.0469822469129 
905.6359284244243 
870.833064816629 
861.3691282215267 
852.5157681809471 
840.609525367754 
843.6624081403676 
733.4533400490158 
715.1360434133339 
713.7622461656579 
699.4136971343738 
702.7718681842488 
703.5350888774021 
704.4509537091863 
710.0987868385215 
697.1240350549135 
920.595054010231 
920.595054010231 
639.882483068408 
653.6204555451693 
636.524312018533 
648.5831989703569 
646.7514693067887 
660.3367976449194 
693.6132198664078 
710.0987868385215 
698.4978323025897 
695.9028819458681 
698.9557647184816 
721.2418089585613 
714.6781109974419 
703.0771564615102 
719.1047910177317 
735.1324255739532 
735.8956462671066 
740.4749704260271 
720.6312324040385 
727.8055069196805 
733.4533400490158 
712.3884489179817 
712.0831606407203 
718.3415703245784 
715.8992641064874 
730.2478131377713 
731.3163221081862 
714.2201785815498 
712.9990254725044 
720.4785882654078 
706.4353275113851 
702.0086474910953 
689.0338957074874 
712.8463813338738 
709.6408544226294 
695.5975936686067 
667.663716299192 
675.2959232307261 
657.5892031495671 
647.6673341385729 
637.4401768503171 
648.1252665544648 
653.4678114065387 
659.573576951766 
667.9690045764535 
675.2959232307261 
649.8043520794024 
656.2154059018909 
650.1096403566637 
667.9690045764535 
671.0218873490671 
675.7538556466181 
683.3860625781522 
682.6228418849988 
690.2550488165328 
680.6384680827999 
674.2274142603113 
667.8163604378228 
685.5230805189818 
683.0807743008909 
691.9341343414704 
684.1492832713056 
693.9185081436693 
701.245426797942 
692.6973550346238 
682.4701977463682 
679.4173149737545 
671.1745314876978 
678.6540942806012 
694.6817288368227 
686.2863012121352 
672.2430404581125 
676.0591439238794 
676.2117880625102 
661.8632390312262 
662.473815585749 
662.6264597243796 
655.6048293473682 
657.131270733675 
660.7947300608114 
639.7298389297774 
640.9509920388227 
651.0255051884478 
658.3524238427206 
650.5675727725558 
658.0471355654593 
659.8788652290273 
655.1468969314762 
649.0411313862489 
643.3932982569138 
613.6276912239309 
619.4281684918967 
605.3849077378741 
618.0543712442206 
625.076001621232 
612.5591822535162 
615.1541326102376 
623.2442719576638 
641.1036361774535 
647.8199782772035 
648.2779106930955 
654.0783879610615 
651.3307934657091 
641.4556591063255 
627.181942766731 
626.5038247886898 
627.1114763437507 
641.8470265539764 
635.3147723370722 
634.7071207820114 
644.1257198854546 
637.8972914460808 
628.4786923426376 
628.022953676342 
629.8459083415245 
638.0492043348461 
627.2633892325159 
628.9344310089333 
622.0983510144986 
639.1125945562026 
635.162859448307 
633.7956434494201 
636.5300754471939 
626.8076505662202 
632.276514561768 
637.28963989102 
637.7453785573157 
662.811005203576 
655.9749252091414 
652.6328416563066 
626.1999990111594 
625.7442603448637 
630.6054727853506 
639.8721590000287 
632.5803403392983 
629.2382567864637 
632.7322532280637 
631.5169501179419 
645.6448487731068 
644.1257198854546 
646.2525003281676 
639.5683332224983 
641.2393749989155 
643.9738069966894 
640.175984777559 
655.9749252091414 
650.9617998798892 
650.2022354360632 
647.0120647719937 
653.2404932113675 
640.175984777559 
651.4175385461849 
641.543200776446 
644.1257198854546 
643.9738069966894 
655.5191865428457 
652.0251901012457 
664.4820469799932 
660.6842247608629 
658.4055314293847 
655.3672736540805 
650.6579741023588 
626.1999990111594 
627.7191278988116 
637.4415527797852 
635.6185981146027 
632.1246016730026 
638.8087687786722 
632.8841661168287 
635.4666852258374 
640.175984777559 
639.416420333733 
640.4798105550894 
639.1125945562026 
644.2776327742198 
645.3410229955764 
641.6951136652112 
638.6568558899069 
634.0994692269505 
626.9595634549855 
634.8590336707766 
629.5420825639941 
625.136608789803 
632.4284274505333 
631.3650372291767 
631.8207758954723 
639.416420333733 
643.3661554416286 
640.4798105550894 
639.8721590000287 
635.9224238921331 
634.5552078932462 
629.6939954527593 
630.4535598965854 
634.8590336707766 
635.7705110033679 
639.416420333733 
640.4798105550894 
645.4929358843416 
644.5814585517503 
651.4175385461849 
652.177102990011 
651.2656256574197 
656.1268380979064 
662.0514407597499 
655.6710994316109 
657.7978798743239 
665.697350090115 
662.811005203576 
662.6590923148107 
660.5323118720977 
661.1399634271586 
648.0754549933501 
654.303883432724 
655.823012320376 
655.3672736540805 
657.4940540967934 
656.2787509866718 
661.5957020934542 
661.7476149822194 
655.0634478765501 
652.6328416563066 
655.2153607653153 
649.2907581034718 
642.6065909978025 
627.1114763437507 
627.7191278988116 
625.288521678568 
616.1737483526553 
613.7431421324119 
612.0721003559945 
610.7048843571076 
616.9333127964813 
616.629487018951 
608.5781039143947 
617.996703017838 
624.3770443459769 
618.148615906603 
623.0098283470899 
611.9201874672294 
612.8316647998206 
618.3005287953683 
617.8447901290726 
616.9333127964813 
631.6688630067072 
632.4284274505333 
634.0994692269505 
618.3049612247512 
615.7382247737313 
611.7010550599157 
602.9456314234626 
608.0145608971986 
585.5883880740032 
578.5226075954622 
581.7482899878396 
581.7482899878396 
583.8987449160912 
580.8266664471604 
580.8266664471604 
582.0554978347327 
589.1212783132737 
589.4284861601668 
594.4974156339027 
587.2780312319152 
584.8203684567704 
582.6699135285189 
569.459976112116 
562.8550074039148 
555.6356230019271 
561.0117603225563 
557.7860779301789 
571.4568271169212 
574.8361134327452 
570.2279957293488 
577.1401722844432 
585.8955959208963 
581.594686064393 
576.3721526672106 
583.1307252988586 
581.2874782175 
583.1307252988586 
584.5131606098773 
590.042901853953 
578.3690036720157 
574.9897173561917 
570.5352035762419 
573.9144898920658 
582.5163096050724 
584.2059527629843 
584.8203684567704 
587.1244273084686 
581.7482899878396 
584.666764533324 
588.5068626194875 
594.1902077870097 
603.2528392703557 
602.3312157296765 
604.9424824282678 
606.6321255861798 
603.2528392703557 
602.4848196531229 
610.9330354426829 
606.3249177392865 
612.3154707537019 
608.936184437878 
609.243392284771 
609.3969962082174 
604.9424824282678 
602.3312157296765 
605.2496902751608 
602.3312157296765 
599.8735529545318 
599.2591372607455 
598.4911176435129 
604.7888785048211 
609.0897883613244 
611.0866393661295 
620.7636865432618 
629.0582984093751 
623.3749532418531 
625.371804246658 
627.9830709452492 
631.5159611845198 
640.1177808975262 
638.5817416630608 
635.3560592706834 
636.5848906582557 
635.6632671175764 
629.6727141031613 
629.5191101797147 
627.9830709452492 
615.5411531460793 
624.2965767825323 
630.1335258735008 
622.7635402709736 
621.4266500408855 
620.7783579453354 
619.0345768508081 
617.743216887967 
614.4284735001492 
609.4563584184225 
614.1271331921657 
614.4284735001492 
612.6204316522485 
610.5110494963644 
613.3737824222071 
616.5378556560332 
614.4284735001492 
623.619352893644 
626.0300753575116 
625.5780648955363 
620.7566199678014 
619.7019288898593 
621.8113110457434 
618.9485781199007 
614.5791436541408 
613.0724421142236 
614.5791436541408 
618.1952273499421 
618.6472378119173 
622.1126513537267 
621.0579602757848 
617.1405362720002 
588.8145473215569 
595.5947042511843 
596.9507356371098 
600.1148088709358 
598.3067670230353 
595.7453744051759 
603.1282119507703 
600.4161491789193 
605.2375941066543 
601.0188297948862 
600.8681596408944 
575.2542334623022 
575.404903616294 
574.3502125383518 
574.5008826923436 
577.3636156181863 
576.7609350022194 
575.5555737702856 
582.0343903919295 
578.1169663881449 
574.9528931543189 
577.3636156181863 
582.4864008539048 
587.4585159356313 
588.3625368595817 
601.0188297948862 
598.7587774850103 
602.8268716427868 
606.7442956465715 
601.3201701028696 
601.621510410853 
603.7308925667371 
601.7721805648448 
597.7040864070683 
608.7030076484639 
606.2922851845963 
608.4016673404803 
603.2788821047619 
602.0735208728282 
607.6483165705217 
603.8815627207289 
609.3056882644307 
613.8257928841822 
607.6483165705217 
608.100327032497 
607.0456359545549 
608.7030076484639 
606.5936254925798 
605.9909448766128 
601.9228507188365 
606.1416150306046 
607.3469762625384 
607.4976464165301 
607.9496568785053 
607.4976464165301 
605.6896045686294 
622.564661815702 
623.0166722776771 
616.8391959640167 
619.5512587358676 
612.7711018062403 
610.9630599583396 
610.0590390343893 
601.9228507188365 
606.2922851845963 
603.2788821047619 
599.2107879469855 
605.6896045686294 
607.3469762625384 
607.4976464165301 
610.209709188381 
609.6070285724142 
609.4563584184225 
607.4976464165301 
608.7030076484639 
602.9775417967785 
600.5668193329111 
594.3893430192505 
599.0601177929939 
602.5255313348033 
602.8268716427868 
603.7308925667371 
602.0735208728282 
598.3067670230353 
590.4719190154658 
596.800065483118 
593.0333116333251 
596.348055021143 
594.3893430192505 
595.2933639432008 
591.526610093408 
592.8826414793333 
597.2520759450931 
595.4440340971926 
595.7453744051759 
607.9496568785053 
604.6349134906875 
607.1963061085467 
613.3737824222071 
615.1818242701078 
609.5902287829399 
605.7640643474792 
603.8688795895889 
603.2630805224176 
598.265238218255 
600.8398842537326 
609.6239707277156 
607.3522242258234 
606.7464251586523 
614.3189134982927 
616.2877604665991 
609.3210711941299 
604.6261284235529 
604.6261284235529 
606.897874925445 
611.5928176960222 
616.439210233392 
630.675488311916 
629.009540877195 
627.495043209267 
627.495043209267 
619.1653060356625 
624.314598106618 
615.8334111662207 
619.0138562688696 
618.2566074349056 
619.9225548696265 
614.7732627986711 
621.8914018379331 
649.606709161017 
646.2748142915751 
651.2726565957379 
653.8473026312156 
647.7893119595033 
649.0009100938457 
649.3038096274313 
648.6980105602602 
639.0052254855204 
646.5777138251608 
644.4574170900614 
639.308125019106 
644.6088668568543 
645.5175654576111 
640.8226226870341 
639.7624743194845 
643.0943691889263 
634.4617324817361 
632.1899859798441 
630.675488311916 
634.6131822485289 
631.43273714588 
632.9472348138081 
627.7979427428526 
625.3747464741676 
622.1943013715187 
624.0116985730324 
625.2232967073749 
621.4370525375547 
624.314598106618 
627.9493925096455 
618.2566074349056 
625.3747464741676 
624.314598106618 
621.5885023043475 
623.2544497390684 
625.6776460077533 
629.4638901775735 
635.5218808492858 
629.6153399443663 
634.7646320153218 
639.0052254855204 
619.1653060356625 
618.7109567352841 
614.4703632650854 
609.1696214273371 
600.0826354197686 
610.5326693284725 
611.1384683956437 
609.0181716605443 
604.3232288899674 
602.6572814552464 
601.2942335541111 
601.9000326212824 
609.3210711941299 
601.5971330876966 
605.6647824445431 
601.6228291320228 
601.4227215537119 
599.6789404591846 
598.5244545234501 
598.5244545234501 
598.2301551243543 
594.2571132365603 
600.1431012184773 
598.5244545234501 
598.0830054248063 
598.5244545234501 
602.3503467116964 
604.7047419044632 
608.0891849940655 
602.6446461107921 
608.0891849940655 
614.5637717741743 
613.8280232764347 
623.39275374705 
636.4890770068157 
632.6631848185696 
637.2248255045554 
633.840382414953 
633.840382414953 
638.2548734013908 
645.7595080783352 
638.6963225000346 
640.3149691950618 
647.5253044729103 
648.113903271102 
649.7325499661293 
650.4682984638689 
656.3542864457861 
646.0538074774311 
648.4082026701979 
655.1770888494026 
670.1863582032913 
675.189447987921 
674.6008491897292 
666.5076157145932 
667.6112384612026 
670.4070827526133 
674.968723438599 
678.941765326393 
676.2194958847564 
676.7345198331741 
671.5107054992227 
660.4009031833541 
659.3708552865186 
661.2102265308678 
655.4713882484984 
654.9563643000807 
660.1066037842583 
663.6381965734085 
655.9128373471423 
649.2175260177115 
651.4247715109304 
658.487957089231 
665.8454420666275 
674.968723438599 
669.2298851562298 
671.5107054992227 
667.6848133109766 
649.5854002665814 
659.2237055869707 
660.9895019815458 
653.2641427552795 
676.3666455843044 
674.2329749408593 
673.9386755417635 
667.1697893625587 
669.4506097055516 
673.0557773444759 
672.3200288467362 
662.0195498783813 
668.2734121091682 
665.7718672168535 
670.922106701031 
669.2298851562298 
674.3801246404073 
672.8350527951541 
698.5862502160415 
703.2950406015752 
706.3851842920818 
737.1394714975988 
725.6617949328604 
732.872130210709 
768.1880581022118 
804.9754829891939 
811.008620670659 
830.2852313114377 
829.549482813698 
812.3329679665903 
825.576440925904 
819.8376026435346 
807.7713272806045 
804.9754829891939 
784.6688244515798 
792.6149082271679 
796.1465010163182 
814.9816625584531 
809.9785727738234 
825.2821415268081 
878.8446321622541 
843.2344048716553 
850.5918898490518 
878.8446321622541 
973.0204398729284 
960.9541645099981 
947.4163921515889 
1011.8258185846263 
1007.2437236712622 
996.509721048044 
996.8920828432621 
986.7683831971901 
957.0380126446527 
921.6919054321913 
926.9773046415314 
917.3975185746027 
967.9391485139163 
964.9661114586626 
990.7324326041951 
978.84028438318 
959.3503747987389 
927.6379795426989 
965.62678635983 
943.8245146213027 
944.8155269730538 
953.4043006882314 
977.1885971302613 
997.3391816158701 
979.5009592843475 
977.8492720314288 
988.089732999525 
975.8672473279264 
938.8694528625465 
915.4154938711002 
889.9795101761515 
910.5361496956319 
909.1029523945299 
910.989324074982 
914.2912073229235 
914.0224481652754 
901.659526913457 
900.8532494405122 
914.0224481652754 
912.1411340617378 
918.5913538452952 
928.5354426782795 
936.3294582500781 
935.2544216194851 
929.3417201512242 
937.9420131959674 
926.6541285747419 
915.0974847958682 
941.7046414030426 
926.9228877323902 
937.9420131959674 
948.9611386595448 
978.2558868432012 
1015.3446505986565 
999.4878602974112 
998.1440645091701 
995.9939912479842 
1010.7757449186366 
1004.8630434503757 
1013.1945773374706 
1006.2068392386168 
1068.0214454977088 
1062.9150215023924 
1111.8291881943696 
1109.1415966178872 
1137.6300673285991 
1172.8375169805167 
1214.2264272583436 
1172.031239507572 
1156.1744492063267 
1156.1744492063267 
1123.9233502885395 
1001.9066927162452 
1024.4824619586961 
938.4795315112638 
933.1043483582993 
912.9474115346824 
884.7276999816187 
901.659526913457 
902.7345635440499 
891.4466789228243 
923.1602595253149 
926.6541285747419 
912.1411340617378 
923.9665369982597 
940.3608456148015 
940.3608456148015 
923.1602595253149 
921.2789454217774 
884.1901816663222 
906.2284325934767 
898.7031761793265 
918.0538355299988 
926.3853694170937 
932.5668300430028 
926.9228877323902 
925.8478511017972 
937.9420131959674 
942.242159718339 
966.1617247490311 
958.6364683348808 
942.242159718339 
937.6732540383192 
950.573693605434 
950.3049344477859 
952.992526024268 
926.1166102594456 
905.9596734358286 
905.6909142781803 
910.5285791158484 
903.8096001746427 
902.7345635440499 
910.2598199582001 
948.9611386595448 
947.8861020289518 
946.5423062407106 
918.8601130029434 
931.7605525700582 
951.648730236027 
993.0376405138537 
985.5123840997034 
922.3539820523703 
910.5285791158484 
899.5094536522711 
904.8846368052356 
860.8081349509266 
830.1695909790288 
814.0440415201354 
823.4506120378232 
810.5501724707084 
822.9130937225268 
818.6129472001552 
829.6320726637324 
829.094554348436 
804.099952687151 
824.7944078260643 
828.5570360331395 
835.0072558166969 
841.7262347579026 
844.4138263343848 
832.0509050825665 
836.8885699202345 
827.7507585601948 
834.7384966590487 
850.3265278026458 
844.682585492033 
854.6266743250173 
851.6703235908869 
853.0141193791281 
814.0440415201354 
814.5815598354318 
818.0754288848586 
819.6879838307481 
815.1190781507282 
835.2760149743451 
839.0386431814203 
858.9268208473891 
850.595286960294 
832.0509050825665 
833.932219186104 
837.426088235531 
830.1695909790288 
833.3947008708076 
839.844920654365 
836.0822924472899 
823.9881303531197 
832.3196642402147 
798.9935286918346 
805.9812667906886 
814.5815598354318 
799.5310470071311 
776.4177594493837 
772.117612927012 
766.2049114587511 
791.4682722776843 
789.855717331795 
794.1558638541666 
800.0685653224276 
802.2186385836134 
826.9444810872502 
810.2814133130602 
796.3059371153524 
795.4996596424077 
800.606083637724 
807.0563034212814 
804.6374710024473 
809.7438949977637 
803.5624343718545 
803.8311935295028 
793.3495863812219 
802.4873977412616 
809.4751358401155 
808.4000992095225 
819.1504655154516 
812.7002457318941 
821.5692979342856 
833.1259417131594 
834.4697375014005 
826.4069627719537 
844.9513446496812 
851.4015644332387 
847.1014179108671 
843.8763080190884 
831.5133867672699 
836.0822924472899 
835.5447741319933 
844.682585492033 
876.9336844098201 
899.7782128099194 
894.1342704993066 
883.9214225086741 
887.6840507157492 
892.5217155534173 
897.3593803910854 
898.7031761793265 
890.9091606075278 
885.8027366122117 
890.9091606075278 
883.1151450357294 
845.757622122626 
845.757622122626 
863.4957265274089 
855.1641926403138 
855.7017109556103 
855.9704701132586 
856.2392292709068 
858.1205433744443 
845.4888629649778 
838.7698840237721 
847.9076953838118 
853.2828785367763 
843.8763080190884 
845.757622122626 
857.3142659014997 
853.5516376944246 
883.1151450357294 
879.083757671006 
878.2774801980613 
884.4589408239705 
867.258354734484 
870.4834646262628 
871.5585012568556 
869.4084279956699 
864.83952231565 
884.4589408239705 
878.008721040413 
887.6840507157492 
891.1779197651762 
894.9405479722512 
891.1779197651762 
885.5339774545633 
880.4275534592472 
869.9459463109662 
876.6649252521719 
868.0646322074286 
875.0523703062826 
868.8709096803734 
868.8709096803734 
877.2024435674684 
881.2338309321918 
877.7399618827649 
883.3839041933775 
877.2024435674684 
897.8968987063818 
901.3907677558087 
904.6158776475875 
899.240694494623 
895.2093071298996 
878.2774801980613 
884.9964591392669 
883.1151450357294 
884.9964591392669 
880.6963126168953 
891.7154380804726 
895.4780662875477 
895.4780662875477 
893.327993026362 
899.240694494623 
937.404494880671 
932.8355892006512 
936.0606990924298 
934.4481441465405 
936.8669765653746 
949.2298978171929 
941.9734005606907 
942.5109188759872 
923.4290186829633 
922.0852228947222 
914.82872563822 
919.9351496335363 
914.2912073229235 
857.8517842167961 
871.8272604145039 
870.752223783911 
867.258354734484 
867.5271138921322 
865.1082814732982 
861.8831715815195 
915.0974847958682 
925.8478511017972 
921.5477045794257 
922.6227412100186 
919.9351496335363 
918.8601130029434 
939.823327299505 
930.4167567818171 
934.7169033041887 
918.5913538452952 
916.7100397417576 
918.3225946876469 
918.0538355299988 
915.9037622688129 
905.1533959628839 
907.5722283817179 
882.5776267204329 
891.1779197651762 
890.1028831345832 
901.1220085981605 
902.1970452287533 
895.746825445196 
903.5408410169945 
891.4466789228243 
884.4589408239705 
886.6090140851563 
887.1465324004528 
883.3839041933775 
892.7904747110654 
886.0714957698598 
889.2966056616386 
895.2093071298996 
890.3716422922314 
892.252956395769 
892.5217155534173 
886.6090140851563 
893.327993026362 
896.0155846028442 
903.8096001746427 
903.5408410169945 
901.659526913457 
907.0347100664214 
901.3907677558087 
896.8218620757888 
896.2843437604923 
877.2024435674684 
873.171056202745 
880.4275534592472 
886.0714957698598 
882.0401084051364 
871.5585012568556 
871.5585012568556 
871.8272604145039 
873.9773336756896 
869.1396688380216 
872.096019572152 
865.9145589462429 
865.9145589462429 
871.0209829415592 
870.2147054686145 
882.8463858780812 
886.0714957698598 
883.1151450357294 
882.0401084051364 
882.8463858780812 
884.1901816663222 
876.9336844098201 
879.8900351439507 
889.0278465039903 
887.1465324004528 
891.4466789228243 
887.9528098733974 
894.6717888146031 
898.9719353369746 
890.3716422922314 
896.0155846028442 
890.9091606075278 
891.4466789228243 
895.2093071298996 
900.8532494405122 
898.4344170216782 
898.7031761793265 
895.4780662875477 
896.8218620757888 
895.4780662875477 
878.8149985133578 
878.008721040413 
879.6212759863024 
882.3088675627847 
871.5585012568556 
871.8272604145039 
837.6948473931792 
843.3387897037919 
837.6948473931792 
838.5011248661239 
842.5325122308473 
837.6948473931792 
837.9636065508274 
833.6634600284558 
842.263753073199 
839.5761614967167 
850.3265278026458 
845.2201038073295 
842.5072488700283 
840.7634677755009 
839.9921503983522 
837.4719130709146 
849.9906262380903 
854.648752067737 
855.8132835251486 
849.9906262380903 
852.0285562885606 
838.9275773926793 
842.1300389005614 
835.1428501560913 
868.3319966923242 
874.4457868437356 
870.9521924715004 
870.3699267427946 
878.2305140803234 
886.6733671465582 
877.6482483516176 
881.1418427238526 
879.977311266441 
874.7369197080884 
885.5088356891464 
884.0531713673818 
882.0152413169114 
883.470905638676 
885.5088356891464 
884.9265699604406 
880.8507098594998 
888.4201643326757 
887.255632875264 
884.6354370960878 
885.2177028247936 
884.0531713673818 
887.255632875264 
900.6477446354984 
914.3309892600855 
911.7107934809092 
923.356108055026 
921.6093108689086 
920.7359122758497 
923.0649751906732 
920.4447794114968 
908.5083319730272 
912.584192073968 
910.5462620234975 
903.8502061433804 
905.0147376007922 
914.3309892600855 
914.0398563957326 
920.4447794114968 
914.0398563957326 
911.4196606165564 
911.1285277522034 
907.6349333799684 
911.1285277522034 
912.0019263452622 
903.5590732790275 
912.584192073968 
916.0777864462029 
958.8743175060823 
957.1275203199648 
950.1403315754948 
956.8363874556118 
958.8743175060823 
964.1147090644348 
958.0009189130235 
952.7605273546709 
950.1403315754948 
972.2664292663165 
996.139324143256 
968.4817020297286 
967.026037707964 
971.0845345999903 
972.4051972246558 
971.1182858120847 
965.1928939509733 
961.54649895952 
986.6154645257609 
993.9082545086673 
996.305410726309 
995.0757658058888 
992.8183787567533 
1003.6040999719316 
996.156816275737 
990.2503498959966 
994.615998959283 
974.5853738453802 
976.8965998200612 
968.6789074656396 
977.4102055922127 
980.235037339045 
976.6397969339856 
977.4102055922127 
984.6006864023316 
983.0598690858775 
981.0054459972721 
980.7486431111963 
980.235037339045 
985.3710950605586 
983.8302777441046 
992.5615758706775 
990.2503498959966 
986.1415037187857 
982.8030661998018 
981.0054459972721 
983.5734748580289 
989.9935470099208 
980.235037339045 
975.6125853896829 
977.153402706137 
979.9782344529694 
979.9782344529694 
981.0054459972721 
985.3710950605586 
979.2078257947423 
977.153402706137 
976.3829940479098 
973.3013594150018 
980.7486431111963 
979.464628680818 
979.9782344529694 
980.7486431111963 
991.7911672124505 
985.8847008327099 
1004.117705744083 
1001.0360711111749 
1005.1449172883857 
1000.0088595668722 
1010.537777895975 
1009.5105663516723 
1005.9153259466127 
1022.6075135415317 
1016.4442442757155 
1018.2418644782452 
1016.1874413896398 
1016.4442442757155 
1020.039484680775 
1016.4442442757155 
1016.4442442757155 
1020.809893339002 
1042.6381386554344 
1039.2997011364507 
1035.7044607313915 
1038.0156867060723 
1036.2180665035426 
1036.731672275694 
1041.0973213389805 
996.156816275737 
995.38640761751 
996.927224933964 
1008.7401576934452 
1003.6040999719316 
1014.9034269592614 
1012.3353980985047 
1006.1721288326885 
998.9816480225695 
1007.9697490352182 
1006.6857346048398 
1002.3200855415533 
1003.6040999719316 
1000.2656624529478 
1002.8336913137047 
1004.8881144023101 
1007.9697490352182 
1015.9306385035642 
1017.4714558200182 
1021.0666962250777 
1027.4867683769696 
1029.2843885794994 
1028.770782807348 
1022.8643164276075 
1029.7979943516507 
1034.6772491870884 
1039.813306908602 
1036.2180665035426 
1036.2180665035426 
1032.3660232124075 
1022.0939077693804 
1022.3507106554562 
1037.7588838199968 
1036.4748693896183 
1034.1636434149373 
1155.117802756581 
1180.7980913641486 
1183.3661202249054 
1180.7980913641486 
1169.4987643768188 
1168.2147499464404 
1169.7555672628946 
1173.350807667954 
1171.039581693273 
1181.0548942502242 
1187.4749664021163 
1184.0553791711327 
1182.3115980766054 
1181.5771064826413 
1176.475824530682 
1171.1002105051884 
1165.439283424781 
1159.239220431954 
1175.4132978045468 
1192.3960790457693 
1232.022568608622 
1262.7533156165484 
1245.770534375326 
1260.3272040106594 
1276.5012813832525 
1358.9890759834764 
1399.1547014587486 
1381.3632163488962 
1402.659084889477 
1387.5632793417237 
1325.0235135010312 
1312.8929554715864 
1305.6146206539197 
1330.1453046690187 
1333.9192560559572 
1345.2411102167723 
1385.4067356920445 
1386.4850075168843 
1386.7545754730938 
1376.2414251809087 
1338.7714792677352 
1386.4850075168843 
1417.2157545248106 
1376.2414251809087 
1342.2758626984635 
1218.5441707981279 
1184.3271554267333 
1176.479881029223 
1174.9543822292271 
1173.2106011346998 
1164.7400061446133 
1156.7959574823733 
1093.1237010252685 
1119.9857867292524 
1161.4219827619934 
1213.145786085622 
1208.8592830477521 
1199.71474323363 
1215.7176879083436 
1216.0034547775351 
1224.2906939840832 
1227.719896414379 
1232.5779331906315 
1240.293638658797 
1228.8629638911443 
1258.29695141785 
1240.293638658797 
1254.2962152491716 
1240.293638658797 
1230.291798237101 
1238.8648043128405 
1244.5801416966667 
1230.291798237101 
1230.291798237101 
1239.7221049204145 
1248.8666447345365 
1234.5783012749707 
1216.5749885159178 
1230.5775651062922 
1242.2940067431362 
1245.4374423042407 
1244.8659085658583 
1248.2951109961539 
1265.1553562784416 
1259.7257857638067 
1241.7224730047535 
1244.008607958284 
1249.1524116037278 
1246.8662766501973 
1237.435969966884 
1213.7173198240046 
1218.2895897310657 
1205.7158474866476 
1238.293270574458 
1228.577197021953 
1222.290325899744 
1220.2899578154047 
1220.5757246845963 
1210.0023505245174 
1217.1465222543002 
1216.2892216467264 
1212.8600192164306 
1226.2910620684224 
1236.57866935931 
1238.579037443649 
1234.006767536588 
1232.0063994522488 
1234.5783012749707 
1238.293270574458 
1240.293638658797 
1237.435969966884 
1252.2958471648324 
1240.5794055279885 
1231.4348657138662 
1231.1490988446749 
1244.8659085658583 
1240.0078717896056 
1234.006767536588 
1236.8644362285013 
1237.435969966884 
1242.2940067431362 
1241.4367061355622 
1239.436338051223 
1243.7228410890928 
1235.4356018825447 
1240.5794055279885 
1237.435969966884 
1232.2921663214402 
1237.435969966884 
1237.435969966884 
1236.8644362285013 
1242.008239873945 
1240.5794055279885 
1182.8544979513422 
1197.4286082800995 
1193.427872111421 
1182.8544979513422 
1191.4275040270818 
1184.8548660356814 
1177.9964611750897 
1180.5683629978116 
1175.7103262215592 
1175.1387924831765 
1159.7073815468457 
1133.131062712053 
1114.5562162146175 
1092.552167286886 
1118.5569523832958 
1120.8430873368263 
1109.698179438365 
1074.548854527833 
1067.40468279805 
1071.1196520975373 
1070.5481183591546 
1086.2652961646772 
1103.411308316156 
1119.7000198600613 
1115.6992836913828 
1100.2678727550515 
1096.2671365863732 
1099.4105721474775 
1093.1237010252685 
1093.9810016328427 
1094.552535371225 
1086.9728232740729 
1085.4249898156665 
1093.0008297853467 
1116.2707283945583 
1117.8848564948303 
1120.538895549731 
1124.667400746243 
1163.0035204281398 
1161.234161058206 
1148.8486454686702 
1138.232489249068 
1150.9128980669261 
1142.6558876739023 
1151.797577751893 
1143.5059874156977 
1142.1601265487072 
1140.6949078493708 
1149.9481874417238 
1130.1725726009672 
1125.4638934237582 
1122.971063271118 
1121.8631387588337 
1130.1725726009672 
1125.1869122956869 
1121.476565191855 
1115.0331198351196 
1110.5770845668 
1103.561585140853 
1102.5759970105705 
1097.5287642202961 
1095.5781634934037 
1088.1257669632323 
1088.1257669632323 
1094.750119434496 
1115.1752062208918 
1130.3560139675376 
1145.2608070278804 
1146.0888510867885 
1133.9442048894718 
1144.7087776552753 
1156.5774091662893 
1146.0888510867885 
1145.8128364004858 
1151.885159499144 
1170.102128795119 
1177.0024959526852 
1173.966334403356 
1181.4187309335277 
1181.4187309335277 
1180.5906868746197 
1188.3190980910938 
1178.1065546978957 
1171.4822022266321 
1155.4733504210785 
1148.5729832635122 
1156.025379793684 
1156.3013944799866 
1163.4777763238556 
1171.2061875403294 
1165.9619085005793 
1159.3375560293157 
1179.2106134431065 
1175.8984372074747 
1174.2423490896588 
1167.8940113046976 
1170.102128795119 
1154.6453063621705 
1157.6814679114998 
1158.5095119704079 
1164.0298056964607 
1154.9213210484734 
1149.9530566950255 
1143.0526895374594 
1135.324278320985 
1083.7095319823898 
1065.7685773727176 
1068.804738922047 
1064.664518627507 
1092.5420019440744 
1129.5279699086295 
1151.333130126539 
1145.2608070278804 
1153.2652329306572 
1147.192909831999 
1131.7360873990508 
1133.6681902031694 
1155.197335734776 
1153.8172623032629 
1161.5456735197367 
1170.102128795119 
1166.237923186882 
1175.0703931485666 
1167.8940113046976 
1202.6718617788315 
1168.446040677303 
1177.0024959526852 
1172.5862609718426 
1141.9486307922489 
1164.0298056964607 
1161.8216882060394 
1159.3375560293157 
1158.5095119704079 
1149.677042008723 
1148.2969685772098 
1129.8039845949322 
1130.9080433401427 
1099.1663544153382 
1106.342736259207 
1117.9353530839185 
1114.0711474756813 
1101.9265012783646 
1093.3700460029825 
1112.691074044168 
1110.2069418674441 
1108.2748390633255 
1112.691074044168 
1096.958236924917 
1110.4829565537466 
1103.8586040824832 
1110.7589712400495 
1094.4741047481932 
1102.0419551107718 
1103.0010500596004 
1093.9000816871767 
1095.8204859042824 
1093.4409379820581 
1096.5536649672356 
1099.6000877277165 
1096.0150393565816 
1094.900666743963 
1093.9950379426934 
1098.1125709830385 
1093.9360970224889 
1094.2145286198588 
1093.9360970224889 
1089.2027598671993 
1079.17922236188 
1083.6341279197995 
1078.34392756977 
1092.822370633009 
1088.9243282698292 
1062.194894922311 
1024.3281976799938 
1025.1634924721038 
1023.4929028878838 
999.5477855140656 
980.3360052955369 
966.9712886217777 
958.6183407006783 
933.0026337426401 
915.7398747057014 
922.4222330425808 
919.637917068881 
925.4849806136507 
940.5202868716297 
932.1673389505302 
929.1045913794605 
937.4575393005599 
917.9673274846613 
919.3594854715112 
918.2457590820312 
910.4496743556718 
919.9163486662511 
941.6340132611097 
955.5555931296086 
950.265392779579 
957.5046143111985 
969.7556045954775 
986.7399320350464 
1000.6615119035455 
983.6771844639766 
987.0183636324165 
992.308563982446 
993.700721969296 
982.0065948797568 
979.5007105034268 
970.0340361928476 
988.4105216192663 
987.5752268271564 
980.6144368929068 
987.8536584245263 
993.4222903719259 
987.2967952297863 
957.6497131732292 
953.2433727821613 
951.8166805581316 
955.1430919695896 
956.8008082791833 
956.0903584322147 
952.7749258130273 
958.458524588777 
959.1689744357458 
958.458524588777 
990.4287677023692 
984.0347190796508 
998.4805326346813 
997.059632940744 
1014.5840624993056 
1016.2417788088992 
1006.2954809513371 
1000.1099674135615 
998.3171990961604 
998.2706571101544 
975.3465008016015 
974.0047429173966 
983.1734217927958 
984.7388059910347 
982.0552902226252 
978.7008955121133 
980.9371586524546 
979.5954007682498 
982.0552902226252 
975.3465008016015 
975.3465008016015 
960.1399114472807 
958.7981535630761 
954.3256272823935 
951.865737828018 
935.5477825952586 
931.0317320690475 
931.519663287674 
932.3150712696744 
927.0945751311802 
933.2642523857642 
959.3667330782353 
949.435790266875 
946.4376104343304 
947.2906090274869 
953.4488878873589 
960.8098596206925 
961.4958796340046 
960.7947892774043 
960.9833924020587 
963.4311741212179 
947.6318557520998 
948.413740340523 
945.511011533404 
945.0348730412127 
938.5308883757863 
948.1482843761347 
947.0299825156291 
944.3460580504155 
975.6585101445738 
977.8951138655851 
975.882170516675 
973.8692271677647 
979.9080572144954 
971.6326234467534 
977.2241327492817 
981.9210005634055 
982.3683213076077 
1002.9450755409117 
988.4071513543382 
989.0781324706417 
942.7804354457077 
945.017039166719 
943.0040958178089 
959.1076426090902 
888.4309650251329 
883.510436838908 
885.5233801878181 
880.3791916294923 
880.8265123736945 
860.9207392566938 
890.8912291182454 
876.3533049316719 
860.9207392566938 
850.8560225121429 
861.3680600008962 
863.3810033498063 
864.2756448382107 
880.3791916294923 
871.8800974896493 
847.5011169306259 
852.421645116851 
862.0390411171994 
858.9077959077837 
858.9077959077837 
855.7765506983679 
855.7765506983679 
851.9743243726485 
851.7506640005475 
856.6711921867724 
851.0796828842441 
858.9077959077837 
855.5528903262667 
865.8412674429188 
865.3939466987164 
862.7100222335029 
858.9077959077837 
860.0260977682893 
842.3569283723001 
855.8377088066967 
855.240512668184 
851.8096768506625 
849.388769934233 
848.8801173009533 
847.0998330844744 
836.4181277856012 
818.7448721746543 
815.7188810319876 
810.3686625346581 
811.6375839901625 
806.850797758513 
806.850797758513 
807.3826628953628 
820.9452238850369 
821.2111564534619 
828.9232009377863 
825.4660775482616 
810.5738537164626 
815.6265725165372 
816.6903027902372 
789.831113379314 
792.4904390635638 
779.1938106423148 
780.2575409160148 
777.3322826633399 
778.1300803686149 
819.083695906062 
825.7320101166865 
822.2748867271617 
816.4243702218122 
790.628911084589 
758.4510703051662 
752.3346212313918 
754.1961492103666 
759.2488680104412 
762.4400588315409 
762.4400588315409 
733.985274010068 
731.5918808942432 
711.3810056939445 
721.2205107256689 
707.6579497359949 
739.3039253785677 
726.2732295257435 
737.7083299680178 
731.0600157573932 
715.3699942203193 
727.0710272310184 
720.954578157244 
707.6579497359949 
712.4447359676445 
691.7019956304961 
669.0977273143726 
672.8207832723223 
670.9592552933475 
669.0977273143726 
674.1504461144472 
687.7130071041213 
682.6602883040466 
684.7877488514464 
685.8514791251464 
682.9262208724716 
686.9152093988463 
682.6602883040466 
685.5855465567214 
705.2645566201701 
706.594219462295 
707.3920171675699 
723.8798364099188 
704.4667589148951 
688.7767373778212 
690.6382653567961 
681.0646928934967 
661.917547966898 
688.2448722409712 
691.436063062071 
682.3943557356216 
624.9529209558257 
645.6956612929743 
660.3219525563482 
660.5878851247732 
654.4714360509986 
658.1944920089483 
654.7373686194236 
673.3526484091723 
669.3636598827976 
676.543839230272 
669.0977273143726 
674.1504461144472 
689.5745350830962 
681.5965580303467 
696.4887818621456 
701.5415006622203 
734.517139146918 
735.3149368521929 
728.6666226415683 
748.079700136592 
731.8578134626682 
733.1874763047931 
715.9018593571693 
712.4447359676445 
723.0820387046438 
709.7854102833948 
716.9655896308692 
722.2842409993689 
721.4864432940939 
730.1092455819092 
729.4409665892468 
726.7005660279508 
729.6964378200516 
740.4815762716146 
735.6881814042532 
741.2804754161748 
736.3219241639372 
732.7700643078631 
733.262075724014 
729.5846100477511 
751.8429549303951 
751.6494041053286 
752.2300565805281 
736.165338100011 
733.0685248989475 
741.7783120269387 
735.3911347997453 
733.262075724014 
740.4234562514733 
745.2622268781352 
747.0041843037334 
745.2622268781352 
749.9074466797305 
753.6984449788038 
756.0397760441831 
754.3897237435162 
757.7063443432751 
756.5856541311878 
747.0597873284453 
726.0468458518076 
701.3333981703381 
694.5866688539571 
685.30482051987 
658.4596338205449 
673.1747731964713 
662.4366985167412 
655.2779820635878 
643.1479347401892 
646.528439731956 
651.4997706022014 
650.7043576629621 
630.8190341819806 
639.7674297484223 
634.3983924085572 
637.7788974003241 
640.5628426876615 
643.1479347401892 
646.7272929667658 
647.7215591408149 
647.5227059060051 
648.3181188452444 
638.3754571047537 
647.5227059060051 
650.1077979585327 
649.5112382541033 
641.9548153313302 
650.7043576629621 
643.5456412098088 
618.0924271541523 
615.7061883364346 
616.1038948060542 
618.2912803889622 
621.0752256762996 
638.5743103395635 
644.0383995256675 
642.2946184311402 
636.050896951393 
634.1533330230252 
628.107337942993 
629.6653124767377 
633.0038293347618 
627.884770152458 
625.8816600376435 
622.9882787606894 
619.4271941121301 
625.4365244565737 
633.2263971252969 
636.1197784022511 
632.1135581726221 
618.5369229499904 
628.9976091051328 
620.0948974837349 
627.8204856053075 
627.3524685477381 
622.913360476357 
626.075131152613 
619.7291669980323 
615.9923390893828 
608.6052680922812 
599.2428562704413 
611.3454861864782 
609.0619711079806 
629.3852553066088 
626.8733887202616 
620.0072266016484 
614.3581265289167 
616.4942329841629 
612.314130227755 
607.034000430187 
610.3340815536669 
605.713967980795 
610.0150554828499 
608.9073633499073 
608.1572821977454 
607.7165163818715 
608.8184309215562 
604.4107727628178 
606.3942189342501 
602.1173566958958 
601.3543111530321 
594.8002828535496 
591.7971999048427 
591.4029100521172 
594.5432279508306 
574.8040868732039 
553.0461700035472 
556.4107963235972 
535.9987299819604 
535.1014962966138 
542.7279826220604 
538.0175057739905 
536.8959636673071 
534.3164168219355 
530.5031736592122 
522.0916078590872 
513.007116794952 
510.3154157389121 
488.5574988692555 
469.4912830556388 
468.7062035809604 
443.35935196991704 
406.34846244936705 
398.49766770258367 
399.39490138793036 
410.722476665432 
407.357850345382 
408.36723824139705 
397.71258822790537 
378.98283504629364 
390.198256113127 
392.4413403264937 
416.21803298818037 
429.22792142570705 
427.0969914230087 
415.65726193483874 
425.0782156309787 
421.93789773226536 
403.5446071826587 
389.3142491975831 
375.1031339347687 
367.91609598329524 
375.88046629236175 
387.1445416537587 
400.3017389246342 
392.06665861840276 
390.2681928043982 
394.62237319619874 
390.9307854727157 
384.49417098048883 
386.48665528650815 
389.2450575928857 
390.44454974636164 
400.5018301101215 
415.81842222373734 
416.1874967324992 
418.49421241226065 
416.6488398684515 
411.11272223702406 
410.8359163554527 
415.81842222373734 
415.44934771497554 
414.8034673246423 
408.99054381164353 
402.25493402674016 
408.8060065572626 
412.86582615364273 
408.0910206559089 
409.047289030676 
411.7950277275952 
406.6430176708716 
406.72888450515035 
406.12781666519925 
397.3693995687691 
406.6430176708716 
403.4659448025587 
403.2083442997225 
405.09741465385457 
400.8899397741969 
395.823796551752 
398.31393474583507 
393.1619246891114 
377.44829401610434 
386.6360452839282 
373.8418869763978 
371.60934928515087 
369.6344120967402 
374.61468848490637 
377.5341608503831 
384.83284176407494 
384.3176407584025 
394.1064598661775 
385.6056432725834 
375.9557592786766 
373.82569276536503 
363.97786145477625 
379.3404782992948 
379.04504335997706 
368.50786385764707 
365.65199277757637 
372.1740873719048 
382.15681251075847 
382.713092047964 
376.1896302281283 
370.7488688718008 
355.5094549269693 
357.6151251139337 
358.66796020741583 
357.90226195761056 
357.1365637078054 
354.36090755226144 
355.318030364518 
356.17944089554885 
346.6082127729835 
333.20849340139205 
319.33021262367237 
325.74293546579116 
332.4427951515869 
328.80572846501207 
332.6342197140382 
328.42287934010943 
326.12578459069374 
320.76589684205715 
320.0959108734776 
331.581384620556 
324.69010037230896 
327.37004424662723 
323.2544161539241 
323.7329775600524 
325.36008634088853 
324.59438809108326 
328.1357424964325 
322.68014246657026 
323.7329775600524 
327.2743319654016 
332.6342197140382 
362.40073917521636 
367.5692023614016 
371.11055676675073 
371.01484448552515 
369.5791602671403 
368.43061289243246 
368.3349006112068 
371.301981329202 
369.1963111422377 
371.20626904797643 
365.65495673688855 
364.8892584870833 
361.73075320663673 
366.70779183037075 
368.6220374548838 
368.3349006112068 
368.14347604875553 
371.301981329202 
367.3777777989503 
366.89921639282204 
368.2391883299812 
368.5263251736581 
371.301981329202 
370.2491462357199 
377.52327960886953 
379.7246620770595 
373.3119392349408 
365.55924445566285 
362.20931461276496 
361.9221777690881 
363.4535742686985 
362.20931461276496 
358.47653564496454 
359.6250830196724 
360.29506898825196 
358.28511108251325 
361.9221777690881 
363.9321356748268 
360.77363039438023 
358.9550970510928 
356.2751531767745 
357.90226195761056 
360.10364442580067 
359.4336584572211 
363.4535742686985 
360.8693426756059 
362.11360233153937 
358.28511108251325 
358.18939880128755 
356.65800230167713 
350.9756608347142 
346.1192826134609 
346.69201373910664 
348.21929674082867 
348.21929674082867 
351.0829523690574 
359.7693744413513 
345.92837223824563 
341.9192543587253 
341.1556128578643 
338.44792527887523 
337.01266650779553 
340.0558562418404 
342.5100415112314 
341.8228696358019 
338.77967990175705 
340.6448607064943 
337.01266650779553 
339.95768883106473 
343.4917156189878 
341.52836740347504 
343.88438526209035 
345.4550638345006 
345.6513986560519 
351.9341129456929 
350.36343437328264 
347.9092491038916 
344.0807200836417 
344.76789195907116 
345.6513986560519 
345.7495660668276 
344.86605936984677 
346.24040312070576 
347.6147468715647 
345.4550638345006 
349.9707647301801 
359.4930035754172 
355.36997232284034 
357.3333205383531 
360.86734732627616 
364.30320670342354 
364.5977089357505 
359.4930035754172 
364.6958763465262 
367.0518942051415 
366.2665549189364 
370.193251349962 
369.8987491176351 
375.39612412107095 
369.64907601511294 
373.8092962675976 
376.2480827274551 
378.77396870373616 
387.0484227639672 
383.3031435577574 
381.1256556471702 
376.16098321103163 
374.1576943332915 
374.76739094825587 
373.3737986854801 
378.2612521743383 
362.13839401779535 
360.75686650345585 
363.60118785650764 
360.1880022328455 
359.5378716378623 
360.75686650345585 
361.89459504467663 
373.2718804568838 
372.6217498619005 
355.7996207167085 
352.5489677417921 
350.67984228121526 
348.50206732067 
346.7582862261427 
351.7729882899365 
349.9374567403838 
345.4185603964156 
351.3059738391322 
353.2542247525963 
353.7855659108137 
355.468146245169 
354.89774354170527 
335.30999947775297 
336.2817034578525 
334.2573201659785 
335.0670734827281 
333.36659151755396 
330.07861084798515 
326.5093568925372 
324.02395450428185 
330.2803422965792 
332.6374232202182 
337.0990406828206 
337.94085529840595 
339.70866599113515 
334.48941537450594 
334.3210524513889 
332.5532417586596 
330.7854310659304 
330.475428624668 
329.13087395981506 
328.04350649318053 
328.04350649318053 
326.2869898163093 
328.04350649318053 
330.55281603156794 
331.3892525443638 
331.3056088930841 
334.06584938531034 
327.8762191906213 
328.96358665725586 
328.04350649318053 
328.4617247495784 
327.7925755393418 
321.77023264721197 
322.43938185744855 
319.762785016502 
318.42448659602877 
316.33339531403925 
317.8389810370717 
317.4207627806737 
318.34084294474917 
311.0638452834256 
302.78312380674714 
303.1176984118655 
304.2050658785 
299.5928094069908 
300.2685556756476 
301.98740862777754 
296.4488824486922 
294.15707851251886 
295.01650498858385 
296.35339061801824 
296.2578987873444 
299.79109652227817 
299.79109652227817 
299.4091291995826 
299.2181455382348 
305.1386390400158 
302.0829004584514 
303.8972452412553 
294.6345376658883 
290.2419134548896 
290.2419134548896 
287.56814219602074 
285.6381520316794 
286.22601754740555 
289.2620983314431 
282.38031522095804 
281.6718963713493 
279.04062635851676 
280.9634775217405 
285.3151933121943 
286.32722024020677 
280.9634775217405 
272.86726209764055 
273.57568094724934 
273.87928902565307 
277.2189778880943 
277.927396737703 
280.76107213613807 
278.53461289451053 
281.3682882929455 
283.18993676336805 
279.95145059372805 
280.0526532865293 
280.9634775217405 
279.14182905131804 
278.8382209729143 
276.10670159664676 
269.5498404312933 
269.9608379016039 
270.68008347464735 
268.6250961230945 
264.82336952272175 
266.6728581391193 
258.45290873290793 
248.48622007787657 
248.5889694454542 
244.27349600719322 
248.38347071029892 
245.81473652085788 
246.02023525601314 
244.88999221265908 
242.73225549352858 
240.67726814197573 
239.75252383377696 
246.22573399116845 
241.80751118532982 
247.66422513725544 
249.7192124888083 
248.7944681806095 
246.53398209390136 
251.8769492079388 
246.8422301966343 
248.7944681806095 
248.48622007787657 
247.3559770345225 
247.86972387241073 
249.10271628334243 
249.41096438607536 
257.6309137922868 
260.71339481961604 
255.20837037554153 
249.99281917228183 
249.99281917228183 
249.99281917228183 
249.99281917228183 
249.99281917228183 
249.99281917228183 
249.99281917228183 
249.99281917228183 
249.99281917228183 
249.99281917228183 
249.99281917228183 
249.99281917228183 
249.99281917228183 
249.99281917228183 
249.99281917228183 
249.99281917228183 
249.99281917228183 
249.99281917228183 
249.99281917228183 
249.99281917228183 
249.99281917228183 
249.99281917228183 
249.99281917228183 
249.99281917228183 
249.99281917228183 
249.99281917228183 
249.99281917228183 
249.99281917228183 
249.99281917228183 
249.99281917228183 
249.99281917228183 
249.99281917228183 
249.99281917228183 
249.99281917228183 
249.99281917228183 
249.99281917228183 
249.99281917228183 
249.99281917228183 
249.99281917228183 
249.99281917228183 
249.99281917228183 
249.99281917228183 
249.99281917228183 
249.99281917228183 
249.99281917228183 
249.99281917228183 
249.99281917228183 
249.99281917228183 
249.99281917228183 
249.99281917228183 
249.99281917228183 
249.99281917228183 
249.99281917228183 
249.99281917228183 
249.99281917228183 
249.99281917228183 
249.99281917228183 
249.99281917228183 
249.99281917228183 
249.99281917228183 
249.99281917228183 
249.99281917228183 
249.99281917228183 
249.99281917228183 
249.99281917228183 
249.99281917228183 
249.99281917228183 
249.99281917228183 
249.99281917228183 
249.99281917228183 
249.99281917228183 
249.99281917228183 
249.99281917228183 
249.99281917228183 
249.99281917228183 
249.99281917228183 
249.99281917228183 
249.99281917228183 
249.99281917228183 
249.99281917228183 
249.99281917228183 
249.99281917228183 
249.99281917228183 
249.99281917228183 
249.99281917228183 
249.99281917228183 
249.99281917228183 
249.99281917228183 
249.99281917228183 
249.99281917228183 
249.99281917228183 
249.99281917228183 
249.99281917228183 
249.99281917228183 
249.99281917228183 
249.99281917228183 
249.99281917228183 
249.99281917228183 
249.99281917228183 
249.99281917228183 
249.99281917228183 
249.99281917228183 
249.99281917228183 
249.99281917228183 
249.99281917228183 
249.99281917228183 
249.99281917228183 
249.99281917228183 
249.99281917228183 
249.99281917228183 
249.99281917228183 
249.99281917228183 
249.99281917228183 
249.99281917228183 
249.99281917228183 
249.99281917228183 
249.99281917228183 
249.99281917228183 
249.99281917228183 
249.99281917228183 
249.99281917228183 
249.99281917228183 
249.99281917228183 
249.99281917228183 
249.99281917228183 
249.99281917228183 
249.99281917228183 
249.99281917228183 
249.99281917228183 
249.99281917228183 
249.99281917228183 
249.99281917228183 
249.99281917228183 
249.99281917228183 
249.99281917228183 
249.99281917228183 
249.99281917228183 
249.99281917228183 
249.99281917228183 
249.99281917228183 
249.99281917228183 
249.99281917228183 
249.99281917228183 
249.99281917228183 
249.99281917228183 
249.99281917228183 
249.99281917228183 
249.99281917228183 
249.99281917228183 
249.99281917228183 
249.99281917228183 
249.99281917228183 
249.99281917228183 
249.99281917228183 
249.99281917228183 
249.99281917228183 
249.99281917228183 
249.99281917228183 
249.99281917228183 
249.99281917228183 
249.99281917228183 
249.99281917228183 
249.99281917228183 
249.99281917228183 
249.99281917228183 
249.99281917228183 
249.99281917228183 
249.99281917228183 
249.99281917228183 
249.99281917228183 
249.99281917228183 
249.99281917228183 
249.99281917228183 
249.99281917228183 
249.99281917228183 
249.99281917228183 
249.99281917228183 
249.99281917228183 
249.99281917228183 
249.99281917228183 
249.99281917228183 
249.99281917228183 
249.99281917228183 
249.99281917228183 
249.99281917228183 
249.99281917228183 
249.99281917228183 
249.99281917228183 
249.99281917228183 
249.99281917228183 
249.99281917228183 
249.99281917228183 
249.99281917228183 
249.99281917228183 
249.99281917228183 
249.99281917228183 
249.99281917228183 
249.99281917228183 
249.99281917228183 
249.99281917228183 
249.99281917228183 
249.99281917228183 
249.99281917228183 
249.99281917228183 
249.99281917228183 
249.99281917228183 
249.99281917228183 
249.99281917228183 
249.99281917228183 
249.99281917228183 
249.99281917228183 
249.99281917228183 
249.99281917228183 
249.99281917228183 
249.99281917228183 
249.99281917228183 
249.99281917228183 
249.99281917228183 
249.99281917228183 
249.99281917228183 
249.99281917228183 
249.99281917228183 
249.99281917228183 
249.99281917228183 
249.99281917228183 
249.99281917228183 
249.99281917228183 
249.99281917228183 
249.99281917228183 
249.99281917228183 
249.99281917228183 
249.99281917228183 
249.99281917228183 
249.99281917228183 
249.99281917228183 
249.99281917228183 
249.99281917228183 
249.99281917228183 
249.99281917228183 
249.99281917228183 
249.99281917228183 
249.99281917228183 
249.99281917228183 
249.99281917228183 
249.99281917228183 
249.99281917228183 
249.99281917228183 
249.99281917228183 
249.99281917228183 
249.99281917228183 
249.99281917228183 
249.99281917228183 
249.99281917228183 
249.99281917228183 
249.99281917228183 
249.99281917228183 
249.99281917228183 
249.99281917228183 
249.99281917228183 
249.99281917228183 
249.99281917228183 
249.99281917228183 
249.99281917228183 
249.99281917228183 
249.99281917228183 
249.99281917228183 
249.99281917228183 
249.99281917228183 
249.99281917228183 
249.99281917228183 
249.99281917228183 
249.99281917228183 
249.99281917228183 
249.99281917228183 
249.99281917228183 
249.99281917228183 
249.99281917228183 
249.99281917228183 
249.99281917228183 
249.99281917228183 
249.99281917228183 
249.99281917228183 
249.99281917228183 
249.99281917228183 
249.99281917228183 
249.99281917228183 
249.99281917228183 
249.99281917228183 
249.99281917228183 
249.99281917228183 
249.99281917228183 
249.99281917228183 
249.99281917228183 
249.99281917228183 
249.99281917228183 
249.99281917228183 
249.99281917228183 
249.99281917228183 
249.99281917228183 
249.99281917228183 
249.99281917228183 
249.99281917228183 
249.99281917228183 
249.99281917228183 
249.99281917228183 
249.99281917228183 
249.99281917228183 
249.99281917228183 
249.99281917228183 
249.99281917228183 
249.99281917228183 
249.99281917228183 
249.99281917228183 
249.99281917228183 
249.99281917228183 
249.99281917228183 
249.99281917228183 
249.99281917228183 
249.99281917228183 
249.99281917228183 
249.99281917228183 
249.99281917228183 
249.99281917228183 
249.99281917228183 
249.99281917228183 
249.99281917228183 
249.99281917228183 
249.99281917228183 
249.99281917228183 
249.99281917228183 
249.99281917228183 
249.99281917228183 
249.99281917228183 
249.99281917228183 
249.99281917228183 
249.99281917228183 
249.99281917228183 
249.99281917228183 
249.99281917228183 
249.99281917228183 
249.99281917228183 
249.99281917228183 
249.99281917228183 
249.99281917228183 
249.99281917228183 
249.99281917228183 
249.99281917228183 
249.99281917228183 
249.99281917228183 
249.99281917228183 
249.99281917228183 
249.99281917228183 
249.99281917228183 
249.99281917228183 
249.99281917228183 
249.99281917228183 
249.99281917228183 
249.99281917228183 
249.99281917228183 
249.99281917228183 
249.99281917228183 
249.99281917228183 
249.99281917228183 
249.99281917228183 
249.99281917228183 
249.99281917228183 
249.99281917228183 
249.99281917228183 
249.99281917228183 
249.99281917228183 
249.99281917228183 
249.99281917228183 
249.99281917228183 
249.99281917228183 
249.99281917228183 
249.99281917228183 
249.99281917228183 
249.99281917228183 
249.99281917228183 
249.99281917228183 
249.99281917228183 
249.99281917228183 
249.99281917228183 
249.99281917228183 
249.99281917228183 
249.99281917228183 
249.99281917228183 
249.99281917228183 
249.99281917228183 
249.99281917228183 
249.99281917228183 
249.99281917228183 
249.99281917228183 
249.99281917228183 
249.99281917228183 
249.99281917228183 
249.99281917228183 
249.99281917228183 
249.99281917228183 
249.99281917228183 
249.99281917228183 
249.99281917228183 
249.99281917228183 
249.99281917228183 
249.99281917228183 
249.99281917228183 
249.99281917228183 
249.99281917228183 
249.99281917228183 
249.99281917228183 
249.99281917228183 
249.99281917228183 
249.99281917228183 
249.99281917228183 
249.99281917228183 
249.99281917228183 
249.99281917228183 
249.99281917228183 
249.99281917228183 
249.99281917228183 
249.99281917228183 
249.99281917228183 
249.99281917228183 
249.99281917228183 
249.99281917228183 
249.99281917228183 
249.99281917228183 
249.99281917228183 
249.99281917228183 
249.99281917228183 
249.99281917228183 
249.99281917228183 
249.99281917228183 
249.99281917228183 
249.99281917228183 
249.99281917228183 
249.99281917228183 
249.99281917228183 
249.99281917228183 
249.99281917228183 
249.99281917228183 
249.99281917228183 
249.99281917228183 
249.99281917228183 
249.99281917228183 
249.99281917228183 
249.99281917228183 
249.99281917228183 
249.99281917228183 
249.99281917228183 
249.99281917228183 
249.99281917228183 
249.99281917228183 
249.99281917228183 
249.99281917228183 
249.99281917228183 
249.99281917228183 
249.99281917228183 
249.99281917228183 
249.99281917228183 
249.99281917228183 
249.99281917228183 
249.99281917228183 
249.99281917228183 
249.99281917228183 
249.99281917228183 
249.99281917228183 
249.99281917228183 
249.99281917228183 
249.99281917228183 
249.99281917228183 
249.99281917228183 
249.99281917228183 
249.99281917228183 
249.99281917228183 
249.99281917228183 
249.99281917228183 
249.99281917228183 
249.99281917228183 
249.99281917228183 
249.99281917228183 
249.99281917228183 
249.99281917228183 
249.99281917228183 
249.99281917228183 
249.99281917228183 
249.99281917228183 
249.99281917228183 
249.99281917228183 
249.99281917228183 
249.99281917228183 
249.99281917228183 
249.99281917228183 
249.99281917228183 
249.99281917228183 
249.99281917228183 
249.99281917228183 
249.99281917228183 
249.99281917228183 
249.99281917228183 
249.99281917228183 
249.99281917228183 
249.99281917228183 
249.99281917228183 
249.99281917228183 
249.99281917228183 
249.99281917228183 
249.99281917228183 
249.99281917228183 
249.99281917228183 
249.99281917228183 
249.99281917228183 
249.99281917228183 
249.99281917228183 
249.99281917228183 
249.99281917228183 
249.99281917228183 
249.99281917228183 
249.99281917228183 
249.99281917228183 
249.99281917228183 
249.99281917228183 
249.99281917228183 
249.99281917228183 
249.99281917228183 
249.99281917228183 
249.99281917228183 
249.99281917228183 
249.99281917228183 
249.99281917228183 
249.99281917228183 
249.99281917228183 
249.99281917228183 
249.99281917228183 
249.99281917228183 
249.99281917228183 
249.99281917228183 
249.99281917228183 
249.99281917228183 
249.99281917228183 
249.99281917228183 
249.99281917228183 
249.99281917228183 
249.99281917228183 
249.99281917228183 
249.99281917228183 
249.99281917228183 
249.99281917228183 
249.99281917228183 
249.99281917228183 
249.99281917228183 
249.99281917228183 
249.99281917228183 
249.99281917228183 
249.99281917228183 
249.99281917228183 
249.99281917228183 
249.99281917228183 
249.99281917228183 
249.99281917228183 
249.99281917228183 
249.99281917228183 
249.99281917228183 
249.99281917228183 
249.99281917228183 
249.99281917228183 
249.99281917228183 
249.99281917228183 
249.99281917228183 
249.99281917228183 
249.99281917228183 
249.99281917228183 
249.99281917228183 
249.99281917228183 
249.99281917228183 
249.99281917228183 
249.99281917228183 
249.99281917228183 
249.99281917228183 
249.99281917228183 
249.99281917228183 
249.99281917228183 
249.99281917228183 
249.99281917228183 
249.99281917228183 
249.99281917228183 
249.99281917228183 
249.99281917228183 
249.99281917228183 
249.99281917228183 
249.99281917228183 
249.99281917228183 
249.99281917228183 
249.99281917228183 
249.99281917228183 
249.99281917228183 
249.99281917228183 
249.99281917228183 
249.99281917228183 
249.99281917228183 
249.99281917228183 
249.99281917228183 
249.99281917228183 
249.99281917228183 
249.99281917228183 
249.99281917228183 
249.99281917228183 
249.99281917228183 
249.99281917228183 
249.99281917228183 
249.99281917228183 
249.99281917228183 
249.99281917228183 
249.99281917228183 
249.99281917228183 
249.99281917228183 
249.99281917228183 
249.99281917228183 
249.99281917228183 
249.99281917228183 
249.99281917228183 
249.99281917228183 
249.99281917228183 
249.99281917228183 
249.99281917228183 
249.99281917228183 
249.99281917228183 
249.99281917228183 
249.99281917228183 
249.99281917228183 
249.99281917228183 
249.99281917228183 
249.99281917228183 
249.99281917228183 
249.99281917228183 
249.99281917228183 
249.99281917228183 
249.99281917228183 
249.99281917228183 
249.99281917228183 
249.99281917228183 
249.99281917228183 
249.99281917228183 
249.99281917228183 
249.99281917228183 
249.99281917228183 
249.99281917228183 
249.99281917228183 
249.99281917228183 
249.99281917228183 
249.99281917228183 
249.99281917228183 
249.99281917228183 
249.99281917228183 
249.99281917228183 
249.99281917228183 
249.99281917228183 
249.99281917228183 
249.99281917228183 
249.99281917228183 
249.99281917228183 
249.99281917228183 
249.99281917228183 
249.99281917228183 
249.99281917228183 
249.99281917228183 
249.99281917228183 
249.99281917228183 
249.99281917228183 
249.99281917228183 
249.99281917228183 
249.99281917228183 
249.99281917228183 
249.99281917228183 
249.99281917228183 
249.99281917228183 
249.99281917228183 
249.99281917228183 
249.99281917228183 
249.99281917228183 
249.99281917228183 
249.99281917228183 
249.99281917228183 
249.99281917228183 
249.99281917228183 
249.99281917228183 
249.99281917228183 
249.99281917228183 
249.99281917228183 
249.99281917228183 
249.99281917228183 
249.99281917228183 
249.99281917228183 
249.99281917228183 
249.99281917228183 
249.99281917228183 
249.99281917228183 
249.99281917228183 
249.99281917228183 
249.99281917228183 
249.99281917228183 
249.99281917228183 
249.99281917228183 
249.99281917228183 
249.99281917228183 
249.99281917228183 
249.99281917228183 
249.99281917228183 
249.99281917228183 
249.99281917228183 
249.99281917228183 
249.99281917228183 
249.99281917228183 
249.99281917228183 
249.99281917228183 
249.99281917228183 
249.99281917228183 
249.99281917228183 
249.99281917228183 
249.99281917228183 
249.99281917228183 
249.99281917228183 
249.99281917228183 
249.99281917228183 
249.99281917228183 
249.99281917228183 
249.99281917228183 
249.99281917228183 
249.99281917228183 
249.99281917228183 
249.99281917228183 
249.99281917228183 
249.99281917228183 
249.99281917228183 
249.99281917228183 
249.99281917228183 
249.99281917228183 
249.99281917228183 
249.99281917228183 
249.99281917228183 
249.99281917228183 
249.99281917228183 
249.99281917228183 
249.99281917228183 
249.99281917228183 
249.99281917228183 
249.99281917228183 
249.99281917228183 
249.99281917228183 
249.99281917228183 
249.99281917228183 
249.99281917228183 
249.99281917228183 
249.99281917228183 
249.99281917228183 
249.99281917228183 
249.99281917228183 
249.99281917228183 
249.99281917228183 
249.99281917228183 
249.99281917228183 
249.99281917228183 
249.99281917228183 
249.99281917228183 
249.99281917228183 
249.99281917228183 
249.99281917228183 
249.99281917228183 
249.99281917228183 
249.99281917228183 
249.99281917228183 
249.99281917228183 
249.99281917228183 
249.99281917228183 
249.99281917228183 
249.99281917228183 
249.99281917228183 
249.99281917228183 
249.99281917228183 
249.99281917228183 
249.99281917228183 
249.99281917228183 
249.99281917228183 
249.99281917228183 
249.99281917228183 
249.99281917228183 
249.99281917228183 
249.99281917228183 
249.99281917228183 
249.99281917228183 
249.99281917228183 
249.99281917228183 
249.99281917228183 
249.99281917228183 
249.99281917228183 
249.99281917228183 
249.99281917228183 
249.99281917228183 
249.99281917228183 
249.99281917228183 
249.99281917228183 
249.99281917228183 
249.99281917228183 
249.99281917228183 
249.99281917228183 
249.99281917228183 
249.99281917228183 
249.99281917228183 
249.99281917228183 
249.99281917228183 
249.99281917228183 
249.99281917228183 
249.99281917228183 
249.99281917228183 
249.99281917228183 
249.99281917228183 
249.99281917228183 
249.99281917228183 
249.99281917228183 
249.99281917228183 
249.99281917228183 
249.99281917228183 
249.99281917228183 
249.99281917228183 
249.99281917228183 
249.99281917228183 
249.99281917228183 
249.99281917228183 
249.99281917228183 
249.99281917228183 
249.99281917228183 
249.99281917228183 
249.99281917228183 
249.99281917228183 
249.99281917228183 
249.99281917228183 
249.99281917228183 
249.99281917228183 
249.99281917228183 
249.99281917228183 
249.99281917228183 
249.99281917228183 
249.99281917228183 
249.99281917228183 
249.99281917228183 
249.99281917228183 
249.99281917228183 
249.99281917228183 
249.99281917228183 
249.99281917228183 
249.99281917228183 
249.99281917228183 
249.99281917228183 
249.99281917228183 
249.99281917228183 
249.99281917228183 
249.99281917228183 
249.99281917228183 
249.99281917228183 
249.99281917228183 
249.99281917228183 
249.99281917228183 
249.99281917228183 
249.99281917228183 
249.99281917228183 
249.99281917228183 
249.99281917228183 
249.99281917228183 
249.99281917228183 
249.99281917228183 
249.99281917228183 
249.99281917228183 
249.99281917228183 
249.99281917228183 
249.99281917228183 
249.99281917228183 
249.99281917228183 
249.99281917228183 
249.99281917228183 
249.99281917228183 
249.99281917228183 
249.99281917228183 
249.99281917228183 
249.99281917228183 
249.99281917228183 
249.99281917228183 
249.99281917228183 
249.99281917228183 
249.99281917228183 
249.99281917228183 
249.99281917228183 
249.99281917228183 
249.99281917228183 
249.99281917228183 
249.99281917228183 
249.99281917228183 
249.99281917228183 
249.99281917228183 
249.99281917228183 
249.99281917228183 
249.99281917228183 
249.99281917228183 
249.99281917228183 
249.99281917228183 
249.99281917228183 
249.99281917228183 
249.99281917228183 
249.99281917228183 
249.99281917228183 
249.99281917228183 
249.99281917228183 
249.99281917228183 
249.99281917228183 
249.99281917228183 
249.99281917228183 
249.99281917228183 
249.99281917228183 
249.99281917228183 
249.99281917228183 
249.99281917228183 
249.99281917228183 
249.99281917228183 
249.99281917228183 
249.99281917228183 
249.99281917228183 
249.99281917228183 
249.99281917228183 
249.99281917228183 
249.99281917228183 
249.99281917228183 
249.99281917228183 
249.99281917228183 
249.99281917228183 
249.99281917228183 
249.99281917228183 
249.99281917228183 
249.99281917228183 
249.99281917228183 
249.99281917228183 
249.99281917228183 
249.99281917228183 
249.99281917228183 
249.99281917228183 
249.99281917228183 
249.99281917228183 
249.99281917228183 
249.99281917228183 
249.99281917228183 
249.99281917228183 
249.99281917228183 
249.99281917228183 
249.99281917228183 
249.99281917228183 
249.99281917228183 
249.99281917228183 
249.99281917228183 
249.99281917228183 
249.99281917228183 
249.99281917228183 
249.99281917228183 
249.99281917228183 
249.99281917228183 
249.99281917228183 
249.99281917228183 
249.99281917228183 
249.99281917228183 
249.99281917228183 
249.99281917228183 
249.99281917228183 
249.99281917228183 
249.99281917228183 
249.99281917228183 
249.99281917228183 
249.99281917228183 
249.99281917228183 
249.99281917228183 
249.99281917228183 
249.99281917228183 
249.99281917228183 
249.99281917228183 
249.99281917228183 
249.99281917228183 
249.99281917228183 
249.99281917228183 
249.99281917228183 
249.99281917228183 
249.99281917228183 
249.99281917228183 
249.99281917228183 
249.99281917228183 
249.99281917228183 
249.99281917228183 
249.99281917228183 
249.99281917228183 
249.99281917228183 
249.99281917228183 
249.99281917228183 
249.99281917228183 
249.99281917228183 
249.99281917228183 
249.99281917228183 
249.99281917228183 
249.99281917228183 
249.99281917228183 
249.99281917228183 
249.99281917228183 
249.99281917228183 
249.99281917228183 
249.99281917228183 
249.99281917228183 
249.99281917228183 
249.99281917228183 
249.99281917228183 
249.99281917228183 
249.99281917228183 
249.99281917228183 
249.99281917228183 
249.99281917228183 
249.99281917228183 
249.99281917228183 
249.99281917228183 
249.99281917228183 
249.99281917228183 
249.99281917228183 
249.99281917228183 
249.99281917228183 
249.99281917228183 
249.99281917228183 
249.99281917228183 
249.99281917228183 
249.99281917228183 
249.99281917228183 
249.99281917228183 
249.99281917228183 
249.99281917228183 
249.99281917228183 
249.99281917228183 
249.99281917228183 
249.99281917228183 
249.99281917228183 
249.99281917228183 
249.99281917228183 
249.99281917228183 
249.99281917228183 
249.99281917228183 
249.99281917228183 
249.99281917228183 
249.99281917228183 
249.99281917228183 
249.99281917228183 
249.99281917228183 
249.99281917228183 
249.99281917228183 
249.99281917228183 
249.99281917228183 
249.99281917228183 
249.99281917228183 
249.99281917228183 
249.99281917228183 
249.99281917228183 
249.99281917228183 
249.99281917228183 
249.99281917228183 
249.99281917228183 
249.99281917228183 
249.99281917228183 
249.99281917228183 
249.99281917228183 
249.99281917228183 
249.99281917228183 
249.99281917228183 
249.99281917228183 
249.99281917228183 
249.99281917228183 
249.99281917228183 
249.99281917228183 
249.99281917228183 
249.99281917228183 
249.99281917228183 
249.99281917228183 
249.99281917228183 
249.99281917228183 
249.99281917228183 
249.99281917228183 
249.99281917228183 
249.99281917228183 
249.99281917228183 
249.99281917228183 
249.99281917228183 
249.99281917228183 
249.99281917228183 
249.99281917228183 
249.99281917228183 
249.99281917228183 
249.99281917228183 
249.99281917228183 
249.99281917228183 
249.99281917228183 
249.99281917228183 
249.99281917228183 
249.99281917228183 
249.99281917228183 
249.99281917228183 
249.99281917228183 
249.99281917228183 
249.99281917228183 
249.99281917228183 
249.99281917228183 
249.99281917228183 
249.99281917228183 
249.99281917228183 
249.99281917228183 
249.99281917228183 
249.99281917228183 
249.99281917228183 
249.99281917228183 
249.99281917228183 
249.99281917228183 
249.99281917228183 
249.99281917228183 
249.99281917228183 
249.99281917228183 
249.99281917228183 
249.99281917228183 
249.99281917228183 
249.99281917228183 
249.99281917228183 
249.99281917228183 
249.99281917228183 
249.99281917228183 
249.99281917228183 
249.99281917228183 
249.99281917228183 
249.99281917228183 
249.99281917228183 
249.99281917228183 
249.99281917228183 
249.99281917228183 
249.99281917228183 
249.99281917228183 
249.99281917228183 
249.99281917228183 
249.99281917228183 
249.99281917228183 
249.99281917228183 
249.99281917228183 
249.99281917228183 
249.99281917228183 
249.99281917228183 
249.99281917228183 
249.99281917228183 
249.99281917228183 
249.99281917228183 
249.99281917228183 
249.99281917228183 
249.99281917228183 
249.99281917228183 
249.99281917228183 
249.99281917228183 
249.99281917228183 
249.99281917228183 
249.99281917228183 
249.99281917228183 
249.99281917228183 
249.99281917228183 
249.99281917228183 
249.99281917228183 
249.99281917228183 
249.99281917228183 
249.99281917228183 
249.99281917228183 
249.99281917228183 
249.99281917228183 
249.99281917228183 
249.99281917228183 
249.99281917228183 
249.99281917228183 
249.99281917228183 
249.99281917228183 
249.99281917228183 
249.99281917228183 
249.99281917228183 
249.99281917228183 
249.99281917228183 
249.99281917228183 
249.99281917228183 
249.99281917228183 
249.99281917228183 
249.99281917228183 
249.99281917228183 
249.99281917228183 
249.99281917228183 
249.99281917228183 
249.99281917228183 
249.99281917228183 
249.99281917228183 
249.99281917228183 
249.99281917228183 
249.99281917228183 
249.99281917228183 
249.99281917228183 
249.99281917228183 
249.99281917228183 
249.99281917228183 
249.99281917228183 
249.99281917228183 
249.99281917228183 
249.99281917228183 
249.99281917228183 
249.99281917228183 
249.99281917228183 
249.99281917228183 
249.99281917228183 
249.99281917228183 
249.99281917228183 
249.99281917228183 
249.99281917228183 
249.99281917228183 
249.99281917228183 
249.99281917228183 
249.99281917228183 
249.99281917228183 
249.99281917228183 
249.99281917228183 
249.99281917228183 
249.99281917228183 
249.99281917228183 
249.99281917228183 
249.99281917228183 
249.99281917228183 
249.99281917228183 
249.99281917228183 
249.99281917228183 
249.99281917228183 
249.99281917228183 
249.99281917228183 
249.99281917228183 
249.99281917228183 
249.99281917228183 
249.99281917228183 
249.99281917228183 
249.99281917228183 
249.99281917228183 
249.99281917228183 
249.99281917228183 
249.99281917228183 
249.99281917228183 
249.99281917228183 
249.99281917228183 
249.99281917228183 
249.99281917228183 
249.99281917228183 
249.99281917228183 
249.99281917228183 
249.99281917228183 
249.99281917228183 
249.99281917228183 
249.99281917228183 
249.99281917228183 
249.99281917228183 
249.99281917228183 
249.99281917228183 
249.99281917228183 
249.99281917228183 
249.99281917228183 
249.99281917228183 
249.99281917228183 
249.99281917228183 
249.99281917228183 
249.99281917228183 
249.99281917228183 
249.99281917228183 
249.99281917228183 
249.99281917228183 
249.99281917228183 
249.99281917228183 
249.99281917228183 
249.99281917228183 
249.99281917228183 
249.99281917228183 
249.99281917228183 
249.99281917228183 
249.99281917228183 
249.99281917228183 
249.99281917228183 
249.99281917228183 
249.99281917228183 
249.99281917228183 
249.99281917228183 
249.99281917228183 
249.99281917228183 
249.99281917228183 
249.99281917228183 
249.99281917228183 
249.99281917228183 
249.99281917228183 
249.99281917228183 
249.99281917228183 
249.99281917228183 
249.99281917228183 
249.99281917228183 
249.99281917228183 
249.99281917228183 
249.99281917228183 
249.99281917228183 
249.99281917228183 
249.99281917228183 
249.99281917228183 
249.99281917228183 
249.99281917228183 
249.99281917228183 
249.99281917228183 
249.99281917228183 
249.99281917228183 
249.99281917228183 
249.99281917228183 
249.99281917228183 
249.99281917228183 
249.99281917228183 
249.99281917228183 
249.99281917228183 
249.99281917228183 
249.99281917228183 
249.99281917228183 
249.99281917228183 
249.99281917228183 
249.99281917228183 
249.99281917228183 
249.99281917228183 
249.99281917228183 
249.99281917228183 
249.99281917228183 
249.99281917228183 
249.99281917228183 
249.99281917228183 
249.99281917228183 
249.99281917228183 
249.99281917228183 
249.99281917228183 
249.99281917228183 
249.99281917228183 
249.99281917228183 
249.99281917228183 
249.99281917228183 
249.99281917228183 
249.99281917228183 
249.99281917228183 
249.99281917228183 
249.99281917228183 
249.99281917228183 
249.99281917228183 
249.99281917228183 
249.99281917228183 
249.99281917228183 
249.99281917228183 
249.99281917228183 
249.99281917228183 
249.99281917228183 
249.99281917228183 
249.99281917228183 
249.99281917228183 
249.99281917228183 
249.99281917228183 
249.99281917228183 
249.99281917228183 
249.99281917228183 
249.99281917228183 
249.99281917228183 
249.99281917228183 
249.99281917228183 
249.99281917228183 
249.99281917228183 
249.99281917228183 
249.99281917228183 
249.99281917228183 
249.99281917228183 
249.99281917228183 
249.99281917228183 
249.99281917228183 
249.99281917228183 
249.99281917228183 
249.99281917228183 
249.99281917228183 
249.99281917228183 
249.99281917228183 
249.99281917228183 
249.99281917228183 
249.99281917228183 
249.99281917228183 
249.99281917228183 
249.99281917228183 
249.99281917228183 
249.99281917228183 
249.99281917228183 
249.99281917228183 
249.99281917228183 
249.99281917228183 
249.99281917228183 
249.99281917228183 
249.99281917228183 
249.99281917228183 
249.99281917228183 
249.99281917228183 
249.99281917228183 
249.99281917228183 
249.99281917228183 
249.99281917228183 
249.99281917228183 
249.99281917228183 
249.99281917228183 
249.99281917228183 
249.99281917228183 
249.99281917228183 
249.99281917228183 
249.99281917228183 
249.99281917228183 
249.99281917228183 
249.99281917228183 
249.99281917228183 
249.99281917228183 
249.99281917228183 
249.99281917228183 
249.99281917228183 
249.99281917228183 
249.99281917228183 
249.99281917228183 
249.99281917228183 
249.99281917228183 
249.99281917228183 
249.99281917228183 
249.99281917228183 
249.99281917228183 
249.99281917228183 
249.99281917228183 
249.99281917228183 
249.99281917228183 
249.99281917228183 
249.99281917228183 
249.99281917228183 
249.99281917228183 
249.99281917228183 
249.99281917228183 
249.99281917228183 
249.99281917228183 
249.99281917228183 
249.99281917228183 
249.99281917228183 
249.99281917228183 
249.99281917228183 
249.99281917228183 
249.99281917228183 
249.99281917228183 
249.99281917228183 
249.99281917228183 
249.99281917228183 
249.99281917228183 
249.99281917228183 
249.99281917228183 
249.99281917228183 
249.99281917228183 
249.99281917228183 
249.99281917228183 
249.99281917228183 
249.99281917228183 
249.99281917228183 
249.99281917228183 
249.99281917228183 
249.99281917228183 
249.99281917228183 
249.99281917228183 
249.99281917228183 
249.99281917228183 
249.99281917228183 
249.99281917228183 
249.99281917228183 
249.99281917228183 
249.99281917228183 
249.99281917228183 
249.99281917228183 
249.99281917228183 
249.99281917228183 
249.99281917228183 
249.99281917228183 
249.99281917228183 
249.99281917228183 
249.99281917228183 
249.99281917228183 
249.99281917228183 
249.99281917228183 
249.99281917228183 
249.99281917228183 
249.99281917228183 
249.99281917228183 
249.99281917228183 
249.99281917228183 
249.99281917228183 
249.99281917228183 
249.99281917228183 
249.99281917228183 
249.99281917228183 
249.99281917228183 
249.99281917228183 
249.99281917228183 
249.99281917228183 
249.99281917228183 
249.99281917228183 
249.99281917228183 
249.99281917228183 
249.99281917228183 
249.99281917228183 
249.99281917228183 
249.99281917228183 
249.99281917228183 
249.99281917228183 
249.99281917228183 
249.99281917228183 
249.99281917228183 
249.99281917228183 
249.99281917228183 
249.99281917228183 
249.99281917228183 
249.99281917228183 
249.99281917228183 
249.99281917228183 
249.99281917228183 
249.99281917228183 
249.99281917228183 
249.99281917228183 
249.99281917228183 
249.99281917228183 
249.99281917228183 
249.99281917228183 
249.99281917228183 
249.99281917228183 
249.99281917228183 
249.99281917228183 
249.99281917228183 
249.99281917228183 
249.99281917228183 
249.99281917228183 
249.99281917228183 
249.99281917228183 
249.99281917228183 
249.99281917228183 
249.99281917228183 
249.99281917228183 
249.99281917228183 
249.99281917228183 
249.99281917228183 
249.99281917228183 
249.99281917228183 
249.99281917228183 
249.99281917228183 
249.99281917228183 
249.99281917228183 
249.99281917228183 
249.99281917228183 
249.99281917228183 
249.99281917228183 
249.99281917228183 
249.99281917228183 
249.99281917228183 
249.99281917228183 
249.99281917228183 
249.99281917228183 
249.99281917228183 
249.99281917228183 
249.99281917228183 
249.99281917228183 
