0,1
998.2562189054727 
997.3110131525359 
991.9793927633102 
995.873523345874 
1000.6662994474908 
997.3712658776292 
997.3712658776292 
999.4681054220865 
997.3712658776292 
997.3712658776292 
998.8690084093845 
1022.2337919047665 
1049.7922544890632 
1044.6999298810954 
1059.0782581859457 
1062.6728402621584 
1054.5850305906802 
1052.7877395525738 
1041.1053478048827 
1043.8012843620422 
1046.4972209192017 
1053.087288058925 
1054.285482084329 
1046.1976724128506 
1049.1931574763612 
1055.1841276033822 
1058.1796126668928 
1073.7561349971475 
1082.742590187679 
1086.3371722638917 
1089.033108821051 
1088.7335603146998 
1076.4520715543067 
1071.9588439590411 
1070.7606499336368 
1084.5398812257854 
1095.323627454423 
1095.623175960774 
1098.3191125179337 
1095.0240789480722 
1101.015049075093 
1103.1118886195504 
1103.4114371259016 
1095.9227244671251 
1085.1389782384872 
1091.4294968718596 
1089.9317543401041 
1095.0240789480722 
1090.2313028464553 
1084.2403327194343 
1080.3462021368705 
1094.724530441721 
1111.1996982910289 
1109.1028587465714 
1109.4024072529226 
1115.0938288735924 
1154.3346832055804 
1169.3121085231328 
1179.1972092327176 
1167.5148174850265 
1162.4224928770586 
1170.2107540421862 
1170.510302548537 
1165.1184294342181 
1154.9337802182824 
1163.620686902463 
1164.8188809278672 
1169.3121085231328 
1165.1184294342181 
1165.1184294342181 
1165.1184294342181 
1180.0958547517707 
1202.8615412344507 
1249.8906567315657 
1261.8725969856077 
1279.845507366671 
1273.85453723965 
1512.295148295087 
1773.201897326853 
1633.612293367263 
1608.4502188337747 
1538.9549653603306 
1652.1843007610282 
1522.1802490046719 
1443.6985403406961 
1544.9459354873516 
1542.5495474365432 
1609.0493158464767 
1598.864666630541 
1610.247509871881 
1707.9003229423238 
1755.828083958492 
1668.9590171166872 
1667.7608230912829 
1716.2876811201531 
1721.08045722177 
1660.5716589388576 
1641.9996515450923 
1676.7472782818145 
1631.2159053164546 
1595.8691815670304 
1615.0402859734977 
1589.2791144273074 
1505.405532649013 
1471.856099937695 
1517.8391920506324 
1516.095410956105 
1515.5167643763575 
1530.046843450968 
1535.1988425045247 
1527.5259001321897 
1508.172853533374 
1484.3176832221484 
1481.5913780437224 
1484.9992595167548 
1451.6020210810384 
1420.931087823748 
1422.294240412961 
1452.9651736702515 
1434.5626137158772 
1567.4699911641358 
1589.9620088861486 
1729.685149280472 
1729.0035729858655 
1716.0536233883429 
1615.861908081194 
1596.0961955376067 
1611.7724503135553 
1607.00141625131 
1575.6489066994131 
1585.1909748239036 
1636.990773213994 
1639.7170783924198 
1643.1249598654522 
1610.4092977243424 
1626.7671287948972 
1645.851265043878 
1620.632942143439 
1590.6435851807553 
1598.1409244214262 
1606.3198399567036 
1603.593534778278 
1643.1249598654522 
1633.5828917409617 
1636.990773213994 
1651.3038754007296 
1668.343282765891 
1606.3198399567036 
1595.4146192430003 
1596.7777718322134 
1606.3198399567036 
1568.1515674587422 
1477.5019202760836 
1502.038666881916 
1497.9492091142774 
1491.133446168213 
1497.9492091142774 
1502.7202431765224 
1495.2229039358515 
1492.4965987574258 
1488.407140989787 
1495.904480230458 
1444.7862581349739 
1467.9598521515934 
1448.1941396080063 
1474.0940388030515 
1500.6755142927032 
1529.9832949607808 
1504.0833957657355 
1532.0280238446 
1534.754329023026 
1504.764972060342 
1489.0887172843934 
1482.2729543383289 
1480.2282254545096 
1480.2282254545096 
1482.9545306329353 
1497.267632819671 
1475.4571913922643 
1472.0493099192322 
1475.4571913922643 
1497.267632819671 
1512.262311301013 
1524.530684603929 
1527.9385660769615 
1547.7042786205486 
1555.883194155826 
1547.7042786205486 
1549.0674312097615 
1557.9279230396453 
1575.6489066994131 
1647.8959939276974 
1638.353925803207 
1647.214417633091 
1639.0355020978134 
1584.5093985292972 
1605.6382636620972 
1621.9960947326522 
1632.2197391517489 
1620.632942143439 
1594.7330429483939 
1566.7884148695293 
1580.4199407616584 
1603.593534778278 
1599.504077010639 
1609.727721429736 
1619.2697895542262 
1675.1590457119555 
1686.7458427202653 
1714.0088945045234 
1696.2879108447557 
1669.0248590604974 
1551.1121600935808 
1532.0280238446 
1509.5360061225872 
1529.9832949607808 
1474.775615097658 
1415.4784774668965 
1407.9811382262253 
1422.294240412961 
1423.6573930021739 
1407.2995619316189 
1412.0705959938641 
1451.6020210810384 
1436.6073425996965 
1434.5626137158772 
1380.0365101473608 
1411.0482315519544 
1359.9300094564703 
1318.6946436327798 
1325.5104065788444 
1314.264397717838 
1325.5104065788444 
1339.1419324709734 
1334.030110261425 
1340.1642969128832 
1377.6509931162382 
1378.673357558148 
1355.4997635415284 
1381.740450883877 
1378.3325694108446 
1394.6904004813996 
1385.8299086515156 
1350.38794133198 
1418.8863589399286 
1420.5902996764448 
1420.5902996764448 
1403.8916804585867 
1411.3890196992577 
1406.9587737843158 
1425.7021218859932 
1427.065274475206 
1422.6350285602641 
1440.356012220032 
1436.9481307469996 
1449.557292197219 
1477.5019202760836 
1454.6691144067674 
1444.7862581349739 
1414.7969011722898 
1411.3890196992577 
1397.7574938071286 
1389.9193664191544 
1419.9087233818384 
1405.2548330477996 
1410.0258671100448 
1402.1877397220705 
1403.2101041639803 
1399.1206463963415 
1397.0759175125222 
1382.08123903118 
1399.1206463963415 
1382.7628153257865 
1379.6957220000575 
1324.4880421369346 
1340.5050850601863 
1347.320848006251 
1343.9129665332187 
1348.0024243008575 
1334.030110261425 
1351.751093921193 
1370.1536538755672 
1367.0865605498382 
1352.7734583631025 
1362.315526487593 
1388.2154256826382 
1389.9193664191544 
1378.673357558148 
1386.511484946122 
1460.121724763619 
1448.8757159026127 
1409.6850789627415 
1423.998181149477 
1427.065274475206 
1432.858672979361 
1435.92576630509 
1413.7745367303803 
1395.371976776006 
1385.1483323569091 
1430.4731559482384 
1426.724486327903 
1428.0876389171158 
1434.9034018631803 
1469.6637928881096 
1451.2612329337353 
1446.49019887149 
1425.7021218859932 
1437.288918894303 
1419.567935234535 
1411.0482315519544 
1395.7127649233091 
1400.8245871328577 
1370.8352301701736 
1358.9076450145606 
1356.5221279834382 
1322.7841014004186 
1333.6893221141218 
1323.465677695025 
1326.1919828734508 
1337.7787798817606 
1330.963016935696 
1329.2590761991798 
1363.6786790768058 
1357.5444924253477 
1372.879959053993 
1366.7457724025348 
1361.9747383402896 
1358.2260687199541 
1362.6563146348963 
1346.9933824519157 
1344.053260752181 
1345.5992363674918 
1345.1124888937497 
1344.1206511613125 
1340.6254280294659 
1350.3140223596251 
1350.3140223596251 
1357.814869582974 
1331.2493690002796 
1332.812045505144 
1338.7502162236285 
1337.1875397187641 
1324.686127679849 
1325.6237335827677 
1306.871615524395 
1308.1217567282865 
1304.371333116612 
1296.8704858932629 
1319.998098165256 
1312.184715640934 
1313.1223215438526 
1298.4331623981273 
1294.6827387864528 
1337.1875397187641 
1330.6242983983338 
1367.8159992141063 
1353.439375369354 
1367.8159992141063 
1332.812045505144 
1325.3111982817948 
1339.3752868255744 
1339.3752868255744 
1302.8086566117477 
1311.872180339961 
1315.3100686506627 
1383.1302289617774 
1356.2521930781097 
1352.8143047674082 
1340.0003574275202 
1361.8778284956215 
1355.627122476164 
1369.6912110199435 
1373.4416346316182 
1367.8159992141063 
1329.0616218934695 
1337.500075019737 
1339.3752868255744 
1339.3752868255744 
1326.5613394856864 
1307.8092214273136 
1288.744568067968 
1252.4904731551142 
1241.5517376210635 
1195.2965130770774 
1173.419042008976 
1183.107636339135 
1157.1672063583862 
1119.037899639695 
1123.4133938533155 
1148.7287532321186 
1155.9170651544948 
1169.3560830963286 
1167.1683359895185 
1145.6034002223898 
1155.6045298535219 
1138.7276236009864 
1106.223952299807 
1127.7888880669357 
1134.664664688339 
1137.790017698068 
1135.2897352902849 
1144.0407237175255 
1159.0424181642236 
1183.107636339135 
1183.732706941081 
1177.1694656206505 
1150.291429736983 
1139.977764804878 
1144.6657943194712 
1148.103682630173 
1146.8535414262813 
1152.791712144766 
1154.3543886496304 
1151.8541062418474 
1153.4167827467118 
1175.919324416759 
1160.292559368115 
1142.7905825136338 
1137.477482397095 
1131.5393116786101 
1137.790017698068 
1142.7905825136338 
1153.7293180476845 
1149.6663591350373 
1136.5398764941763 
1124.663535057207 
1098.410569775485 
1086.8467636394885 
1074.0328162996007 
1043.0918215032857 
1053.0929511344177 
1061.2188689597126 
1034.0282977750721 
1047.467315716906 
1053.7180217363634 
1006.212655988486 
989.3357497359506 
1004.3374441826487 
997.7742028622183 
993.398708648598 
992.4611027456793 
991.5234968427607 
990.5858909398421 
988.085608532059 
1001.2120911729199 
1013.7135032118351 
1016.8388562215639 
1009.9630796001605 
1012.1508267069707 
1014.026038512808 
1020.9018151342112 
1053.4054864353907 
1074.3453516005734 
1079.0333811151668 
1072.1576044937633 
1087.4718342414344 
1085.596622435597 
1079.3459164161395 
1076.8456340083567 
1080.908592921004 
1087.1592989404617 
1076.2205634064107 
1065.594363173333 
1058.7185865519295 
1054.3430923383094 
1063.7191513674957 
1069.3447867850073 
1079.6584517171123 
1074.0328162996007 
1070.594927988899 
1052.7804158334447 
1032.4656212702077 
1114.0373348241292 
1125.9136762610983 
1134.3521293873662 
1138.7276236009864 
1124.350999756234 
1110.9119818144004 
1134.664664688339 
1122.7883232513695 
1119.350434940668 
1124.663535057207 
1107.1615582027257 
1115.2874760280206 
1125.9136762610983 
1130.6017057756917 
1121.2256467465052 
1127.7888880669357 
1138.7276236009864 
1137.790017698068 
1143.4156531155795 
1139.3526942029323 
1127.7888880669357 
1128.4139586688814 
1129.3515645718 
1117.1140982118075 
1115.4237910286365 
1114.3629891806465 
1114.892688845432 
1113.6027085484352 
1118.4377455287026 
1126.5968704329043 
1126.2946806216378 
1119.0421251512362 
1120.2508843963033 
1105.1413938329667 
1110.278620624501 
1118.135555717436 
1125.0859213765707 
1128.7121991117715 
1123.574972320237 
1122.9705926977035 
1121.45964364137 
1125.6903009991042 
1129.316578734305 
1124.4815417540372 
1112.696139114635 
1112.9983289259017 
1112.3939493033681 
1109.0698613794343 
1113.6027085484352 
1122.0640232639034 
1116.3224168498357 
1109.6742410019676 
1112.0917594921016 
1113.9048983597017 
1095.4713198724314 
1080.0596394978284 
1088.21876440203 
1091.2406625146973 
1084.5924866668292 
1080.9662089316284 
1085.4990561006293 
1079.7574496865614 
1079.153070064028 
1134.4538055258395 
1129.316578734305 
1122.0640232639034 
1119.344314962503 
1116.3224168498357 
1108.163291945634 
1099.097597607632 
1101.2129262864992 
1101.515116097766 
1074.620222895027 
1072.50489421616 
1074.620222895027 
1074.620222895027 
1074.620222895027 
1074.620222895027 
1076.735551573894 
1096.982268928765 
1086.7078153456962 
1096.982268928765 
1096.0756994949647 
1075.5267923288272 
1074.620222895027 
1069.180806292226 
1075.828982140094 
1074.620222895027 
1085.1968662893626 
1074.620222895027 
1060.1151119542242 
1054.3735055401562 
1057.999783275357 
1053.7691259176227 
1060.7194915767577 
1063.439199878158 
1061.6260610105578 
1072.8070840274268 
1080.6640191203617 
1091.5428523259638 
1092.1472319484974 
1074.620222895027 
1069.180806292226 
1062.8348202556247 
1070.9939451598264 
1082.477157987962 
1073.1092738386933 
1129.316578734305 
1143.2173100525745 
1138.6844628835736 
1136.2669443934396 
1149.8654859004425 
1153.1895738243766 
1149.261106277909 
1140.497601751174 
1134.1516157145725 
1136.8713240159732 
1147.7501572215754 
1139.5910323173737 
1131.4319074131722 
1134.4538055258395 
1142.612930430041 
1160.442129294778 
1168.2990643877129 
1158.326800615911 
1155.909282125777 
1193.9851983453848 
1269.2304613508004 
1253.5165911649303 
1274.3676881423346 
1262.884475314199 
1252.3078319198635 
1256.8406790888644 
1252.6100217311302 
1246.264035694529 
1227.8304572072584 
1228.434836829792 
1211.5122073988553 
1206.6771704185876 
1227.226077584725 
1234.4786330551265 
1221.1822813593906 
1218.7647628692566 
1232.9676839987928 
1208.7924990974545 
1203.3530824946536 
1199.1224251369192 
1152.585194201843 
1148.6567266553757 
1132.0362870357055 
1129.9209583568386 
1130.525337979372 
1118.135555717436 
1118.4377455287026 
1103.3282549653663 
1103.9326345878999 
1100.0041670414323 
1100.6085466639656 
1116.3224168498357 
1132.3384768469723 
1132.9428564695058 
1132.0362870357055 
1123.574972320237 
1115.4158474160354 
1101.515116097766 
1108.7676715681673 
1115.7180372273021 
1117.5311760949025 
1172.5297217454472 
1177.6669485369816 
1176.7603791031813 
1199.424614948186 
1190.3589206101842 
1191.8698696665178 
1176.155999480648 
1170.7165828778468 
1167.3924949539128 
1177.062568914448 
1174.0406708017808 
1174.947240235581 
1175.2494300468477 
1174.947240235581 
1169.50782363278 
1176.7603791031813 
1178.8757077820485 
1166.7881153313792 
1176.155999480648 
1201.84213343832 
1204.2596519284536 
1204.2596519284536 
1186.1282632524499 
1181.595416083449 
1186.4304530637166 
1188.8479715538506 
1191.2654900439843 
1168.6712163516754 
1165.0361897303958 
1163.5754077472511 
1163.528656551323 
1147.167333181846 
1153.9756775932137 
1153.9756775932137 
1157.3798497988973 
1170.7128576044925 
1160.2166599703005 
1167.3086853988086 
1173.8333487930358 
1172.6986247244745 
1174.1170298101763 
1174.4007108273165 
1172.131262690194 
1182.6274603243858 
1199.0809593185243 
1200.2156833870856 
1199.9320023699452 
1197.6625542328227 
1192.2726149071566 
1191.1378908385952 
1199.648321352805 
1191.4215718557357 
1175.2517538787374 
1182.060098290105 
1183.4785033758067 
1178.9396071015617 
1173.8333487930358 
1143.4794799590218 
1142.9121179247413 
1135.2527304619525 
1124.4728518106203 
1121.0686796049367 
1103.1967755250967 
1110.5724819707448 
1111.423525022166 
1112.2745680735868 
1104.331499593658 
1105.7499046793596 
1105.7499046793596 
1104.6151806107982 
1111.9908870564464 
1109.721438919324 
1105.7499046793596 
1099.5089223022724 
1101.4946894222549 
1100.0762843365533 
1106.8846287479207 
1073.977630759644 
1079.9349321195905 
1078.2328460167487 
1081.0696561881518 
1078.516527033889 
1107.1683097650612 
1102.629413490816 
1090.147448736642 
1095.8210690794483 
1089.0127246680809 
1084.1901473766952 
1073.6939497425035 
1075.3960358453455 
1078.2328460167487 
1072.5592256739424 
1062.0630280397504 
1056.1057266798039 
1049.2973822684362 
1053.2689165084007 
1059.2262178683472 
1066.8856053311358 
1062.630390074031 
1055.538364645523 
1055.538364645523 
1067.1692863482763 
1054.1199595598214 
1054.9710026112425 
1056.9567697312245 
1058.942536851207 
1047.5952961655942 
1053.8362785426812 
1050.999468371278 
1056.1057266798039 
1065.7508812625747 
1073.977630759644 
1080.2186131367307 
1102.3457324736755 
1123.0544467249188 
1112.8419301078675 
1112.2745680735868 
1117.0971453649722 
1171.280219638773 
1163.337151158844 
1166.7191962451911 
1164.9754151506638 
1164.9335010041784 
1159.9388906317754 
1149.7058568226676 
1146.0146413174766 
1161.0634429924858 
1287.1326494774669 
1301.8975114982304 
1291.3917442911486 
1311.5514597425758 
1291.675683945394 
1287.1326494774669 
1275.2071839991577 
1274.3553650364215 
1281.7377960468032 
1292.8114425623758 
1294.5150804878485 
1268.3926322972668 
1255.6153478562214 
1265.5532357548122 
1272.6517271109487 
1281.7377960468032 
1276.626882270385 
1273.7874857279305 
1305.5887270034211 
1280.318097775576 
1264.133537483585 
1262.145959903867 
1258.1708047444306 
1257.8868650901852 
1242.5541237609307 
1233.4680548250763 
1211.0368221396855 
1221.8265290010127 
1192.2968049594856 
1205.074089400531 
1194.5683221934491 
1188.6055894542947 
1200.3994831948821 
1196.6449937374077 
1192.8869922468848 
1196.8060479228138 
1197.8868139962372 
1200.5710756932735 
1197.3499616568297 
1200.30264952357 
1215.0660888572704 
1207.5501561055685 
1206.4764514267538 
1193.8604214506825 
1198.1552401659408 
1193.5919952809788 
1152.522791316321 
1150.912234298099 
1139.638335170546 
1115.479979897218 
1109.5746041637376 
986.9038446091716 
962.4770631661398 
968.9192912390274 
934.0238891775534 
938.5871340625154 
944.7609359656992 
936.7081508745899 
942.3451004383664 
928.6553657834805 
990.1249586456154 
860.4751186787545 
879.5333767277134 
851.6170550785342 
865.3067897334201 
861.0119710181618 
880.0702290671206 
915.2340572982982 
949.5926070203649 
923.8236947288149 
922.4815638802967 
932.1449059896279 
956.8401136023633 
945.8346406445138 
939.3924125716263 
962.4770631661398 
956.5716874326597 
949.8610331900685 
957.9138182811779 
945.8346406445138 
936.9765770442935 
947.4451976627357 
934.5607415169607 
920.6025806923711 
923.8236947288149 
929.7290704622951 
945.5662144748102 
939.3924125716263 
917.1130404862238 
908.7918292254108 
915.5024834680019 
901.5443226434123 
893.7599637220065 
860.4751186787545 
899.1284871160794 
883.2913431035644 
836.8536157448336 
766.7943854521822 
760.8890097187019 
717.4039702267113 
733.5095404089301 
740.7570469909285 
741.2938993303358 
750.6888152699635 
753.3730769669999 
741.5623255000395 
747.199275063816 
670.4293905285733 
657.9744162543242 
651.1027063099109 
670.6441314643363 
672.3620589504396 
672.1473180146767 
698.6678235813969 
699.3120463886856 
703.1773832324182 
694.695116269783 
690.2929270866432 
689.8634452151173 
718.7461010752296 
717.5650259285335 
727.0136271021019 
716.0618393781931 
723.1482902583693 
725.40307008388 
720.464028561333 
705.1100516542843 
707.4722019476765 
704.6805697827585 
710.6933159841202 
733.0263733034635 
717.3502849927706 
699.9562691959743 
711.9817615986977 
716.2765803139561 
701.3520852784334 
705.9690153973361 
706.5058677367433 
687.7160358574881 
692.118225040628 
701.7815671499592 
692.9771887836796 
686.6423311786735 
700.0636396638558 
715.6323575066673 
706.1837563330989 
709.726981773187 
717.3502849927706 
717.3502849927706 
717.1355440570077 
729.375777395494 
717.3502849927706 
721.5377332401475 
710.4785750483572 
713.2702072132752 
715.4176165709043 
712.3038730023421 
721.9672151116733 
723.0409197904879 
736.3548578077888 
748.380350210512 
744.7297543025425 
734.2074484501595 
727.6578499093906 
717.3502849927706 
751.6014642469559 
760.4058426132353 
751.7088347148373 
767.7070344291745 
763.1974747781533 
756.111023897977 
765.452254603664 
756.0036534300956 
745.6960885134756 
737.8580443581292 
734.4221893859225 
740.1128241836398 
729.0536659918496 
738.287526229655 
734.4221893859225 
752.5677984578889 
744.4076428988981 
743.8707905594908 
748.8098320820379 
740.4349355872841 
745.803458981357 
749.3466844214452 
745.0518657061868 
774.0418920341806 
772.8608168874846 
764.3785499248494 
744.0855314952537 
746.8771636601716 
750.8498709717855 
754.2857259439922 
749.9909072287339 
742.9044563485577 
742.7970858806763 
742.9044563485577 
746.01819991712 
750.2056481644969 
750.8498709717855 
742.6897154127947 
740.9717879266915 
745.3739771098312 
737.4285624866034 
745.2666066419498 
740.0054537157583 
739.8980832478769 
738.502267165418 
742.9044563485577 
738.287526229655 
742.9044563485577 
731.8452981567675 
731.3084458173602 
730.9863344137158 
744.622383834661 
742.9044563485577 
749.3466844214452 
734.8516712574483 
734.314818918041 
730.55685254219 
732.7042618998191 
721.645103708029 
715.09550516726 
721.0232139580595 
719.2794328635321 
715.2779633135922 
716.7212535906483 
708.8862492294866 
704.8656548862589 
710.4326316691895 
708.8862492294866 
709.9171708559552 
709.6078943680146 
712.4944749221268 
711.1542768077176 
709.9171708559552 
704.3501940730246 
695.9997288986286 
695.6904524106881 
698.5770329648003 
692.8038718565758 
688.3709088627608 
690.5207928225984 
688.7770117280711 
685.4077271338347 
690.4089985607842 
694.2143137769415 
695.1928234039533 
693.5619740256002 
690.6264451445646 
692.4747411066982 
690.4089985607842 
692.5834643985884 
699.215585203891 
702.1511140849266 
700.1940948309029 
701.4987743335853 
706.8262156362056 
707.4785553875467 
718.6770544522382 
718.1334379927871 
717.0462050738851 
712.4798268144963 
715.415355695532 
709.7617445172411 
711.0664240199236 
714.43684606852 
711.7187637712649 
714.9804625279711 
712.9147199820571 
713.8932296090691 
705.0866429659623 
705.6302594254132 
712.4798268144963 
710.8489774361432 
710.8489774361432 
710.196637684802 
717.2636516576655 
716.6113119063242 
713.5670597333984 
710.196637684802 
710.8489774361432 
707.1523855118761 
694.7579302363924 
688.0170861391996 
692.5834643985884 
689.3217656418822 
678.1232665771907 
676.7098637826181 
674.5353979448139 
670.2951895610959 
675.8400774474965 
674.9702911123748 
672.4696553988999 
674.3179513610335 
674.9702911123748 
663.6630687557931 
656.3786081991493 
653.9866957775647 
651.1598901884192 
651.1598901884192 
654.0954190694549 
654.3128656532353 
669.6428498097546 
676.8185870745083 
674.3179513610335 
659.5315836639653 
659.0966904964044 
661.7060495017695 
656.269884907259 
661.9234960855499 
650.3988271451879 
644.4190460912264 
645.6150023020188 
642.4620268372028 
638.7654349129357 
635.6124594481196 
638.0043718697042 
637.352032118363 
642.2445802534223 
643.8754296317754 
649.2028709343956 
649.5290408100661 
649.420317518176 
644.5277693831167 
635.286289572449 
631.4809743562918 
624.7401302590989 
624.3052370915381 
622.3482178375143 
629.7414016860484 
635.1775662805588 
633.4379936103155 
638.0043718697042 
643.7667063398852 
640.8311774588497 
638.7654349129357 
643.4405364642146 
646.9196818047012 
645.3975557182383 
644.8539392587872 
641.2660706264105 
639.6352212480573 
637.4607554102531 
635.0688429886686 
632.676930567084 
639.3090513723866 
640.0701144156181 
641.8096870858615 
642.5707501290929 
645.9411721776894 
644.6364926750068 
643.3318131723244 
646.0498954695795 
652.4645696911018 
660.2926467071968 
660.6188165828673 
654.3128656532353 
650.1813805614074 
646.5935119290306 
651.3773367721997 
645.8324488857991 
648.2243613073838 
644.3103227993363 
644.0928762155559 
643.2230898804341 
642.0271336696419 
638.439265037265 
639.8526678318377 
643.4405364642146 
636.3735224913511 
630.7199113130603 
629.8501249779387 
635.8299060319 
640.0701144156181 
645.1801091344579 
652.1383998154312 
661.488602917989 
666.0549811773777 
663.1194522963422 
663.010729004452 
667.4683839719504 
706.1738758848643 
714.1106761928494 
706.9349389280958 
708.130895138888 
704.1081333389503 
696.606226198526 
695.6277165715142 
693.996867193161 
686.8211299284073 
688.23453272298 
691.2787848959058 
689.213042349992 
685.081557258164 
682.2547516690187 
678.1232665771907 
680.0802858312145 
678.231989869081 
675.4051842799356 
680.7326255825558 
681.2762420420067 
679.5366693717635 
675.079014404265 
679.4279460798732 
679.4279460798732 
674.5353979448139 
681.384965333897 
681.4936886257872 
687.7996395554192 
685.4077271338347 
685.5164504257249 
682.9070914203598 
680.9500721663362 
677.0360336582887 
677.0360336582887 
674.3179513610335 
678.775606328532 
675.9488007393866 
675.2964609880454 
676.9273103663985 
675.8400774474965 
659.5315836639653 
659.966476831526 
658.2269041612828 
659.857753539636 
657.0309479504905 
656.269884907259 
653.0081861505528 
653.3343560262235 
657.1396712423807 
655.4000985721374 
656.3786081991493 
644.6364926750068 
637.0258622426924 
634.6339498211078 
634.3077799454372 
630.0675715617191 
631.589697648182 
630.7199113130603 
635.9386293237903 
633.9816100697665 
632.5682072751938 
633.3292703184253 
637.895648577814 
645.9411721776894 
651.9209532316507 
663.2281755882323 
662.03221937744 
665.1851948422561 
680.9500721663362 
673.5568883178021 
670.403912852986 
667.6858305557308 
659.5315836639653 
651.9209532316507 
656.1611616153689 
653.5518026100038 
652.029676523541 
648.0069147236034 
644.6364926750068 
649.5290408100661 
650.1813805614074 
652.7907395667723 
652.3558463992116 
646.2673420533599 
645.9411721776894 
643.4405364642146 
652.4645696911018 
652.4645696911018 
649.963933977627 
647.3545749722621 
646.810958512811 
649.0941476425054 
646.2673420533599 
645.8324488857991 
634.742673112998 
635.8299060319 
647.7894681398229 
646.5935119290306 
643.5492597561048 
632.2420373995233 
632.1333141076329 
631.8071442319624 
630.6111880211702 
626.4797029293422 
628.8716153509267 
628.6541687671463 
625.28374671855 
631.4809743562918 
636.5909690751315 
639.9613911237279 
637.1345855345826 
637.895648577814 
638.6567116210455 
639.9613911237279 
631.8071442319624 
617.0207765348941 
615.0637572808705 
612.7805681511761 
613.1067380268466 
612.1282283998348 
616.8033299511137 
620.608645167271 
619.9563054159298 
617.2382231186746 
616.1509901997725 
615.7160970322117 
613.9765243619684 
616.8033299511137 
618.7603492051375 
619.7388588321494 
613.3241846106271 
612.0195051079446 
613.8678010700781 
616.912053243004 
615.7160970322117 
631.2635277725113 
629.7414016860484 
626.4797029293422 
624.0877905077576 
640.6137308750692 
632.8943771508644 
635.286289572449 
637.7869252859239 
637.2433088264727 
621.8046013780634 
619.7388588321494 
626.9145960969031 
624.8488535509891 
621.2609849186123 
623.6528973401969 
624.9575768428792 
622.5656644212947 
622.674387713185 
618.1080094537963 
620.3911985834907 
619.9563054159298 
634.9601196967784 
635.8299060319 
635.7211827400099 
637.5694787021434 
635.9386293237903 
629.4152318103778 
631.589697648182 
620.608645167271 
626.4797029293422 
626.370979637452 
629.523955102268 
626.5884262212325 
635.8299060319 
671.8173156475588 
664.5328550909148 
658.879243912624 
656.4873314910394 
655.2913752802472 
657.0309479504905 
656.7047780748198 
655.2913752802472 
643.2230898804341 
645.9411721776894 
650.5075504370781 
643.2845503244519 
640.3124227377477 
640.1990609751322 
637.9008665245111 
637.3312946294432 
636.1598437320731 
632.6454910399632 
631.7083303220672 
630.4197343349603 
629.4825736170642 
630.6540245144342 
632.1769106810152 
630.4197343349603 
632.2940557707523 
629.3654285273273 
630.4197343349603 
631.8254754118043 
630.4197343349603 
630.6540245144342 
634.5198124757552 
627.9262246661161 
626.0128755968748 
629.4053917621969 
629.970811123084 
628.6138046569552 
624.7689530029234 
622.2811078150204 
616.2876625896179 
616.3900887922589 
614.5294658851878 
624.9308305571469 
605.8811402028848 
607.4004406605867 
607.751048458518 
607.5173099265637 
601.089500297825 
606.4654865327702 
607.751048458518 
607.751048458518 
607.1667021286326 
603.6606241493205 
605.1799246070224 
605.8811402028848 
607.751048458518 
607.751048458518 
606.5823557987471 
607.751048458518 
611.8414727677152 
610.4390415759905 
618.269282396454 
618.1524131304769 
614.5294658851878 
612.1920805656465 
618.0355438644999 
621.3078833118577 
617.3343282686375 
620.7235369819725 
628.0863007385277 
633.4622869734728 
647.252860358767 
640.591312198074 
640.2407044001428 
651.4601539339413 
649.5902456783083 
665.7182043831436 
695.519867207296 
686.2871951951076 
683.3654635456809 
676.2364383210797 
682.6642479498186 
686.0534566631535 
693.1824818877546 
693.4162204197088 
692.130658493961 
704.5188006875302 
704.5188006875302 
704.5188006875302 
709.8947869224754 
724.2697066376547 
710.946610316269 
707.3236630709798 
720.9973671902968 
746.0073901093893 
749.5134680887014 
748.9291217588161 
732.1583820911069 
722.107625217079 
718.0756355408702 
722.5751022809873 
719.8871091635147 
717.6665931099504 
716.6732043491453 
713.8683419656957 
702.6488924318971 
705.1615816504041 
706.6224474751175 
698.4415988567227 
689.5595346424656 
697.0391676649979 
704.3434967885646 
707.7911401348881 
699.9608993144246 
702.5904577989086 
709.9532215554639 
720.3545862274229 
734.0282903467399 
725.0877914994942 
722.2829291160446 
723.9190988397236 
710.186960087418 
718.835285769721 
721.6401481531707 
717.1991160460421 
735.4891561714533 
742.4810021009139 
739.1195760382658 
735.7973969844843 
734.8996562832999 
733.3419133070528 
734.7366778355793 
728.3440070798326 
729.622541230982 
729.1576197214731 
729.7387716083592 
728.8089285893415 
741.2455789687033 
742.8728042519842 
773.325163124814 
772.8602416153052 
778.206838974657 
786.5754261458163 
778.206838974657 
777.0019019096504 
762.3231253901386 
766.637224995206 
764.8934439006787 
765.8121657251285 
763.7557260323044 
758.6886791449338 
758.9129951114105 
758.9129951114105 
746.5026950339204 
745.3207616932071 
725.5233782362588 
729.0691782583988 
731.1375616046471 
749.1620450505254 
744.7297950228505 
762.7542784687288 
802.9400120529822 
783.4381119312121 
791.4161619810271 
836.3296289281338 
919.9514127836022 
905.4727293598639 
895.4262959638005 
964.5693963955306 
957.773279686429 
923.2017294705639 
922.3152794650289 
914.3372294152139 
886.2663125732722 
861.7411957534705 
859.6728124072222 
858.1953957313306 
886.5617959084506 
882.4250292159538 
913.450779409679 
900.1540293266539 
893.6533959527305 
870.9011791439989 
897.4946793100489 
898.6766126507622 
885.3798625677372 
886.2663125732722 
899.8585459914756 
903.4043460136155 
892.1759792768389 
881.5385792104189 
875.0379458364955 
869.4237624681072 
812.0999954435105 
802.3490453826255 
793.1890619920972 
797.6213120197722 
802.9400120529822 
807.6677454158355 
808.5541954213705 
817.4186954767205 
804.4174287288738 
794.9619620031672 
813.2819287842239 
820.6690121636822 
820.0780454933255 
837.8070456040256 
848.4444456704455 
845.1941289834839 
832.1928622356372 
845.1941289834839 
837.2160789336689 
820.9644954988605 
853.4676623684772 
837.8070456040256 
853.1721790332989 
872.0831124847122 
911.6778793986089 
940.5769020954154 
942.9953131683096 
933.252939826018 
932.9728213926429 
939.5885254776065 
938.3633950915021 
937.3832907826186 
939.3434994003856 
985.4084019179091 
981.2429586051543 
1036.3738259798502 
1029.5130958176655 
1051.0753906131022 
1068.472242095784 
1115.517248922191 
1070.9225028679925 
1055.7308860802987 
1045.4397908370222 
1024.3675481960274 
964.3361592769143 
970.2167851302152 
885.4377624117942 
906.510005052789 
889.3581796473281 
849.4189290603264 
857.2597635313942 
862.8953633074742 
856.7697113769525 
877.1068757862846 
889.603205724549 
879.3121104812725 
878.8220583268308 
898.1791184272795 
900.1393270450465 
880.047188712935 
875.1466671685176 
847.4587204425594 
858.9749460719403 
847.4587204425594 
869.5110673924377 
865.8356762341247 
869.5110673924377 
870.4911717013212 
868.0409109291124 
878.0869800951681 
884.2126320256899 
903.8147182033595 
894.5037272689664 
883.967605948469 
878.5770322496098 
891.0733621878742 
886.6628927978986 
890.3382839562116 
875.1466671685176 
874.1665628596342 
868.0409109291124 
856.7697113769525 
857.9948417630568 
858.4848939174985 
857.9948417630568 
881.7623712534812 
884.9477102573525 
890.8283361106534 
881.5173451762603 
883.7225798712482 
894.7487533461873 
938.608421168723 
921.9466479177038 
867.7958848518916 
856.5246852997316 
846.4786161336759 
853.0943202186394 
832.0220775776446 
797.7184267667228 
785.2220968284585 
797.9634528439437 
784.241992519575 
794.2880616856306 
803.3540265428028 
809.7247045505454 
804.0891047744655 
794.2880616856306 
805.3142351605698 
806.5393655466742 
812.9100435544168 
814.3802000177419 
817.3205129443924 
799.9236614617106 
803.5990526200237 
800.9037657705941 
798.6985310756063 
803.5990526200237 
798.4535049983854 
805.8042873150115 
804.824183006128 
799.6786353844898 
776.646184125728 
768.0702714229976 
773.7058711990776 
771.9906886585314 
765.6200106507889 
776.4011580485071 
777.4036292274714 
764.022521943379 
759.2936662219861 
742.5338720753106 
750.1358299984568 
749.2235950476792 
733.4115225675351 
740.7094021737555 
737.668619004497 
734.9319141521644 
722.7687814751305 
732.1952092998317 
702.3955342410987 
709.0852572134673 
710.6056487980966 
697.5302811702851 
675.3325640346983 
660.7368048222577 
647.6614371944462 
669.859154330033 
666.5142928438487 
668.3387627454038 
670.1632326469589 
668.3387627454038 
682.9345219578445 
675.3325640346983 
665.6020578930712 
663.4735096745902 
669.2509976961813 
675.3325640346983 
677.4611122531792 
682.6304436409187 
678.3733472039568 
681.4141303732152 
678.6774255208826 
682.9345219578445 
701.1792209733953 
702.6996125580246 
715.4709018689101 
708.4771005796157 
721.5524682074271 
741.3175588076072 
736.7563840537194 
723.0728597920563 
746.4868901953465 
750.7439866323084 
747.3991251461241 
744.3583419768656 
736.7563840537194 
732.4992876167576 
730.9788960321283 
744.0542636599398 
777.8069568387089 
797.8761257558148 
807.302553580516 
793.9231076357787 
801.5250655589249 
797.267969121963 
801.8291438758507 
801.2209872419991 
802.4373005097025 
779.0232701064123 
788.4496979311135 
772.6376254509694 
733.1074442506093 
743.446107026088 
773.549860401747 
764.1234325770457 
764.1234325770457 
765.643824161675 
754.3929264354185 
756.5214746538995 
750.7439866323084 
750.7439866323084 
751.656221583086 
753.1766131677152 
753.1766131677152 
749.2235950476792 
757.737787921603 
749.2235950476792 
785.1048364449291 
797.572047438889 
800.3087522912215 
808.2147885312935 
786.3211497126325 
790.8823244665202 
788.4496979311135 
786.6252280295583 
783.5844448602999 
789.9700895157428 
790.8823244665202 
798.7883607065922 
803.6536137774059 
810.0392584328487 
805.478083678961 
800.3087522912215 
793.314951001927 
786.3211497126325 
793.9231076357787 
774.7661736694504 
783.8885231772258 
783.8885231772258 
783.280366543374 
789.361932881891 
796.9638908050372 
792.0986377342236 
796.3557341711855 
795.1394209034821 
807.6066318974418 
808.5188668482194 
804.2617704112575 
795.7475775373338 
791.7945594172978 
773.549860401747 
779.0232701064123 
785.7129930787809 
780.8477400079673 
781.7599749587448 
787.2333846634101 
793.9231076357787 
787.8415412972618 
792.0986377342236 
794.2271859527045 
855.9550842886516 
852.9143011193931 
861.4284939933168 
862.948885577946 
869.3345302333888 
879.3691146919418 
868.7263735995372 
870.854921818018 
848.3531263655054 
845.6164215131728 
835.277758737694 
838.9266985408041 
827.3717224976219 
782.0640532756706 
789.0578545649652 
792.0986377342236 
796.3557341711855 
798.4842823896664 
796.9638908050372 
790.5782461495944 
848.0490480485795 
858.6917891409842 
846.2245781470244 
852.0020661686156 
849.5694396332087 
859.2999457748359 
863.5570422117977 
865.0774337964269 
865.6855904302787 
835.8859153715456 
845.008264879321 
855.042849337874 
847.4408914147278 
847.4408914147278 
834.0614454699905 
836.7981503223232 
815.5126681375139 
832.8451322022872 
835.5818370546198 
851.3939095347639 
851.089831217838 
839.23077685773 
837.4063069561748 
820.9860778421792 
813.0800416021071 
816.4249030882914 
815.5126681375139 
814.2963548698104 
815.8167464544397 
805.7821619958868 
814.6004331867364 
819.1616079406241 
815.5126681375139 
815.5126681375139 
819.7697645744757 
815.5126681375139 
827.0676441806961 
815.5126681375139 
819.4656862575499 
820.0738428914016 
815.5126681375139 
817.6412163559949 
811.5596500174779 
802.4373005097025 
789.9700895157428 
785.408914761855 
782.0640532756706 
785.408914761855 
785.1048364449291 
775.6784086202279 
768.9886856478593 
765.3397458447491 
757.433709604677 
756.5214746538995 
732.4992876167576 
739.7971672229779 
727.0258779120924 
727.9381128628698 
734.6278358352386 
739.1890105891263 
741.9257154414588 
749.2235950476792 
744.3583419768656 
734.6278358352386 
740.4053238568296 
740.1012455399037 
741.9257154414588 
743.750185343014 
745.8787335614949 
748.3113600969017 
751.0480649492342 
740.4053238568296 
746.4868901953465 
749.527673364605 
745.574655244569 
751.3521432661602 
756.2173963369737 
767.1642157463042 
769.5968422817109 
772.0294688171177 
765.3397458447491 
761.3867277247131 
755.609239703122 
760.4744927739355 
757.433709604677 
741.9257154414588 
742.2297937583847 
731.5870526659801 
736.1482274198678 
727.9381128628698 
724.5932513766855 
709.3893355303932 
718.2076067212428 
719.4239199889462 
721.2483898905012 
725.809564644389 
723.6810164259081 
719.4239199889462 
720.6402332566496 
721.2483898905012 
716.3831368196877 
727.9381128628698 
727.9381128628698 
726.4177212782406 
727.0258779120924 
727.9381128628698 
724.2891730597597 
729.1544261305733 
736.7563840537194 
730.3707393982767 
727.9381128628698 
727.634034545944 
716.3831368196877 
716.0790585027619 
708.1730222626898 
743.750185343014 
746.1828118784207 
737.3645406875711 
736.7563840537194 
749.8317516815309 
769.5968422817109 
755.9133180200478 
759.8663361400838 
757.737787921603 
755.609239703122 
785.7129930787809 
777.1988002048571 
773.2457820848211 
769.2927639647851 
779.0232701064123 
768.3805290140076 
767.46829406323 
776.8947218879313 
779.6314267402639 
770.8131555494143 
771.1172338663401 
772.3335471340436 
769.5968422817109 
785.1048364449291 
809.4311017989969 
808.5188668482194 
820.9860778421792 
809.1270234820711 
801.5449387025675 
799.6128091882463 
796.1292665473323 
798.1852305453443 
795.1707890006121 
790.0952108226991 
777.1197385507132 
779.7738124245285 
792.7492846965143 
794.5186672790579 
799.8268150266885 
791.8645934052427 
789.2105195314273 
787.7360340459744 
783.017680492525 
787.1462398517932 
782.4278862983438 
769.4524140263579 
770.3371053176297 
770.6320024147203 
802.7757859975943 
799.2370208325073 
795.1084614732391 
797.1727411528732 
790.0952108226991 
799.2370208325073 
791.8645934052427 
788.6207253372462 
784.7870630750685 
802.1859918034131 
810.148213424859 
810.148213424859 
809.8533163277684 
815.4563611724896 
811.9175960074026 
807.7890366481344 
814.5716698812179 
823.1236856968449 
803.9553743859567 
800.121712123779 
786.556445657612 
786.2615485605214 
783.9023717837968 
799.2370208325073 
791.2747992110615 
783.3125775896156 
782.1329892012533 
773.2860762885356 
777.7095327448944 
767.3881343467239 
768.8626198321767 
769.7473111234485 
767.977928540905 
767.3881343467239 
767.977928540905 
764.7340604729086 
763.8493691816368 
761.1952953078215 
758.2463243369157 
758.5412214340063 
751.7585882009228 
756.1820446572815 
749.9892056183792 
747.6300288416545 
746.4504404532921 
744.6810578707486 
741.1422927056616 
738.4882188318463 
728.1668204336758 
719.6148046180487 
729.346408822038 
736.7188362493027 
737.8984246376651 
741.4371898027522 
742.6167781911145 
742.9116752882051 
739.6678072202086 
739.372910123118 
736.7188362493027 
736.4239391522121 
735.2443507638499 
728.1668204336758 
726.6923349482228 
732.8851739871251 
735.5392478609405 
753.8228678805568 
752.6432794921944 
755.0024562689192 
766.2085459583615 
768.2728256379957 
773.8758704827168 
767.977928540905 
796.2880498616014 
777.1197385507132 
784.7870630750685 
778.8891211332567 
778.004429841985 
784.1972688808873 
779.7738124245285 
776.8248414536226 
785.9666514634308 
806.3145511626814 
802.7757859975943 
798.3523295412356 
796.2880498616014 
796.8778440557826 
794.8135643761485 
800.121712123779 
767.3881343467239 
759.1310156281874 
758.5412214340063 
767.977928540905 
765.6187517641803 
773.5809733856262 
770.3371053176297 
761.1952953078215 
759.425912725278 
761.4901924049121 
756.4769417543721 
751.1687940067416 
747.0402346474733 
742.9116752882051 
745.8606462591109 
751.7585882009228 
753.5279707834662 
766.7983401525427 
767.977928540905 
769.4524140263579 
772.6962820943544 
784.1972688808873 
784.1972688808873 
775.0554588710792 
778.8891211332567 
783.6074746867062 
793.0441817936049 
787.4411369488838 
776.8248414536226 
772.4013849972638 
768.5677227350862 
773.2860762885356 
783.6074746867062 
778.004429841985 
775.9401501623508 
855.267469279719 
879.449031241147 
880.3337225324188 
861.1654112215307 
870.3072212313389 
875.0255747847883 
877.6796486586036 
879.552835019323 
877.8090539247956 
880.6833818567177 
887.7396453965645 
887.7396453965645 
890.3565479469512 
899.2540166182657 
907.8897950345416 
907.8897950345416 
905.5345827391936 
896.6371140678791 
908.413175544619 
950.5453066058438 
961.5362973174678 
974.6208100694009 
964.4148901228931 
968.340243948473 
974.0974295593236 
1033.2394271980615 
1050.2492937755749 
1035.332949238371 
1042.9219666344923 
1035.8563297484484 
997.911242767842 
987.4436325662955 
964.9382706329704 
966.7701024182411 
972.5272880290917 
980.1163054252129 
1001.5749063383834 
1018.3230826608578 
1017.7997021507805 
1009.1639237345046 
981.9481372104835 
1009.6873042445819 
1053.6512670910774 
1008.6405432244272 
990.8456058817982 
919.9275467663202 
898.7306361081884 
918.0957149810496 
924.1145908469388 
873.346681369438 
834.6165236237157 
832.784691838445 
767.1004378237404 
814.4663739857386 
827.0275062275945 
849.5328681609196 
845.0841338252623 
841.6821605097597 
849.0094876508423 
854.2432927516155 
862.6173809128528 
873.0849911143994 
880.6740085105206 
875.1785131547086 
858.9537173423115 
861.5706198926981 
847.9627266306876 
867.5894957585874 
856.8601953020021 
854.5049830066542 
852.6731512213836 
861.3089296376595 
847.9627266306876 
846.9159656105329 
857.1218855570409 
856.8601953020021 
857.9069563221568 
856.0751245368862 
865.495973718278 
873.346681369438 
868.636256778742 
862.0940004027755 
861.8323101477367 
875.1785131547086 
868.636256778742 
853.4582219864996 
845.6075143353396 
840.8970897446437 
842.4672312748756 
833.0463820934838 
822.0553913818599 
823.1021524020146 
811.5877811803133 
826.5041257175171 
817.8683473012412 
795.3629853679162 
796.4097463880707 
795.8863658779935 
789.6057997570655 
790.1291802671428 
791.4376315423361 
789.6057997570655 
794.3162243477615 
799.8117197035734 
797.1948171531868 
800.3351002136508 
802.42862225396 
798.5032684283801 
801.6435514888441 
803.213693019076 
805.0455248043467 
811.8494714353519 
807.924117609772 
800.3351002136508 
802.9520027640374 
814.7280642407773 
816.0365155159706 
814.7280642407773 
811.3260909252747 
814.4663739857386 
817.8683473012412 
819.9618693415506 
817.3449667911639 
822.0553913818599 
819.7001790865119 
823.8872231671305 
825.7190549524012 
813.6813032206226 
810.5410201601586 
809.2325688849653 
798.5032684283801 
796.9331268981481 
802.42862225396 
783.063543381099 
796.4097463880707 
795.1012951128774 
791.9610120524135 
796.4097463880707 
795.6246756229548 
796.4097463880707 
796.4097463880707 
790.3908705221816 
789.8674900121042 
783.063543381099 
770.502411139243 
774.6894552198617 
765.5302962935084 
769.717340374127 
769.1939598640497 
755.0626860919618 
755.0626860919618 
741.9781733400287 
750.8756420113433 
748.2587394609566 
756.8945178772325 
760.0348009376964 
770.2407208842044 
765.006915783431 
757.4178983873098 
755.5860666020392 
758.7263496625031 
754.2776153268459 
754.0159250718073 
761.3432522128899 
749.0438102260727 
745.64183691057 
771.5491721593977 
789.0824192469883 
787.7739679717948 
778.6148090454417 
786.7272069516403 
799.2883391934961 
808.1858078648106 
805.0455248043467 
805.8305955694627 
799.2883391934961 
798.5032684283801 
803.4753832741147 
803.7370735291533 
796.4097463880707 
800.073409958612 
815.774825260932 
795.1012951128774 
791.9610120524135 
788.2973484818722 
791.9610120524135 
796.4097463880707 
788.0356582268336 
790.9142510322588 
806.0922858245013 
796.4097463880707 
816.0365155159706 
821.2703206167439 
805.8305955694627 
812.1111616903906 
805.0455248043467 
801.9052417438827 
805.3072150593854 
817.3449667911639 
818.3917278113186 
819.7001790865119 
816.2982057710093 
809.2325688849653 
812.1111616903906 
813.9429934756613 
810.5410201601586 
812.1111616903906 
817.8683473012412 
821.0086303617052 
826.5041257175171 
821.7937011268212 
839.0652579593731 
838.280187194257 
842.990611784953 
853.1965317314608 
844.5607533151849 
839.5886384694503 
827.2891964826331 
825.9807452074398 
828.3359575027878 
827.8125769927104 
832.2613113283678 
835.6632846438704 
832.2613113283678 
833.0463820934838 
837.495116429141 
838.0184969392184 
836.9717359190637 
834.8782138787544 
833.0463820934838 
828.3359575027878 
829.1210282679037 
825.7190549524012 
832.2613113283678 
828.5976477578265 
824.9339841872852 
813.9429934756613 
799.8117197035734 
741.4547928299513 
742.2398635950674 
743.0249343601834 
757.4178983873098 
760.5581814477738 
786.7272069516403 
786.9888972066789 
783.5869238911763 
781.7550921059056 
775.7362162400163 
767.1004378237404 
765.2686060384698 
777.0446675152097 
770.2407208842044 
775.212835729939 
778.6148090454417 
777.8297382803256 
783.5869238911763 
781.2317115958283 
804.5221442942694 
787.7739679717948 
796.4097463880707 
789.3441095020269 
781.4934018508669 
790.3908705221816 
791.4376315423361 
782.5401628710216 
783.3252336361376 
784.3719946562923 
783.8486141462149 
775.997906495055 
769.9790306291658 
753.7542348167685 
757.4178983873098 
761.8666327229671 
765.006915783431 
760.2964911927352 
755.5860666020392 
758.2029691524258 
754.5393055818846 
758.2029691524258 
753.2308543066912 
749.0438102260727 
755.8477568570779 
754.8009958369232 
755.8477568570779 
747.997049205918 
754.2776153268459 
749.5671907361499 
744.3333856353767 
747.7353589508792 
748.5204297159953 
746.4269076756859 
750.0905712462272 
751.3990225214205 
756.8945178772325 
758.7263496625031 
765.7919865485471 
758.9880399175419 
757.6795886423486 
753.7542348167685 
748.2587394609566 
744.5950758904153 
743.0249343601834 
731.7722533935208 
744.3333856353767 
743.0249343601834 
723.9215457423609 
717.640979621433 
715.8091478361623 
718.6877406415875 
720.2578821718196 
711.0987232454663 
711.0987232454663 
704.8181571245384 
697.2291397284172 
715.285767326085 
713.4539355408143 
709.005201205157 
708.220130440041 
724.4449262524382 
720.5195724268582 
717.640979621433 
717.1175991113556 
708.4818206950797 
708.4818206950797 
703.2480155943064 
702.7246350842291 
709.2668914601957 
716.5942186012783 
723.3981652322835 
721.8280237020515 
717.9026698764716 
719.996191916781 
724.7066165074768 
740.4080318097967 
741.4547928299513 
741.1931025749127 
745.64183691057 
746.9502881857633 
741.71648308499 
742.7632441051446 
737.006058494294 
742.501553850106 
743.0249343601834 
732.2956339035981 
738.0528195144487 
744.3333856353767 
744.071695380338 
736.2209877291781 
740.146341554758 
740.931412319874 
749.5671907361499 
750.352261501266 
748.7821199710339 
745.3801466555313 
746.6885979307247 
747.7353589508792 
748.5204297159953 
761.0815619578511 
755.8477568570779 
771.8108624144364 
771.8108624144364 
777.0446675152097 
778.353118790403 
777.0446675152097 
776.782977260171 
777.0446675152097 
778.0914285353643 
765.5302962935084 
754.0159250718073 
762.1283229780058 
763.6984645082377 
761.3432522128899 
760.0348009376964 
763.6984645082377 
763.4367742531991 
761.0815619578511 
754.0159250718073 
754.5393055818846 
745.3801466555313 
745.64183691057 
739.8846512997194 
734.1274656888687 
727.8468995679408 
728.1085898229795 
726.2767580377089 
730.9871826284048 
727.5852093129022 
727.0618288028248 
737.006058494294 
737.79112925941 
739.6229610446807 
747.997049205918 
758.5096701313312 
756.7658890368039 
752.7965541334435 
750.2398278046082 
753.6000956773604 
760.0151525253418 
744.4357287516726 
742.2973764690122 
743.8247709566268 
747.185038829379 
743.2138131615809 
750.2398278046082 
752.6836589847916 
755.4329690624979 
783.537027634607 
805.8369871537806 
805.2260293587348 
804.615071563689 
816.528748567083 
807.6698605389182 
805.2260293587348 
808.280818333964 
820.805453132404 
833.3300879308439 
802.1712403835055 
799.7274092033222 
743.8247709566268 
738.93710859626 
738.631629698737 
739.8535452888287 
707.7782610489216 
685.1728226322251 
700.4467675083714 
696.1700629430504 
693.1152739678212 
685.1728226322251 
710.8330500241509 
685.4783015297481 
675.0920190139686 
682.7289914520418 
675.7029768090144 
664.0947787031433 
668.0660043709413 
685.783780427271 
673.8701034238769 
665.622173190758 
677.535850194152 
679.0632446817666 
673.564624526354 
669.5933988585559 
670.8153144486477 
666.8440887808497 
659.2071163427765 
658.2906796502077 
661.0399897279141 
656.7632851625931 
666.5386098833267 
660.1235530353453 
672.3427089362623 
674.7865401164457 
671.4262722436936 
664.0947787031433 
656.7632851625931 
649.12631272452 
657.9852007526848 
646.3770026468137 
638.7400302087406 
639.0455091062635 
637.8235935161717 
633.363601612337 
617.7230820591633 
603.1822865370721 
607.9477573384297 
601.7159878289619 
603.7932443321179 
598.2950053954747 
598.434188987984 
597.5175274908149 
605.4653621885033 
606.8072044101909 
606.7039857777534 
603.194552274878 
595.7628107393772 
599.2722442422526 
597.8271833881274 
581.2089835656882 
577.3898941655002 
573.9836792950623 
578.5252991223128 
576.2544892086876 
578.3188618574378 
599.3754628746901 
600.0979933017527 
599.1690256098151 
593.1823449284394 
576.4609264735626 
559.7395080186859 
556.4365117806855 
555.0946695589978 
556.6429490455605 
559.5330707538108 
563.1457228891237 
551.0691428939349 
539.3022187960587 
526.7095456386824 
541.7794659745589 
533.6251940119955 
544.2567131530592 
544.7728063152467 
551.68845468856 
544.3599317854967 
535.1734734985582 
540.0247492231213 
537.3410647797459 
531.3543840983702 
534.0380685417456 
521.8582699141193 
507.4076613728677 
506.3754750484926 
499.49078674678265 
496.41113540450715 
499.77871640118406 
508.4835955812734 
504.03584709509636 
503.71815077465516 
502.9556796055962 
502.637983285155 
505.17955384868475 
500.35056977797825 
501.1130409470371 
504.35354341553756 
509.1189882221558 
508.86483116580285 
515.8541502155097 
503.71815077465516 
502.57444402106677 
507.97528146856746 
503.14629739786096 
497.8089992144485 
504.03584709509636 
502.4473654928903 
499.7151771370958 
484.9105286045351 
490.12074825977106 
496.4746746685954 
496.3475961404189 
493.234172200095 
493.29771146418324 
487.4520991680648 
491.4747699774915 
489.7309888829642 
491.3662519575466 
488.61900999224815 
489.7309888829642 
492.8052834631791 
490.4505046357805 
496.07580961234385 
500.7853672671411 
516.2876612141822 
510.72776676060204 
510.59694571463547 
513.3404573178082 
517.8976678420922 
516.821444300129 
505.06391156283934 
509.791166993296 
517.306291010945 
505.79118162906343 
506.63966337299155 
514.0335757129366 
510.51843705952007 
514.5184224237527 
515.1244808122727 
511.73055383656026 
513.4275173244165 
525.5486850948182 
516.7002326224249 
520.5790063089535 
515.1244808122727 
510.15480202640805 
514.6396341014567 
512.2154005473762 
528.4577653597146 
532.2153273685391 
526.8820135495623 
507.48814511691967 
520.3365829535455 
524.9426267062981 
523.3668748961459 
511.9729771919683 
507.2457217615116 
509.66995531559195 
512.75064141704 
510.3983694732276 
510.58266173930326 
504.6460424002745 
502.2866710051692 
501.4094362995763 
506.19658023441275 
505.11537411547476 
497.54455580132986 
477.4950191977017 
464.87560498247694 
473.36717342636655 
457.9172363965119 
451.7844369648139 
460.15806695809385 
451.07680626115643 
457.56342104468314 
444.5901914776297 
448.36422189713613 
451.5485600635947 
447.77452964408826 
424.18683952217276 
420.0589937508376 
409.20865629475645 
406.9678257331745 
410.6239177020714 
412.39299446121504 
414.1911409153945 
414.6213476832463 
415.5646867049111 
413.82090561038376 
406.7013801694715 
414.81763917211146 
417.0958873132033 
415.38720120738446 
404.636717791607 
405.0638893180617 
401.64651710642386 
391.39440047151027 
387.8346377510542 
384.91563232028017 
387.47866147900857 
392.1775482700106 
401.5753218520147 
397.3036065874674 
405.1350845724709 
405.7046466077438 
405.6334513533347 
399.08348794769546 
400.1514167638323 
401.3617360887874 
398.58512116683164 
398.6563164212407 
397.8731686227404 
392.1775482700106 
396.16448251692145 
399.8666357461958 
402.5720554137424 
398.37153540360424 
393.45906284937485 
398.08675438596777 
397.4459970962856 
402.2160791416968 
404.35193677397046 
404.2807415195614 
404.42313202837965 
402.4296649049242 
402.9992269401972 
398.72751167564985 
394.0286248846478 
401.64651710642386 
401.93129812406033 
406.89012306062546 
401.06726884272484 
398.6974780737062 
401.1390806842102 
403.50815333481404 
401.7643722402867 
397.2584372802393 
398.7604156002551 
396.5432095088032 
400.1193483659837 
399.332597817404 
400.54848502884533 
402.12198612600474 
402.9802594517281 
398.6888928231115 
396.7577778402341 
396.11407284594156 
395.82798173736717 
390.74986456017086 
391.6796606630378 
390.8213873373145 
388.95887843272874 
393.3036670174397 
381.1089780360358 
378.71634918525405 
372.6961862703838 
372.0787336637304 
372.54182311872046 
370.9210100262554 
369.37737850962196 
368.2968364479786 
367.9109285688202 
367.44783911383024 
359.65249995483157 
364.9780286872168 
352.2430686749912 
328.4711433188368 
322.52816197979826 
328.70268804633184 
311.72274136336443 
315.6204109428637 
316.1220911857696 
320.79157652358566 
317.00967930783384 
312.3016031821019 
305.8955323880733 
271.24100483965344 
269.1571022921984 
266.3399747743424 
275.13867441915284 
291.38539613171935 
285.63536873225996 
276.7980782995337 
283.5900569727207 
280.50279393945385 
267.26615368432243 
264.796343257709 
270.5077798692526 
265.027887985204 
260.6285381627988 
271.35677720340095 
279.49943345364215 
269.9675088384309 
269.35005623177756 
273.6336336904352 
270.0832812021784 
267.99937865472333 
266.57151950183743 
257.1553672503737 
260.4355842232196 
266.3399747743424 
278.3031190282513 
278.9205716349046 
281.9692438802556 
278.88198084698877 
274.40544944875194 
273.90376920584606 
277.9943927249246 
276.45076120829117 
278.7276176953254 
276.7980782995337 
272.3987284771285 
272.28295611338103 
274.7913573279103 
274.868538903742 
272.1671837496335 
270.16046277801007 
264.2946630148032 
264.4876169543823 
263.83157355981314 
260.3969934353038 
262.6738499223381 
260.78290131446215 
259.5094053132396 
264.2946630148032 
260.2812210715563 
258.7375895549229 
256.383551492057 
249.2442557276275 
242.5294586302722 
240.2140113553221 
236.12338783624358 
235.89184310874856 
235.85325232083272 
236.3935233516544 
235.6217075933377 
239.28783244534205 
238.97910614201535 
242.41368626652468 
234.15525765253597 
223.89010806692386 
221.3817068523946 
217.94712672788526 
229.75590783013078 
229.4278861328462 
229.8716801938783 
228.54029801078198 
230.4505420126158 
230.79785910385834 
234.73411947127352 
235.00425498668434 
234.54116553169433 
241.98918759945047 
242.95395729734636 
240.67710081031208 
238.13010880786697 
238.4774258991095 
236.66365886706524 
234.8113010471052 
236.62506807914943 
232.10994589299673 
233.26766953047178 
234.77271025918935 
239.98246662782708 
243.37845596442054 
243.03113887317804 
243.06972966109387 
242.91536650943056 
243.30127438858887 
240.94723632572294 
240.25260214323794 
244.15027172273727 
244.99926905688562 
241.44891656862882 
242.41368626652468 
241.14019026530212 
235.1586181383477 
234.96566419876854 
237.2425206858028 
235.54452601750603 
235.00425498668434 
235.00425498668434 
236.12338783624358 
253.9137410654435 
258.3902724636804 
260.47417501113546 
259.35504216157625 
255.88187124915112 
254.72414761167607 
255.6503265216561 
257.3869119778687 
257.46409355370037 
257.42550276578453 
252.48588191255763 
254.14528579293852 
251.4825214267459 
252.67883585213679 
254.5311936720969 
255.26441864249773 
254.45401209626522 
255.30300943041357 
254.14528579293852 
253.25769767087434 
252.94897136754764 
255.2258278545819 
254.29964894460187 
254.68555682376024 
255.9590528249828 
258.0815461603537 
250.94225039592422 
245.46235851187566 
242.7610033577672 
241.2173718411338 
243.3398651765047 
242.06636917528215 
240.4455560828171 
240.29119293115374 
239.09487850576286 
241.0244179015546 
243.53281911608389 
244.49758881397977 
242.8726850979956 
242.8726850979956 
242.8726850979956 
242.8726850979956 
242.8726850979956 
242.8726850979956 
242.8726850979956 
242.8726850979956 
242.8726850979956 
242.8726850979956 
242.8726850979956 
242.8726850979956 
242.8726850979956 
242.8726850979956 
242.8726850979956 
242.8726850979956 
242.8726850979956 
242.8726850979956 
242.8726850979956 
242.8726850979956 
242.8726850979956 
242.8726850979956 
242.8726850979956 
242.8726850979956 
242.8726850979956 
242.8726850979956 
242.8726850979956 
242.8726850979956 
242.8726850979956 
242.8726850979956 
242.8726850979956 
242.8726850979956 
242.8726850979956 
242.8726850979956 
242.8726850979956 
242.8726850979956 
242.8726850979956 
242.8726850979956 
242.8726850979956 
242.8726850979956 
242.8726850979956 
242.8726850979956 
242.8726850979956 
242.8726850979956 
242.8726850979956 
242.8726850979956 
242.8726850979956 
242.8726850979956 
242.8726850979956 
242.8726850979956 
242.8726850979956 
242.8726850979956 
242.8726850979956 
242.8726850979956 
242.8726850979956 
242.8726850979956 
242.8726850979956 
242.8726850979956 
242.8726850979956 
242.8726850979956 
242.8726850979956 
242.8726850979956 
242.8726850979956 
242.8726850979956 
242.8726850979956 
242.8726850979956 
242.8726850979956 
242.8726850979956 
242.8726850979956 
242.8726850979956 
242.8726850979956 
242.8726850979956 
242.8726850979956 
242.8726850979956 
242.8726850979956 
242.8726850979956 
242.8726850979956 
242.8726850979956 
242.8726850979956 
242.8726850979956 
242.8726850979956 
242.8726850979956 
242.8726850979956 
242.8726850979956 
242.8726850979956 
242.8726850979956 
242.8726850979956 
242.8726850979956 
242.8726850979956 
242.8726850979956 
242.8726850979956 
242.8726850979956 
242.8726850979956 
242.8726850979956 
242.8726850979956 
242.8726850979956 
242.8726850979956 
242.8726850979956 
242.8726850979956 
242.8726850979956 
242.8726850979956 
242.8726850979956 
242.8726850979956 
242.8726850979956 
242.8726850979956 
242.8726850979956 
242.8726850979956 
242.8726850979956 
242.8726850979956 
242.8726850979956 
242.8726850979956 
242.8726850979956 
242.8726850979956 
242.8726850979956 
242.8726850979956 
242.8726850979956 
242.8726850979956 
242.8726850979956 
242.8726850979956 
242.8726850979956 
242.8726850979956 
242.8726850979956 
242.8726850979956 
242.8726850979956 
242.8726850979956 
242.8726850979956 
242.8726850979956 
242.8726850979956 
242.8726850979956 
242.8726850979956 
242.8726850979956 
242.8726850979956 
242.8726850979956 
242.8726850979956 
242.8726850979956 
242.8726850979956 
242.8726850979956 
242.8726850979956 
242.8726850979956 
242.8726850979956 
242.8726850979956 
242.8726850979956 
242.8726850979956 
242.8726850979956 
242.8726850979956 
242.8726850979956 
242.8726850979956 
242.8726850979956 
242.8726850979956 
242.8726850979956 
242.8726850979956 
242.8726850979956 
242.8726850979956 
242.8726850979956 
242.8726850979956 
242.8726850979956 
242.8726850979956 
242.8726850979956 
242.8726850979956 
242.8726850979956 
242.8726850979956 
242.8726850979956 
242.8726850979956 
242.8726850979956 
242.8726850979956 
242.8726850979956 
242.8726850979956 
242.8726850979956 
242.8726850979956 
242.8726850979956 
242.8726850979956 
242.8726850979956 
242.8726850979956 
242.8726850979956 
242.8726850979956 
242.8726850979956 
242.8726850979956 
242.8726850979956 
242.8726850979956 
242.8726850979956 
242.8726850979956 
242.8726850979956 
242.8726850979956 
242.8726850979956 
242.8726850979956 
242.8726850979956 
242.8726850979956 
242.8726850979956 
242.8726850979956 
242.8726850979956 
242.8726850979956 
242.8726850979956 
242.8726850979956 
242.8726850979956 
242.8726850979956 
242.8726850979956 
242.8726850979956 
242.8726850979956 
242.8726850979956 
242.8726850979956 
242.8726850979956 
242.8726850979956 
242.8726850979956 
242.8726850979956 
242.8726850979956 
242.8726850979956 
242.8726850979956 
242.8726850979956 
242.8726850979956 
242.8726850979956 
242.8726850979956 
242.8726850979956 
242.8726850979956 
242.8726850979956 
242.8726850979956 
242.8726850979956 
242.8726850979956 
242.8726850979956 
242.8726850979956 
242.8726850979956 
242.8726850979956 
242.8726850979956 
242.8726850979956 
242.8726850979956 
242.8726850979956 
242.8726850979956 
242.8726850979956 
242.8726850979956 
242.8726850979956 
242.8726850979956 
242.8726850979956 
242.8726850979956 
242.8726850979956 
242.8726850979956 
242.8726850979956 
242.8726850979956 
242.8726850979956 
242.8726850979956 
242.8726850979956 
242.8726850979956 
242.8726850979956 
242.8726850979956 
242.8726850979956 
242.8726850979956 
242.8726850979956 
242.8726850979956 
242.8726850979956 
242.8726850979956 
242.8726850979956 
242.8726850979956 
242.8726850979956 
242.8726850979956 
242.8726850979956 
242.8726850979956 
242.8726850979956 
242.8726850979956 
242.8726850979956 
242.8726850979956 
242.8726850979956 
242.8726850979956 
242.8726850979956 
242.8726850979956 
242.8726850979956 
242.8726850979956 
242.8726850979956 
242.8726850979956 
242.8726850979956 
242.8726850979956 
242.8726850979956 
242.8726850979956 
242.8726850979956 
242.8726850979956 
242.8726850979956 
242.8726850979956 
242.8726850979956 
242.8726850979956 
242.8726850979956 
242.8726850979956 
242.8726850979956 
242.8726850979956 
242.8726850979956 
242.8726850979956 
242.8726850979956 
242.8726850979956 
242.8726850979956 
242.8726850979956 
242.8726850979956 
242.8726850979956 
242.8726850979956 
242.8726850979956 
242.8726850979956 
242.8726850979956 
242.8726850979956 
242.8726850979956 
242.8726850979956 
242.8726850979956 
242.8726850979956 
242.8726850979956 
242.8726850979956 
242.8726850979956 
242.8726850979956 
242.8726850979956 
242.8726850979956 
242.8726850979956 
242.8726850979956 
242.8726850979956 
242.8726850979956 
242.8726850979956 
242.8726850979956 
242.8726850979956 
242.8726850979956 
242.8726850979956 
242.8726850979956 
242.8726850979956 
242.8726850979956 
242.8726850979956 
242.8726850979956 
242.8726850979956 
242.8726850979956 
242.8726850979956 
242.8726850979956 
242.8726850979956 
242.8726850979956 
242.8726850979956 
242.8726850979956 
242.8726850979956 
242.8726850979956 
242.8726850979956 
242.8726850979956 
242.8726850979956 
242.8726850979956 
242.8726850979956 
242.8726850979956 
242.8726850979956 
242.8726850979956 
242.8726850979956 
242.8726850979956 
242.8726850979956 
242.8726850979956 
242.8726850979956 
242.8726850979956 
242.8726850979956 
242.8726850979956 
242.8726850979956 
242.8726850979956 
242.8726850979956 
242.8726850979956 
242.8726850979956 
242.8726850979956 
242.8726850979956 
242.8726850979956 
242.8726850979956 
242.8726850979956 
242.8726850979956 
242.8726850979956 
242.8726850979956 
242.8726850979956 
242.8726850979956 
242.8726850979956 
242.8726850979956 
242.8726850979956 
242.8726850979956 
242.8726850979956 
242.8726850979956 
242.8726850979956 
242.8726850979956 
242.8726850979956 
242.8726850979956 
242.8726850979956 
242.8726850979956 
242.8726850979956 
242.8726850979956 
242.8726850979956 
242.8726850979956 
242.8726850979956 
242.8726850979956 
242.8726850979956 
242.8726850979956 
242.8726850979956 
242.8726850979956 
242.8726850979956 
242.8726850979956 
242.8726850979956 
242.8726850979956 
242.8726850979956 
242.8726850979956 
242.8726850979956 
242.8726850979956 
242.8726850979956 
242.8726850979956 
242.8726850979956 
242.8726850979956 
242.8726850979956 
242.8726850979956 
242.8726850979956 
242.8726850979956 
242.8726850979956 
242.8726850979956 
242.8726850979956 
242.8726850979956 
242.8726850979956 
242.8726850979956 
242.8726850979956 
242.8726850979956 
242.8726850979956 
242.8726850979956 
242.8726850979956 
242.8726850979956 
242.8726850979956 
242.8726850979956 
242.8726850979956 
242.8726850979956 
242.8726850979956 
242.8726850979956 
242.8726850979956 
242.8726850979956 
242.8726850979956 
242.8726850979956 
242.8726850979956 
242.8726850979956 
242.8726850979956 
242.8726850979956 
242.8726850979956 
242.8726850979956 
242.8726850979956 
242.8726850979956 
242.8726850979956 
242.8726850979956 
242.8726850979956 
242.8726850979956 
242.8726850979956 
242.8726850979956 
242.8726850979956 
242.8726850979956 
242.8726850979956 
242.8726850979956 
242.8726850979956 
242.8726850979956 
242.8726850979956 
242.8726850979956 
242.8726850979956 
242.8726850979956 
242.8726850979956 
242.8726850979956 
242.8726850979956 
242.8726850979956 
242.8726850979956 
242.8726850979956 
242.8726850979956 
242.8726850979956 
242.8726850979956 
242.8726850979956 
242.8726850979956 
242.8726850979956 
242.8726850979956 
242.8726850979956 
242.8726850979956 
242.8726850979956 
242.8726850979956 
242.8726850979956 
242.8726850979956 
242.8726850979956 
242.8726850979956 
242.8726850979956 
242.8726850979956 
242.8726850979956 
242.8726850979956 
242.8726850979956 
242.8726850979956 
242.8726850979956 
242.8726850979956 
242.8726850979956 
242.8726850979956 
242.8726850979956 
242.8726850979956 
242.8726850979956 
242.8726850979956 
242.8726850979956 
242.8726850979956 
242.8726850979956 
242.8726850979956 
242.8726850979956 
242.8726850979956 
242.8726850979956 
242.8726850979956 
242.8726850979956 
242.8726850979956 
242.8726850979956 
242.8726850979956 
242.8726850979956 
242.8726850979956 
242.8726850979956 
242.8726850979956 
242.8726850979956 
242.8726850979956 
242.8726850979956 
242.8726850979956 
242.8726850979956 
242.8726850979956 
242.8726850979956 
242.8726850979956 
242.8726850979956 
242.8726850979956 
242.8726850979956 
242.8726850979956 
242.8726850979956 
242.8726850979956 
242.8726850979956 
242.8726850979956 
242.8726850979956 
242.8726850979956 
242.8726850979956 
242.8726850979956 
242.8726850979956 
242.8726850979956 
242.8726850979956 
242.8726850979956 
242.8726850979956 
242.8726850979956 
242.8726850979956 
242.8726850979956 
242.8726850979956 
242.8726850979956 
242.8726850979956 
242.8726850979956 
242.8726850979956 
242.8726850979956 
242.8726850979956 
242.8726850979956 
242.8726850979956 
242.8726850979956 
242.8726850979956 
242.8726850979956 
242.8726850979956 
242.8726850979956 
242.8726850979956 
242.8726850979956 
242.8726850979956 
242.8726850979956 
242.8726850979956 
242.8726850979956 
242.8726850979956 
242.8726850979956 
242.8726850979956 
242.8726850979956 
242.8726850979956 
242.8726850979956 
242.8726850979956 
242.8726850979956 
242.8726850979956 
242.8726850979956 
242.8726850979956 
242.8726850979956 
242.8726850979956 
242.8726850979956 
242.8726850979956 
242.8726850979956 
242.8726850979956 
242.8726850979956 
242.8726850979956 
242.8726850979956 
242.8726850979956 
242.8726850979956 
242.8726850979956 
242.8726850979956 
242.8726850979956 
242.8726850979956 
242.8726850979956 
242.8726850979956 
242.8726850979956 
242.8726850979956 
242.8726850979956 
242.8726850979956 
242.8726850979956 
242.8726850979956 
242.8726850979956 
242.8726850979956 
242.8726850979956 
242.8726850979956 
242.8726850979956 
242.8726850979956 
242.8726850979956 
242.8726850979956 
242.8726850979956 
242.8726850979956 
242.8726850979956 
242.8726850979956 
242.8726850979956 
242.8726850979956 
242.8726850979956 
242.8726850979956 
242.8726850979956 
242.8726850979956 
242.8726850979956 
242.8726850979956 
242.8726850979956 
242.8726850979956 
242.8726850979956 
242.8726850979956 
242.8726850979956 
242.8726850979956 
242.8726850979956 
242.8726850979956 
242.8726850979956 
242.8726850979956 
242.8726850979956 
242.8726850979956 
242.8726850979956 
242.8726850979956 
242.8726850979956 
242.8726850979956 
242.8726850979956 
242.8726850979956 
242.8726850979956 
242.8726850979956 
242.8726850979956 
242.8726850979956 
242.8726850979956 
242.8726850979956 
242.8726850979956 
242.8726850979956 
242.8726850979956 
242.8726850979956 
242.8726850979956 
242.8726850979956 
242.8726850979956 
242.8726850979956 
242.8726850979956 
242.8726850979956 
242.8726850979956 
242.8726850979956 
242.8726850979956 
242.8726850979956 
242.8726850979956 
242.8726850979956 
242.8726850979956 
242.8726850979956 
242.8726850979956 
242.8726850979956 
242.8726850979956 
242.8726850979956 
242.8726850979956 
242.8726850979956 
242.8726850979956 
242.8726850979956 
242.8726850979956 
242.8726850979956 
242.8726850979956 
242.8726850979956 
242.8726850979956 
242.8726850979956 
242.8726850979956 
242.8726850979956 
242.8726850979956 
242.8726850979956 
242.8726850979956 
242.8726850979956 
242.8726850979956 
242.8726850979956 
242.8726850979956 
242.8726850979956 
242.8726850979956 
242.8726850979956 
242.8726850979956 
242.8726850979956 
242.8726850979956 
242.8726850979956 
242.8726850979956 
242.8726850979956 
242.8726850979956 
242.8726850979956 
242.8726850979956 
242.8726850979956 
242.8726850979956 
242.8726850979956 
242.8726850979956 
242.8726850979956 
242.8726850979956 
242.8726850979956 
242.8726850979956 
242.8726850979956 
242.8726850979956 
242.8726850979956 
242.8726850979956 
242.8726850979956 
242.8726850979956 
242.8726850979956 
242.8726850979956 
242.8726850979956 
242.8726850979956 
242.8726850979956 
242.8726850979956 
242.8726850979956 
242.8726850979956 
242.8726850979956 
242.8726850979956 
242.8726850979956 
242.8726850979956 
242.8726850979956 
242.8726850979956 
242.8726850979956 
242.8726850979956 
242.8726850979956 
242.8726850979956 
242.8726850979956 
242.8726850979956 
242.8726850979956 
242.8726850979956 
242.8726850979956 
242.8726850979956 
242.8726850979956 
242.8726850979956 
242.8726850979956 
242.8726850979956 
242.8726850979956 
242.8726850979956 
242.8726850979956 
242.8726850979956 
242.8726850979956 
242.8726850979956 
242.8726850979956 
242.8726850979956 
242.8726850979956 
242.8726850979956 
242.8726850979956 
242.8726850979956 
242.8726850979956 
242.8726850979956 
242.8726850979956 
242.8726850979956 
242.8726850979956 
242.8726850979956 
242.8726850979956 
242.8726850979956 
242.8726850979956 
242.8726850979956 
242.8726850979956 
242.8726850979956 
242.8726850979956 
242.8726850979956 
242.8726850979956 
242.8726850979956 
242.8726850979956 
242.8726850979956 
242.8726850979956 
242.8726850979956 
242.8726850979956 
242.8726850979956 
242.8726850979956 
242.8726850979956 
242.8726850979956 
242.8726850979956 
242.8726850979956 
242.8726850979956 
242.8726850979956 
242.8726850979956 
242.8726850979956 
242.8726850979956 
242.8726850979956 
242.8726850979956 
242.8726850979956 
242.8726850979956 
242.8726850979956 
242.8726850979956 
242.8726850979956 
242.8726850979956 
242.8726850979956 
242.8726850979956 
242.8726850979956 
242.8726850979956 
242.8726850979956 
242.8726850979956 
242.8726850979956 
242.8726850979956 
242.8726850979956 
242.8726850979956 
242.8726850979956 
242.8726850979956 
242.8726850979956 
242.8726850979956 
242.8726850979956 
242.8726850979956 
242.8726850979956 
242.8726850979956 
242.8726850979956 
242.8726850979956 
242.8726850979956 
242.8726850979956 
242.8726850979956 
242.8726850979956 
242.8726850979956 
242.8726850979956 
242.8726850979956 
242.8726850979956 
242.8726850979956 
242.8726850979956 
242.8726850979956 
242.8726850979956 
242.8726850979956 
242.8726850979956 
242.8726850979956 
242.8726850979956 
242.8726850979956 
242.8726850979956 
242.8726850979956 
242.8726850979956 
242.8726850979956 
242.8726850979956 
242.8726850979956 
242.8726850979956 
242.8726850979956 
242.8726850979956 
242.8726850979956 
242.8726850979956 
242.8726850979956 
242.8726850979956 
242.8726850979956 
242.8726850979956 
242.8726850979956 
242.8726850979956 
242.8726850979956 
242.8726850979956 
242.8726850979956 
242.8726850979956 
242.8726850979956 
242.8726850979956 
242.8726850979956 
242.8726850979956 
242.8726850979956 
242.8726850979956 
242.8726850979956 
242.8726850979956 
242.8726850979956 
242.8726850979956 
242.8726850979956 
242.8726850979956 
242.8726850979956 
242.8726850979956 
242.8726850979956 
242.8726850979956 
242.8726850979956 
242.8726850979956 
242.8726850979956 
242.8726850979956 
242.8726850979956 
242.8726850979956 
242.8726850979956 
242.8726850979956 
242.8726850979956 
242.8726850979956 
242.8726850979956 
242.8726850979956 
242.8726850979956 
242.8726850979956 
242.8726850979956 
242.8726850979956 
242.8726850979956 
242.8726850979956 
242.8726850979956 
242.8726850979956 
242.8726850979956 
242.8726850979956 
242.8726850979956 
242.8726850979956 
242.8726850979956 
242.8726850979956 
242.8726850979956 
242.8726850979956 
242.8726850979956 
242.8726850979956 
242.8726850979956 
242.8726850979956 
242.8726850979956 
242.8726850979956 
242.8726850979956 
242.8726850979956 
242.8726850979956 
242.8726850979956 
242.8726850979956 
242.8726850979956 
242.8726850979956 
242.8726850979956 
242.8726850979956 
242.8726850979956 
242.8726850979956 
242.8726850979956 
242.8726850979956 
242.8726850979956 
242.8726850979956 
242.8726850979956 
242.8726850979956 
242.8726850979956 
242.8726850979956 
242.8726850979956 
242.8726850979956 
242.8726850979956 
242.8726850979956 
242.8726850979956 
242.8726850979956 
242.8726850979956 
242.8726850979956 
242.8726850979956 
242.8726850979956 
242.8726850979956 
242.8726850979956 
242.8726850979956 
242.8726850979956 
242.8726850979956 
242.8726850979956 
242.8726850979956 
242.8726850979956 
242.8726850979956 
242.8726850979956 
242.8726850979956 
242.8726850979956 
242.8726850979956 
242.8726850979956 
242.8726850979956 
242.8726850979956 
242.8726850979956 
242.8726850979956 
242.8726850979956 
242.8726850979956 
242.8726850979956 
242.8726850979956 
242.8726850979956 
242.8726850979956 
242.8726850979956 
242.8726850979956 
242.8726850979956 
242.8726850979956 
242.8726850979956 
242.8726850979956 
242.8726850979956 
242.8726850979956 
242.8726850979956 
242.8726850979956 
242.8726850979956 
242.8726850979956 
242.8726850979956 
242.8726850979956 
242.8726850979956 
242.8726850979956 
242.8726850979956 
242.8726850979956 
242.8726850979956 
242.8726850979956 
242.8726850979956 
242.8726850979956 
242.8726850979956 
242.8726850979956 
242.8726850979956 
242.8726850979956 
242.8726850979956 
242.8726850979956 
242.8726850979956 
242.8726850979956 
242.8726850979956 
242.8726850979956 
242.8726850979956 
242.8726850979956 
242.8726850979956 
242.8726850979956 
242.8726850979956 
242.8726850979956 
242.8726850979956 
242.8726850979956 
242.8726850979956 
242.8726850979956 
242.8726850979956 
242.8726850979956 
242.8726850979956 
242.8726850979956 
242.8726850979956 
242.8726850979956 
242.8726850979956 
242.8726850979956 
242.8726850979956 
242.8726850979956 
242.8726850979956 
242.8726850979956 
242.8726850979956 
242.8726850979956 
242.8726850979956 
242.8726850979956 
242.8726850979956 
242.8726850979956 
242.8726850979956 
242.8726850979956 
242.8726850979956 
242.8726850979956 
242.8726850979956 
242.8726850979956 
242.8726850979956 
242.8726850979956 
242.8726850979956 
242.8726850979956 
242.8726850979956 
242.8726850979956 
242.8726850979956 
242.8726850979956 
242.8726850979956 
242.8726850979956 
242.8726850979956 
242.8726850979956 
242.8726850979956 
242.8726850979956 
242.8726850979956 
242.8726850979956 
242.8726850979956 
242.8726850979956 
242.8726850979956 
242.8726850979956 
242.8726850979956 
242.8726850979956 
242.8726850979956 
242.8726850979956 
242.8726850979956 
242.8726850979956 
242.8726850979956 
242.8726850979956 
242.8726850979956 
242.8726850979956 
242.8726850979956 
242.8726850979956 
242.8726850979956 
242.8726850979956 
242.8726850979956 
242.8726850979956 
242.8726850979956 
242.8726850979956 
242.8726850979956 
242.8726850979956 
242.8726850979956 
242.8726850979956 
242.8726850979956 
242.8726850979956 
242.8726850979956 
242.8726850979956 
242.8726850979956 
242.8726850979956 
242.8726850979956 
242.8726850979956 
242.8726850979956 
242.8726850979956 
242.8726850979956 
242.8726850979956 
242.8726850979956 
242.8726850979956 
242.8726850979956 
242.8726850979956 
242.8726850979956 
242.8726850979956 
242.8726850979956 
242.8726850979956 
242.8726850979956 
242.8726850979956 
242.8726850979956 
242.8726850979956 
242.8726850979956 
242.8726850979956 
242.8726850979956 
242.8726850979956 
242.8726850979956 
242.8726850979956 
242.8726850979956 
242.8726850979956 
242.8726850979956 
242.8726850979956 
242.8726850979956 
242.8726850979956 
242.8726850979956 
242.8726850979956 
242.8726850979956 
242.8726850979956 
242.8726850979956 
242.8726850979956 
242.8726850979956 
242.8726850979956 
242.8726850979956 
242.8726850979956 
242.8726850979956 
242.8726850979956 
242.8726850979956 
242.8726850979956 
242.8726850979956 
242.8726850979956 
242.8726850979956 
242.8726850979956 
242.8726850979956 
242.8726850979956 
242.8726850979956 
242.8726850979956 
242.8726850979956 
242.8726850979956 
242.8726850979956 
242.8726850979956 
242.8726850979956 
242.8726850979956 
242.8726850979956 
242.8726850979956 
242.8726850979956 
242.8726850979956 
242.8726850979956 
242.8726850979956 
242.8726850979956 
242.8726850979956 
242.8726850979956 
242.8726850979956 
242.8726850979956 
242.8726850979956 
242.8726850979956 
242.8726850979956 
242.8726850979956 
242.8726850979956 
242.8726850979956 
242.8726850979956 
242.8726850979956 
242.8726850979956 
242.8726850979956 
242.8726850979956 
242.8726850979956 
242.8726850979956 
242.8726850979956 
242.8726850979956 
242.8726850979956 
242.8726850979956 
242.8726850979956 
242.8726850979956 
242.8726850979956 
242.8726850979956 
242.8726850979956 
242.8726850979956 
242.8726850979956 
242.8726850979956 
242.8726850979956 
242.8726850979956 
242.8726850979956 
242.8726850979956 
242.8726850979956 
242.8726850979956 
242.8726850979956 
242.8726850979956 
242.8726850979956 
242.8726850979956 
242.8726850979956 
242.8726850979956 
242.8726850979956 
242.8726850979956 
242.8726850979956 
242.8726850979956 
242.8726850979956 
242.8726850979956 
242.8726850979956 
242.8726850979956 
242.8726850979956 
242.8726850979956 
242.8726850979956 
242.8726850979956 
242.8726850979956 
242.8726850979956 
242.8726850979956 
242.8726850979956 
242.8726850979956 
242.8726850979956 
242.8726850979956 
242.8726850979956 
242.8726850979956 
242.8726850979956 
242.8726850979956 
242.8726850979956 
242.8726850979956 
242.8726850979956 
242.8726850979956 
242.8726850979956 
242.8726850979956 
242.8726850979956 
242.8726850979956 
242.8726850979956 
242.8726850979956 
242.8726850979956 
242.8726850979956 
242.8726850979956 
242.8726850979956 
242.8726850979956 
242.8726850979956 
242.8726850979956 
242.8726850979956 
242.8726850979956 
242.8726850979956 
242.8726850979956 
242.8726850979956 
242.8726850979956 
242.8726850979956 
242.8726850979956 
242.8726850979956 
242.8726850979956 
242.8726850979956 
242.8726850979956 
242.8726850979956 
242.8726850979956 
242.8726850979956 
242.8726850979956 
242.8726850979956 
242.8726850979956 
242.8726850979956 
242.8726850979956 
242.8726850979956 
242.8726850979956 
242.8726850979956 
242.8726850979956 
242.8726850979956 
242.8726850979956 
242.8726850979956 
242.8726850979956 
242.8726850979956 
242.8726850979956 
242.8726850979956 
242.8726850979956 
242.8726850979956 
242.8726850979956 
242.8726850979956 
242.8726850979956 
242.8726850979956 
242.8726850979956 
242.8726850979956 
242.8726850979956 
242.8726850979956 
242.8726850979956 
242.8726850979956 
242.8726850979956 
242.8726850979956 
242.8726850979956 
242.8726850979956 
242.8726850979956 
242.8726850979956 
242.8726850979956 
242.8726850979956 
242.8726850979956 
242.8726850979956 
242.8726850979956 
242.8726850979956 
242.8726850979956 
242.8726850979956 
242.8726850979956 
242.8726850979956 
242.8726850979956 
242.8726850979956 
242.8726850979956 
242.8726850979956 
242.8726850979956 
242.8726850979956 
242.8726850979956 
242.8726850979956 
242.8726850979956 
242.8726850979956 
242.8726850979956 
242.8726850979956 
242.8726850979956 
242.8726850979956 
242.8726850979956 
242.8726850979956 
242.8726850979956 
242.8726850979956 
242.8726850979956 
242.8726850979956 
242.8726850979956 
242.8726850979956 
242.8726850979956 
242.8726850979956 
242.8726850979956 
242.8726850979956 
242.8726850979956 
242.8726850979956 
242.8726850979956 
242.8726850979956 
242.8726850979956 
242.8726850979956 
242.8726850979956 
242.8726850979956 
242.8726850979956 
242.8726850979956 
242.8726850979956 
242.8726850979956 
242.8726850979956 
242.8726850979956 
242.8726850979956 
242.8726850979956 
242.8726850979956 
242.8726850979956 
242.8726850979956 
242.8726850979956 
242.8726850979956 
242.8726850979956 
242.8726850979956 
242.8726850979956 
242.8726850979956 
242.8726850979956 
242.8726850979956 
242.8726850979956 
242.8726850979956 
242.8726850979956 
242.8726850979956 
242.8726850979956 
242.8726850979956 
242.8726850979956 
242.8726850979956 
242.8726850979956 
242.8726850979956 
242.8726850979956 
242.8726850979956 
242.8726850979956 
242.8726850979956 
242.8726850979956 
242.8726850979956 
242.8726850979956 
242.8726850979956 
242.8726850979956 
242.8726850979956 
242.8726850979956 
242.8726850979956 
242.8726850979956 
242.8726850979956 
242.8726850979956 
242.8726850979956 
242.8726850979956 
242.8726850979956 
242.8726850979956 
242.8726850979956 
242.8726850979956 
242.8726850979956 
242.8726850979956 
242.8726850979956 
242.8726850979956 
242.8726850979956 
242.8726850979956 
242.8726850979956 
242.8726850979956 
242.8726850979956 
242.8726850979956 
242.8726850979956 
242.8726850979956 
242.8726850979956 
242.8726850979956 
242.8726850979956 
242.8726850979956 
242.8726850979956 
242.8726850979956 
242.8726850979956 
242.8726850979956 
242.8726850979956 
242.8726850979956 
242.8726850979956 
242.8726850979956 
242.8726850979956 
242.8726850979956 
242.8726850979956 
242.8726850979956 
242.8726850979956 
242.8726850979956 
242.8726850979956 
242.8726850979956 
242.8726850979956 
242.8726850979956 
242.8726850979956 
242.8726850979956 
242.8726850979956 
242.8726850979956 
242.8726850979956 
242.8726850979956 
242.8726850979956 
242.8726850979956 
242.8726850979956 
242.8726850979956 
242.8726850979956 
242.8726850979956 
242.8726850979956 
242.8726850979956 
242.8726850979956 
242.8726850979956 
242.8726850979956 
242.8726850979956 
242.8726850979956 
242.8726850979956 
242.8726850979956 
242.8726850979956 
242.8726850979956 
242.8726850979956 
242.8726850979956 
242.8726850979956 
242.8726850979956 
242.8726850979956 
242.8726850979956 
242.8726850979956 
242.8726850979956 
242.8726850979956 
242.8726850979956 
242.8726850979956 
242.8726850979956 
242.8726850979956 
242.8726850979956 
242.8726850979956 
242.8726850979956 
242.8726850979956 
242.8726850979956 
242.8726850979956 
242.8726850979956 
242.8726850979956 
242.8726850979956 
242.8726850979956 
242.8726850979956 
242.8726850979956 
242.8726850979956 
242.8726850979956 
242.8726850979956 
242.8726850979956 
242.8726850979956 
242.8726850979956 
242.8726850979956 
242.8726850979956 
242.8726850979956 
242.8726850979956 
242.8726850979956 
242.8726850979956 
242.8726850979956 
242.8726850979956 
242.8726850979956 
242.8726850979956 
242.8726850979956 
242.8726850979956 
242.8726850979956 
242.8726850979956 
242.8726850979956 
242.8726850979956 
242.8726850979956 
242.8726850979956 
242.8726850979956 
242.8726850979956 
242.8726850979956 
242.8726850979956 
242.8726850979956 
242.8726850979956 
242.8726850979956 
242.8726850979956 
242.8726850979956 
242.8726850979956 
242.8726850979956 
242.8726850979956 
242.8726850979956 
242.8726850979956 
242.8726850979956 
242.8726850979956 
242.8726850979956 
242.8726850979956 
242.8726850979956 
242.8726850979956 
242.8726850979956 
242.8726850979956 
242.8726850979956 
242.8726850979956 
242.8726850979956 
242.8726850979956 
242.8726850979956 
242.8726850979956 
242.8726850979956 
242.8726850979956 
242.8726850979956 
242.8726850979956 
242.8726850979956 
242.8726850979956 
242.8726850979956 
242.8726850979956 
242.8726850979956 
242.8726850979956 
242.8726850979956 
242.8726850979956 
242.8726850979956 
242.8726850979956 
242.8726850979956 
242.8726850979956 
242.8726850979956 
242.8726850979956 
242.8726850979956 
242.8726850979956 
242.8726850979956 
242.8726850979956 
242.8726850979956 
242.8726850979956 
242.8726850979956 
242.8726850979956 
242.8726850979956 
242.8726850979956 
242.8726850979956 
242.8726850979956 
242.8726850979956 
242.8726850979956 
242.8726850979956 
242.8726850979956 
242.8726850979956 
242.8726850979956 
242.8726850979956 
242.8726850979956 
242.8726850979956 
242.8726850979956 
242.8726850979956 
242.8726850979956 
242.8726850979956 
242.8726850979956 
242.8726850979956 
242.8726850979956 
242.8726850979956 
242.8726850979956 
242.8726850979956 
242.8726850979956 
242.8726850979956 
242.8726850979956 
242.8726850979956 
242.8726850979956 
242.8726850979956 
242.8726850979956 
242.8726850979956 
242.8726850979956 
242.8726850979956 
242.8726850979956 
242.8726850979956 
242.8726850979956 
242.8726850979956 
242.8726850979956 
242.8726850979956 
242.8726850979956 
242.8726850979956 
242.8726850979956 
242.8726850979956 
242.8726850979956 
242.8726850979956 
242.8726850979956 
242.8726850979956 
242.8726850979956 
242.8726850979956 
242.8726850979956 
242.8726850979956 
242.8726850979956 
242.8726850979956 
242.8726850979956 
242.8726850979956 
242.8726850979956 
242.8726850979956 
242.8726850979956 
242.8726850979956 
242.8726850979956 
242.8726850979956 
242.8726850979956 
242.8726850979956 
242.8726850979956 
242.8726850979956 
242.8726850979956 
242.8726850979956 
242.8726850979956 
242.8726850979956 
242.8726850979956 
242.8726850979956 
242.8726850979956 
242.8726850979956 
242.8726850979956 
242.8726850979956 
242.8726850979956 
242.8726850979956 
242.8726850979956 
242.8726850979956 
242.8726850979956 
242.8726850979956 
242.8726850979956 
242.8726850979956 
242.8726850979956 
242.8726850979956 
242.8726850979956 
242.8726850979956 
242.8726850979956 
242.8726850979956 
242.8726850979956 
242.8726850979956 
242.8726850979956 
242.8726850979956 
242.8726850979956 
242.8726850979956 
242.8726850979956 
242.8726850979956 
242.8726850979956 
242.8726850979956 
242.8726850979956 
242.8726850979956 
242.8726850979956 
242.8726850979956 
242.8726850979956 
242.8726850979956 
242.8726850979956 
242.8726850979956 
242.8726850979956 
242.8726850979956 
242.8726850979956 
242.8726850979956 
242.8726850979956 
242.8726850979956 
242.8726850979956 
242.8726850979956 
242.8726850979956 
242.8726850979956 
242.8726850979956 
242.8726850979956 
242.8726850979956 
242.8726850979956 
242.8726850979956 
242.8726850979956 
242.8726850979956 
242.8726850979956 
242.8726850979956 
242.8726850979956 
242.8726850979956 
242.8726850979956 
242.8726850979956 
242.8726850979956 
242.8726850979956 
242.8726850979956 
242.8726850979956 
242.8726850979956 
242.8726850979956 
242.8726850979956 
242.8726850979956 
242.8726850979956 
242.8726850979956 
242.8726850979956 
242.8726850979956 
242.8726850979956 
242.8726850979956 
242.8726850979956 
242.8726850979956 
242.8726850979956 
242.8726850979956 
242.8726850979956 
242.8726850979956 
242.8726850979956 
242.8726850979956 
242.8726850979956 
242.8726850979956 
242.8726850979956 
242.8726850979956 
242.8726850979956 
242.8726850979956 
242.8726850979956 
242.8726850979956 
242.8726850979956 
242.8726850979956 
242.8726850979956 
242.8726850979956 
242.8726850979956 
242.8726850979956 
242.8726850979956 
242.8726850979956 
242.8726850979956 
242.8726850979956 
242.8726850979956 
242.8726850979956 
242.8726850979956 
242.8726850979956 
242.8726850979956 
242.8726850979956 
242.8726850979956 
242.8726850979956 
242.8726850979956 
242.8726850979956 
242.8726850979956 
242.8726850979956 
242.8726850979956 
242.8726850979956 
242.8726850979956 
242.8726850979956 
242.8726850979956 
242.8726850979956 
242.8726850979956 
242.8726850979956 
242.8726850979956 
242.8726850979956 
242.8726850979956 
242.8726850979956 
242.8726850979956 
242.8726850979956 
242.8726850979956 
242.8726850979956 
242.8726850979956 
242.8726850979956 
242.8726850979956 
242.8726850979956 
242.8726850979956 
242.8726850979956 
242.8726850979956 
242.8726850979956 
242.8726850979956 
242.8726850979956 
242.8726850979956 
242.8726850979956 
242.8726850979956 
242.8726850979956 
242.8726850979956 
242.8726850979956 
242.8726850979956 
242.8726850979956 
242.8726850979956 
242.8726850979956 
242.8726850979956 
242.8726850979956 
242.8726850979956 
242.8726850979956 
242.8726850979956 
242.8726850979956 
242.8726850979956 
242.8726850979956 
242.8726850979956 
242.8726850979956 
242.8726850979956 
242.8726850979956 
242.8726850979956 
242.8726850979956 
242.8726850979956 
242.8726850979956 
242.8726850979956 
242.8726850979956 
242.8726850979956 
242.8726850979956 
242.8726850979956 
242.8726850979956 
242.8726850979956 
242.8726850979956 
242.8726850979956 
242.8726850979956 
242.8726850979956 
242.8726850979956 
242.8726850979956 
242.8726850979956 
242.8726850979956 
242.8726850979956 
242.8726850979956 
242.8726850979956 
242.8726850979956 
242.8726850979956 
242.8726850979956 
242.8726850979956 
242.8726850979956 
242.8726850979956 
242.8726850979956 
242.8726850979956 
242.8726850979956 
242.8726850979956 
242.8726850979956 
242.8726850979956 
242.8726850979956 
242.8726850979956 
242.8726850979956 
242.8726850979956 
242.8726850979956 
242.8726850979956 
242.8726850979956 
242.8726850979956 
242.8726850979956 
242.8726850979956 
242.8726850979956 
242.8726850979956 
242.8726850979956 
242.8726850979956 
242.8726850979956 
242.8726850979956 
242.8726850979956 
242.8726850979956 
242.8726850979956 
242.8726850979956 
242.8726850979956 
242.8726850979956 
242.8726850979956 
242.8726850979956 
242.8726850979956 
242.8726850979956 
242.8726850979956 
242.8726850979956 
242.8726850979956 
242.8726850979956 
242.8726850979956 
242.8726850979956 
