0,1
998.2562189054727 
998.6545796314446 
998.5105463905932 
1006.6489587024911 
1012.5532970464171 
1011.4362600624311 
1009.3617628064571 
1014.149064166397 
1011.1171066384351 
1010.3192230784451 
1010.3192230784451 
1019.893825798325 
1023.723666886277 
1028.989698382211 
1048.7772106699626 
1050.0538243659466 
1040.479221646067 
1044.9473695820107 
1035.8514969981247 
1029.468428518205 
1029.947158654199 
1032.500386046167 
1031.223772350183 
1032.3408093341689 
1039.8409147980747 
1042.5537189020408 
1048.6176339579647 
1056.1177394218707 
1057.5539298298527 
1056.9156229818607 
1059.1496969498326 
1054.0432421658966 
1047.6601736859768 
1049.8942476539487 
1053.4049353179048 
1053.8836654538986 
1061.3837709178047 
1062.3412311897928 
1081.9691667655466 
1087.7139283974743 
1091.3841927734284 
1101.1183722053063 
1114.8419694371341 
1106.7035571252363 
1107.341863973228 
1104.3099064452663 
1101.7566790532983 
1106.2248269892423 
1106.7035571252363 
1121.703768053048 
1123.4591118850262 
1142.608317324786 
1144.363661156764 
1144.523237868762 
1152.9808036046556 
1158.4064118125877 
1173.0874693164037 
1182.3429186122876 
1194.3111720121374 
1166.8639775484817 
1166.8639775484817 
1179.6301145083216 
1170.8533953484316 
1147.3158303287269 
1118.990963949082 
1112.607895469162 
1137.741227608847 
1143.326412528777 
1125.772974208997 
1115.4004879291272 
1115.001546149132 
1130.161333788942 
1168.4597446684616 
1199.5772035080713 
1208.7528644479562 
1257.423761607346 
1258.6205869473308 
1440.5380386250492 
1697.456544941827 
1674.317921702117 
1606.8967608829628 
1605.6999355429778 
1713.8131579216217 
1560.2205726235482 
1572.587767803393 
1638.4131615025674 
1629.2375005626825 
1592.534856803143 
1606.4978191029677 
1656.3655416023423 
1763.2819386410013 
1778.8406680608061 
1714.4658266736938 
1712.7220455791664 
1723.765947690233 
1720.8112670703438 
1721.0422472526589 
1737.3185836048963 
1748.5400266264458 
1728.4526505461079 
1712.805630535019 
1719.8492653575197 
1713.176348157256 
1631.2477536429055 
1603.0732143529028 
1633.8427769985637 
1609.7461315531666 
1638.6621060876432 
1670.9145392222517 
1697.9769256455438 
1670.9145392222517 
1645.705740910144 
1598.9953205082973 
1601.9610614861922 
1586.76163897448 
1571.1914988405313 
1509.2816559269725 
1500.3844329932874 
1497.7894096376292 
1518.9203141051314 
1646.0764585323807 
1631.2477536429055 
1760.6282038035763 
1769.8961443594983 
1741.7216050694956 
1703.16697235686 
1677.5874564225155 
1683.8896560005423 
1689.4504203340957 
1675.3631506890943 
1693.1575965564643 
1739.868016958311 
1741.3508874472586 
1755.43815709226 
1732.4536645135736 
1729.4879235356784 
1721.702853468704 
1700.201231378965 
1686.1139617339636 
1680.9239150226474 
1688.3382674673849 
1647.1886113990913 
1647.9300466435652 
1647.5593290213283 
1629.7648831539582 
1689.8211379563324 
1700.201231378965 
1702.7962547346233 
1664.9830572664616 
1650.1543523769865 
1676.104585933568 
1646.0764585323807 
1598.6246028860603 
1611.9704372865879 
1576.0108279296107 
1558.2163820622404 
1580.4594393964533 
1576.3815455518475 
1582.6837451298745 
1570.8207812182943 
1585.6494861077695 
1584.9080508632958 
1571.1914988405313 
1579.3472865297426 
1537.8269128392121 
1545.2412652839498 
1576.3815455518475 
1580.8301570186902 
1558.5870996844774 
1571.932934085005 
1589.3566623301383 
1571.1914988405313 
1567.8550402403994 
1571.1914988405313 
1558.2163820622404 
1553.767770595398 
1548.2070062618448 
1581.9423098854008 
1572.303651707242 
1571.932934085005 
1583.0544627521115 
1583.4251803743482 
1574.1572398184262 
1570.4500635960576 
1566.7428873736887 
1570.8207812182943 
1570.8207812182943 
1580.4594393964533 
1604.9268024640871 
1610.8582844198772 
1611.9704372865879 
1654.973681466066 
1658.6808576884346 
1682.406785511595 
1707.6155838237028 
1659.4222929329085 
1660.1637281773822 
1687.9675498451481 
1749.877392758707 
1724.2978768243622 
1703.16697235686 
1681.665350267121 
1689.4504203340957 
1695.0111846676489 
1718.3663948685721 
1733.5658173802842 
1705.3912780902815 
1808.4507770721336 
1880.740713408325 
1927.7351035088052 
1925.9913224142779 
1922.907259967889 
1891.8124498997258 
1875.7307532971354 
1859.4747002316935 
1872.1452913168482 
1805.8977315154782 
1785.763691189631 
1764.0189276377157 
1745.898291344453 
1765.6296508637834 
1741.8714832792834 
1717.7106348882667 
1767.643054896368 
1722.945485372987 
1759.5894387660292 
1732.2071439228766 
1757.5760347334444 
1708.8516571448938 
1685.4961703669107 
1719.7240389208514 
1510.3300195320385 
1517.1755932428266 
1570.7321405095806 
1558.6517163140722 
1580.3964798659874 
1606.168051483072 
1610.5975403547584 
1570.7321405095806 
1625.0940493893686 
1618.2484756785805 
1646.436132134767 
1655.6977906846566 
1603.3492858374534 
1677.039873430055 
1658.1138755237582 
1656.1004714911735 
1632.3423039066736 
1656.9058331042074 
1625.8994110024025 
1652.4763442325211 
1662.5433643954448 
1686.7042127864615 
1701.6034026275886 
1709.6570187579277 
1714.891869242648 
1728.1803358577072 
1710.0596995644446 
1706.838253112309 
1691.939063271182 
1697.5765945624191 
1700.7980410145549 
1695.1605097233175 
1730.193739890292 
1706.0328914992751 
1726.9722934381564 
1735.0259095684953 
1726.1669318251224 
1724.5562085990548 
1736.6366327945632 
1731.8044631163598 
1748.7170569900716 
1740.6634408597326 
1735.4285903750124 
1708.4489763383767 
1722.945485372987 
1697.1739137559023 
1663.7514068149956 
1636.7717927783601 
1641.2012816500464 
1647.2414937478006 
1635.1610695522922 
1623.4833261633007 
1591.268861641945 
1605.765370676555 
1626.7047726154365 
1607.3760939026229 
1593.6849464810466 
1577.1750334138517 
1696.3685521428683 
1665.3621300410634 
1641.2012816500464 
1699.187317788487 
1703.6168066601736 
1683.885447140843 
1694.7578289168007 
1669.7916189127498 
1675.429150203987 
1663.3487260084787 
1710.8650611774785 
1725.7642510186056 
1722.140123759953 
1721.334762146919 
1731.8044631163598 
1718.9186773078175 
1712.8784652100633 
1704.4221682732073 
1713.2811460165801 
1696.7712329493854 
1691.536382464665 
1687.5095743994955 
1689.9256592385973 
1684.28812794736 
1682.677404721292 
1694.7578289168007 
1662.9460452019616 
1667.3755340736482 
1662.140683588928 
1663.3487260084787 
1672.6103845583684 
1681.4693623017413 
1688.3149360125294 
1696.7712329493854 
1705.6302106927583 
1702.0060834341057 
1696.7712329493854 
1699.5899985950039 
1701.2007218210717 
1707.240933918826 
1698.0105112695355 
1694.127837859725 
1698.5687834849098 
1697.2108786655592 
1694.506598387935 
1695.3193706389202 
1698.3613225401295 
1695.5137449835672 
1692.1029243543792 
1686.9778175650933 
1684.8426174970575 
1684.3112691368178 
1683.7791577488351 
1679.055880658243 
1675.9089883024408 
1654.9751904086615 
1669.7404226174215 
1666.7050305737828 
1650.8003087334932 
1680.2822321447616 
1681.4459922794167 
1767.9521622887958 
1753.987040672932 
1801.3132861489148 
1817.6059280340894 
1810.6233672261576 
1841.6569708169661 
1778.4260035006937 
1814.1146476301235 
1800.5374460591447 
1776.098483231383 
1793.942805296098 
1845.536171265817 
1795.8824055205234 
1818.7696881687448 
1826.916009111332 
1904.1120980434684 
1883.1644156196726 
1875.7939347668555 
1874.6301746322001 
1890.9228165173747 
1897.5174572804215 
1921.9564201081832 
1924.283940377494 
1939.8007421728983 
1879.2852151708214 
1881.6127354401322 
1897.9053773253065 
1897.1295372355364 
1876.9576949015109 
1866.871773734498 
1862.2167331958767 
1813.3388075403532 
1812.562967450583 
1670.5842310226337 
1682.221832369187 
1703.945354882753 
1721.789676947468 
1691.5319134464296 
1693.8594337157401 
1705.4970350622934 
1698.5144742543614 
1694.6352738055105 
1696.1869539850509 
1637.2231071625145 
1649.636548598838 
1666.3171105288975 
1622.8700655017656 
1629.4647062648123 
1615.4995846489485 
1634.1197468034336 
1622.4821454568805 
1643.4298278806764 
1664.765430349357 
1699.3539332314929 
1697.6101521369656 
1693.517817814701 
1698.5343885704851 
1681.7197673306516 
1689.9319684793472 
1694.890276920174 
1689.915564849706 
1713.6411147242459 
1707.5183921759774 
1707.5183921759774 
1714.789125202046 
1729.3305912541834 
1713.258444564979 
1670.3993867271006 
1681.496821345837 
1674.608758479035 
1647.821847330361 
1635.959072393091 
1649.3525279674282 
1630.6016901633561 
1571.2878154770065 
1630.6016901633561 
1579.7065589808756 
1546.796925283933 
1542.2048833727317 
1558.277030061936 
1545.6489148061328 
1542.9702236912653 
1508.147239197989 
1428.1691759112337 
1345.5124215096107 
1317.1948297238696 
1275.4837823637913 
1269.7437299747899 
1265.917028382122 
1255.2022639226525 
1254.054253444852 
1250.2275518521844 
1265.917028382122 
1254.054253444852 
1249.8448816929176 
1200.097760988237 
1223.4406407035103 
1218.0832584737755 
1190.531007006568 
1175.9895409544306 
1163.7440958578936 
1215.404567358908 
1261.3249864709207 
1255.9676042411859 
1220.761949588643 
1260.5596461523871 
1284.285196026927 
1273.1877614081907 
1264.7690179043218 
1230.3287035703122 
1217.3179181552418 
1193.9750384399688 
1181.3469231841655 
1170.6321587246957 
1186.3216352546333 
1210.8125254477068 
1242.9568188261158 
1252.9062429670519 
1258.2636251967865 
1267.447709019189 
1237.5994365963809 
1238.747447074181 
1312.6027878126683 
1344.747081191077 
1345.129751350344 
1367.3246205878168 
1384.1621075955547 
1373.8300132953518 
1376.891374569486 
1360.8192278802817 
1348.9564529430118 
1393.3461914179572 
1402.5302752403597 
1396.7902228513583 
1386.8407987104222 
1391.8155107808902 
1387.6061390289556 
1388.754149506756 
1392.9635212586904 
1394.8768720550243 
1368.472631065617 
1366.94195042855 
1399.086243806959 
1396.7902228513583 
1368.8553012248838 
1350.4871335800788 
1311.8374474941347 
1355.4618456505468 
1340.1550392798758 
1310.3067668570677 
1306.097395105133 
1307.6280757422003 
1295.3826306456635 
1273.5704315674575 
1237.216766437114 
1222.29263022571 
1258.6462953560533 
1258.6462953560533 
1280.0758242749926 
1271.6570807711237 
1275.1011122045245 
1256.7329445597195 
1259.7943058338537 
1259.7943058338537 
1273.5704315674575 
1268.5957194969894 
1252.9062429670519 
1243.7221591446491 
1205.8378133772387 
1253.6715832855853 
1249.8448816929176 
1273.1877614081907 
1263.2383372672546 
1264.0036775857882 
1269.7437299747899 
1262.4729969487212 
1256.3502744004527 
1231.0940438888458 
1232.6247245259128 
1247.1661905780502 
1258.2636251967865 
1246.4008502595166 
1245.2528397817164 
1220.761949588643 
1213.4912165625742 
1249.4622115336508 
1256.3502744004527 
1254.4369236041189 
1253.2889131263184 
1260.942316311654 
1234.5380753222466 
1218.0832584737755 
1192.4443578029018 
1165.6574466542277 
1172.9281796802964 
1143.4625774167548 
1126.6250904090168 
1121.6503783385488 
1110.1702735605456 
1092.9501163935408 
1083.3833624118715 
1128.5384412053506 
1113.9969751532135 
1107.1089122864114 
1149.5852999650233 
1130.0691218424176 
1117.8236767458811 
1116.6756662680807 
1122.0330484978156 
1117.0583364273475 
1120.5023678607486 
1113.9969751532135 
1075.3472890672692 
1064.6325246077997 
1074.9646189080026 
1070.755247156068 
1063.1018439707327 
1070.3725769968014 
1080.704671297004 
1092.1847760750074 
1104.0475510122774 
1137.7225250277534 
1143.079907257488 
1112.848964675413 
1100.6035195788763 
1079.556660819204 
1094.0981268713413 
1104.0475510122774 
1089.2473999324757 
1087.5036188379484 
1080.7222472431076 
1065.1346093411712 
1054.7277734344602 
1053.478336878065 
1047.231154096089 
1064.3067870334899 
1059.7255196600408 
1063.0573504770946 
1075.968194893178 
1094.2932643869735 
1070.9704486675973 
1073.8858006325192 
1072.6363640761242 
1063.4738293292262 
1062.2714707424702 
1059.7269604694081 
1055.1287731230968 
1050.1950219196324 
1058.7983655125176 
1046.2192936336999 
1037.2754752206693 
1040.883550722617 
1032.0294411613659 
1033.269776213483 
1016.3185305012153 
1007.2227401190228 
1019.2126456228219 
1015.4916404664705 
1011.770635310119 
1008.8765201885122 
1015.4916404664705 
1036.9907813698346 
1025.82776590078 
1022.9336507791734 
1022.520205761801 
1059.3168123079433 
1036.5773363524622 
1040.711786526186 
1056.836142203709 
1027.4815459702695 
1022.1067607444286 
1019.2126456228219 
1021.2798707096838 
1032.0294411613659 
1028.3084360050143 
1035.337001300345 
1019.6260906401943 
1027.894990987642 
1031.6159961439935 
1030.7891061092487 
1034.9235562829726 
1034.9235562829726 
1034.5101112656002 
1051.8748019952404 
1043.6059016477925 
1043.19245663042 
1039.4714514740688 
1060.9705923774327 
1071.3067178117424 
1015.9050854838429 
1052.2882470126128 
1056.0092521689642 
1066.7588226206462 
1108.9302143926295 
1106.0360992710227 
1107.27643432314 
1094.8730838019685 
1086.1907384371484 
1093.219303732479 
1097.3537539062027 
1099.834424010437 
1094.459638784596 
1102.7285391320438 
1097.3537539062027 
1093.6327487498513 
1099.834424010437 
1099.834424010437 
1095.699973836713 
1105.209209236278 
1113.891554601098 
1118.026004774822 
1120.093229861684 
1101.0747590625542 
1107.27643432314 
1101.901649097299 
1084.1235133502864 
1082.4697332807968 
1076.6815030375835 
1087.8445185066378 
1099.834424010437 
1098.5940889583198 
1067.1722676380186 
1074.6142779507215 
1080.4025081939349 
1081.642843246052 
1087.4310734892654 
1079.9890631765625 
1082.0562882634244 
1084.9504033850312 
1090.3251886108721 
1089.4982985761274 
1092.8058587151065 
1086.1907384371484 
1100.6613140451818 
1106.0360992710227 
1109.343659410002 
1112.6512195489809 
1102.3150941146714 
1102.1721721274098 
1102.2674311265318 
1102.1826754229 
1092.268511844165 
1096.0934267452158 
1105.8661579143482 
1106.2570671611136 
1105.0843394208177 
1106.2570671611136 
1100.393428459634 
1100.393428459634 
1080.8479661213692 
1073.0297811860632 
1063.2851954826979 
1061.5414143881706 
1055.0515586069357 
1045.3901784431819 
1034.5039201222453 
1029.421838009245 
1027.727810638245 
1027.304303795495 
1018.8341669404945 
1010.364030085494 
1005.2819479724939 
908.7223878254891 
859.5955940664868 
867.6422240787372 
909.1458946682392 
905.757839926239 
864.2541693367369 
859.636470807308 
857.7155937778965 
854.9199893476166 
843.4261855696594 
879.5026842427344 
881.891856340289 
856.5666321062099 
860.2300293224603 
856.4073539663729 
856.2480758265359 
852.7439567501225 
851.9475660509376 
850.6733409322418 
856.8851883858838 
859.7521949029494 
855.292406987514 
878.2284591240385 
876.1578433061579 
874.2465056281142 
925.0562322361094 
922.0299475792069 
889.6964851923008 
886.3516442557243 
905.4650210361614 
903.0758489386068 
923.4634508377397 
928.2417950328489 
927.604682473501 
936.0464238848608 
927.1268480539901 
927.1268480539901 
927.1268480539901 
934.135086206817 
940.82476807997 
944.0103308767095 
942.7361057580138 
943.6917745970356 
939.5505429612742 
938.9134304019263 
938.2763178425785 
963.2829857969837 
801.6156738624533 
814.1986469095743 
794.9259919893002 
815.950706447781 
820.2512162233794 
826.7816199566954 
826.6223418168585 
827.7372887957173 
929.6752982913818 
1012.1813747269351 
1017.7561096212294 
1019.82672543911 
1031.6133077870463 
1023.9679570748714 
1021.7380631171537 
1021.7380631171537 
1026.9942417317739 
1031.772585926883 
1027.3924370813663 
993.9440277156015 
984.7855346749753 
981.5999718782358 
992.3512463172317 
983.9891439757905 
989.2360804387081 
984.0430250647643 
993.6766376413132 
985.018005333442 
981.1399276795075 
975.6459843364337 
979.5240619903682 
973.7069455094664 
959.48732744504 
944.0371272289569 
941.1780826385343 
946.8001870486107 
948.6195715245633 
947.4298131892908 
956.3114499202611 
960.5964043436359 
967.1886419180586 
967.8478656755009 
960.5964043436359 
975.428938886087 
966.5294181606164 
960.5964043436359 
957.9595093138668 
959.2779568287514 
950.3784361032807 
957.9595093138668 
939.56571377762 
939.8625284264207 
937.784247709878 
940.280314382671 
888.7239110267335 
882.6012426488395 
874.1431418687662 
857.7444371931491 
837.0165746957764 
769.9389085584455 
738.7031713228215 
746.7640067384664 
733.8090926776084 
722.7254439810966 
736.4000754897801 
739.1350017915167 
729.3468445010907 
692.9291416411236 
964.4785347056617 
649.1703208133368 
663.4207262802805 
643.4125812307334 
621.1013403481447 
651.1345240100061 
646.601783614729 
637.0290574807574 
656.1238079759445 
643.9474453413325 
643.8090775841208 
640.0731481394104 
655.0168659182525 
639.1045738389298 
647.1299037571969 
646.2996972139279 
649.7588911442155 
652.6646140456569 
657.5074855480595 
647.1299037571969 
643.1172387980635 
652.3878785312339 
646.8531682427739 
655.985440218733 
663.734034622577 
665.2560799519035 
662.627092564885 
646.5764327283509 
637.4441607523918 
632.8780247644123 
629.2804630769133 
596.6256723749991 
597.4558789182681 
569.2288564471221 
591.6444331153851 
575.1786700072166 
545.2912344495323 
553.3165643677994 
547.2283830504934 
507.79357224521567 
493.1265899807966 
469.25815186181273 
464.6920158738332 
474.446942757244 
476.17653972238776 
489.73657992911484 
492.2963834375276 
484.2710535192606 
486.7616731490676 
475.55388481493605 
492.43475119473914 
481.64206613224206 
486.2082021202216 
521.0768769375197 
501.9821264423327 
517.4793152500208 
508.0703077596387 
490.7743381082011 
485.37799557695257 
477.214297901474 
470.7110133125335 
494.23353203848865 
473.616736213975 
471.679587613014 
464.89956750965047 
464.06936096638145 
460.2642476430652 
460.74853479330545 
464.761199752439 
477.2834817800798 
503.0198846214189 
487.7302474495481 
487.4535119351251 
497.69272596877613 
498.93803578367965 
484.2710535192606 
491.7429124086816 
486.2082021202216 
496.8625194255071 
485.7930988485871 
492.43475119473914 
483.02574370435707 
484.54778903368356 
487.0384086634906 
494.9253708245461 
498.93803578367965 
499.35313905531416 
501.70539092790966 
502.12049419954417 
500.04497784137163 
503.64253952887066 
497.13925493993014 
496.8625194255071 
492.84985446637364 
491.6045446514701 
497.96946148319915 
501.84375868512114 
498.10782924041064 
501.15191989906367 
503.64253952887066 
507.79357224521567 
503.22743625723615 
505.02621710098566 
499.6298745697371 
497.55435821156465 
517.7560507644437 
521.4919802091542 
512.9131792620412 
525.6430129254993 
524.8128063822303 
526.8883227404028 
526.8883227404028 
525.2279096538648 
524.8128063822303 
522.4605545096348 
524.8128063822303 
526.3348517115568 
523.7058643245382 
526.1964839543452 
525.2279096538648 
530.9009876995362 
548.473692865397 
539.7565241610723 
541.8320405192449 
535.1903881730929 
540.5867307043413 
545.5679699639554 
541.2785694903989 
554.1467709110684 
566.3231335456805 
554.5618741827029 
512.7748115048297 
511.8062372043492 
512.0439530112385 
510.3001719167112 
502.9264242690384 
501.97536415741024 
500.91686190284287 
499.7437118636335 
504.6318370270058 
508.15128714463384 
506.00051207275004 
506.97813710542454 
511.27968724919214 
512.6483622949363 
511.08416224265727 
522.0335626086112 
524.9664377066346 
531.4187629222861 
523.9888126739602 
514.9946623733551 
513.8215123341457 
513.8215123341457 
495.83321173293564 
464.9402607004227 
449.29826017763133 
465.91788573309714 
446.5609100861428 
421.9247592627464 
427.2039344391885 
428.18155947186295 
425.2486843738396 
428.76813449146766 
423.48895931502557 
417.4276841124439 
422.90238429542086 
423.88000932809535 
420.06727170066495 
426.226309406514 
434.3405971777121 
435.51374721692144 
437.95780979860757 
437.8600472953401 
420.1650342039324 
428.2793219751304 
435.22045970711906 
403.3498836419316 
405.89170872688527 
400.41700854390825 
375.4875702107095 
373.8256076551629 
371.87035758981403 
373.7278451518955 
370.2083950342674 
364.53816984475554 
361.2142447336624 
358.86794465524366 
361.2142447336624 
362.8512865271299 
357.07810465492093 
359.03079852346224 
358.60629985638803 
354.78581185272037 
354.5311126524758 
349.34091177970663 
347.6744390238564 
342.4066858214211 
342.7854062764916 
346.63573090304163 
354.9675809145926 
362.03702940924194 
366.644794945933 
365.44551350487643 
363.2363108502985 
362.98383054691817 
366.39231464255266 
368.2859169179052 
363.2994309261436 
364.18311198797477 
364.4355922913551 
365.44551350487643 
364.3093521396649 
363.6781513812141 
359.8909468305091 
360.7746278923403 
346.25701044797114 
345.49956953783015 
334.8953967958562 
343.0378865798719 
344.9314888552244 
341.9648452905055 
341.71236498712517 
336.15779831275785 
337.4201998296595 
337.1045994504341 
335.1478770992365 
337.2939596779693 
337.1045994504341 
346.193890372126 
344.2371680209285 
340.3868433943784 
341.01804415282925 
340.1974831668432 
339.81876271177265 
340.828683925294 
334.2641960374053 
337.92516043642013 
338.1776407398005 
335.4634774784619 
337.041479374589 
334.8953967958562 
340.07124301515296 
339.313802105012 
341.3336445320547 
339.56628240839234 
341.9017252146604 
348.08749264747854 
345.9414100687457 
341.9017252146604 
338.4932411190259 
337.92516043642013 
334.3904361890955 
337.60956005719476 
327.7628282253618 
325.4905054949388 
325.80610587416425 
323.8493835229666 
321.7664210200789 
317.09553540754274 
318.54729715197965 
324.10186382634697 
327.952188452897 
328.70962936303806 
330.22451118332003 
327.88906837705196 
332.37059376205286 
331.6131528519119 
329.9089108040946 
327.06850739106585 
333.254274823884 
327.82594830120684 
318.29481684859934 
322.0189013234592 
322.1451414751494 
317.34801571092305 
314.06577176697874 
310.40480736796394 
302.2623175839482 
300.7474357636662 
299.04319371584893 
294.8141486342284 
291.97374522119964 
291.7212649178193 
296.013430075285 
297.14959144049647 
300.99991606704657 
302.32543765979324 
303.2722387974695 
300.81055583951127 
294.11982779993247 
299.9899948535252 
298.348872881553 
295.69782969605956 
298.2226327298629 
307.12256342401963 
309.64736645782295 
316.2118543457116 
315.9593740423312 
305.2920812245122 
311.03600812641474 
310.9728880505696 
321.1352202616281 
326.2479464050798 
327.06850739106585 
325.7429857983191 
325.4273854190937 
324.3543441297273 
324.73306458479783 
321.57706079254365 
315.3912933597255 
314.1288918428238 
319.8096986688813 
317.9792164693739 
311.9196891882459 
315.51753351141565 
314.8863327529648 
318.42105700028947 
320.9458600340928 
336.03155816106766 
352.94773848754994 
351.7484570464934 
353.5158191701557 
344.42652824846374 
347.77189226825317 
384.0659358791759 
404.1381199979124 
394.6701086211499 
392.14530558734657 
387.7269002781908 
382.2985737555136 
382.3616938313587 
383.56097527241525 
379.90001087340045 
383.8134555757956 
385.0127370168522 
373.33552298551183 
358.62854531360745 
363.4256710778337 
358.8179055411427 
352.0009373498737 
358.8179055411427 
361.9739093333968 
364.94055289811575 
361.5951888783263 
357.42926387255085 
344.9314888552244 
332.8124342929684 
332.8124342929684 
334.6429164924758 
340.63932369775875 
349.7286146194507 
361.4689487266362 
351.6853369706483 
348.71869340592934 
349.0974138609999 
349.8548547711409 
349.28677408853514 
346.88821120642194 
344.2371680209285 
347.1406915098023 
348.4662131025491 
351.0541362121975 
350.23357522621137 
337.54643998134964 
324.5437043572625 
330.09827103162985 
331.739393003602 
327.5734679978265 
328.89898959057325 
327.44722784613634 
329.27771004564374 
332.74931421712336 
336.53651876782834 
336.8521191470537 
335.90531800937754 
319.17849791043045 
317.53737593845835 
316.7799350283173 
319.36785813796575 
318.92601760705014 
316.1487342698665 
313.6239312360632 
317.72673616599354 
317.9792164693739 
319.93593882057144 
317.2217755592329 
320.9458600340928 
315.2019331321902 
328.01530852874214 
346.00453014459083 
343.2903668832522 
348.71869340592934 
356.8611831899451 
345.37332938613997 
332.37059376205286 
323.7231433712765 
322.5238619302199 
321.7033009442338 
327.0053873152208 
321.38770056500834 
319.74657859303625 
316.84305510416243 
315.4544134355706 
318.042336545219 
321.38770056500834 
327.82594830120684 
327.6997081495167 
320.44089942733217 
322.7763422336002 
323.02882253698056 
329.71955057655936 
327.63658807367165 
325.1749051157134 
326.9422672393757 
327.19474754275603 
327.88906837705196 
327.0053873152208 
327.5734679978265 
342.343565745576 
324.7961846606429 
334.3273161132504 
347.5194119648728 
338.556361194871 
330.2876312591651 
328.01530852874214 
327.6997081495167 
326.18482632923474 
326.0585861775445 
329.1514698939536 
328.39402898381263 
328.64650928719294 
329.97203087993967 
331.0450721693061 
330.0351509557848 
326.6266668601503 
327.5103479219814 
325.0486649640232 
319.93593882057144 
320.1884191239518 
311.73032896071066 
298.0963925781727 
294.1829478757776 
306.7438429689491 
301.31551644627194 
309.26864600275246 
307.3750437273999 
309.1424058510622 
309.9629668370483 
310.78352782303443 
311.22536835395 
310.40480736796394 
308.1324846375409 
307.6906441066253 
306.1126422104983 
304.5346403143712 
302.51479788732854 
301.8835971288777 
298.85383348831374 
307.5644039549352 
313.6239312360632 
308.2587247892311 
307.24880357570976 
305.4814414520474 
316.59057480078206 
311.28848842979505 
310.72040774718937 
311.85656911240085 
309.20552592690734 
304.5977603902163 
307.3119236515548 
308.70056532014667 
308.76368539599173 
308.5112050926114 
308.2587247892311 
307.5644039549352 
307.1856834998647 
307.3750437273999 
306.4913626655688 
304.47152023852607 
307.8168842583155 
315.012572904655 
319.62033844134606 
315.770013814796 
318.7366573795149 
319.55721836550094 
317.47425586261323 
329.34083012148886 
320.0621789722617 
321.95578124761414 
322.7132221577551 
324.3543441297273 
327.3841077702913 
335.71595778184223 
357.17678356917054 
367.21287562853877 
359.070385844523 
365.31927335318625 
361.8476691817067 
361.65830895417145 
361.65830895417145 
362.98383054691817 
355.6619017488885 
360.9008680440304 
362.857590395228 
360.9008680440304 
366.9603953251584 
368.47527714544043 
366.01359418748217 
366.9603953251584 
368.0334366145248 
368.2859169179052 
370.4951195724831 
388.48434118833177 
392.65026619410725 
391.57722490474083 
388.2318608849514 
367.52847600776414 
363.04695062276323 
342.1542055180407 
351.11725628804254 
360.1434271338894 
369.10647790389123 
374.0929638956528 
389.3049021743178 
386.90681837358034 
390.8562516879797 
392.42440903340287 
398.98743792350757 
392.48248893508526 
390.04313306442685 
385.91946004498055 
374.59387921692377 
385.3031260019108 
387.1626876554118 
402.62361454594844 
380.25574437097964 
384.9312136712106 
385.62190799965384 
385.88755966443966 
385.88755966443966 
390.61615929762786 
391.41311429198544 
383.60295534728135 
381.84965435969474 
382.4340880222236 
382.91226101883814 
381.84965435969474 
382.859130685881 
381.7433936937804 
382.27469702335213 
389.02224930891276 
394.0165006068868 
396.56675658883097 
402.3048325482054 
399.3295339026038 
391.04120196128525 
372.97688875584726 
382.6466093540523 
381.3714813630802 
375.63340540370575 
380.20261403802243 
387.21581798836894 
387.53459998611197 
388.3846853134267 
381.05269936533716 
385.4093866678252 
398.3731879093748 
401.3484865549763 
408.14916917349416 
418.5627144330996 
416.0124584511554 
424.300790392474 
421.8567950764442 
427.80739236764725 
430.35764834959144 
420.9004490832151 
428.8699990267907 
428.019913699476 
444.0652742525415 
463.7234974466946 
476.26225602458686 
482.6378959794473 
483.7005026385907 
456.1789901667764 
459.6855921419496 
476.47477735641553 
497.3018678756264 
492.30761657765237 
485.40067329322017 
474.3495640381287 
472.6493933834992 
482.42537464761864 
481.7878106521326 
474.8277370347432 
471.74617772322733 
495.6016972209969 
493.1045715720099 
484.76310929773416 
470.68357106408394 
477.0592110189444 
478.38746934287366 
475.14651903248625 
474.9339977006576 
471.00235306182697 
462.71402112050833 
464.9454951047095 
458.94176748054923 
470.7898317299983 
485.4538036261774 
490.2886639252799 
478.38746934287366 
475.8903436938866 
493.37022323679577 
470.41791939929806 
478.28120867695935 
487.79153827629284 
486.8351922830638 
491.6700525821663 
491.3512705844233 
487.68527761037853 
481.7926550758916 
479.5513615435533 
487.57330288377256 
488.56178854654837 
486.43274250364664 
488.9039566605862 
487.23113476973475 
486.35670514497156 
486.01453703093375 
489.3981994919741 
491.10904006216305 
511.37299614906766 
499.7012615924453 
502.81879329812296 
512.0953510564807 
507.4570721773019 
506.3165117971759 
519.3949374892869 
521.4479461735136 
521.6000208908638 
526.6565052427557 
524.261328444491 
520.3834231520627 
520.3454044727252 
519.1288067339242 
516.2013684249342 
510.9167719970173 
508.4455578400777 
513.9962850233574 
510.5746038829795 
518.2163584298235 
519.1288067339242 
530.9526160078967 
548.973470013887 
526.7325426014306 
539.3927628208289 
568.6291272313911 
624.2504551022005 
609.0429833671876 
623.6041375534625 
657.9730236745916 
637.0627500389489 
635.580021544785 
634.1733304092963 
643.3738508089791 
634.8196479580345 
630.5995745515684 
627.8622296392662 
623.4520628361124 
626.6076132211275 
625.999314351727 
642.575458542891 
647.4798681774326 
639.7620762719137 
630.8276866275936 
642.0812157115031 
642.4994211842159 
642.1192343908406 
650.0271196930473 
674.0169063550301 
668.9604220031383 
647.5939242154452 
646.7575132700196 
648.6964659162337 
642.8035706189162 
600.3367057988928 
585.2432901018926 
571.2524161056808 
594.7479599362756 
590.5278865298096 
596.6488939031522 
598.2456784353285 
585.0912153845425 
568.7812019487412 
575.0162653600964 
599.5763322121422 
595.9265389957391 
597.3712488105652 
616.2285137619813 
615.6962522512558 
620.3345311304347 
599.5763322121422 
605.1270593954218 
611.210048089427 
599.5763322121422 
618.7377465982584 
608.9289273291752 
623.9082869881627 
639.4199081578759 
660.1020697174934 
683.5976135480882 
682.152903733262 
664.5122365206471 
669.7588142692265 
675.5376535285313 
673.5606822029797 
675.0053920178059 
677.7427369301082 
698.9951786797888 
690.6310692255316 
755.6430108927116 
747.8491816285175 
758.8745986364017 
756.9736646695252 
851.4500828232925 
816.0927110393876 
791.760756263367 
785.8678609660495 
773.7018835780393 
710.7809692744236 
720.095545712119 
629.8011822854802 
666.869394639574 
668.9604220031383 
629.4209954921049 
613.0349446976286 
611.6662722414774 
593.6454182354871 
587.5624295414821 
594.0256050288625 
588.4748778455828 
585.3573461399052 
600.7168925922681 
601.8757616278026 
610.0779070506655 
610.0085472865915 
549.9308977116968 
548.1577726374378 
517.3888375252957 
553.8943537600406 
542.2125885649223 
560.0481407824691 
555.5631773593433 
549.6179932868276 
565.7847219050718 
568.1836558290694 
594.780531942955 
579.135310699493 
574.0245384266286 
572.5643177772388 
573.1901266269772 
569.5395750035027 
563.4900894560308 
558.796523082992 
553.2685449103021 
553.7900522850842 
554.3115596598664 
553.6857508101277 
555.250272934474 
556.0846847341254 
597.3880688168654 
576.3191708756697 
572.9815236770644 
554.1029567099534 
558.796523082992 
565.9933248549846 
590.8170758946112 
585.1847962469649 
555.0416699845612 
545.654537238484 
536.0588015424938 
543.8814121642249 
515.3028080261674 
482.34354193994045 
484.8467773388944 
504.2468516807875 
484.9510788138508 
483.69946111437383 
488.18442453749964 
490.5833584614972 
498.1973661333154 
485.78549061350213 
497.88446170844617 
498.8231749830539 
485.78549061350213 
488.6016304373253 
492.1478805858434 
431.96592953599236 
444.37780505580565 
442.81328293145947 
427.58526758782295 
433.5304516603386 
430.1928044617333 
447.1939448796289 
421.74438499026377 
429.2540911871256 
407.45508292123503 
422.4744953149587 
422.7873997398279 
422.4744953149587 
421.74438499026377 
425.08203218886905 
430.2971059366897 
442.6046799815466 
453.24343042710086 
442.81328293145947 
440.1014445825927 
450.6358935531905 
446.8810404547596 
439.78854015772345 
441.6659667069389 
431.96592953599236 
428.94118676225634 
419.44975254122267 
416.9465171422687 
427.37666463791015 
429.1497897121692 
424.8734292389562 
418.4067377916585 
416.52931124244304 
414.6518846932276 
426.1250469384332 
423.72611301443567 
433.8433560852078 
435.61648115946684 
430.2971059366897 
444.8993124305877 
441.35306228206963 
439.1627313079849 
432.9046428106001 
428.2110764375615 
432.2788339608616 
434.3648634599899 
435.7207826344233 
424.6648262890434 
422.5787967899151 
414.23467879340194 
426.2293484133896 
437.3896062337259 
437.2853047587695 
424.45622333913053 
421.64008351530737 
438.32831950833366 
429.1497897121692 
429.4626941370384 
414.02607584348914 
423.4132085895664 
420.80567171565605 
412.98306109392496 
407.66368587114783 
401.82280327358865 
399.9453767243732 
397.44214132541924 
410.8970315947967 
419.9712599160047 
421.53578204035097 
422.6830982648715 
414.96478911809686 
420.70137024069965 
416.7379141923559 
415.9035023927046 
415.3819950179225 
413.6088699436635 
403.0744209730656 
395.4604133012474 
363.3355590146718 
369.176441612231 
377.10335370891846 
404.430340147499 
386.38618498003933 
377.10335370891846 
375.7474345344851 
370.8452652115336 
366.3603017884078 
363.12695606475893 
357.8075808419818 
377.10335370891846 
368.9678386623182 
371.88827996109774 
380.0237950076981 
370.94956668649 
373.452802085444 
390.2453395534267 
386.6990894049086 
376.47754485918 
374.2872138850953 
370.0108534118823 
371.9925814360542 
375.5388315845723 
367.924823912754 
365.21298556388723 
373.3485006104876 
327.6123038420999 
324.7961640182767 
333.3488849647027 
333.97469381444114 
330.48059440340126 
332.46232242757316 
332.35802095261676 
332.2015687401821 
322.8665867315831 
315.7740864345469 
324.0660536935818 
323.54454631879975 
317.3386085588931 
326.98649499236143 
328.5510171167076 
319.4246380580214 
319.4246380580214 
314.1052628352443 
330.16768997853205 
322.44938083175737 
323.2837926314087 
322.9708882065395 
322.44938083175737 
321.6671197695843 
322.8665867315831 
328.133811216882 
327.4037008921871 
325.83917876784085 
325.63057581792805 
326.04778171775365 
322.08432566940996 
325.16121918062413 
326.04778171775365 
354.3134814309419 
352.3317534067701 
365.16083482640903 
366.5689047383206 
355.87800355528816 
357.0253197798087 
356.7124153549395 
362.136092052673 
350.50647759503283 
348.1596944085135 
347.01237818399295 
343.20537434808386 
335.0698593014835 
326.98649499236143 
333.1402820147898 
327.97735900444735 
326.1635916202242 
323.0757691956344 
322.303234354313 
324.7991161493512 
334.2478115162815 
337.100247853468 
336.6248417972702 
339.9526841906545 
337.516228152641 
337.81335693776464 
357.83983705509485 
348.4505674451893 
357.83983705509485 
350.7087462121286 
353.3829052782409 
351.7784098385735 
344.3501902104837 
355.40338101708136 
347.7374583608927 
341.6166053873466 
335.2580493857017 
343.51822961213765 
342.2108629575938 
349.63908258568364 
354.5119946617106 
349.4608053146095 
354.45256890468585 
351.7784098385735 
349.81735985675783 
349.69850834270835 
347.8563098749421 
347.67803260386796 
344.23133869643425 
337.9916342088388 
336.7436933113197 
339.1207235923084 
333.5347024319849 
335.198623628677 
341.5571796303219 
336.684267554295 
335.198623628677 
331.21709790802083 
336.20886149809724 
340.30923873280284 
335.61460392785006 
336.01704347402745 
334.07924469287207 
334.9719654892509 
334.2635115868685 
335.044360704509 
337.49845793137916 
339.7852303473263 
340.4545295910182 
332.3113887927673 
327.73784396087296 
323.6662735617475 
325.0048720491312 
326.34347053651493 
324.1682479945164 
317.30793074667486 
309.4436646332956 
308.8301403265781 
305.4278691711445 
303.3084215661203 
307.82619146104025 
302.4160225745311 
302.0255980157109 
299.57150078884075 
295.7788050745869 
298.2886772384313 
305.5951939820674 
308.27239095683484 
312.00931173411436 
310.33606362488473 
307.6588666501173 
304.9816696753499 
305.37209423417016 
305.37209423417016 
303.25264662914594 
303.25264662914594 
306.98956740642546 
307.8819663980146 
317.4194806206235 
314.7422836458561 
303.25264662914594 
303.0295468812486 
298.73487673422596 
295.6114802636639 
292.320758982179 
286.9105900956698 
290.2570863141291 
286.2970657889523 
287.0779149065928 
284.67959261669694 
289.7551118813602 
289.03003770069404 
290.70328580992367 
290.7382009204696 
288.99441982594226 
287.4518495819881 
285.8422110665577 
284.70205045146116 
283.2265484789833 
286.5128937813204 
284.5679139085087 
290.0675121695625 
279.73899836221744 
279.00124737597855 
273.50164911492465 
287.3847813105118 
277.4586771320244 
279.4036570048361 
281.7510465065054 
281.88518304945796 
280.879158977314 
281.28156860617156 
280.94622724879025 
282.55586576422064 
281.4157051491241 
289.3968294547998 
288.5920101970846 
289.6651025407049 
289.46389772627606 
292.0124920423742 
294.2928132725673 
288.8602832829897 
291.20767278465905 
293.2867892004233 
294.5610863584724 
293.42092574337585 
290.4699217984201 
285.0373918088425 
283.6960263793172 
293.0855843859945 
290.2687169839913 
288.6590784685609 
291.00646797023023 
289.93337562661 
287.1165082246067 
287.25064476755927 
285.90927933803397 
290.33578525546756 
296.37192968833153 
314.74863607282856 
316.4253428597352 
320.5835756912638 
320.7177122342163 
323.46751136474325 
325.9490374093651 
321.38839494897894 
307.97474065372563 
307.57233102486805 
308.2430137396307 
312.4012465711593 
311.6634955849203 
318.3032544610707 
320.1811660624062 
325.01008160869736 
326.5526518526515 
328.9000413543208 
324.20526235098214 
323.668716179172 
323.80285272212456 
321.4554632204552 
313.7426120006846 
319.97996124797737 
320.98598532012136 
336.88116565999655 
332.0522501137053 
329.9731336979411 
329.23538271170213 
328.6317682684158 
329.9060654264648 
328.0281538251294 
325.1442181516499 
322.9980334644094 
334.5337761583272 
342.24662737809786 
338.6249407183795 
335.4727319589949 
334.6008444298035 
325.41249123755495 
316.1570697738302 
303.6823712792446 
307.84060411077314 
307.0357848530579 
308.3771502825833 
305.02373670876995 
307.84060411077314 
307.77353583929687 
314.4803629869235 
310.9257445986814 
300.7984356057651 
302.8775520215294 
297.4450220319518 
295.5000421591401 
289.3968294547998 
293.0855843859945 
289.6651025407049 
290.93939969875396 
287.78719093936945 
286.6470303242729 
293.3538574718996 
288.8602832829897 
287.25064476755927 
288.99441982594226 
294.69522290142487 
292.0124920423742 
296.37192968833153 
294.8964277158537 
296.5060662312841 
293.9574719151859 
293.55506228632834 
296.1707248739027 
298.0486364752382 
287.4518495819881 
287.31771303903554 
289.195624640371 
291.4088775990878 
289.93337562661 
289.46389772627606 
289.8663073551337 
290.201648712515 
289.6651025407049 
290.8723314272777 
291.4759458705641 
291.7442189564691 
293.219720928947 
294.5610863584724 
291.54301414204036 
302.7434154785769 
300.39602597690754 
304.9566684372937 
307.1028531245342 
305.42614633762753 
305.292009794675 
306.9016483101054 
310.8586763272051 
312.20004175673046 
314.07795335806594 
320.98598532012136 
317.56550347483176 
317.4984352033555 
317.56550347483176 
317.56550347483176 
316.96188903154535 
315.35225051611496 
317.2972303889267 
321.25425840602645 
305.62735115205635 
300.32895770543126 
301.20084523462276 
294.8964277158537 
293.0185161145182 
297.3108854889993 
289.06148809741853 
287.1165082246067 
293.75626710075716 
289.93337562661 
292.6161064856606 
301.4691183205278 
302.1398010352905 
295.4329738876638 
297.78036338933316 
299.0546605473822 
298.7193191900009 
297.24381721752303 
297.4450220319518 
293.82333537223343 
295.1647008017587 
295.63417870209264 
295.8353835165214 
295.7683152450452 
295.09763253028245 
292.54903821418435 
294.76229117290114 
299.5912067191923 
296.1707248739027 
305.96269250943766 
300.32895770543126 
302.6763472071006 
307.7064675678206 
302.1398010352905 
294.8964277158537 
291.4088775990878 
285.10446008031874 
288.3908053826558 
287.8542592108457 
286.31168896689155 
284.9032552658899 
310.1209253409662 
301.53618659200407 
312.6695196570643 
313.7426120006846 
309.98678879801366 
310.8586763272051 
309.8526522550611 
317.56550347483176 
323.0651017358856 
331.3815673989427 
326.0831739523176 
316.35827458825895 
317.43136693187927 
320.38237087683495 
321.7237363063603 
326.88799321003285 
326.21731049527017 
319.44341507616724 
326.1502422237939 
344.8622899656723 
344.1916072509096 
354.5871893297309 
354.38598451530214 
356.3980326595901 
358.14180771797305 
364.98277140855225 
375.1771486729447 
369.8787552263197 
372.89682744275166 
375.4454217588498 
378.262289160853 
378.79883533266315 
360.4221289481661 
344.3257437938621 
352.6422094569192 
358.4100808038781 
358.14180771797305 
356.129759573685 
352.50807291396666 
351.837390199204 
346.7402015670077 
348.4169083539144 
358.2759442609256 
346.7402015670077 
343.1855831787656 
304.6213270799123 
295.96952005947395 
305.4932146091038 
309.71851571210857 
305.8285559664851 
297.3779537604755 
291.8112872279454 
266.05707098105904 
275.31249244478386 
276.31851651692784 
280.2084762625513 
285.2385966232713 
284.4337773655561 
289.3968294547998 
294.09160845813847 
294.225745001091 
296.5060662312841 
299.12172881885846 
294.8964277158537 
288.25666883970325 
291.00646797023023 
285.2385966232713 
297.3779537604755 
294.62815462994865 
291.8783554994217 
294.42694981551983 
295.36590561618755 
292.88437957156566 
292.21369685680304 
294.4940180869961 
292.21369685680304 
291.2747410561353 
293.2867892004233 
298.7193191900009 
299.5912067191923 
294.8293594443774 
287.1165082246067 
282.3546609497919 
283.2265484789833 
277.52574540350065 
276.4526530598804 
274.1723318296873 
272.0932154139231 
271.824942328018 
268.0020508538708 
264.71570555153374 
268.1361873968233 
266.99602678172675 
274.1723318296873 
277.4586771320244 
278.46470120416836 
278.19642811826327 
277.6598819464532 
275.7819703451177 
275.71490207364144 
273.7699222008297 
275.31249244478386 
276.3855847884041 
275.04421935887876 
275.31249244478386 
277.3916088605481 
278.12935984678705 
275.4466289877364 
278.19642811826327 
277.92815503235823 
281.4157051491241 
282.9582753930782 
281.7510465065054 
279.67193009074117 
281.4827734206004 
283.2936167504596 
280.8120907058377 
274.6418097300212 
275.31249244478386 
275.64783380216517 
274.37353664411614 
272.7638981286857 
270.95305479882654 
270.95305479882654 
272.16028368539935 
272.9651029431145 
272.89803467163824 
273.7028539293534 
274.7759462729737 
275.31249244478386 
275.31249244478386 
275.31249244478386 
274.6418097300212 
270.28237208406387 
272.83096640016197 
270.95305479882654 
271.7578740565417 
277.92815503235823 
278.0622915753108 
276.05024343102275 
275.7819703451177 
274.37353664411614 
275.31249244478386 
270.41650862701636 
265.05104690891505 
263.5755449364372 
262.23417950691186 
266.05707098105904 
270.68478171292145 
261.4964285206729 
258.9478342045748 
253.71650902942602 
259.21610729047984 
252.77755322875828 
249.69241274085002 
246.60727225294175 
252.5763484143295 
249.49120792642123 
248.3510473113247 
246.1377943526079 
244.3269510227487 
244.66229238013003 
243.99160966536738 
245.66831645227404 
244.39401929422496 
251.30205125628044 
255.86269371666654 
259.21610729047984 
258.67956111866977 
256.466308159953 
257.4052639606207 
262.0329746924831 
264.1791593797236 
261.0269506203391 
266.1912075240116 
260.3562679055764 
257.1369908747156 
259.2831755619561 
259.14903901900357 
260.89281407738656 
262.770725678722 
267.80084603944204 
263.6426132079134 
266.52654888139296 
267.1301633246793 
266.59361715286923 
264.9169103659625 
258.67956111866977 
257.53940050357323 
260.1550630911476 
255.82955595441285 
250.12445155873345 
248.31146970214937 
242.11711502548715 
242.94806504308818 
239.85088770475704 
238.491151312319 
237.58466038402696 
241.96603320410514 
240.60629681166708 
241.89049229341413 
241.81495138272314 
249.89782882666043 
245.8186196493463 
249.0668788090594 
243.2502286858522 
243.17468777516117 
241.2106240971951 
240.9084604544311 
240.45521499028507 
240.15305134752106 
242.11711502548715 
238.56669222301 
237.35803765195396 
242.34373775756015 
236.22492399158892 
236.1493830808979 
234.56302395638684 
235.7716785274429 
238.717774044392 
239.17101950853802 
240.98400136512208 
243.17468777516117 
243.17468777516117 
243.8545559713802 
242.57036048963315 
242.49481957894216 
236.5270876343529 
236.1493830808979 
239.24656041922904 
237.20695583057196 
237.50911947333597 
234.71410577776885 
234.41194213500484 
231.84355117151074 
228.1420465476516 
239.85088770475704 
235.16735124191487 
228.06650563696058 
227.46217835143258 
227.61326017281456 
234.78964668845987 
235.9227603488249 
238.717774044392 
238.11344675886397 
241.5883286506501 
239.62426497268405 
239.92642861544806 
240.07751043683007 
240.8329195437401 
238.79331495508302 
233.88315576016782 
241.66386956134113 
239.17101950853802 
234.48748304569585 
235.01626942053286 
234.71410577776885 
238.94439677646503 
231.99463299289275 
230.7859784218367 
230.3327329576907 
230.3327329576907 
235.8472194381339 
234.56302395638684 
233.5809921174038 
233.2788284746398 
233.2032875639488 
233.5809921174038 
232.75004209980278 
231.16368297529172 
227.46217835143258 
226.1779828696855 
225.2714919413935 
224.44054192379247 
227.9909647262696 
224.66716465586546 
228.06650563696058 
227.46217835143258 
227.46217835143258 
226.78231015521354 
226.78231015521354 
227.46217835143258 
227.46217835143258 
228.82191474387062 
227.9909647262696 
228.97299656525263 
227.46217835143258 
226.85785106590455 
227.00893288728656 
227.23555561935956 
227.23555561935956 
227.61326017281456 
228.3686692797246 
228.82191474387062 
229.50178294008964 
229.42624202939865 
228.89745565456164 
227.9909647262696 
228.06650563696058 
228.2175874583426 
227.91542381557858 
228.44421019041562 
227.46217835143258 
230.5593556897637 
229.95502840423566 
227.46217835143258 
226.70676924452255 
223.91175554895543 
225.12041012001148 
223.98729645964644 
223.2318873527364 
223.0808055313544 
221.26782367477034 
216.43320539054614 
223.3074282634274 
223.2318873527364 
224.44054192379247 
221.72106913891633 
216.13104174778212 
215.9799599264001 
214.77130535534408 
213.33602805221503 
208.87911432144585 
207.21721428624377 
207.2927551969348 
207.21721428624377 
207.21721428624377 
209.10573705351885 
210.76763708872093 
207.21721428624377 
207.21721428624377 
204.27111876929467 
205.3286915189687 
213.56265078428802 
212.27845530254098 
207.6704597503898 
207.6704597503898 
208.72803250006385 
207.14167337555278 
207.21721428624377 
206.76396882209775 
210.84317799941192 
208.87911432144585 
209.03019614282786 
211.06980073148495 
210.6920961780299 
214.09143715912504 
215.6022553729451 
216.96199176538317 
218.62389180058523 
223.2318873527364 
222.77864188859039 
220.96566003200633 
220.13471001440527 
220.96566003200633 
223.38296917411841 
221.34336458546133 
225.2714919413935 
223.0052646206634 
225.12041012001148 
224.74270556655645 
224.59162374517445 
224.59162374517445 
224.44054192379247 
223.38296917411841 
223.83621463826444 
224.44054192379247 
222.33582107011972 
222.33582107011972 
222.33582107011972 
222.33582107011972 
222.33582107011972 
222.33582107011972 
222.33582107011972 
222.33582107011972 
222.33582107011972 
222.33582107011972 
222.33582107011972 
222.33582107011972 
222.33582107011972 
222.33582107011972 
222.33582107011972 
222.33582107011972 
222.33582107011972 
222.33582107011972 
222.33582107011972 
222.33582107011972 
222.33582107011972 
222.33582107011972 
222.33582107011972 
222.33582107011972 
222.33582107011972 
222.33582107011972 
222.33582107011972 
222.33582107011972 
222.33582107011972 
222.33582107011972 
222.33582107011972 
222.33582107011972 
222.33582107011972 
222.33582107011972 
222.33582107011972 
222.33582107011972 
222.33582107011972 
222.33582107011972 
222.33582107011972 
222.33582107011972 
222.33582107011972 
222.33582107011972 
222.33582107011972 
222.33582107011972 
222.33582107011972 
222.33582107011972 
222.33582107011972 
222.33582107011972 
222.33582107011972 
222.33582107011972 
222.33582107011972 
222.33582107011972 
222.33582107011972 
222.33582107011972 
222.33582107011972 
222.33582107011972 
222.33582107011972 
222.33582107011972 
222.33582107011972 
222.33582107011972 
222.33582107011972 
222.33582107011972 
222.33582107011972 
222.33582107011972 
222.33582107011972 
222.33582107011972 
222.33582107011972 
222.33582107011972 
222.33582107011972 
222.33582107011972 
222.33582107011972 
222.33582107011972 
222.33582107011972 
222.33582107011972 
222.33582107011972 
222.33582107011972 
222.33582107011972 
222.33582107011972 
222.33582107011972 
222.33582107011972 
222.33582107011972 
222.33582107011972 
222.33582107011972 
222.33582107011972 
222.33582107011972 
222.33582107011972 
222.33582107011972 
222.33582107011972 
222.33582107011972 
222.33582107011972 
222.33582107011972 
222.33582107011972 
222.33582107011972 
222.33582107011972 
222.33582107011972 
222.33582107011972 
222.33582107011972 
222.33582107011972 
222.33582107011972 
222.33582107011972 
222.33582107011972 
222.33582107011972 
222.33582107011972 
222.33582107011972 
222.33582107011972 
222.33582107011972 
222.33582107011972 
222.33582107011972 
222.33582107011972 
222.33582107011972 
222.33582107011972 
222.33582107011972 
222.33582107011972 
222.33582107011972 
222.33582107011972 
222.33582107011972 
222.33582107011972 
222.33582107011972 
222.33582107011972 
222.33582107011972 
222.33582107011972 
222.33582107011972 
222.33582107011972 
222.33582107011972 
222.33582107011972 
222.33582107011972 
222.33582107011972 
222.33582107011972 
222.33582107011972 
222.33582107011972 
222.33582107011972 
222.33582107011972 
222.33582107011972 
222.33582107011972 
222.33582107011972 
222.33582107011972 
222.33582107011972 
222.33582107011972 
222.33582107011972 
222.33582107011972 
222.33582107011972 
222.33582107011972 
222.33582107011972 
222.33582107011972 
222.33582107011972 
222.33582107011972 
222.33582107011972 
222.33582107011972 
222.33582107011972 
222.33582107011972 
222.33582107011972 
222.33582107011972 
222.33582107011972 
222.33582107011972 
222.33582107011972 
222.33582107011972 
222.33582107011972 
222.33582107011972 
222.33582107011972 
222.33582107011972 
222.33582107011972 
222.33582107011972 
222.33582107011972 
222.33582107011972 
222.33582107011972 
222.33582107011972 
222.33582107011972 
222.33582107011972 
222.33582107011972 
222.33582107011972 
222.33582107011972 
222.33582107011972 
222.33582107011972 
222.33582107011972 
222.33582107011972 
222.33582107011972 
222.33582107011972 
222.33582107011972 
222.33582107011972 
222.33582107011972 
222.33582107011972 
222.33582107011972 
222.33582107011972 
222.33582107011972 
222.33582107011972 
222.33582107011972 
222.33582107011972 
222.33582107011972 
222.33582107011972 
222.33582107011972 
222.33582107011972 
222.33582107011972 
222.33582107011972 
222.33582107011972 
222.33582107011972 
222.33582107011972 
222.33582107011972 
222.33582107011972 
222.33582107011972 
222.33582107011972 
222.33582107011972 
222.33582107011972 
222.33582107011972 
222.33582107011972 
222.33582107011972 
222.33582107011972 
222.33582107011972 
222.33582107011972 
222.33582107011972 
222.33582107011972 
222.33582107011972 
222.33582107011972 
222.33582107011972 
222.33582107011972 
222.33582107011972 
222.33582107011972 
222.33582107011972 
222.33582107011972 
222.33582107011972 
222.33582107011972 
222.33582107011972 
222.33582107011972 
222.33582107011972 
222.33582107011972 
222.33582107011972 
222.33582107011972 
222.33582107011972 
222.33582107011972 
222.33582107011972 
222.33582107011972 
222.33582107011972 
222.33582107011972 
222.33582107011972 
222.33582107011972 
222.33582107011972 
222.33582107011972 
222.33582107011972 
222.33582107011972 
222.33582107011972 
222.33582107011972 
222.33582107011972 
222.33582107011972 
222.33582107011972 
222.33582107011972 
222.33582107011972 
222.33582107011972 
222.33582107011972 
222.33582107011972 
222.33582107011972 
222.33582107011972 
222.33582107011972 
222.33582107011972 
222.33582107011972 
222.33582107011972 
222.33582107011972 
222.33582107011972 
222.33582107011972 
222.33582107011972 
222.33582107011972 
222.33582107011972 
222.33582107011972 
222.33582107011972 
222.33582107011972 
222.33582107011972 
222.33582107011972 
222.33582107011972 
222.33582107011972 
222.33582107011972 
222.33582107011972 
222.33582107011972 
222.33582107011972 
222.33582107011972 
222.33582107011972 
222.33582107011972 
222.33582107011972 
222.33582107011972 
222.33582107011972 
222.33582107011972 
222.33582107011972 
222.33582107011972 
222.33582107011972 
222.33582107011972 
222.33582107011972 
222.33582107011972 
222.33582107011972 
222.33582107011972 
222.33582107011972 
222.33582107011972 
222.33582107011972 
222.33582107011972 
222.33582107011972 
222.33582107011972 
222.33582107011972 
222.33582107011972 
222.33582107011972 
222.33582107011972 
222.33582107011972 
222.33582107011972 
222.33582107011972 
222.33582107011972 
222.33582107011972 
222.33582107011972 
222.33582107011972 
222.33582107011972 
222.33582107011972 
222.33582107011972 
222.33582107011972 
222.33582107011972 
222.33582107011972 
222.33582107011972 
222.33582107011972 
222.33582107011972 
222.33582107011972 
222.33582107011972 
222.33582107011972 
222.33582107011972 
222.33582107011972 
222.33582107011972 
222.33582107011972 
222.33582107011972 
222.33582107011972 
222.33582107011972 
222.33582107011972 
222.33582107011972 
222.33582107011972 
222.33582107011972 
222.33582107011972 
222.33582107011972 
222.33582107011972 
222.33582107011972 
222.33582107011972 
222.33582107011972 
222.33582107011972 
222.33582107011972 
222.33582107011972 
222.33582107011972 
222.33582107011972 
222.33582107011972 
222.33582107011972 
222.33582107011972 
222.33582107011972 
222.33582107011972 
222.33582107011972 
222.33582107011972 
222.33582107011972 
222.33582107011972 
222.33582107011972 
222.33582107011972 
222.33582107011972 
222.33582107011972 
222.33582107011972 
222.33582107011972 
222.33582107011972 
222.33582107011972 
222.33582107011972 
222.33582107011972 
222.33582107011972 
222.33582107011972 
222.33582107011972 
222.33582107011972 
222.33582107011972 
222.33582107011972 
222.33582107011972 
222.33582107011972 
222.33582107011972 
222.33582107011972 
222.33582107011972 
222.33582107011972 
222.33582107011972 
222.33582107011972 
222.33582107011972 
222.33582107011972 
222.33582107011972 
222.33582107011972 
222.33582107011972 
222.33582107011972 
222.33582107011972 
222.33582107011972 
222.33582107011972 
222.33582107011972 
222.33582107011972 
222.33582107011972 
222.33582107011972 
222.33582107011972 
222.33582107011972 
222.33582107011972 
222.33582107011972 
222.33582107011972 
222.33582107011972 
222.33582107011972 
222.33582107011972 
222.33582107011972 
222.33582107011972 
222.33582107011972 
222.33582107011972 
222.33582107011972 
222.33582107011972 
222.33582107011972 
222.33582107011972 
222.33582107011972 
222.33582107011972 
222.33582107011972 
222.33582107011972 
222.33582107011972 
222.33582107011972 
222.33582107011972 
222.33582107011972 
222.33582107011972 
222.33582107011972 
222.33582107011972 
222.33582107011972 
222.33582107011972 
222.33582107011972 
222.33582107011972 
222.33582107011972 
222.33582107011972 
222.33582107011972 
222.33582107011972 
222.33582107011972 
222.33582107011972 
222.33582107011972 
222.33582107011972 
222.33582107011972 
222.33582107011972 
222.33582107011972 
222.33582107011972 
222.33582107011972 
222.33582107011972 
222.33582107011972 
222.33582107011972 
222.33582107011972 
222.33582107011972 
222.33582107011972 
222.33582107011972 
222.33582107011972 
222.33582107011972 
222.33582107011972 
222.33582107011972 
222.33582107011972 
222.33582107011972 
222.33582107011972 
222.33582107011972 
222.33582107011972 
222.33582107011972 
222.33582107011972 
222.33582107011972 
222.33582107011972 
222.33582107011972 
222.33582107011972 
222.33582107011972 
222.33582107011972 
222.33582107011972 
222.33582107011972 
222.33582107011972 
222.33582107011972 
222.33582107011972 
222.33582107011972 
222.33582107011972 
222.33582107011972 
222.33582107011972 
222.33582107011972 
222.33582107011972 
222.33582107011972 
222.33582107011972 
222.33582107011972 
222.33582107011972 
222.33582107011972 
222.33582107011972 
222.33582107011972 
222.33582107011972 
222.33582107011972 
222.33582107011972 
222.33582107011972 
222.33582107011972 
222.33582107011972 
222.33582107011972 
222.33582107011972 
222.33582107011972 
222.33582107011972 
222.33582107011972 
222.33582107011972 
222.33582107011972 
222.33582107011972 
222.33582107011972 
222.33582107011972 
222.33582107011972 
222.33582107011972 
222.33582107011972 
222.33582107011972 
222.33582107011972 
222.33582107011972 
222.33582107011972 
222.33582107011972 
222.33582107011972 
222.33582107011972 
222.33582107011972 
222.33582107011972 
222.33582107011972 
222.33582107011972 
222.33582107011972 
222.33582107011972 
222.33582107011972 
222.33582107011972 
222.33582107011972 
222.33582107011972 
222.33582107011972 
222.33582107011972 
222.33582107011972 
222.33582107011972 
222.33582107011972 
222.33582107011972 
222.33582107011972 
222.33582107011972 
222.33582107011972 
222.33582107011972 
222.33582107011972 
222.33582107011972 
222.33582107011972 
222.33582107011972 
222.33582107011972 
222.33582107011972 
222.33582107011972 
222.33582107011972 
222.33582107011972 
222.33582107011972 
222.33582107011972 
222.33582107011972 
222.33582107011972 
222.33582107011972 
222.33582107011972 
222.33582107011972 
222.33582107011972 
222.33582107011972 
222.33582107011972 
222.33582107011972 
222.33582107011972 
222.33582107011972 
222.33582107011972 
222.33582107011972 
222.33582107011972 
222.33582107011972 
222.33582107011972 
222.33582107011972 
222.33582107011972 
222.33582107011972 
222.33582107011972 
222.33582107011972 
222.33582107011972 
222.33582107011972 
222.33582107011972 
222.33582107011972 
222.33582107011972 
222.33582107011972 
222.33582107011972 
222.33582107011972 
222.33582107011972 
222.33582107011972 
222.33582107011972 
222.33582107011972 
222.33582107011972 
222.33582107011972 
222.33582107011972 
222.33582107011972 
222.33582107011972 
222.33582107011972 
222.33582107011972 
222.33582107011972 
222.33582107011972 
222.33582107011972 
222.33582107011972 
222.33582107011972 
222.33582107011972 
222.33582107011972 
222.33582107011972 
222.33582107011972 
222.33582107011972 
222.33582107011972 
222.33582107011972 
222.33582107011972 
222.33582107011972 
222.33582107011972 
222.33582107011972 
222.33582107011972 
222.33582107011972 
222.33582107011972 
222.33582107011972 
222.33582107011972 
222.33582107011972 
222.33582107011972 
222.33582107011972 
222.33582107011972 
222.33582107011972 
222.33582107011972 
222.33582107011972 
222.33582107011972 
222.33582107011972 
222.33582107011972 
222.33582107011972 
222.33582107011972 
222.33582107011972 
222.33582107011972 
222.33582107011972 
222.33582107011972 
222.33582107011972 
222.33582107011972 
222.33582107011972 
222.33582107011972 
222.33582107011972 
222.33582107011972 
222.33582107011972 
222.33582107011972 
222.33582107011972 
222.33582107011972 
222.33582107011972 
222.33582107011972 
222.33582107011972 
222.33582107011972 
222.33582107011972 
222.33582107011972 
222.33582107011972 
222.33582107011972 
222.33582107011972 
222.33582107011972 
222.33582107011972 
222.33582107011972 
222.33582107011972 
222.33582107011972 
222.33582107011972 
222.33582107011972 
222.33582107011972 
222.33582107011972 
222.33582107011972 
222.33582107011972 
222.33582107011972 
222.33582107011972 
222.33582107011972 
222.33582107011972 
222.33582107011972 
222.33582107011972 
222.33582107011972 
222.33582107011972 
222.33582107011972 
222.33582107011972 
222.33582107011972 
222.33582107011972 
222.33582107011972 
222.33582107011972 
222.33582107011972 
222.33582107011972 
222.33582107011972 
222.33582107011972 
222.33582107011972 
222.33582107011972 
222.33582107011972 
222.33582107011972 
222.33582107011972 
222.33582107011972 
222.33582107011972 
222.33582107011972 
222.33582107011972 
222.33582107011972 
222.33582107011972 
222.33582107011972 
222.33582107011972 
222.33582107011972 
222.33582107011972 
222.33582107011972 
222.33582107011972 
222.33582107011972 
222.33582107011972 
222.33582107011972 
222.33582107011972 
222.33582107011972 
222.33582107011972 
222.33582107011972 
222.33582107011972 
222.33582107011972 
222.33582107011972 
222.33582107011972 
222.33582107011972 
222.33582107011972 
222.33582107011972 
222.33582107011972 
222.33582107011972 
222.33582107011972 
222.33582107011972 
222.33582107011972 
222.33582107011972 
222.33582107011972 
222.33582107011972 
222.33582107011972 
222.33582107011972 
222.33582107011972 
222.33582107011972 
222.33582107011972 
222.33582107011972 
222.33582107011972 
222.33582107011972 
222.33582107011972 
222.33582107011972 
222.33582107011972 
222.33582107011972 
222.33582107011972 
222.33582107011972 
222.33582107011972 
222.33582107011972 
222.33582107011972 
222.33582107011972 
222.33582107011972 
222.33582107011972 
222.33582107011972 
222.33582107011972 
222.33582107011972 
222.33582107011972 
222.33582107011972 
222.33582107011972 
222.33582107011972 
222.33582107011972 
222.33582107011972 
222.33582107011972 
222.33582107011972 
222.33582107011972 
222.33582107011972 
222.33582107011972 
222.33582107011972 
222.33582107011972 
222.33582107011972 
222.33582107011972 
222.33582107011972 
222.33582107011972 
222.33582107011972 
222.33582107011972 
222.33582107011972 
222.33582107011972 
222.33582107011972 
222.33582107011972 
222.33582107011972 
222.33582107011972 
222.33582107011972 
222.33582107011972 
222.33582107011972 
222.33582107011972 
222.33582107011972 
222.33582107011972 
222.33582107011972 
222.33582107011972 
222.33582107011972 
222.33582107011972 
222.33582107011972 
222.33582107011972 
222.33582107011972 
222.33582107011972 
222.33582107011972 
222.33582107011972 
222.33582107011972 
222.33582107011972 
222.33582107011972 
222.33582107011972 
222.33582107011972 
222.33582107011972 
222.33582107011972 
222.33582107011972 
222.33582107011972 
222.33582107011972 
222.33582107011972 
222.33582107011972 
222.33582107011972 
222.33582107011972 
222.33582107011972 
222.33582107011972 
222.33582107011972 
222.33582107011972 
222.33582107011972 
222.33582107011972 
222.33582107011972 
222.33582107011972 
222.33582107011972 
222.33582107011972 
222.33582107011972 
222.33582107011972 
222.33582107011972 
222.33582107011972 
222.33582107011972 
222.33582107011972 
222.33582107011972 
222.33582107011972 
222.33582107011972 
222.33582107011972 
222.33582107011972 
222.33582107011972 
222.33582107011972 
222.33582107011972 
222.33582107011972 
222.33582107011972 
222.33582107011972 
222.33582107011972 
222.33582107011972 
222.33582107011972 
222.33582107011972 
222.33582107011972 
222.33582107011972 
222.33582107011972 
222.33582107011972 
222.33582107011972 
222.33582107011972 
222.33582107011972 
222.33582107011972 
222.33582107011972 
222.33582107011972 
222.33582107011972 
222.33582107011972 
222.33582107011972 
222.33582107011972 
222.33582107011972 
222.33582107011972 
222.33582107011972 
222.33582107011972 
222.33582107011972 
222.33582107011972 
222.33582107011972 
222.33582107011972 
222.33582107011972 
222.33582107011972 
222.33582107011972 
222.33582107011972 
222.33582107011972 
222.33582107011972 
222.33582107011972 
222.33582107011972 
222.33582107011972 
222.33582107011972 
222.33582107011972 
222.33582107011972 
222.33582107011972 
222.33582107011972 
222.33582107011972 
222.33582107011972 
222.33582107011972 
222.33582107011972 
222.33582107011972 
222.33582107011972 
222.33582107011972 
222.33582107011972 
222.33582107011972 
222.33582107011972 
222.33582107011972 
222.33582107011972 
222.33582107011972 
222.33582107011972 
222.33582107011972 
222.33582107011972 
222.33582107011972 
222.33582107011972 
222.33582107011972 
222.33582107011972 
222.33582107011972 
222.33582107011972 
222.33582107011972 
222.33582107011972 
222.33582107011972 
222.33582107011972 
222.33582107011972 
222.33582107011972 
222.33582107011972 
222.33582107011972 
222.33582107011972 
222.33582107011972 
222.33582107011972 
222.33582107011972 
222.33582107011972 
222.33582107011972 
222.33582107011972 
222.33582107011972 
222.33582107011972 
222.33582107011972 
222.33582107011972 
222.33582107011972 
222.33582107011972 
222.33582107011972 
222.33582107011972 
222.33582107011972 
222.33582107011972 
222.33582107011972 
222.33582107011972 
222.33582107011972 
222.33582107011972 
222.33582107011972 
222.33582107011972 
222.33582107011972 
222.33582107011972 
222.33582107011972 
222.33582107011972 
222.33582107011972 
222.33582107011972 
222.33582107011972 
222.33582107011972 
222.33582107011972 
222.33582107011972 
222.33582107011972 
222.33582107011972 
222.33582107011972 
222.33582107011972 
222.33582107011972 
222.33582107011972 
222.33582107011972 
222.33582107011972 
222.33582107011972 
222.33582107011972 
222.33582107011972 
222.33582107011972 
222.33582107011972 
222.33582107011972 
222.33582107011972 
222.33582107011972 
222.33582107011972 
222.33582107011972 
222.33582107011972 
222.33582107011972 
222.33582107011972 
222.33582107011972 
222.33582107011972 
222.33582107011972 
222.33582107011972 
222.33582107011972 
222.33582107011972 
222.33582107011972 
222.33582107011972 
222.33582107011972 
222.33582107011972 
222.33582107011972 
222.33582107011972 
222.33582107011972 
222.33582107011972 
222.33582107011972 
222.33582107011972 
222.33582107011972 
222.33582107011972 
222.33582107011972 
222.33582107011972 
222.33582107011972 
222.33582107011972 
222.33582107011972 
222.33582107011972 
222.33582107011972 
222.33582107011972 
222.33582107011972 
222.33582107011972 
222.33582107011972 
222.33582107011972 
222.33582107011972 
222.33582107011972 
222.33582107011972 
222.33582107011972 
222.33582107011972 
222.33582107011972 
222.33582107011972 
222.33582107011972 
222.33582107011972 
222.33582107011972 
222.33582107011972 
222.33582107011972 
222.33582107011972 
222.33582107011972 
222.33582107011972 
222.33582107011972 
222.33582107011972 
222.33582107011972 
222.33582107011972 
222.33582107011972 
222.33582107011972 
222.33582107011972 
222.33582107011972 
222.33582107011972 
222.33582107011972 
222.33582107011972 
222.33582107011972 
222.33582107011972 
222.33582107011972 
222.33582107011972 
222.33582107011972 
222.33582107011972 
222.33582107011972 
222.33582107011972 
222.33582107011972 
222.33582107011972 
222.33582107011972 
222.33582107011972 
222.33582107011972 
222.33582107011972 
222.33582107011972 
222.33582107011972 
222.33582107011972 
222.33582107011972 
222.33582107011972 
222.33582107011972 
222.33582107011972 
222.33582107011972 
222.33582107011972 
222.33582107011972 
222.33582107011972 
222.33582107011972 
222.33582107011972 
222.33582107011972 
222.33582107011972 
222.33582107011972 
222.33582107011972 
222.33582107011972 
222.33582107011972 
222.33582107011972 
222.33582107011972 
222.33582107011972 
222.33582107011972 
222.33582107011972 
222.33582107011972 
222.33582107011972 
222.33582107011972 
222.33582107011972 
222.33582107011972 
222.33582107011972 
222.33582107011972 
222.33582107011972 
222.33582107011972 
222.33582107011972 
222.33582107011972 
222.33582107011972 
222.33582107011972 
222.33582107011972 
222.33582107011972 
222.33582107011972 
222.33582107011972 
222.33582107011972 
222.33582107011972 
222.33582107011972 
222.33582107011972 
222.33582107011972 
222.33582107011972 
222.33582107011972 
222.33582107011972 
222.33582107011972 
222.33582107011972 
222.33582107011972 
222.33582107011972 
222.33582107011972 
222.33582107011972 
222.33582107011972 
222.33582107011972 
222.33582107011972 
222.33582107011972 
222.33582107011972 
222.33582107011972 
222.33582107011972 
222.33582107011972 
222.33582107011972 
222.33582107011972 
222.33582107011972 
222.33582107011972 
222.33582107011972 
222.33582107011972 
222.33582107011972 
222.33582107011972 
222.33582107011972 
222.33582107011972 
222.33582107011972 
222.33582107011972 
222.33582107011972 
222.33582107011972 
222.33582107011972 
222.33582107011972 
222.33582107011972 
222.33582107011972 
222.33582107011972 
222.33582107011972 
222.33582107011972 
222.33582107011972 
222.33582107011972 
222.33582107011972 
222.33582107011972 
222.33582107011972 
222.33582107011972 
222.33582107011972 
222.33582107011972 
222.33582107011972 
222.33582107011972 
222.33582107011972 
222.33582107011972 
222.33582107011972 
222.33582107011972 
222.33582107011972 
222.33582107011972 
222.33582107011972 
222.33582107011972 
222.33582107011972 
222.33582107011972 
222.33582107011972 
222.33582107011972 
222.33582107011972 
222.33582107011972 
222.33582107011972 
222.33582107011972 
222.33582107011972 
222.33582107011972 
222.33582107011972 
222.33582107011972 
222.33582107011972 
222.33582107011972 
222.33582107011972 
222.33582107011972 
222.33582107011972 
222.33582107011972 
222.33582107011972 
222.33582107011972 
222.33582107011972 
222.33582107011972 
222.33582107011972 
222.33582107011972 
222.33582107011972 
222.33582107011972 
222.33582107011972 
222.33582107011972 
222.33582107011972 
222.33582107011972 
222.33582107011972 
222.33582107011972 
222.33582107011972 
222.33582107011972 
222.33582107011972 
222.33582107011972 
222.33582107011972 
222.33582107011972 
222.33582107011972 
222.33582107011972 
222.33582107011972 
222.33582107011972 
222.33582107011972 
222.33582107011972 
222.33582107011972 
222.33582107011972 
222.33582107011972 
222.33582107011972 
222.33582107011972 
222.33582107011972 
222.33582107011972 
222.33582107011972 
222.33582107011972 
222.33582107011972 
222.33582107011972 
222.33582107011972 
222.33582107011972 
222.33582107011972 
222.33582107011972 
222.33582107011972 
222.33582107011972 
222.33582107011972 
222.33582107011972 
222.33582107011972 
222.33582107011972 
222.33582107011972 
222.33582107011972 
222.33582107011972 
222.33582107011972 
222.33582107011972 
222.33582107011972 
222.33582107011972 
222.33582107011972 
222.33582107011972 
222.33582107011972 
222.33582107011972 
222.33582107011972 
222.33582107011972 
222.33582107011972 
222.33582107011972 
222.33582107011972 
222.33582107011972 
222.33582107011972 
222.33582107011972 
222.33582107011972 
222.33582107011972 
222.33582107011972 
222.33582107011972 
222.33582107011972 
222.33582107011972 
222.33582107011972 
222.33582107011972 
222.33582107011972 
222.33582107011972 
222.33582107011972 
222.33582107011972 
222.33582107011972 
222.33582107011972 
222.33582107011972 
222.33582107011972 
222.33582107011972 
222.33582107011972 
222.33582107011972 
222.33582107011972 
222.33582107011972 
222.33582107011972 
222.33582107011972 
222.33582107011972 
222.33582107011972 
222.33582107011972 
222.33582107011972 
222.33582107011972 
222.33582107011972 
222.33582107011972 
222.33582107011972 
222.33582107011972 
222.33582107011972 
222.33582107011972 
222.33582107011972 
222.33582107011972 
222.33582107011972 
222.33582107011972 
222.33582107011972 
222.33582107011972 
222.33582107011972 
222.33582107011972 
222.33582107011972 
222.33582107011972 
222.33582107011972 
222.33582107011972 
222.33582107011972 
222.33582107011972 
222.33582107011972 
222.33582107011972 
222.33582107011972 
222.33582107011972 
222.33582107011972 
222.33582107011972 
222.33582107011972 
222.33582107011972 
222.33582107011972 
222.33582107011972 
222.33582107011972 
222.33582107011972 
222.33582107011972 
222.33582107011972 
222.33582107011972 
222.33582107011972 
222.33582107011972 
222.33582107011972 
222.33582107011972 
222.33582107011972 
222.33582107011972 
222.33582107011972 
222.33582107011972 
222.33582107011972 
222.33582107011972 
222.33582107011972 
222.33582107011972 
222.33582107011972 
222.33582107011972 
222.33582107011972 
222.33582107011972 
222.33582107011972 
222.33582107011972 
222.33582107011972 
222.33582107011972 
222.33582107011972 
222.33582107011972 
222.33582107011972 
222.33582107011972 
222.33582107011972 
222.33582107011972 
222.33582107011972 
222.33582107011972 
222.33582107011972 
222.33582107011972 
222.33582107011972 
222.33582107011972 
222.33582107011972 
222.33582107011972 
222.33582107011972 
222.33582107011972 
222.33582107011972 
222.33582107011972 
222.33582107011972 
222.33582107011972 
222.33582107011972 
222.33582107011972 
222.33582107011972 
222.33582107011972 
222.33582107011972 
222.33582107011972 
222.33582107011972 
222.33582107011972 
222.33582107011972 
222.33582107011972 
222.33582107011972 
222.33582107011972 
222.33582107011972 
222.33582107011972 
222.33582107011972 
222.33582107011972 
222.33582107011972 
222.33582107011972 
222.33582107011972 
222.33582107011972 
222.33582107011972 
222.33582107011972 
222.33582107011972 
222.33582107011972 
222.33582107011972 
222.33582107011972 
222.33582107011972 
222.33582107011972 
222.33582107011972 
222.33582107011972 
222.33582107011972 
222.33582107011972 
222.33582107011972 
222.33582107011972 
222.33582107011972 
222.33582107011972 
222.33582107011972 
222.33582107011972 
222.33582107011972 
222.33582107011972 
222.33582107011972 
222.33582107011972 
222.33582107011972 
222.33582107011972 
222.33582107011972 
222.33582107011972 
222.33582107011972 
222.33582107011972 
222.33582107011972 
222.33582107011972 
222.33582107011972 
222.33582107011972 
222.33582107011972 
222.33582107011972 
222.33582107011972 
222.33582107011972 
222.33582107011972 
222.33582107011972 
222.33582107011972 
222.33582107011972 
222.33582107011972 
222.33582107011972 
222.33582107011972 
222.33582107011972 
222.33582107011972 
222.33582107011972 
222.33582107011972 
222.33582107011972 
222.33582107011972 
222.33582107011972 
222.33582107011972 
222.33582107011972 
222.33582107011972 
222.33582107011972 
222.33582107011972 
222.33582107011972 
222.33582107011972 
222.33582107011972 
222.33582107011972 
222.33582107011972 
222.33582107011972 
222.33582107011972 
222.33582107011972 
222.33582107011972 
222.33582107011972 
222.33582107011972 
222.33582107011972 
222.33582107011972 
222.33582107011972 
222.33582107011972 
222.33582107011972 
222.33582107011972 
222.33582107011972 
222.33582107011972 
222.33582107011972 
222.33582107011972 
222.33582107011972 
222.33582107011972 
222.33582107011972 
222.33582107011972 
222.33582107011972 
222.33582107011972 
222.33582107011972 
222.33582107011972 
222.33582107011972 
222.33582107011972 
222.33582107011972 
222.33582107011972 
222.33582107011972 
222.33582107011972 
222.33582107011972 
222.33582107011972 
222.33582107011972 
222.33582107011972 
222.33582107011972 
222.33582107011972 
222.33582107011972 
222.33582107011972 
222.33582107011972 
222.33582107011972 
222.33582107011972 
222.33582107011972 
222.33582107011972 
222.33582107011972 
222.33582107011972 
222.33582107011972 
222.33582107011972 
222.33582107011972 
222.33582107011972 
222.33582107011972 
222.33582107011972 
222.33582107011972 
222.33582107011972 
222.33582107011972 
222.33582107011972 
222.33582107011972 
222.33582107011972 
222.33582107011972 
222.33582107011972 
222.33582107011972 
222.33582107011972 
222.33582107011972 
222.33582107011972 
222.33582107011972 
222.33582107011972 
222.33582107011972 
222.33582107011972 
222.33582107011972 
222.33582107011972 
222.33582107011972 
222.33582107011972 
222.33582107011972 
222.33582107011972 
222.33582107011972 
222.33582107011972 
222.33582107011972 
222.33582107011972 
222.33582107011972 
222.33582107011972 
222.33582107011972 
222.33582107011972 
222.33582107011972 
222.33582107011972 
222.33582107011972 
222.33582107011972 
222.33582107011972 
222.33582107011972 
222.33582107011972 
222.33582107011972 
222.33582107011972 
222.33582107011972 
222.33582107011972 
222.33582107011972 
222.33582107011972 
222.33582107011972 
222.33582107011972 
222.33582107011972 
222.33582107011972 
222.33582107011972 
222.33582107011972 
222.33582107011972 
222.33582107011972 
222.33582107011972 
222.33582107011972 
222.33582107011972 
222.33582107011972 
222.33582107011972 
222.33582107011972 
222.33582107011972 
222.33582107011972 
222.33582107011972 
222.33582107011972 
222.33582107011972 
222.33582107011972 
222.33582107011972 
222.33582107011972 
222.33582107011972 
222.33582107011972 
222.33582107011972 
222.33582107011972 
222.33582107011972 
222.33582107011972 
222.33582107011972 
222.33582107011972 
222.33582107011972 
222.33582107011972 
222.33582107011972 
222.33582107011972 
222.33582107011972 
222.33582107011972 
222.33582107011972 
222.33582107011972 
222.33582107011972 
222.33582107011972 
222.33582107011972 
222.33582107011972 
222.33582107011972 
222.33582107011972 
222.33582107011972 
222.33582107011972 
222.33582107011972 
222.33582107011972 
222.33582107011972 
222.33582107011972 
222.33582107011972 
222.33582107011972 
222.33582107011972 
222.33582107011972 
222.33582107011972 
222.33582107011972 
222.33582107011972 
222.33582107011972 
222.33582107011972 
222.33582107011972 
222.33582107011972 
222.33582107011972 
222.33582107011972 
222.33582107011972 
222.33582107011972 
222.33582107011972 
222.33582107011972 
222.33582107011972 
222.33582107011972 
222.33582107011972 
222.33582107011972 
222.33582107011972 
222.33582107011972 
222.33582107011972 
222.33582107011972 
222.33582107011972 
222.33582107011972 
222.33582107011972 
222.33582107011972 
222.33582107011972 
222.33582107011972 
222.33582107011972 
222.33582107011972 
222.33582107011972 
222.33582107011972 
222.33582107011972 
222.33582107011972 
222.33582107011972 
222.33582107011972 
222.33582107011972 
222.33582107011972 
222.33582107011972 
222.33582107011972 
222.33582107011972 
222.33582107011972 
222.33582107011972 
222.33582107011972 
222.33582107011972 
222.33582107011972 
222.33582107011972 
222.33582107011972 
222.33582107011972 
222.33582107011972 
222.33582107011972 
222.33582107011972 
222.33582107011972 
222.33582107011972 
222.33582107011972 
222.33582107011972 
222.33582107011972 
222.33582107011972 
222.33582107011972 
222.33582107011972 
222.33582107011972 
222.33582107011972 
222.33582107011972 
222.33582107011972 
222.33582107011972 
222.33582107011972 
222.33582107011972 
222.33582107011972 
222.33582107011972 
222.33582107011972 
222.33582107011972 
222.33582107011972 
222.33582107011972 
222.33582107011972 
222.33582107011972 
222.33582107011972 
222.33582107011972 
222.33582107011972 
222.33582107011972 
222.33582107011972 
222.33582107011972 
222.33582107011972 
222.33582107011972 
222.33582107011972 
222.33582107011972 
222.33582107011972 
222.33582107011972 
222.33582107011972 
222.33582107011972 
222.33582107011972 
222.33582107011972 
222.33582107011972 
222.33582107011972 
222.33582107011972 
222.33582107011972 
222.33582107011972 
222.33582107011972 
222.33582107011972 
222.33582107011972 
222.33582107011972 
222.33582107011972 
222.33582107011972 
222.33582107011972 
222.33582107011972 
222.33582107011972 
222.33582107011972 
222.33582107011972 
222.33582107011972 
222.33582107011972 
222.33582107011972 
222.33582107011972 
222.33582107011972 
222.33582107011972 
222.33582107011972 
222.33582107011972 
222.33582107011972 
222.33582107011972 
222.33582107011972 
222.33582107011972 
222.33582107011972 
222.33582107011972 
222.33582107011972 
222.33582107011972 
222.33582107011972 
222.33582107011972 
222.33582107011972 
222.33582107011972 
222.33582107011972 
222.33582107011972 
222.33582107011972 
222.33582107011972 
222.33582107011972 
222.33582107011972 
222.33582107011972 
222.33582107011972 
222.33582107011972 
222.33582107011972 
222.33582107011972 
222.33582107011972 
222.33582107011972 
222.33582107011972 
222.33582107011972 
222.33582107011972 
222.33582107011972 
222.33582107011972 
222.33582107011972 
222.33582107011972 
222.33582107011972 
222.33582107011972 
222.33582107011972 
222.33582107011972 
222.33582107011972 
222.33582107011972 
222.33582107011972 
222.33582107011972 
222.33582107011972 
222.33582107011972 
222.33582107011972 
222.33582107011972 
222.33582107011972 
222.33582107011972 
222.33582107011972 
222.33582107011972 
222.33582107011972 
222.33582107011972 
222.33582107011972 
222.33582107011972 
222.33582107011972 
222.33582107011972 
222.33582107011972 
222.33582107011972 
222.33582107011972 
222.33582107011972 
222.33582107011972 
222.33582107011972 
222.33582107011972 
222.33582107011972 
222.33582107011972 
222.33582107011972 
222.33582107011972 
222.33582107011972 
222.33582107011972 
222.33582107011972 
222.33582107011972 
222.33582107011972 
222.33582107011972 
222.33582107011972 
222.33582107011972 
222.33582107011972 
222.33582107011972 
222.33582107011972 
222.33582107011972 
222.33582107011972 
222.33582107011972 
222.33582107011972 
222.33582107011972 
222.33582107011972 
222.33582107011972 
222.33582107011972 
222.33582107011972 
222.33582107011972 
222.33582107011972 
222.33582107011972 
222.33582107011972 
222.33582107011972 
222.33582107011972 
222.33582107011972 
222.33582107011972 
222.33582107011972 
222.33582107011972 
222.33582107011972 
222.33582107011972 
222.33582107011972 
222.33582107011972 
222.33582107011972 
222.33582107011972 
222.33582107011972 
222.33582107011972 
222.33582107011972 
222.33582107011972 
222.33582107011972 
222.33582107011972 
222.33582107011972 
222.33582107011972 
222.33582107011972 
222.33582107011972 
222.33582107011972 
222.33582107011972 
222.33582107011972 
222.33582107011972 
222.33582107011972 
222.33582107011972 
222.33582107011972 
222.33582107011972 
222.33582107011972 
222.33582107011972 
222.33582107011972 
222.33582107011972 
222.33582107011972 
222.33582107011972 
222.33582107011972 
222.33582107011972 
222.33582107011972 
222.33582107011972 
222.33582107011972 
222.33582107011972 
222.33582107011972 
222.33582107011972 
222.33582107011972 
222.33582107011972 
222.33582107011972 
222.33582107011972 
222.33582107011972 
222.33582107011972 
222.33582107011972 
222.33582107011972 
222.33582107011972 
222.33582107011972 
222.33582107011972 
222.33582107011972 
222.33582107011972 
222.33582107011972 
222.33582107011972 
222.33582107011972 
222.33582107011972 
222.33582107011972 
222.33582107011972 
222.33582107011972 
222.33582107011972 
222.33582107011972 
222.33582107011972 
222.33582107011972 
222.33582107011972 
222.33582107011972 
222.33582107011972 
222.33582107011972 
222.33582107011972 
222.33582107011972 
222.33582107011972 
222.33582107011972 
222.33582107011972 
222.33582107011972 
222.33582107011972 
222.33582107011972 
222.33582107011972 
222.33582107011972 
222.33582107011972 
222.33582107011972 
222.33582107011972 
222.33582107011972 
222.33582107011972 
222.33582107011972 
222.33582107011972 
222.33582107011972 
222.33582107011972 
222.33582107011972 
222.33582107011972 
222.33582107011972 
222.33582107011972 
222.33582107011972 
222.33582107011972 
222.33582107011972 
222.33582107011972 
222.33582107011972 
222.33582107011972 
222.33582107011972 
222.33582107011972 
222.33582107011972 
222.33582107011972 
222.33582107011972 
222.33582107011972 
222.33582107011972 
222.33582107011972 
222.33582107011972 
222.33582107011972 
222.33582107011972 
222.33582107011972 
222.33582107011972 
222.33582107011972 
222.33582107011972 
222.33582107011972 
222.33582107011972 
222.33582107011972 
222.33582107011972 
222.33582107011972 
222.33582107011972 
222.33582107011972 
222.33582107011972 
222.33582107011972 
222.33582107011972 
222.33582107011972 
222.33582107011972 
222.33582107011972 
222.33582107011972 
222.33582107011972 
222.33582107011972 
222.33582107011972 
222.33582107011972 
222.33582107011972 
222.33582107011972 
222.33582107011972 
222.33582107011972 
222.33582107011972 
222.33582107011972 
222.33582107011972 
222.33582107011972 
222.33582107011972 
222.33582107011972 
222.33582107011972 
222.33582107011972 
222.33582107011972 
222.33582107011972 
222.33582107011972 
222.33582107011972 
222.33582107011972 
222.33582107011972 
222.33582107011972 
222.33582107011972 
222.33582107011972 
222.33582107011972 
222.33582107011972 
222.33582107011972 
222.33582107011972 
222.33582107011972 
222.33582107011972 
222.33582107011972 
222.33582107011972 
222.33582107011972 
222.33582107011972 
222.33582107011972 
222.33582107011972 
222.33582107011972 
222.33582107011972 
222.33582107011972 
222.33582107011972 
222.33582107011972 
222.33582107011972 
222.33582107011972 
222.33582107011972 
222.33582107011972 
222.33582107011972 
222.33582107011972 
222.33582107011972 
222.33582107011972 
222.33582107011972 
222.33582107011972 
222.33582107011972 
222.33582107011972 
222.33582107011972 
222.33582107011972 
222.33582107011972 
222.33582107011972 
222.33582107011972 
222.33582107011972 
222.33582107011972 
222.33582107011972 
222.33582107011972 
222.33582107011972 
222.33582107011972 
222.33582107011972 
222.33582107011972 
222.33582107011972 
222.33582107011972 
222.33582107011972 
222.33582107011972 
222.33582107011972 
222.33582107011972 
222.33582107011972 
222.33582107011972 
222.33582107011972 
222.33582107011972 
222.33582107011972 
222.33582107011972 
222.33582107011972 
222.33582107011972 
222.33582107011972 
222.33582107011972 
222.33582107011972 
222.33582107011972 
222.33582107011972 
222.33582107011972 
222.33582107011972 
222.33582107011972 
222.33582107011972 
222.33582107011972 
222.33582107011972 
222.33582107011972 
222.33582107011972 
222.33582107011972 
222.33582107011972 
222.33582107011972 
222.33582107011972 
222.33582107011972 
222.33582107011972 
222.33582107011972 
222.33582107011972 
222.33582107011972 
222.33582107011972 
222.33582107011972 
222.33582107011972 
222.33582107011972 
222.33582107011972 
222.33582107011972 
222.33582107011972 
222.33582107011972 
222.33582107011972 
222.33582107011972 
222.33582107011972 
222.33582107011972 
222.33582107011972 
222.33582107011972 
222.33582107011972 
222.33582107011972 
222.33582107011972 
222.33582107011972 
222.33582107011972 
222.33582107011972 
222.33582107011972 
222.33582107011972 
222.33582107011972 
222.33582107011972 
222.33582107011972 
222.33582107011972 
222.33582107011972 
222.33582107011972 
222.33582107011972 
222.33582107011972 
222.33582107011972 
222.33582107011972 
222.33582107011972 
222.33582107011972 
222.33582107011972 
222.33582107011972 
222.33582107011972 
222.33582107011972 
222.33582107011972 
222.33582107011972 
222.33582107011972 
222.33582107011972 
222.33582107011972 
222.33582107011972 
222.33582107011972 
222.33582107011972 
222.33582107011972 
222.33582107011972 
222.33582107011972 
222.33582107011972 
222.33582107011972 
222.33582107011972 
222.33582107011972 
222.33582107011972 
222.33582107011972 
222.33582107011972 
222.33582107011972 
222.33582107011972 
222.33582107011972 
222.33582107011972 
222.33582107011972 
222.33582107011972 
222.33582107011972 
222.33582107011972 
222.33582107011972 
222.33582107011972 
222.33582107011972 
222.33582107011972 
222.33582107011972 
222.33582107011972 
222.33582107011972 
222.33582107011972 
222.33582107011972 
222.33582107011972 
222.33582107011972 
222.33582107011972 
222.33582107011972 
222.33582107011972 
222.33582107011972 
222.33582107011972 
222.33582107011972 
222.33582107011972 
222.33582107011972 
222.33582107011972 
222.33582107011972 
222.33582107011972 
222.33582107011972 
222.33582107011972 
222.33582107011972 
222.33582107011972 
222.33582107011972 
222.33582107011972 
222.33582107011972 
222.33582107011972 
222.33582107011972 
222.33582107011972 
222.33582107011972 
222.33582107011972 
222.33582107011972 
222.33582107011972 
222.33582107011972 
222.33582107011972 
222.33582107011972 
222.33582107011972 
222.33582107011972 
222.33582107011972 
222.33582107011972 
222.33582107011972 
222.33582107011972 
222.33582107011972 
222.33582107011972 
222.33582107011972 
222.33582107011972 
222.33582107011972 
222.33582107011972 
222.33582107011972 
222.33582107011972 
222.33582107011972 
222.33582107011972 
222.33582107011972 
222.33582107011972 
222.33582107011972 
222.33582107011972 
222.33582107011972 
222.33582107011972 
222.33582107011972 
222.33582107011972 
222.33582107011972 
222.33582107011972 
222.33582107011972 
222.33582107011972 
222.33582107011972 
222.33582107011972 
222.33582107011972 
222.33582107011972 
222.33582107011972 
222.33582107011972 
222.33582107011972 
222.33582107011972 
222.33582107011972 
222.33582107011972 
222.33582107011972 
222.33582107011972 
222.33582107011972 
222.33582107011972 
222.33582107011972 
222.33582107011972 
222.33582107011972 
222.33582107011972 
222.33582107011972 
222.33582107011972 
222.33582107011972 
222.33582107011972 
222.33582107011972 
222.33582107011972 
222.33582107011972 
222.33582107011972 
222.33582107011972 
222.33582107011972 
222.33582107011972 
222.33582107011972 
222.33582107011972 
222.33582107011972 
222.33582107011972 
222.33582107011972 
222.33582107011972 
222.33582107011972 
222.33582107011972 
222.33582107011972 
222.33582107011972 
222.33582107011972 
222.33582107011972 
222.33582107011972 
222.33582107011972 
222.33582107011972 
222.33582107011972 
222.33582107011972 
222.33582107011972 
222.33582107011972 
222.33582107011972 
222.33582107011972 
222.33582107011972 
222.33582107011972 
222.33582107011972 
222.33582107011972 
222.33582107011972 
222.33582107011972 
222.33582107011972 
222.33582107011972 
222.33582107011972 
222.33582107011972 
222.33582107011972 
222.33582107011972 
222.33582107011972 
222.33582107011972 
222.33582107011972 
222.33582107011972 
222.33582107011972 
222.33582107011972 
222.33582107011972 
222.33582107011972 
222.33582107011972 
222.33582107011972 
222.33582107011972 
222.33582107011972 
222.33582107011972 
222.33582107011972 
222.33582107011972 
222.33582107011972 
222.33582107011972 
222.33582107011972 
222.33582107011972 
222.33582107011972 
222.33582107011972 
222.33582107011972 
222.33582107011972 
222.33582107011972 
222.33582107011972 
222.33582107011972 
222.33582107011972 
222.33582107011972 
222.33582107011972 
222.33582107011972 
222.33582107011972 
222.33582107011972 
222.33582107011972 
222.33582107011972 
222.33582107011972 
222.33582107011972 
222.33582107011972 
222.33582107011972 
222.33582107011972 
222.33582107011972 
222.33582107011972 
222.33582107011972 
222.33582107011972 
222.33582107011972 
222.33582107011972 
222.33582107011972 
222.33582107011972 
222.33582107011972 
222.33582107011972 
222.33582107011972 
222.33582107011972 
222.33582107011972 
222.33582107011972 
222.33582107011972 
222.33582107011972 
222.33582107011972 
222.33582107011972 
222.33582107011972 
222.33582107011972 
222.33582107011972 
222.33582107011972 
222.33582107011972 
222.33582107011972 
222.33582107011972 
222.33582107011972 
222.33582107011972 
222.33582107011972 
222.33582107011972 
222.33582107011972 
222.33582107011972 
222.33582107011972 
222.33582107011972 
222.33582107011972 
222.33582107011972 
222.33582107011972 
222.33582107011972 
222.33582107011972 
222.33582107011972 
222.33582107011972 
222.33582107011972 
222.33582107011972 
222.33582107011972 
222.33582107011972 
222.33582107011972 
222.33582107011972 
222.33582107011972 
222.33582107011972 
222.33582107011972 
222.33582107011972 
222.33582107011972 
222.33582107011972 
222.33582107011972 
222.33582107011972 
222.33582107011972 
222.33582107011972 
222.33582107011972 
222.33582107011972 
222.33582107011972 
222.33582107011972 
222.33582107011972 
222.33582107011972 
222.33582107011972 
222.33582107011972 
222.33582107011972 
222.33582107011972 
222.33582107011972 
222.33582107011972 
222.33582107011972 
222.33582107011972 
222.33582107011972 
222.33582107011972 
222.33582107011972 
222.33582107011972 
222.33582107011972 
222.33582107011972 
222.33582107011972 
222.33582107011972 
222.33582107011972 
222.33582107011972 
222.33582107011972 
222.33582107011972 
222.33582107011972 
222.33582107011972 
222.33582107011972 
222.33582107011972 
222.33582107011972 
222.33582107011972 
222.33582107011972 
222.33582107011972 
222.33582107011972 
222.33582107011972 
