0,1
1572278400000,1000.0 
1572292800000,1000.0 
1572307200000,1000.0 
1572321600000,1000.0 
1572336000000,1000.0 
1572350400000,1000.0 
1572364800000,1000.0 
1572379200000,1000.0 
1572393600000,1000.0 
1572408000000,1000.0 
1572422400000,1000.0 
1572436800000,1000.0 
1572451200000,1000.0 
1572465600000,1000.0 
1572480000000,1000.0 
1572494400000,1000.0 
1572508800000,1000.0 
1572523200000,1000.0 
1572537600000,1000.0 
1572552000000,1000.0 
1572566400000,1000.0 
1572580800000,1000.0 
1572595200000,1000.0 
1572609600000,1000.0 
1572624000000,1000.0 
1572638400000,1000.0 
1572652800000,1000.0 
1572667200000,1000.0 
1572681600000,1000.0 
1572696000000,1000.0 
1572710400000,1000.0 
1572724800000,1000.0 
1572739200000,1000.0 
1572753600000,1000.0 
1572768000000,1000.0 
1572782400000,1000.0 
1572796800000,1000.0 
1572811200000,1000.0 
1572825600000,1000.0 
1572840000000,1000.0 
1572854400000,1000.0 
1572868800000,1000.0 
1572883200000,1000.0 
1572897600000,1000.0 
1572912000000,1000.0 
1572926400000,1000.0 
1572940800000,1000.0 
1572955200000,1000.0 
1572969600000,1000.0 
1572984000000,1000.0 
1572998400000,1000.0 
1573012800000,1000.0 
1573027200000,1000.0 
1573041600000,1000.0 
1573056000000,1000.0 
1573070400000,1000.0 
1573084800000,1000.0 
1573099200000,999.3024875621891 
1573113600000,997.5115411951232 
1573128000000,1001.9450687142228 
1573142400000,994.6942334883781 
1573156800000,995.4561093660225 
1573171200000,1013.0106597725504 
1573185600000,981.8204195446131 
1573200000000,963.2775976410845 
1573214400000,936.204995629443 
1573228800000,956.1574955253822 
1573243200000,949.5066622267358 
1573257600000,962.8083288240285 
1573272000000,959.4829121747053 
1573286400000,956.1574955253822 
1573300800000,949.5066622267358 
1573315200000,952.832078876059 
1573329600000,972.7845787719981 
1573344000000,956.1574955253822 
1573358400000,972.7845787719981 
1573372800000,969.4591621226749 
1573387200000,966.1337454733517 
1573401600000,996.0624953172604 
1573416000000,989.411662018614 
1573430400000,989.411662018614 
1573444800000,962.8083288240285 
1573459200000,1009.364161914553 
1573473600000,999.3879119665836 
1573488000000,1039.292911758462 
1573502400000,1039.292911758462 
1573516800000,1029.3166618104924 
1573531200000,1012.6895785638765 
1573545600000,1002.7133286159068 
1573560000000,1006.0387452652301 
1573574400000,1016.0149952131997 
1573588800000,1006.0387452652301 
1573603200000,1002.7133286159068 
1573617600000,999.3879119665836 
1573632000000,1019.3404118625226 
1573646400000,1039.292911758462 
1573660800000,1069.2216616023704 
1573675200000,1062.570828303724 
1573689600000,1062.570828303724 
1573704000000,1016.0149952131997 
1573718400000,1009.364161914553 
1573732800000,1022.665828511846 
1573747200000,1032.6420784598156 
1573761600000,1022.665828511846 
1573776000000,1012.6895785638765 
1573790400000,1019.3404118625226 
1573804800000,1022.665828511846 
1573819200000,979.4354120706445 
1573833600000,979.4354120706445 
1573848000000,979.4354120706445 
1573862400000,972.7845787719981 
1573876800000,979.4354120706445 
1573891200000,986.0862453692909 
1573905600000,992.7370786679371 
1573920000000,999.3879119665836 
1573934400000,999.3879119665836 
1573948800000,1009.364161914553 
1573963200000,982.7608287199677 
1573977600000,992.7370786679371 
1573992000000,989.411662018614 
1574006400000,992.7370786679371 
1574020800000,989.411662018614 
1574035200000,972.7845787719981 
1574049600000,962.8083288240285 
1574064000000,932.8795789801198 
1574078400000,936.204995629443 
1574092800000,926.2287456814735 
1574107200000,929.5541623307967 
1574121600000,899.6254124868881 
1574136000000,889.6491625389185 
1574150400000,873.0220792923025 
1574164800000,886.3237458895952 
1574179200000,899.6254124868881 
1574193600000,909.6016624348575 
1574208000000,906.2762457855343 
1574222400000,896.2999958375648 
1574236800000,899.6254124868881 
1574251200000,916.252495733504 
1574265600000,916.252495733504 
1574280000000,939.5304122787662 
1574294400000,959.4829121747053 
1574308800000,949.5066622267358 
1574323200000,902.9508291362112 
1574337600000,876.3474959416257 
1574352000000,902.9508291362112 
1574366400000,919.5779123828271 
1574380800000,909.6016624348575 
1574395200000,899.6254124868881 
1574409600000,823.1408295524546 
1574424000000,816.4899962538084 
1574438400000,829.791662851101 
1574452800000,839.7679127990706 
1574467200000,823.1408295524546 
1574481600000,833.1170795004242 
1574496000000,819.8154129031315 
1574510400000,846.418746097717 
1574524800000,863.0458293443329 
1574539200000,863.0458293443329 
1574553600000,846.418746097717 
1574568000000,823.1408295524546 
1574582400000,829.791662851101 
1574596800000,789.8866630592229 
1574611200000,806.5137463058387 
1574625600000,776.58499646193 
1574640000000,763.2833298646374 
1574654400000,743.3308299686981 
1574668800000,763.2833298646374 
1574683200000,809.8391629551619 
1574697600000,796.5374963578691 
1574712000000,786.5612464098996 
1574726400000,813.1645796044851 
1574740800000,813.1645796044851 
1574755200000,813.1645796044851 
1574769600000,806.5137463058387 
1574784000000,826.4662462017777 
1574798400000,829.791662851101 
1574812800000,849.7441627470401 
1574827200000,843.0933294483937 
1574841600000,829.791662851101 
1574856000000,853.0695793963632 
1574870400000,856.3949960456865 
1574884800000,846.418746097717 
1574899200000,843.0933294483937 
1574913600000,909.6016624348575 
1574928000000,986.0862453692909 
1574942400000,1119.1029113422185 
1574956800000,1109.126661394249 
1574971200000,1049.2691617064315 
1574985600000,1032.6420784598156 
1575000000000,1032.6420784598156 
1575014400000,1032.6420784598156 
1575028800000,1025.991245161169 
1575043200000,1002.7133286159068 
1575057600000,1012.6895785638765 
1575072000000,1002.7133286159068 
1575086400000,1035.9674951091386 
1575100800000,986.0862453692909 
1575115200000,976.1099954213213 
1575129600000,989.411662018614 
1575144000000,976.1099954213213 
1575158400000,939.5304122787662 
1575172800000,919.5779123828271 
1575187200000,932.8795789801198 
1575201600000,942.8558289280894 
1575216000000,966.1337454733517 
1575230400000,989.411662018614 
1575244800000,1006.0387452652301 
1575259200000,1002.7133286159068 
1575273600000,992.7370786679371 
1575288000000,986.0862453692909 
1575302400000,1029.3166618104924 
1575316800000,1012.6895785638765 
1575331200000,1039.292911758462 
1575345600000,1025.991245161169 
1575360000000,1009.364161914553 
1575374400000,1019.3404118625226 
1575388800000,1055.919995005078 
1575403200000,1055.919995005078 
1575417600000,1055.919995005078 
1575432000000,986.0862453692909 
1575446400000,1009.364161914553 
1575460800000,1022.665828511846 
1575475200000,1019.3404118625226 
1575489600000,976.1099954213213 
1575504000000,959.4829121747053 
1575518400000,972.7845787719981 
1575532800000,969.4591621226749 
1575547200000,962.8083288240285 
1575561600000,966.1337454733517 
1575576000000,982.7608287199677 
1575590400000,972.7845787719981 
1575604800000,966.1337454733517 
1575619200000,959.4829121747053 
1575633600000,976.1099954213213 
1575648000000,979.4354120706445 
1575662400000,989.411662018614 
1575676800000,976.1099954213213 
1575691200000,972.7845787719981 
1575705600000,969.4591621226749 
1575720000000,992.7370786679371 
1575734400000,1002.7133286159068 
1575748800000,1019.3404118625226 
1575763200000,1032.6420784598156 
1575777600000,1039.292911758462 
1575792000000,1089.1741614983096 
1575806400000,1079.19791155034 
1575820800000,1062.570828303724 
1575835200000,1075.8724949010168 
1575849600000,1132.404577939511 
1575864000000,1182.285827679359 
1575878400000,1175.6349943807127 
1575892800000,1122.4283279915414 
1575907200000,1095.824994796956 
1575921600000,1075.8724949010168 
1575936000000,1029.3166618104924 
1575950400000,1049.2691617064315 
1575964800000,1029.3166618104924 
1575979200000,1006.0387452652301 
1575993600000,992.7370786679371 
1576008000000,1016.0149952131997 
1576022400000,1025.991245161169 
1576036800000,1039.292911758462 
1576051200000,1052.5945783557545 
1576065600000,1045.9437450571081 
1576080000000,1035.9674951091386 
1576094400000,1052.5945783557545 
1576108800000,1009.364161914553 
1576123200000,1019.3404118625226 
1576137600000,1025.991245161169 
1576152000000,1002.7133286159068 
1576166400000,1012.6895785638765 
1576180800000,1016.0149952131997 
1576195200000,1006.0387452652301 
1576209600000,996.0624953172604 
1576224000000,996.0624953172604 
1576238400000,1009.364161914553 
1576252800000,1002.7133286159068 
1576267200000,1002.7133286159068 
1576281600000,1006.0387452652301 
1576296000000,1002.7133286159068 
1576310400000,959.4829121747053 
1576324800000,936.204995629443 
1576339200000,956.1574955253822 
1576353600000,946.1812455774126 
1576368000000,949.5066622267358 
1576382400000,959.4829121747053 
1576396800000,962.8083288240285 
1576411200000,979.4354120706445 
1576425600000,972.7845787719981 
1576440000000,982.7608287199677 
1576454400000,959.4829121747053 
1576468800000,959.4829121747053 
1576483200000,959.4829121747053 
1576497600000,956.1574955253822 
1576512000000,909.6016624348575 
1576526400000,902.9508291362112 
1576540800000,882.9983292402721 
1576555200000,889.6491625389185 
1576569600000,896.2999958375648 
1576584000000,863.0458293443329 
1576598400000,836.4424961497474 
1576612800000,819.8154129031315 
1576627200000,853.0695793963632 
1576641600000,826.4662462017777 
1576656000000,839.7679127990706 
1576670400000,866.3712459936561 
1576684800000,896.2999958375648 
1576699200000,912.9270790841807 
1576713600000,869.6966626429793 
1576728000000,866.3712459936561 
1576742400000,879.6729125909488 
1576756800000,873.0220792923025 
1576771200000,873.0220792923025 
1576785600000,859.7204126950097 
1576800000000,856.3949960456865 
1576814400000,863.0458293443329 
1576828800000,873.0220792923025 
1576843200000,889.6491625389185 
1576857600000,892.9745791882416 
1576872000000,896.2999958375648 
1576886400000,889.6491625389185 
1576900800000,889.6491625389185 
1576915200000,876.3474959416257 
1576929600000,876.3474959416257 
1576944000000,866.3712459936561 
1576958400000,899.6254124868881 
1576972800000,902.9508291362112 
1576987200000,912.9270790841807 
1577001600000,912.9270790841807 
1577016000000,932.8795789801198 
1577030400000,922.9033290321503 
1577044800000,922.9033290321503 
1577059200000,926.2287456814735 
1577073600000,922.9033290321503 
1577088000000,926.2287456814735 
1577102400000,939.5304122787662 
1577116800000,896.2999958375648 
1577131200000,892.9745791882416 
1577145600000,889.6491625389185 
1577160000000,876.3474959416257 
1577174400000,882.9983292402721 
1577188800000,879.6729125909488 
1577203200000,866.3712459936561 
1577217600000,866.3712459936561 
1577232000000,856.3949960456865 
1577246400000,869.6966626429793 
1577260800000,866.3712459936561 
1577275200000,856.3949960456865 
1577289600000,856.3949960456865 
1577304000000,853.0695793963632 
1577318400000,876.3474959416257 
1577332800000,869.6966626429793 
1577347200000,869.6966626429793 
1577361600000,882.9983292402721 
1577376000000,882.9983292402721 
1577390400000,896.2999958375648 
1577404800000,879.6729125909488 
1577419200000,863.0458293443329 
1577433600000,836.4424961497474 
1577448000000,853.0695793963632 
1577462400000,856.3949960456865 
1577476800000,856.3949960456865 
1577491200000,863.0458293443329 
1577505600000,859.7204126950097 
1577520000000,879.6729125909488 
1577534400000,879.6729125909488 
1577548800000,873.0220792923025 
1577563200000,873.0220792923025 
1577577600000,863.0458293443329 
1577592000000,856.3949960456865 
1577606400000,869.6966626429793 
1577620800000,879.6729125909488 
1577635200000,882.9983292402721 
1577649600000,869.6966626429793 
1577664000000,876.3474959416257 
1577678400000,873.0220792923025 
1577692800000,856.3949960456865 
1577707200000,849.7441627470401 
1577721600000,849.7441627470401 
1577736000000,843.0933294483937 
1577750400000,843.0933294483937 
1577764800000,839.7679127990706 
1577779200000,836.4424961497474 
1577793600000,833.1170795004242 
1577808000000,826.4662462017777 
1577822400000,816.4899962538084 
1577836800000,826.4662462017777 
1577851200000,813.1645796044851 
1577865600000,816.4899962538084 
1577880000000,839.7679127990706 
1577894400000,829.791662851101 
1577908800000,829.791662851101 
1577923200000,816.4899962538084 
1577937600000,813.1645796044851 
1577952000000,819.8154129031315 
1577966400000,819.8154129031315 
1577980800000,803.1883296565155 
1577995200000,806.5137463058387 
1578009600000,836.4424961497474 
1578024000000,853.0695793963632 
1578038400000,846.418746097717 
1578052800000,839.7679127990706 
1578067200000,849.7441627470401 
1578081600000,856.3949960456865 
1578096000000,853.0695793963632 
1578110400000,863.0458293443329 
1578124800000,853.0695793963632 
1578139200000,856.3949960456865 
1578153600000,859.7204126950097 
1578168000000,876.3474959416257 
1578182400000,882.9983292402721 
1578196800000,873.0220792923025 
1578211200000,876.3474959416257 
1578225600000,882.9983292402721 
1578240000000,869.6966626429793 
1578254400000,856.3949960456865 
1578268800000,869.6966626429793 
1578283200000,873.0220792923025 
1578297600000,886.3237458895952 
1578312000000,896.2999958375648 
1578326400000,902.9508291362112 
1578340800000,902.9508291362112 
1578355200000,886.3237458895952 
1578369600000,882.9983292402721 
1578384000000,882.9983292402721 
1578398400000,886.3237458895952 
1578412800000,866.3712459936561 
1578427200000,866.3712459936561 
1578441600000,869.6966626429793 
1578456000000,863.0458293443329 
1578470400000,869.6966626429793 
1578484800000,866.3712459936561 
1578499200000,856.3949960456865 
1578513600000,856.3949960456865 
1578528000000,849.7441627470401 
1578542400000,843.0933294483937 
1578556800000,846.418746097717 
1578571200000,843.0933294483937 
1578585600000,846.418746097717 
1578600000000,836.4424961497474 
1578614400000,839.7679127990706 
1578628800000,833.1170795004242 
1578643200000,843.0933294483937 
1578657600000,849.7441627470401 
1578672000000,839.7679127990706 
1578686400000,853.0695793963632 
1578700800000,856.3949960456865 
1578715200000,849.7441627470401 
1578729600000,849.7441627470401 
1578744000000,843.0933294483937 
1578758400000,859.7204126950097 
1578772800000,856.3949960456865 
1578787200000,859.7204126950097 
1578801600000,856.3949960456865 
1578816000000,856.3949960456865 
1578830400000,863.0458293443329 
1578844800000,859.7204126950097 
1578859200000,853.0695793963632 
1578873600000,849.7441627470401 
1578888000000,843.0933294483937 
1578902400000,849.7441627470401 
1578916800000,843.0933294483937 
1578931200000,843.0933294483937 
1578945600000,853.0695793963632 
1578960000000,856.3949960456865 
1578974400000,853.0695793963632 
1578988800000,866.3712459936561 
1579003200000,863.0458293443329 
1579017600000,873.0220792923025 
1579032000000,863.0458293443329 
1579046400000,919.5779123828271 
1579060800000,899.6254124868881 
1579075200000,936.204995629443 
1579089600000,912.9270790841807 
1579104000000,906.2762457855343 
1579118400000,916.252495733504 
1579132800000,886.3237458895952 
1579147200000,882.9983292402721 
1579161600000,882.9983292402721 
1579176000000,902.9508291362112 
1579190400000,899.6254124868881 
1579204800000,899.6254124868881 
1579219200000,926.2287456814735 
1579233600000,909.6016624348575 
1579248000000,926.2287456814735 
1579262400000,919.5779123828271 
1579276800000,956.1574955253822 
1579291200000,972.7845787719981 
1579305600000,949.5066622267358 
1579320000000,932.8795789801198 
1579334400000,986.0862453692909 
1579348800000,962.8083288240285 
1579363200000,962.8083288240285 
1579377600000,956.1574955253822 
1579392000000,952.832078876059 
1579406400000,952.832078876059 
1579420800000,889.6491625389185 
1579435200000,896.2999958375648 
1579449600000,892.9745791882416 
1579464000000,899.6254124868881 
1579478400000,886.3237458895952 
1579492800000,902.9508291362112 
1579507200000,889.6491625389185 
1579521600000,892.9745791882416 
1579536000000,899.6254124868881 
1579550400000,886.3237458895952 
1579564800000,896.2999958375648 
1579579200000,892.9745791882416 
1579593600000,889.6491625389185 
1579608000000,932.8795789801198 
1579622400000,909.6016624348575 
1579636800000,929.5541623307967 
1579651200000,916.252495733504 
1579665600000,916.252495733504 
1579680000000,916.252495733504 
1579694400000,909.6016624348575 
1579708800000,919.5779123828271 
1579723200000,916.252495733504 
1579737600000,902.9508291362112 
1579752000000,892.9745791882416 
1579766400000,876.3474959416257 
1579780800000,882.9983292402721 
1579795200000,879.6729125909488 
1579809600000,876.3474959416257 
1579824000000,869.6966626429793 
1579838400000,873.0220792923025 
1579852800000,886.3237458895952 
1579867200000,892.9745791882416 
1579881600000,869.6966626429793 
1579896000000,869.6966626429793 
1579910400000,863.0458293443329 
1579924800000,869.6966626429793 
1579939200000,876.3474959416257 
1579953600000,876.3474959416257 
1579968000000,873.0220792923025 
1579982400000,876.3474959416257 
1579996800000,876.3474959416257 
1580011200000,873.0220792923025 
1580025600000,879.6729125909488 
1580040000000,879.6729125909488 
1580054400000,882.9983292402721 
1580068800000,882.9983292402721 
1580083200000,892.9745791882416 
1580097600000,892.9745791882416 
1580112000000,896.2999958375648 
1580126400000,899.6254124868881 
1580140800000,896.2999958375648 
1580155200000,896.2999958375648 
1580169600000,899.6254124868881 
1580184000000,919.5779123828271 
1580198400000,906.2762457855343 
1580212800000,892.9745791882416 
1580227200000,902.9508291362112 
1580241600000,909.6016624348575 
1580256000000,902.9508291362112 
1580270400000,902.9508291362112 
1580284800000,892.9745791882416 
1580299200000,896.2999958375648 
1580313600000,896.2999958375648 
1580328000000,896.2999958375648 
1580342400000,886.3237458895952 
1580356800000,896.2999958375648 
1580371200000,892.9745791882416 
1580385600000,899.6254124868881 
1580400000000,899.6254124868881 
1580414400000,899.6254124868881 
1580428800000,942.8558289280894 
1580443200000,926.2287456814735 
1580457600000,929.5541623307967 
1580472000000,939.5304122787662 
1580486400000,926.2287456814735 
1580500800000,919.5779123828271 
1580515200000,926.2287456814735 
1580529600000,929.5541623307967 
1580544000000,922.9033290321503 
1580558400000,912.9270790841807 
1580572800000,926.2287456814735 
1580587200000,922.9033290321503 
1580601600000,909.6016624348575 
1580616000000,926.2287456814735 
1580630400000,942.8558289280894 
1580644800000,956.1574955253822 
1580659200000,942.8558289280894 
1580673600000,939.5304122787662 
1580688000000,939.5304122787662 
1580702400000,936.204995629443 
1580716800000,932.8795789801198 
1580731200000,952.832078876059 
1580745600000,956.1574955253822 
1580760000000,972.7845787719981 
1580774400000,966.1337454733517 
1580788800000,1009.364161914553 
1580803200000,1019.3404118625226 
1580817600000,1012.6895785638765 
1580832000000,1035.9674951091386 
1580846400000,1029.3166618104924 
1580860800000,1022.665828511846 
1580875200000,999.3879119665836 
1580889600000,986.0862453692909 
1580904000000,1016.0149952131997 
1580918400000,1016.0149952131997 
1580932800000,1016.0149952131997 
1580947200000,1006.0387452652301 
1580961600000,1025.991245161169 
1580976000000,1042.618328407785 
1580990400000,1042.618328407785 
1581004800000,1059.2454116544009 
1581019200000,1055.919995005078 
1581033600000,1052.5945783557545 
1581048000000,1069.2216616023704 
1581062400000,1109.126661394249 
1581076800000,1132.404577939511 
1581091200000,1142.3808278874806 
1581105600000,1135.7299945888342 
1581120000000,1089.1741614983096 
1581134400000,1115.7774946928953 
1581148800000,1129.0791612901878 
1581163200000,1139.0554112381574 
1581177600000,1149.031661186127 
1581192000000,1132.404577939511 
1581206400000,1122.4283279915414 
1581220800000,1155.6824944847733 
1581235200000,1188.9366609780052 
1581249600000,1198.912910925975 
1581264000000,1205.5637442246211 
1581278400000,1258.7704106137921 
1581292800000,1208.8891608739443 
1581307200000,1195.5874942766518 
1581321600000,1142.3808278874806 
1581336000000,1218.865410821914 
1581350400000,1238.817910717853 
1581364800000,1295.3499937563472 
1581379200000,1272.072077211085 
1581393600000,1235.49249406853 
1581408000000,1305.3262437043168 
1581422400000,1302.0008270549938 
1581436800000,1351.8820767948414 
1581451200000,1328.604160249579 
1581465600000,1361.858326742811 
1581480000000,1355.2074934441644 
1581494400000,1428.366659729275 
1581508800000,1428.366659729275 
1581523200000,1411.7395764826588 
1581537600000,1398.437909885366 
1581552000000,1421.7158264306283 
1581566400000,1385.1362432880733 
1581580800000,1328.604160249579 
1581595200000,1368.5091600414573 
1581609600000,1318.6279103016097 
1581624000000,1252.119577315146 
1581638400000,1302.0008270549938 
1581652800000,1258.7704106137921 
1581667200000,1311.9770770029631 
1581681600000,1335.2549935482257 
1581696000000,1351.8820767948414 
1581710400000,1318.6279103016097 
1581724800000,1311.9770770029631 
1581739200000,1308.65166035364 
1581753600000,1338.5804101975486 
1581768000000,1298.6754104056704 
1581782400000,1225.5162441205603 
1581796800000,1215.539994172591 
1581811200000,1245.4687440164994 
1581825600000,1242.1433273671762 
1581840000000,1218.865410821914 
1581854400000,1162.3333277834197 
1581868800000,1165.6587444327429 
1581883200000,1255.444993964469 
1581897600000,1165.6587444327429 
1581912000000,1152.3570778354501 
1581926400000,1125.7537446408646 
1581940800000,1145.7062445368038 
1581955200000,1178.9604110300359 
1581969600000,1198.912910925975 
1581984000000,1185.6112443286822 
1581998400000,1178.9604110300359 
1582012800000,1162.3333277834197 
1582027200000,1172.3095777313893 
1582041600000,1228.8416607698837 
1582056000000,1265.4212439124387 
1582070400000,1255.444993964469 
1582084800000,1225.5162441205603 
1582099200000,1315.3024936522863 
1582113600000,1328.604160249579 
1582128000000,1368.5091600414573 
1582142400000,1258.7704106137921 
1582156800000,1252.119577315146 
1582171200000,1351.8820767948414 
1582185600000,1351.8820767948414 
1582200000000,1448.319159625214 
1582214400000,1461.6208262225066 
1582228800000,1551.407075754233 
1582243200000,1564.7087423515254 
1582257600000,1671.1220751298674 
1582272000000,1558.057909052879 
1582286400000,1594.637492195434 
1582300800000,1494.8749927157385 
1582315200000,1498.200409365062 
1582329600000,1528.1291592089703 
1582344000000,1524.8037425596472 
1582358400000,1584.6612422474645 
1582372800000,1607.9391587927266 
1582387200000,1594.637492195434 
1582401600000,1584.6612422474645 
1582416000000,1558.057909052879 
1582430400000,1574.684992299495 
1582444800000,1544.7562424555863 
1582459200000,1518.152909261001 
1582473600000,1611.26457544205 
1582488000000,1634.5424919873124 
1582502400000,1581.3358255981414 
1582516800000,1581.3358255981414 
1582531200000,1631.2170753379892 
1582545600000,1714.3524915710689 
1582560000000,1727.6541581683616 
1582574400000,1744.2812414149776 
1582588800000,1661.1458251818979 
1582603200000,1581.3358255981414 
1582617600000,1574.684992299495 
1582632000000,1464.94624287183 
1582646400000,1408.4141598333356 
1582660800000,1418.3904097813052 
1582675200000,1381.81082663875 
1582689600000,1355.2074934441644 
1582704000000,1315.3024936522863 
1582718400000,1302.0008270549938 
1582732800000,1348.5566601455182 
1582747200000,1328.604160249579 
1582761600000,1318.6279103016097 
1582776000000,1375.1599933401037 
1582790400000,1335.2549935482257 
1582804800000,1331.9295768989023 
1582819200000,1381.81082663875 
1582833600000,1325.278743600256 
1582848000000,1358.5329100934878 
1582862400000,1252.119577315146 
1582876800000,1242.1433273671762 
1582891200000,1275.397493860408 
1582905600000,1235.49249406853 
1582920000000,1252.119577315146 
1582934400000,1285.3737438083779 
1582948800000,1298.6754104056704 
1582963200000,1258.7704106137921 
1582977600000,1248.7941606658228 
1582992000000,1252.119577315146 
1583006400000,1182.285827679359 
1583020800000,1218.865410821914 
1583035200000,1188.9366609780052 
1583049600000,1218.865410821914 
