0,1
1574006400000,1000.0 
1574020800000,1000.0 
1574035200000,1000.0 
1574049600000,1000.0 
1574064000000,1000.0 
1574078400000,1000.0 
1574092800000,1000.0 
1574107200000,1000.0 
1574121600000,1000.0 
1574136000000,1000.0 
1574150400000,1000.0 
1574164800000,1000.0 
1574179200000,1000.0 
1574193600000,1000.0 
1574208000000,1000.0 
1574222400000,1000.0 
1574236800000,1000.0 
1574251200000,1000.0 
1574265600000,1000.0 
1574280000000,1000.0 
1574294400000,1000.0 
1574308800000,1000.0 
1574323200000,1000.0 
1574337600000,1000.0 
1574352000000,1000.0 
1574366400000,1000.0 
1574380800000,1000.0 
1574395200000,1000.0 
1574409600000,1000.0 
1574424000000,1000.0 
1574438400000,1000.0 
1574452800000,1000.0 
1574467200000,1000.0 
1574481600000,1000.0 
1574496000000,1000.0 
1574510400000,1000.0 
1574524800000,1000.0 
1574539200000,1000.0 
1574553600000,1000.0 
1574568000000,1000.0 
1574582400000,1000.0 
1574596800000,1000.0 
1574611200000,1000.0 
1574625600000,1000.0 
1574640000000,1000.0 
1574654400000,1000.0 
1574668800000,1000.0 
1574683200000,1000.0 
1574697600000,1000.0 
1574712000000,1000.0 
1574726400000,1000.0 
1574740800000,1000.0 
1574755200000,1000.0 
1574769600000,1000.0 
1574784000000,1000.0 
1574798400000,1000.0 
1574812800000,1000.0 
1574827200000,999.3024875621891 
1574841600000,998.7232507661533 
1574856000000,1002.5371367235505 
1574870400000,1011.9172337403991 
1574884800000,1010.8738452554655 
1574899200000,1004.366017353101 
1574913600000,1005.0042535443156 
1574928000000,1002.1451559616595 
1574942400000,1003.5203242832943 
1574956800000,1001.1065153885615 
1574971200000,980.3704770952221 
1574985600000,989.185139223752 
1575000000000,990.428960748332 
1575014400000,1002.3673755641631 
1575028800000,1026.2158074441227 
1575043200000,1013.1244439091604 
1575057600000,1020.8031959695807 
1575072000000,1012.6871185329383 
1575086400000,1017.7532774367066 
1575100800000,998.7211042455315 
1575115200000,979.6662128529941 
1575129600000,982.755888238252 
1575144000000,991.882925635512 
1575158400000,954.4603684416437 
1575172800000,958.6518765929678 
1575187200000,958.6859538950112 
1575201600000,963.2863896708548 
1575216000000,968.7728352998238 
1575230400000,976.2584826486656 
1575244800000,976.7469239779526 
1575259200000,962.1788773544479 
1575273600000,964.8993819675702 
1575288000000,967.000815593573 
1575302400000,957.3910164173664 
1575316800000,958.3962968276433 
1575331200000,967.4040636677518 
1575345600000,961.7472315285663 
1575360000000,955.7780241206507 
1575374400000,967.8981845473794 
1575388800000,971.4251853088596 
1575403200000,965.6036462097982 
1575417600000,953.2903810714909 
1575432000000,948.2355812684035 
1575446400000,959.1119201705521 
1575460800000,981.3814370558396 
1575475200000,984.4597533404163 
1575489600000,957.720430337118 
1575504000000,967.301831761622 
1575518400000,966.1148057404474 
1575532800000,982.4321538688408 
1575547200000,974.2592809287928 
1575561600000,981.0577026864282 
1575576000000,987.7822902896368 
1575590400000,981.5802213177586 
1575604800000,977.2978403609858 
1575619200000,971.8681902354222 
1575633600000,979.41631263801 
1575648000000,983.5339866349071 
1575662400000,990.139303680964 
1575676800000,990.8265292721702 
1575691200000,986.6179824698245 
1575705600000,986.8394849331058 
1575720000000,986.3396845031376 
1575734400000,988.5035931828862 
1575748800000,984.766449058806 
1575763200000,974.9578656206801 
1575777600000,980.069460927173 
1575792000000,986.9019599868518 
1575806400000,992.1782622532206 
1575820800000,984.4938306424597 
1575835200000,986.1125024895157 
1575849600000,988.7591729482109 
1575864000000,985.2605699384335 
1575878400000,985.2435312874119 
1575892800000,974.9181087682964 
1575907200000,971.3513511544323 
1575921600000,968.5854101385856 
1575936000000,961.06000593736 
1575950400000,960.1796756345751 
1575964800000,956.5504429669652 
1575979200000,929.4249105405097 
1575993600000,938.9495164616081 
1576008000000,940.4716359528749 
1576022400000,939.0460688173974 
1576036800000,940.9941545842053 
1576051200000,943.3966043782568 
1576065600000,929.7770426616237 
1576080000000,934.3150033837212 
1576094400000,937.6772971853254 
1576108800000,924.273558381633 
1576123200000,923.5579350387239 
1576137600000,928.6468121438547 
1576152000000,924.9948612748825 
1576166400000,932.6679337849624 
1576180800000,932.8496793958599 
1576195200000,937.5693857288551 
1576209600000,936.3539619559779 
1576224000000,935.837122874988 
1576238400000,944.0497526674199 
1576252800000,939.8355263147336 
1576267200000,941.8858439876711 
1576281600000,943.9134434592467 
1576296000000,942.9706381027158 
1576310400000,932.1283765026103 
1576324800000,915.4872940048058 
1576339200000,916.1688400456716 
1576353600000,915.1919573870973 
1576368000000,905.6389537142961 
1576382400000,916.77655193211 
1576396800000,916.7311155293856 
1576411200000,914.0333291176256 
1576425600000,916.4868948647422 
1576440000000,914.7773502122373 
1576454400000,910.3756986983129 
1576468800000,906.5022453660594 
1576483200000,906.2296269497132 
1576497600000,903.5375200882936 
1576512000000,856.9368095441001 
1576526400000,861.0488039906566 
1576540800000,846.4750778168113 
1576555200000,839.523308199981 
1576569600000,841.9314375443732 
1576584000000,813.5166471906134 
1576598400000,796.78469188736 
1576612800000,800.7944544277866 
1576627200000,813.3519402307375 
1576641600000,805.536878962144 
1576656000000,816.0951630452221 
1576670400000,845.4016428024478 
1576684800000,844.7825718153281 
1576699200000,871.1697626975125 
1576713600000,852.4954011777919 
1576728000000,841.7610510341568 
1576742400000,850.5643540620057 
1576756800000,852.3363737682565 
1576771200000,856.5222023692402 
1576785600000,855.1875080392115 
1576800000000,852.3704510702999 
1576814400000,852.0012802981641 
1576828800000,863.8090654561628 
1576843200000,857.6183555849658 
1576857600000,863.5194083887948 
1576872000000,865.3936600011755 
1576886400000,862.8662600996319 
1576900800000,858.5214040891129 
1576915200000,855.6134743147526 
1576929600000,857.8568966992688 
1576944000000,856.2552635032343 
1576958400000,854.4548460452808 
1576972800000,859.6573141572225 
1576987200000,862.161995857404 
1577001600000,858.2033492700422 
1577016000000,863.8545018588871 
1577030400000,875.0659342311282 
1577044800000,880.2740818934103 
1577059200000,886.555664570056 
1577073600000,878.5929349926082 
1577088000000,879.8765133695721 
1577102400000,885.3856771999032 
1577116800000,861.985929796847 
1577131200000,853.8641728098638 
1577145600000,854.0118411187182 
1577160000000,853.5858748431771 
1577174400000,862.3778187703448 
1577188800000,854.9205691732058 
1577203200000,856.0962360936991 
1577217600000,855.5169219589632 
1577232000000,848.3606885298732 
1577246400000,850.3485311490648 
1577260800000,841.2271733021453 
1577275200000,839.6198605557703 
1577289600000,840.1707769388034 
1577304000000,840.3922794020848 
1577318400000,843.2661318744019 
1577332800000,845.1574221378042 
1577347200000,846.6568234277089 
1577361600000,850.9562430355035 
1577376000000,853.4893224873878 
1577390400000,843.2774909750831 
1577404800000,846.2649344542111 
1577419200000,846.6284256760061 
1577433600000,832.6340136368967 
1577448000000,847.4689991264071 
1577462400000,848.1562247176134 
1577476800000,852.0523962512291 
1577491200000,865.4390964039 
1577505600000,861.1737540981486 
1577520000000,862.4857302268151 
1577534400000,863.6500380466274 
1577548800000,872.9474619541038 
1577563200000,872.9872188064877 
1577577600000,871.5446130199887 
1577592000000,870.2553550926843 
1577606400000,872.6294071350333 
1577620800000,898.7155818491685 
1577635200000,895.7678952224244 
1577649600000,898.7212613995091 
1577664000000,908.5014470859322 
1577678400000,908.2061104682236 
1577692800000,898.5622339899738 
1577707200000,886.0501845897473 
1577721600000,885.0335450787893 
1577736000000,883.3523981779872 
1577750400000,878.4168689320512 
1577764800000,880.4899048063512 
1577779200000,886.2376097509854 
1577793600000,876.298396655027 
1577808000000,872.3340705173248 
1577822400000,875.4407845536043 
1577836800000,880.4160706519241 
1577851200000,876.1393692454917 
1577865600000,875.1852047882797 
1577880000000,881.546301169693 
1577894400000,876.8549925884007 
1577908800000,874.0265765188079 
1577923200000,864.3259045371526 
1577937600000,860.4694898559208 
1577952000000,862.4743711261341 
1577966400000,856.7209866311592 
1577980800000,838.5861823937906 
1577995200000,836.3370804589338 
1578009600000,843.9533574656082 
1578024000000,862.7981054955453 
1578038400000,873.7539581024618 
1578052800000,871.2719946036424 
1578067200000,873.4075055316883 
1578081600000,871.9024246914431 
1578096000000,874.1004106732352 
1578110400000,875.9633031849347 
1578124800000,880.4274297526052 
1578139200000,876.7641197829519 
1578153600000,879.75156326208 
1578168000000,881.2680032030062 
1578182400000,890.838045526829 
1578196800000,899.6470281050184 
1578211200000,893.7232570998272 
1578225600000,907.1667527559034 
1578240000000,903.469365484207 
1578254400000,893.4279204821187 
1578268800000,916.0041330857956 
1578283200000,915.9246193810279 
1578297600000,930.8788754276899 
1578312000000,922.1721247556303 
1578326400000,929.811119963667 
1578340800000,946.1057498906981 
1578355200000,949.4907618936645 
1578369600000,940.6988179664968 
1578384000000,942.4992354244504 
1578398400000,923.6431282938322 
1578412800000,950.9333676801635 
1578427200000,948.7921772017771 
1578441600000,949.9394463705678 
1578456000000,946.5544343676014 
1578470400000,951.2911793516181 
1578484800000,932.1738129053347 
1578499200000,908.5639221396782 
1578513600000,923.0467755080747 
1578528000000,918.8495878064099 
1578542400000,922.0471746481383 
1578556800000,919.1165266724157 
1578571200000,916.9015020396021 
1578585600000,915.8394261259198 
1578600000000,914.8398252659833 
1578614400000,908.955811113176 
1578628800000,902.3732122684813 
1578643200000,914.5444886482749 
1578657600000,938.7280139983268 
1578672000000,945.4526016015351 
1578686400000,952.2283051578084 
1578700800000,942.6809810353479 
1578715200000,942.629865082283 
1578729600000,942.7264174380723 
1578744000000,943.936161660609 
1578758400000,960.2648688896834 
1578772800000,944.4530007415988 
1578787200000,960.1853551849157 
1578801600000,965.819469122739 
1578816000000,966.4498992105398 
1578830400000,966.4839765125831 
1578844800000,960.0036095740182 
1578859200000,968.8125921522077 
1578873600000,953.1029559102528 
1578888000000,948.9909614636964 
1578902400000,951.5240409155806 
1578916800000,950.439246800536 
1578931200000,952.3816530170033 
1578945600000,959.1630361236172 
1578960000000,981.2962438007313 
1578974400000,979.240246577453 
1578988800000,986.8565235841274 
1579003200000,1012.0453293444563 
1579017600000,1042.0219960418667 
1579032000000,1045.3445329910871 
1579046400000,1056.3798993027713 
1579060800000,1032.4917105704278 
1579075200000,1100.4191326433777 
1579089600000,1081.8129257277435 
1579104000000,1099.2434657228841 
1579118400000,1100.538403200529 
1579132800000,1035.3258061903612 
1579147200000,1049.2918204777677 
1579161600000,1049.9620074179525 
1579176000000,1060.2476730846843 
1579190400000,1071.1069733358113 
1579204800000,1068.2558390648562 
1579219200000,1117.162447047312 
1579233600000,1127.4253945126816 
1579248000000,1106.3201854472065 
1579262400000,1110.3526661889953 
1579276800000,1113.459380225275 
1579291200000,1127.368599009276 
1579305600000,1116.7535194227928 
1579320000000,1103.792785545663 
1579334400000,1115.947023274435 
1579348800000,1119.3831512304662 
1579363200000,1112.544972620447 
1579377600000,1109.9778158665192 
1579392000000,1130.1515786761445 
1579406400000,1120.4168293924458 
1579420800000,1077.9224337444684 
1579435200000,1062.2639134555786 
1579449600000,1070.0221792207667 
1579464000000,1083.9597957564706 
1579478400000,1072.0100218399584 
1579492800000,1074.5828581442263 
1579507200000,1068.9941806091276 
1579521600000,1080.3419221895417 
1579536000000,1084.0279503605573 
1579550400000,1081.4323958549269 
1579564800000,1094.3704115306944 
1579579200000,1088.2592153642652 
1579593600000,1091.2807361454363 
1579608000000,1110.71047786045 
1579622400000,1100.5554418515508 
1579636800000,1126.4485118541074 
1579651200000,1127.4992286671088 
1579665600000,1135.041671519356 
1579680000000,1106.8483836288776 
1579694400000,1100.8791762209619 
1579708800000,1100.3339393882695 
1579723200000,1106.6495993669585 
1579737600000,1084.3460051796278 
1579752000000,1082.6194218761013 
1579766400000,1067.233520003558 
1579780800000,1063.8428284502509 
1579795200000,1053.0005668501453 
1579809600000,1062.2752725562596 
1579824000000,1042.0787915452722 
1579838400000,1040.3578877920863 
1579852800000,1067.9775410981695 
1579867200000,1083.5451885816105 
1579881600000,1081.279047995732 
1579896000000,1064.6322859475868 
1579910400000,1043.850811251523 
1579924800000,1051.4273314058137 
1579939200000,1051.8021817282897 
1579953600000,1054.9088957645693 
1579968000000,1059.6797180506294 
1579982400000,1057.5726048742863 
1579996800000,1063.6554032890126 
1580011200000,1066.5576535130326 
1580025600000,1075.0826585741945 
1580040000000,1073.0153022502352 
1580054400000,1081.4551140562892 
1580068800000,1087.7650944846375 
1580083200000,1093.3196947176932 
1580097600000,1088.2024198608594 
1580112000000,1091.8543707298318 
1580126400000,1098.079157903072 
1580140800000,1103.1680350082029 
1580155200000,1099.8171003072796 
1580169600000,1109.932379463795 
1580184000000,1106.7404721724072 
1580198400000,1105.3717005403353 
1580212800000,1100.4475303950803 
1580227200000,1101.3619379999086 
1580241600000,1122.7908814347948 
1580256000000,1130.1970150788688 
1580270400000,1138.2960538644897 
1580284800000,1119.3547534787635 
1580299200000,1116.6001715635978 
1580313600000,1124.09149846278 
1580328000000,1112.931182043604 
1580342400000,1104.1505972171174 
1580356800000,1128.8168843461158 
1580371200000,1122.2058877497182 
1580385600000,1129.1462982658677 
1580400000000,1136.4274818024496 
1580414400000,1152.983371045146 
1580428800000,1165.8645912175082 
1580443200000,1140.2043827789137 
1580457600000,1132.8493650879045 
1580472000000,1123.6257753348552 
1580486400000,1124.7673649533053 
1580500800000,1132.4858738661096 
1580515200000,1142.6693076267115 
1580529600000,1144.696907098287 
1580544000000,1125.5681815513226 
1580558400000,1124.9775083159054 
1580572800000,1127.6071401235793 
1580587200000,1134.2294958206576 
1580601600000,1116.8955081813062 
1580616000000,1132.9743151953967 
1580630400000,1146.5314018582837 
1580644800000,1158.2539937611743 
1580659200000,1159.2138377687268 
1580673600000,1144.3106976751299 
1580688000000,1143.8449745472049 
1580702400000,1145.162630226212 
1580716800000,1139.1820637176154 
1580731200000,1131.6680186170709 
1580745600000,1140.6985036585415 
1580760000000,1145.2478234813202 
1580774400000,1144.0267201581025 
1580788800000,1138.2506174617654 
1580803200000,1120.325956586997 
1580817600000,1127.9535926943527 
1580832000000,1125.6476952560902 
1580846400000,1127.698012929028 
1580860800000,1161.2300781396211 
1580875200000,1158.0438503985738 
1580889600000,1172.7993221833167 
1580904000000,1185.6748628053383 
1580918400000,1186.3904861482474 
1580932800000,1189.684625345765 
1580947200000,1190.3320940845872 
1580961600000,1205.3601842856765 
1580976000000,1227.6864966743692 
1580990400000,1267.539901413992 
1581004800000,1263.8425141422954 
1581019200000,1268.9938663011721 
1581033600000,1281.6251862585502 
1581048000000,1310.8578318613488 
1581062400000,1344.9862498576997 
1581076800000,1342.4645295064965 
1581091200000,1365.4155924326496 
1581105600000,1350.609004694842 
1581120000000,1310.4602633375107 
1581134400000,1335.3594120304713 
1581148800000,1341.1695920288519 
1581163200000,1333.8372925392048 
1581177600000,1333.6498673779668 
1581192000000,1336.6600290584568 
1581206400000,1428.2143805480848 
1581220800000,1419.5928231311334 
1581235200000,1403.2981932041023 
1581249600000,1423.2504535504463 
1581264000000,1448.2575136998773 
1581278400000,1481.034198715178 
1581292800000,1454.7889965915074 
1581307200000,1510.3463580227444 
1581321600000,1485.890214256346 
1581336000000,1525.743618995969 
1581350400000,1538.1023205370007 
1581364800000,1525.0677525054439 
1581379200000,1495.05700850599 
1581393600000,1491.654957852002 
1581408000000,1514.5208275230468 
1581422400000,1518.0137509824835 
1581436800000,1553.579095214993 
1581451200000,1564.8246048892775 
1581465600000,1551.5912525958013 
1581480000000,1569.6806204304455 
1581494400000,1561.814443208787 
1581508800000,1552.085373475429 
1581523200000,1560.621737637272 
1581537600000,1603.723845171688 
1581552000000,1600.1400489068026 
1581566400000,1569.061549443326 
1581580800000,1517.945596378397 
1581595200000,1557.747885164955 
1581609600000,1544.4918146701168 
1581624000000,1546.3376685307946 
1581638400000,1566.4716744880361 
1581652800000,1524.5963498271783 
1581667200000,1547.1044078267687 
1581681600000,1561.6951726516356 
1581696000000,1593.7107979213026 
1581710400000,1600.901108652436 
1581724800000,1564.0294678416008 
1581739200000,1556.4586272376507 
1581753600000,1590.4109791734445 
1581768000000,1533.4337301570704 
1581782400000,1463.3480789547127 
1581796800000,1469.3456841143309 
1581811200000,1514.2766068584033 
1581825600000,1499.3337099124224 
1581840000000,1472.083227378475 
1581854400000,1421.3364450856818 
1581868800000,1399.1350828044808 
1581883200000,1423.2106966980623 
1581897600000,1373.4180788624813 
1581912000000,1380.5970304929335 
1581926400000,1355.5388543904373 
1581940800000,1378.5751105716986 
1581955200000,1410.1306922637812 
1581969600000,1431.0427966176776 
1581984000000,1435.745464299651 
1581998400000,1444.9974518044032 
1582012800000,1428.203021447404 
1582027200000,1439.2781446114718 
1582041600000,1471.276731230117 
1582056000000,1468.9026791877682 
1582070400000,1468.7152540265301 
1582084800000,1455.408067578627 
1582099200000,1465.9947494134078 
1582113600000,1456.4247070895851 
1582128000000,1460.718447147039 
1582142400000,1366.1312157755585 
1582156800000,1353.5737299726077 
1582171200000,1360.5709359921625 
1582185600000,1340.73794620297 
1582200000000,1328.5382720714738 
1582214400000,1341.680751559501 
1582228800000,1359.0147391988523 
1582243200000,1388.9857263459223 
1582257600000,1359.6906056893774 
1582272000000,1364.4159915727132 
1582286400000,1367.130816635495 
1582300800000,1355.3003132761341 
1582315200000,1356.6293280558223 
1582329600000,1352.9887362875313 
1582344000000,1332.604830115306 
1582358400000,1348.2065549007903 
1582372800000,1349.8309062981868 
1582387200000,1344.5716426828396 
1582401600000,1346.2300713822797 
1582416000000,1377.6777416178918 
1582430400000,1393.8814987394742 
1582444800000,1386.0948352225835 
1582459200000,1393.2056322489493 
1582473600000,1392.59224081217 
1582488000000,1401.8385487665817 
1582502400000,1382.5167185080386 
1582516800000,1372.4923121569718 
1582531200000,1389.201549258863 
1582545600000,1364.2967210155618 
1582560000000,1336.8758519713977 
1582574400000,1352.602526864374 
1582588800000,1332.1959024907862 
1582603200000,1296.1364373786494 
1582617600000,1314.1917279112504 
1582632000000,1265.4782246403731 
1582646400000,1245.6849917035647 
1582660800000,1256.2319166859618 
1582675200000,1197.3009023524394 
1582689600000,1182.9827559439186 
1582704000000,1184.4935163345044 
1582718400000,1164.8990676596152 
1582732800000,1160.7189186089718 
1582747200000,1156.9476971828483 
1582761600000,1147.6673119263933 
1582776000000,1154.4089381806234 
1582790400000,1168.965625703447 
1582804800000,1183.5279927766114 
1582819200000,1202.6680774242568 
1582833600000,1176.0537045284505 
1582848000000,1198.5674420783814 
1582862400000,1169.5335807375018 
1582876800000,1134.1386230152089 
1582891200000,1163.9903396051272 
1582905600000,1153.85234224725 
1582920000000,1179.0013911551946 
1582934400000,1175.2926447828172 
1582948800000,1185.339769335246 
1582963200000,1247.08784063768 
1582977600000,1214.1066918101199 
1582992000000,1213.0957318495023 
1583006400000,1192.4732845629737 
1583020800000,1211.5224964051706 
1583035200000,1189.355211426013 
1583049600000,1211.7894352711762 
1583064000000,1190.4400055410579 
1583078400000,1166.5234190570116 
1583092800000,1170.572938449822 
1583107200000,1184.1584228644122 
1583121600000,1189.9572437621111 
1583136000000,1209.3926650274652 
1583150400000,1213.2206819569944 
1583164800000,1228.8053680914572 
1583179200000,1228.4475564200027 
1583193600000,1227.748971728115 
1583208000000,1218.8320776934554 
1583222400000,1242.8224983319287 
1583236800000,1217.2474831484426 
1583251200000,1204.3378652243778 
1583265600000,1213.288836561081 
1583280000000,1233.5421130754737 
1583294400000,1239.641950141222 
1583308800000,1225.6304994510908 
1583323200000,1217.241803598102 
1583337600000,1218.5708183777904 
1583352000000,1231.7132978658174 
1583366400000,1262.0704944360446 
1583380800000,1277.0247504827066 
1583395200000,1310.7215226531757 
1583409600000,1299.243151414929 
1583424000000,1300.2938682279303 
1583438400000,1278.9728362495143 
1583452800000,1294.0634015043495 
1583467200000,1306.950301227052 
1583481600000,1325.2100555719128 
1583496000000,1287.1797864916057 
1583510400000,1301.2309940341206 
1583524800000,1313.4817841186818 
1583539200000,1293.4500100675702 
1583553600000,1289.735584144852 
1583568000000,1298.4593734679336 
1583582400000,1292.4390501069527 
1583596800000,1235.626508050455 
1583611200000,1249.1040810085744 
1583625600000,1198.811662743025 
1583640000000,1202.5431273167646 
1583654400000,1194.3816134773979 
1583668800000,1143.1066330029337 
1583683200000,1123.8075209457527 
1583697600000,1058.0099302505084 
1583712000000,1059.032249311807 
1583726400000,1077.3431196097324 
1583740800000,1049.9108914648873 
1583755200000,1006.8769385345579 
1583769600000,1028.345638821828 
1583784000000,1040.7100199132003 
1583798400000,1041.1246270880602 
1583812800000,1043.6236292379012 
1583827200000,1069.363351381263 
1583841600000,1029.6462558498133 
1583856000000,1058.606283036266 
1583870400000,1055.1020004761479 
1583884800000,1058.2711895661737 
1583899200000,1044.3960480842156 
