0,1
1572897600000,1000.0 
1572912000000,1000.0 
1572926400000,1000.0 
1572940800000,1000.0 
1572955200000,1000.0 
1572969600000,1000.0 
1572984000000,1000.0 
1572998400000,1000.0 
1573012800000,1000.0 
1573027200000,1000.0 
1573041600000,1000.0 
1573056000000,1000.0 
1573070400000,1000.0 
1573084800000,1000.0 
1573099200000,1000.0 
1573113600000,1000.0 
1573128000000,1000.0 
1573142400000,1000.0 
1573156800000,1000.0 
1573171200000,1000.0 
1573185600000,1000.0 
1573200000000,1000.0 
1573214400000,1000.0 
1573228800000,1000.0 
1573243200000,1000.0 
1573257600000,1000.0 
1573272000000,1000.0 
1573286400000,1000.0 
1573300800000,1000.0 
1573315200000,1000.0 
1573329600000,1000.0 
1573344000000,1000.0 
1573358400000,1000.0 
1573372800000,1000.0 
1573387200000,1000.0 
1573401600000,1000.0 
1573416000000,1000.0 
1573430400000,1000.0 
1573444800000,1000.0 
1573459200000,1000.0 
1573473600000,1000.0 
1573488000000,1000.0 
1573502400000,1000.0 
1573516800000,1000.0 
1573531200000,1000.0 
1573545600000,1000.0 
1573560000000,1000.0 
1573574400000,1000.0 
1573588800000,1000.0 
1573603200000,1000.0 
1573617600000,1000.0 
1573632000000,1000.0 
1573646400000,1000.0 
1573660800000,1000.0 
1573675200000,1000.0 
1573689600000,1000.0 
1573704000000,1000.0 
1573718400000,1000.0 
1573732800000,1000.0 
1573747200000,1000.0 
1573761600000,1000.0 
1573776000000,1000.0 
1573790400000,1000.0 
1573804800000,1000.0 
1573819200000,1000.0 
1573833600000,1000.0 
1573848000000,1000.0 
1573862400000,1000.0 
1573876800000,1000.0 
1573891200000,1000.0 
1573905600000,1000.0 
1573920000000,1000.0 
1573934400000,1000.0 
1573948800000,1000.0 
1573963200000,1000.0 
1573977600000,1000.0 
1573992000000,1000.0 
1574006400000,1000.0 
1574020800000,1000.0 
1574035200000,1000.0 
1574049600000,1000.0 
1574064000000,1000.0 
1574078400000,1000.0 
1574092800000,1000.0 
1574107200000,1000.0 
1574121600000,1000.0 
1574136000000,1000.0 
1574150400000,1000.0 
1574164800000,1000.0 
1574179200000,1000.0 
1574193600000,1000.0 
1574208000000,1000.0 
1574222400000,1000.0 
1574236800000,1000.0 
1574251200000,1000.0 
1574265600000,999.3024875621891 
1574280000000,998.7333264159391 
1574294400000,998.5439550341578 
1574308800000,996.9368264581868 
1574323200000,987.1649771413837 
1574337600000,968.1642576022307 
1574352000000,968.8756912290187 
1574366400000,967.762334568413 
1574380800000,966.1852347757408 
1574395200000,966.1852347757408 
1574409600000,966.1852347757408 
1574424000000,966.1852347757408 
1574438400000,966.1852347757408 
1574452800000,966.1852347757408 
1574467200000,966.1852347757408 
1574481600000,966.1852347757408 
1574496000000,965.4877223379299 
1574510400000,966.425687817384 
1574524800000,965.3411853638365 
1574539200000,966.1171539472032 
1574553600000,960.4474856112199 
1574568000000,957.2914574119372 
1574582400000,956.584895951825 
1574596800000,936.1450684235554 
1574611200000,941.6828659116286 
1574625600000,941.6828659116286 
1574640000000,941.6828659116286 
1574654400000,941.6828659116286 
1574668800000,941.6828659116286 
1574683200000,941.6828659116286 
1574697600000,941.6828659116286 
1574712000000,941.6828659116286 
1574726400000,941.6828659116286 
1574740800000,941.6828659116286 
1574755200000,941.6828659116286 
1574769600000,941.6828659116286 
1574784000000,941.6828659116286 
1574798400000,941.6828659116286 
1574812800000,941.6828659116286 
1574827200000,941.6828659116286 
1574841600000,941.6828659116286 
1574856000000,941.6828659116286 
1574870400000,941.6828659116286 
1574884800000,941.6828659116286 
1574899200000,941.6828659116286 
1574913600000,941.6828659116286 
1574928000000,941.6828659116286 
1574942400000,941.6828659116286 
1574956800000,941.6828659116286 
1574971200000,941.6828659116286 
1574985600000,941.6828659116286 
1575000000000,941.6828659116286 
1575014400000,941.6828659116286 
1575028800000,941.6828659116286 
1575043200000,941.6828659116286 
1575057600000,941.6828659116286 
1575072000000,941.6828659116286 
1575086400000,941.6828659116286 
1575100800000,941.6828659116286 
1575115200000,941.6828659116286 
1575129600000,941.6828659116286 
1575144000000,941.6828659116286 
1575158400000,941.6828659116286 
1575172800000,941.6828659116286 
1575187200000,940.9853534738177 
1575201600000,939.6035085358922 
1575216000000,939.5162770570853 
1575230400000,942.6110543115055 
1575244800000,940.2453755269439 
1575259200000,930.923706014451 
1575273600000,933.8277139461743 
1575288000000,934.9891657405783 
1575302400000,930.8783707700301 
1575316800000,930.8783707700301 
1575331200000,930.8783707700301 
1575345600000,930.8783707700301 
1575360000000,930.8783707700301 
1575374400000,930.8783707700301 
1575388800000,930.8783707700301 
1575403200000,930.8783707700301 
1575417600000,930.180858332219 
1575432000000,929.5853576199114 
1575446400000,930.0871558183698 
1575460800000,941.0178341258219 
1575475200000,940.5367964701622 
1575489600000,919.8867739111405 
1575504000000,921.5168142933408 
1575518400000,927.1226429994974 
1575532800000,935.6085380204279 
1575547200000,932.2392954378842 
1575561600000,936.521229311972 
1575576000000,939.5162028037386 
1575590400000,934.5530335231925 
1575604800000,935.40909199179 
1575619200000,932.8934455811941 
1575633600000,934.1705567769159 
1575648000000,940.0767856743543 
1575662400000,948.1843077767578 
1575676800000,949.6263928480195 
1575691200000,951.3138868187162 
1575705600000,947.5843281597446 
1575720000000,947.5843281597446 
1575734400000,945.9176570110501 
1575748800000,945.9176570110501 
1575763200000,945.2201445732392 
1575777600000,945.1715935584637 
1575792000000,946.3773956064667 
1575806400000,946.9888281083379 
1575820800000,946.441921900351 
1575835200000,944.167660746432 
1575849600000,941.5429686027526 
1575864000000,939.071859588803 
1575878400000,937.9940211322871 
1575892800000,937.9940211322871 
1575907200000,937.9940211322871 
1575921600000,937.9940211322871 
1575936000000,937.9940211322871 
1575950400000,937.9940211322871 
1575964800000,937.9940211322871 
1575979200000,937.9940211322871 
1575993600000,937.9940211322871 
1576008000000,937.9940211322871 
1576022400000,937.9940211322871 
1576036800000,937.9940211322871 
1576051200000,937.9940211322871 
1576065600000,937.9940211322871 
1576080000000,937.9940211322871 
1576094400000,937.9940211322871 
1576108800000,937.9940211322871 
1576123200000,937.9940211322871 
1576137600000,937.9940211322871 
1576152000000,937.9940211322871 
1576166400000,937.9940211322871 
1576180800000,937.9940211322871 
1576195200000,937.9940211322871 
1576209600000,937.9940211322871 
1576224000000,937.9940211322871 
1576238400000,937.9940211322871 
1576252800000,937.9940211322871 
1576267200000,937.9940211322871 
1576281600000,937.9940211322871 
1576296000000,937.9940211322871 
1576310400000,937.9940211322871 
1576324800000,937.9940211322871 
1576339200000,937.9940211322871 
1576353600000,937.9940211322871 
1576368000000,937.9940211322871 
1576382400000,937.9940211322871 
1576396800000,937.9940211322871 
1576411200000,937.9940211322871 
1576425600000,937.9940211322871 
1576440000000,937.9940211322871 
1576454400000,937.9940211322871 
1576468800000,937.9940211322871 
1576483200000,937.9940211322871 
1576497600000,937.9940211322871 
1576512000000,937.9940211322871 
1576526400000,937.9940211322871 
1576540800000,937.9940211322871 
1576555200000,937.9940211322871 
1576569600000,937.9940211322871 
1576584000000,937.9940211322871 
1576598400000,937.9940211322871 
1576612800000,937.9940211322871 
1576627200000,937.9940211322871 
1576641600000,937.9940211322871 
1576656000000,937.9940211322871 
1576670400000,937.9940211322871 
1576684800000,937.9940211322871 
1576699200000,937.9940211322871 
1576713600000,937.9940211322871 
1576728000000,937.9940211322871 
1576742400000,937.9940211322871 
1576756800000,937.9940211322871 
1576771200000,937.9940211322871 
1576785600000,937.9940211322871 
1576800000000,937.9940211322871 
1576814400000,937.9940211322871 
1576828800000,937.9940211322871 
1576843200000,937.9940211322871 
1576857600000,937.9940211322871 
1576872000000,937.9940211322871 
1576886400000,937.9940211322871 
1576900800000,937.9940211322871 
1576915200000,937.9940211322871 
1576929600000,937.9940211322871 
1576944000000,937.9940211322871 
1576958400000,937.9940211322871 
1576972800000,937.9940211322871 
1576987200000,937.9940211322871 
1577001600000,937.9940211322871 
1577016000000,937.9940211322871 
1577030400000,937.9940211322871 
1577044800000,937.9940211322871 
1577059200000,937.9940211322871 
1577073600000,937.9940211322871 
1577088000000,937.9940211322871 
1577102400000,937.9940211322871 
1577116800000,937.9940211322871 
1577131200000,937.9940211322871 
1577145600000,937.9940211322871 
1577160000000,937.9940211322871 
1577174400000,937.9940211322871 
1577188800000,937.9940211322871 
1577203200000,937.9940211322871 
1577217600000,937.9940211322871 
1577232000000,937.9940211322871 
1577246400000,937.9940211322871 
1577260800000,937.9940211322871 
1577275200000,937.9940211322871 
1577289600000,937.9940211322871 
1577304000000,937.9940211322871 
1577318400000,937.9940211322871 
1577332800000,937.9940211322871 
1577347200000,937.9940211322871 
1577361600000,937.9940211322871 
1577376000000,937.9940211322871 
1577390400000,937.9940211322871 
1577404800000,937.9940211322871 
1577419200000,937.9940211322871 
1577433600000,937.9940211322871 
1577448000000,937.9940211322871 
1577462400000,937.9940211322871 
1577476800000,937.9940211322871 
1577491200000,937.9940211322871 
1577505600000,937.9940211322871 
1577520000000,937.9940211322871 
1577534400000,937.9940211322871 
1577548800000,937.9940211322871 
1577563200000,937.9940211322871 
1577577600000,937.9940211322871 
1577592000000,937.9940211322871 
1577606400000,937.9940211322871 
1577620800000,937.9940211322871 
1577635200000,937.9940211322871 
1577649600000,937.9940211322871 
1577664000000,937.9940211322871 
1577678400000,937.9940211322871 
1577692800000,937.9940211322871 
1577707200000,937.9940211322871 
1577721600000,937.9940211322871 
1577736000000,937.9940211322871 
1577750400000,937.9940211322871 
1577764800000,937.9940211322871 
1577779200000,937.9940211322871 
1577793600000,937.9940211322871 
1577808000000,937.9940211322871 
1577822400000,937.9940211322871 
1577836800000,937.9940211322871 
1577851200000,937.9940211322871 
1577865600000,937.9940211322871 
1577880000000,937.9940211322871 
1577894400000,937.9940211322871 
1577908800000,937.9940211322871 
1577923200000,937.9940211322871 
1577937600000,937.9940211322871 
1577952000000,937.9940211322871 
1577966400000,937.9940211322871 
1577980800000,937.9940211322871 
1577995200000,937.9940211322871 
1578009600000,937.9940211322871 
1578024000000,937.9940211322871 
1578038400000,937.9940211322871 
1578052800000,937.9940211322871 
1578067200000,937.9940211322871 
1578081600000,937.9940211322871 
1578096000000,937.9940211322871 
1578110400000,937.9940211322871 
1578124800000,937.9940211322871 
1578139200000,937.9940211322871 
1578153600000,937.9940211322871 
1578168000000,937.9940211322871 
1578182400000,937.9940211322871 
1578196800000,937.9940211322871 
1578211200000,937.9940211322871 
1578225600000,937.9940211322871 
1578240000000,937.9940211322871 
1578254400000,937.9940211322871 
1578268800000,937.9940211322871 
1578283200000,937.9940211322871 
1578297600000,937.9940211322871 
1578312000000,937.9940211322871 
1578326400000,937.9940211322871 
1578340800000,937.9940211322871 
1578355200000,937.9940211322871 
1578369600000,937.9940211322871 
1578384000000,937.9940211322871 
1578398400000,937.9940211322871 
1578412800000,937.9940211322871 
1578427200000,937.9940211322871 
1578441600000,937.9940211322871 
1578456000000,937.9940211322871 
1578470400000,937.9940211322871 
1578484800000,937.9940211322871 
1578499200000,937.9940211322871 
1578513600000,937.9940211322871 
1578528000000,937.9940211322871 
1578542400000,937.9940211322871 
1578556800000,937.9940211322871 
1578571200000,937.9940211322871 
1578585600000,937.9940211322871 
1578600000000,937.9940211322871 
1578614400000,937.9940211322871 
1578628800000,937.9940211322871 
1578643200000,937.9940211322871 
1578657600000,937.9940211322871 
1578672000000,937.9940211322871 
1578686400000,937.9940211322871 
1578700800000,937.9940211322871 
1578715200000,937.9940211322871 
1578729600000,937.9940211322871 
1578744000000,937.9940211322871 
1578758400000,937.9940211322871 
1578772800000,937.9940211322871 
1578787200000,937.9940211322871 
1578801600000,937.9940211322871 
1578816000000,937.9940211322871 
1578830400000,937.9940211322871 
1578844800000,937.9940211322871 
1578859200000,937.9940211322871 
1578873600000,937.9940211322871 
1578888000000,937.9940211322871 
1578902400000,937.9940211322871 
1578916800000,937.9940211322871 
1578931200000,937.9940211322871 
1578945600000,937.9940211322871 
1578960000000,937.9940211322871 
1578974400000,937.9940211322871 
1578988800000,937.9940211322871 
1579003200000,937.9940211322871 
1579017600000,937.9940211322871 
1579032000000,937.9940211322871 
1579046400000,937.9940211322871 
1579060800000,937.9940211322871 
1579075200000,937.9940211322871 
1579089600000,937.9940211322871 
1579104000000,937.9940211322871 
1579118400000,937.9940211322871 
1579132800000,937.9940211322871 
1579147200000,937.9940211322871 
1579161600000,937.9940211322871 
1579176000000,937.9940211322871 
1579190400000,937.9940211322871 
1579204800000,937.9940211322871 
1579219200000,937.9940211322871 
1579233600000,937.9940211322871 
1579248000000,937.9940211322871 
1579262400000,937.9940211322871 
1579276800000,937.9940211322871 
1579291200000,937.9940211322871 
1579305600000,937.9940211322871 
1579320000000,937.9940211322871 
1579334400000,937.9940211322871 
1579348800000,937.9940211322871 
1579363200000,937.9940211322871 
1579377600000,937.9940211322871 
1579392000000,937.9940211322871 
1579406400000,937.9940211322871 
1579420800000,937.9940211322871 
1579435200000,937.9940211322871 
1579449600000,937.2965086944762 
1579464000000,937.4102148854838 
1579478400000,935.3350828008985 
1579492800000,935.7290319148686 
1579507200000,931.5346748005983 
1579521600000,933.2406586365321 
1579536000000,934.7543697406052 
1579550400000,931.0019939108319 
1579564800000,932.4612948024069 
1579579200000,927.7363890777804 
1579593600000,930.2671815981186 
1579608000000,933.3708469239202 
1579622400000,917.1646585538135 
1579636800000,940.4918734424648 
1579651200000,937.4907658160138 
1579665600000,938.2293884386095 
1579680000000,930.4309714236631 
1579694400000,930.4309714236631 
1579708800000,930.4309714236631 
1579723200000,930.4309714236631 
1579737600000,930.4309714236631 
1579752000000,930.4309714236631 
1579766400000,930.4309714236631 
1579780800000,930.4309714236631 
1579795200000,929.7334589858522 
1579809600000,929.9173601069724 
1579824000000,927.0477538917837 
1579838400000,926.3806373123587 
1579852800000,928.6672242729542 
1579867200000,932.4179173157988 
1579881600000,935.5938978212182 
1579896000000,926.6473405732833 
1579910400000,912.7300696321224 
1579924800000,912.7300696321224 
1579939200000,912.7300696321224 
1579953600000,912.7300696321224 
1579968000000,912.7300696321224 
1579982400000,912.7300696321224 
1579996800000,912.7300696321224 
1580011200000,912.7300696321224 
1580025600000,912.7300696321224 
1580040000000,912.7300696321224 
1580054400000,912.7300696321224 
1580068800000,912.7300696321224 
1580083200000,912.7300696321224 
1580097600000,912.7300696321224 
1580112000000,912.7300696321224 
1580126400000,912.7300696321224 
1580140800000,912.0325571943115 
1580155200000,911.163586320495 
1580169600000,914.8920893600655 
1580184000000,911.7090007191628 
1580198400000,915.0926240445235 
1580212800000,906.9385717882112 
1580227200000,908.1010892518902 
1580241600000,933.3998687346552 
1580256000000,931.0509146935751 
1580270400000,931.0509146935751 
1580284800000,931.0509146935751 
1580299200000,931.0509146935751 
1580313600000,931.0509146935751 
1580328000000,931.0509146935751 
1580342400000,931.0509146935751 
1580356800000,931.0509146935751 
1580371200000,930.3534022557642 
1580385600000,930.0444227213883 
1580400000000,931.653567955713 
1580414400000,932.1799953151935 
1580428800000,928.0070390503852 
1580443200000,922.517497455198 
1580457600000,920.0710042663727 
1580472000000,915.406595401872 
1580486400000,917.1726757304775 
1580500800000,922.884172566957 
1580515200000,928.263072198099 
1580529600000,930.3246014277321 
1580544000000,920.7748563825343 
1580558400000,922.5458409270449 
1580572800000,925.7341865506219 
1580587200000,925.9052638487694 
1580601600000,912.0326822011114 
1580616000000,912.0326822011114 
1580630400000,912.0326822011114 
1580644800000,912.0326822011114 
1580659200000,912.0326822011114 
1580673600000,912.0326822011114 
1580688000000,912.0326822011114 
1580702400000,912.0326822011114 
1580716800000,911.3351697633004 
1580731200000,910.0200613419046 
1580745600000,909.8399070517042 
1580760000000,909.0749855186418 
1580774400000,907.7452367592541 
1580788800000,905.8181781771002 
1580803200000,899.9533680875401 
1580817600000,900.0281052784823 
1580832000000,895.7974171849695 
1580846400000,895.7974171849695 
1580860800000,895.7974171849695 
1580875200000,895.7974171849695 
1580889600000,895.7974171849695 
1580904000000,895.7974171849695 
1580918400000,895.7974171849695 
1580932800000,895.7974171849695 
1580947200000,895.7974171849695 
1580961600000,895.7974171849695 
1580976000000,895.7974171849695 
1580990400000,895.7974171849695 
1581004800000,895.7974171849695 
1581019200000,895.7974171849695 
1581033600000,895.7974171849695 
1581048000000,895.7974171849695 
1581062400000,895.0999047471585 
1581076800000,894.0518847067622 
1581091200000,892.9107149584681 
1581105600000,893.8937850185218 
1581120000000,889.0074794016882 
1581134400000,890.8122190761162 
1581148800000,893.5947687699846 
1581163200000,895.1810137991051 
1581177600000,896.342522084354 
1581192000000,900.9324319258516 
1581206400000,910.7491290509686 
1581220800000,919.1521697336751 
1581235200000,916.9316391883465 
1581249600000,916.5054274646278 
1581264000000,915.3309050809448 
1581278400000,914.8567038692502 
1581292800000,913.2080795063731 
1581307200000,913.2080795063731 
1581321600000,913.2080795063731 
1581336000000,913.2080795063731 
1581350400000,913.2080795063731 
1581364800000,913.2080795063731 
1581379200000,913.2080795063731 
1581393600000,913.2080795063731 
1581408000000,912.5105670685622 
1581422400000,916.1424123174438 
1581436800000,917.1149991144725 
1581451200000,915.8691438759615 
1581465600000,916.2113550227041 
1581480000000,920.0918375074124 
1581494400000,918.6406279678026 
1581508800000,915.7848991544904 
1581523200000,913.8639581429709 
1581537600000,913.8639581429709 
1581552000000,913.8639581429709 
1581566400000,913.8639581429709 
1581580800000,913.8639581429709 
1581595200000,913.8639581429709 
1581609600000,913.8639581429709 
1581624000000,913.8639581429709 
1581638400000,913.16644570516 
1581652800000,911.1128002742254 
1581667200000,913.1220703638327 
1581681600000,912.2655212424837 
1581696000000,915.1178551677041 
1581710400000,915.5353132138299 
1581724800000,910.1715661002656 
1581739200000,906.478464975659 
1581753600000,905.6940956743443 
1581768000000,873.9015940968154 
1581782400000,877.6759228092529 
1581796800000,877.8687844613797 
1581811200000,886.4768719572141 
1581825600000,883.2540752092299 
1581840000000,878.2763246946071 
1581854400000,873.7453848853642 
1581868800000,859.121780141741 
1581883200000,859.121780141741 
1581897600000,859.121780141741 
1581912000000,859.121780141741 
1581926400000,859.121780141741 
1581940800000,859.121780141741 
1581955200000,859.121780141741 
1581969600000,859.121780141741 
1581984000000,859.121780141741 
1581998400000,859.121780141741 
1582012800000,859.121780141741 
1582027200000,859.121780141741 
1582041600000,859.121780141741 
1582056000000,859.121780141741 
1582070400000,859.121780141741 
1582084800000,859.121780141741 
1582099200000,859.121780141741 
1582113600000,859.121780141741 
1582128000000,859.121780141741 
1582142400000,859.121780141741 
1582156800000,859.121780141741 
1582171200000,859.121780141741 
1582185600000,859.121780141741 
1582200000000,859.121780141741 
1582214400000,859.121780141741 
1582228800000,859.121780141741 
1582243200000,859.121780141741 
1582257600000,859.121780141741 
1582272000000,859.121780141741 
1582286400000,859.121780141741 
1582300800000,859.121780141741 
1582315200000,859.121780141741 
1582329600000,859.121780141741 
1582344000000,859.121780141741 
1582358400000,859.121780141741 
1582372800000,859.121780141741 
1582387200000,858.4242677039301 
1582401600000,857.5798461225207 
1582416000000,859.3853366659221 
1582430400000,862.4780701272757 
1582444800000,860.8606756908752 
1582459200000,859.5411999974683 
1582473600000,860.9478246111503 
1582488000000,864.4763219766509 
1582502400000,846.3458477343022 
1582516800000,842.2356911454755 
1582531200000,847.8350817984687 
1582545600000,841.5586194932715 
1582560000000,834.1787293909515 
1582574400000,834.1787293909515 
1582588800000,834.1787293909515 
1582603200000,834.1787293909515 
1582617600000,834.1787293909515 
1582632000000,834.1787293909515 
1582646400000,834.1787293909515 
1582660800000,834.1787293909515 
1582675200000,833.4812169531406 
1582689600000,832.8716567420312 
1582704000000,831.6701655654206 
1582718400000,826.2154822289649 
1582732800000,817.444160055785 
1582747200000,816.1096453370253 
1582761600000,810.3835627687405 
1582776000000,816.6523511169802 
1582790400000,817.1237923570467 
1582804800000,822.5672008529384 
1582819200000,823.7801148940172 
1582833600000,815.5650953270344 
1582848000000,820.5531040617278 
1582862400000,808.7563787408175 
1582876800000,798.2296038302945 
1582891200000,805.8920835696001 
1582905600000,793.3096466137328 
1582920000000,793.3096466137328 
1582934400000,793.3096466137328 
1582948800000,793.3096466137328 
1582963200000,793.3096466137328 
1582977600000,793.3096466137328 
1582992000000,793.3096466137328 
1583006400000,793.3096466137328 
1583020800000,792.6121341759218 
1583035200000,790.8860921331056 
1583049600000,792.4760695920789 
1583064000000,789.5456956765086 
1583078400000,787.3151111396846 
1583092800000,786.1761426656194 
1583107200000,791.184290730262 
1583121600000,789.9851201788158 
1583136000000,799.9923136418766 
1583150400000,799.9923136418766 
1583164800000,799.9923136418766 
1583179200000,799.9923136418766 
1583193600000,799.9923136418766 
1583208000000,799.9923136418766 
1583222400000,799.9923136418766 
1583236800000,799.9923136418766 
1583251200000,799.9923136418766 
1583265600000,799.9923136418766 
1583280000000,799.9923136418766 
1583294400000,799.9923136418766 
1583308800000,799.9923136418766 
1583323200000,799.9923136418766 
1583337600000,799.9923136418766 
1583352000000,799.9923136418766 
1583366400000,799.2948012040656 
1583380800000,799.0989330509642 
1583395200000,802.4893963551601 
1583409600000,799.9584691521547 
1583424000000,803.2863718588242 
1583438400000,797.2013732528418 
1583452800000,797.732131387038 
1583467200000,801.2306476330405 
1583481600000,802.6745860271518 
1583496000000,802.6745860271518 
1583510400000,802.6745860271518 
1583524800000,802.6745860271518 
1583539200000,802.6745860271518 
1583553600000,802.6745860271518 
1583568000000,802.6745860271518 
1583582400000,802.6745860271518 
1583596800000,802.6745860271518 
1583611200000,802.6745860271518 
1583625600000,802.6745860271518 
1583640000000,802.6745860271518 
1583654400000,802.6745860271518 
1583668800000,802.6745860271518 
