0,1
1572897600000,1000.0 
1572912000000,1000.0 
1572926400000,1000.0 
1572940800000,1000.0 
1572955200000,1000.0 
1572969600000,1000.0 
1572984000000,1000.0 
1572998400000,1000.0 
1573012800000,1000.0 
1573027200000,1000.0 
1573041600000,1000.0 
1573056000000,1000.0 
1573070400000,1000.0 
1573084800000,1000.0 
1573099200000,1000.0 
1573113600000,1000.0 
1573128000000,1000.0 
1573142400000,1000.0 
1573156800000,1000.0 
1573171200000,1000.0 
1573185600000,1000.0 
1573200000000,1000.0 
1573214400000,1000.0 
1573228800000,1000.0 
1573243200000,1000.0 
1573257600000,1000.0 
1573272000000,1000.0 
1573286400000,1000.0 
1573300800000,1000.0 
1573315200000,1000.0 
1573329600000,1000.0 
1573344000000,1000.0 
1573358400000,1000.0 
1573372800000,1000.0 
1573387200000,1000.0 
1573401600000,1000.0 
1573416000000,1000.0 
1573430400000,1000.0 
1573444800000,1000.0 
1573459200000,1000.0 
1573473600000,1000.0 
1573488000000,1000.0 
1573502400000,1000.0 
1573516800000,1000.0 
1573531200000,1000.0 
1573545600000,1000.0 
1573560000000,1000.0 
1573574400000,1000.0 
1573588800000,1000.0 
1573603200000,1000.0 
1573617600000,1000.0 
1573632000000,1000.0 
1573646400000,1000.0 
1573660800000,1000.0 
1573675200000,1000.0 
1573689600000,1000.0 
1573704000000,1000.0 
1573718400000,1000.0 
1573732800000,1000.0 
1573747200000,1000.0 
1573761600000,1000.0 
1573776000000,1000.0 
1573790400000,1000.0 
1573804800000,1000.0 
1573819200000,1000.0 
1573833600000,1000.0 
1573848000000,1000.0 
1573862400000,1000.0 
1573876800000,1000.0 
1573891200000,1000.0 
1573905600000,1000.0 
1573920000000,1000.0 
1573934400000,1000.0 
1573948800000,1000.0 
1573963200000,1000.0 
1573977600000,1000.0 
1573992000000,1000.0 
1574006400000,1000.0 
1574020800000,1000.0 
1574035200000,1000.0 
1574049600000,1000.0 
1574064000000,1000.0 
1574078400000,1000.0 
1574092800000,1000.0 
1574107200000,1000.0 
1574121600000,1000.0 
1574136000000,1000.0 
1574150400000,1000.0 
1574164800000,1000.0 
1574179200000,1000.0 
1574193600000,1000.0 
1574208000000,1000.0 
1574222400000,1000.0 
1574236800000,1000.0 
1574251200000,1000.0 
1574265600000,1000.0 
1574280000000,1000.0 
1574294400000,1000.0 
1574308800000,1000.0 
1574323200000,1000.0 
1574337600000,1000.0 
1574352000000,1000.0 
1574366400000,1000.0 
1574380800000,999.3024875621891 
1574395200000,998.604975124378 
1574409600000,998.604975124378 
1574424000000,998.5055223631964 
1574438400000,998.5055223631964 
1574452800000,998.5055223631964 
1574467200000,998.5055223631964 
1574481600000,998.5055223631964 
1574496000000,998.5055223631964 
1574510400000,998.5055223631964 
1574524800000,998.5055223631964 
1574539200000,998.5055223631964 
1574553600000,998.5055223631964 
1574568000000,998.5055223631964 
1574582400000,998.5055223631964 
1574596800000,998.604975124378 
1574611200000,998.604975124378 
1574625600000,998.604975124378 
1574640000000,998.2069651741293 
1574654400000,998.2069651741293 
1574668800000,998.2069651741293 
1574683200000,998.2069651741293 
1574697600000,998.2069651741293 
1574712000000,998.2069651741293 
1574726400000,997.5094527363184 
1574740800000,996.7622139179166 
1574755200000,996.0647014801056 
1574769600000,995.3671890422945 
1574784000000,994.6696766044836 
1574798400000,993.9721641666727 
1574812800000,993.2746517288617 
1574827200000,992.5771392910509 
1574841600000,990.9851989428171 
1574856000000,990.9851989428171 
1574870400000,990.9851989428171 
1574884800000,990.9851989428171 
1574899200000,990.9851989428171 
1574913600000,990.9851989428171 
1574928000000,990.9851989428171 
1574942400000,990.9851989428171 
1574956800000,990.9851989428171 
1574971200000,990.9851989428171 
1574985600000,990.9851989428171 
1575000000000,990.9851989428171 
1575014400000,990.9851989428171 
1575028800000,990.9851989428171 
1575043200000,990.9851989428171 
1575057600000,990.9851989428171 
1575072000000,990.9851989428171 
1575086400000,990.9851989428171 
1575100800000,990.2876865050061 
1575115200000,989.5404476866044 
1575129600000,988.9424128731653 
1575144000000,988.2449004353542 
1575158400000,987.5473879975433 
1575172800000,986.8498755597324 
1575187200000,985.3579598260569 
1575201600000,985.3579598260569 
1575216000000,985.3579598260569 
1575230400000,985.3579598260569 
1575244800000,985.3579598260569 
1575259200000,985.3579598260569 
1575273600000,985.3579598260569 
1575288000000,985.3579598260569 
1575302400000,984.660447388246 
1575316800000,983.9629349504349 
1575331200000,983.265422512624 
1575345600000,982.4187309330407 
1575360000000,981.7212184952298 
1575374400000,981.2723876867533 
1575388800000,980.2764672390172 
1575403200000,979.9271140549126 
1575417600000,978.8317159828043 
1575432000000,978.8317159828043 
1575446400000,978.92124335842 
1575460800000,979.2793528608827 
1575475200000,979.2793528608827 
1575489600000,978.8317159828043 
1575504000000,979.2793528608827 
1575518400000,979.2793528608827 
1575532800000,978.8317159828043 
1575547200000,979.189825485267 
1575561600000,979.2793528608827 
1575576000000,979.2793528608827 
1575590400000,979.2793528608827 
1575604800000,979.2793528608827 
1575619200000,979.2793528608827 
1575633600000,979.2793528608827 
1575648000000,978.8317159828043 
1575662400000,979.2793528608827 
1575676800000,979.2793528608827 
1575691200000,979.2793528608827 
1575705600000,979.2793528608827 
1575720000000,979.2793528608827 
1575734400000,978.8317159828043 
1575748800000,979.2793528608827 
1575763200000,977.487910074813 
1575777600000,977.487910074813 
1575792000000,977.487910074813 
1575806400000,977.487910074813 
1575820800000,977.487910074813 
1575835200000,977.487910074813 
1575849600000,977.487910074813 
1575864000000,977.487910074813 
1575878400000,977.487910074813 
1575892800000,977.487910074813 
1575907200000,977.487910074813 
1575921600000,977.487910074813 
1575936000000,977.487910074813 
1575950400000,977.487910074813 
1575964800000,977.487910074813 
1575979200000,977.487910074813 
1575993600000,977.487910074813 
1576008000000,977.487910074813 
1576022400000,977.487910074813 
1576036800000,977.487910074813 
1576051200000,977.487910074813 
1576065600000,977.487910074813 
1576080000000,977.487910074813 
1576094400000,977.487910074813 
1576108800000,977.487910074813 
1576123200000,977.487910074813 
1576137600000,977.487910074813 
1576152000000,977.487910074813 
1576166400000,977.487910074813 
1576180800000,977.487910074813 
1576195200000,977.487910074813 
1576209600000,977.487910074813 
1576224000000,976.7903976370021 
1576238400000,976.0332135424821 
1576252800000,975.4550802246638 
1576267200000,974.6382006023852 
1576281600000,974.5984095524374 
1576296000000,974.7973648021762 
1576310400000,974.7973648021762 
1576324800000,974.5586185024896 
1576339200000,974.7973648021762 
1576353600000,974.6382006023852 
1576368000000,974.6382006023852 
1576382400000,974.7973648021762 
1576396800000,974.5984095524374 
1576411200000,974.6382006023852 
1576425600000,974.5984095524374 
1576440000000,974.7973648021762 
1576454400000,974.7973648021762 
1576468800000,974.5984095524374 
1576483200000,974.5984095524374 
1576497600000,974.5984095524374 
1576512000000,974.5984095524374 
1576526400000,974.7973648021762 
1576540800000,974.7973648021762 
1576555200000,974.7973648021762 
1576569600000,974.7973648021762 
1576584000000,974.6382006023852 
1576598400000,974.6382006023852 
1576612800000,976.5879620498255 
1576627200000,974.5984095524374 
1576641600000,974.5984095524374 
1576656000000,974.5984095524374 
1576670400000,974.5984095524374 
1576684800000,974.5984095524374 
1576699200000,974.7973648021762 
1576713600000,974.5984095524374 
1576728000000,974.5984095524374 
1576742400000,974.5984095524374 
1576756800000,974.5984095524374 
1576771200000,974.5984095524374 
1576785600000,974.5586185024896 
1576800000000,974.5586185024896 
1576814400000,974.5586185024896 
1576828800000,974.5586185024896 
1576843200000,974.5586185024896 
1576857600000,974.5984095524374 
1576872000000,974.5984095524374 
1576886400000,974.5586185024896 
1576900800000,974.5586185024896 
1576915200000,974.5586185024896 
1576929600000,974.5586185024896 
1576944000000,974.5586185024896 
1576958400000,974.5984095524374 
1576972800000,974.5586185024896 
1576987200000,974.5586185024896 
1577001600000,974.5586185024896 
1577016000000,974.5586185024896 
1577030400000,974.5984095524374 
1577044800000,974.5984095524374 
1577059200000,974.5586185024896 
1577073600000,974.5984095524374 
1577088000000,974.5984095524374 
1577102400000,974.5586185024896 
1577116800000,974.5586185024896 
1577131200000,974.5586185024896 
1577145600000,974.5586185024896 
1577160000000,974.5586185024896 
1577174400000,974.5586185024896 
1577188800000,974.5984095524374 
1577203200000,974.5586185024896 
1577217600000,974.5586185024896 
1577232000000,974.5586185024896 
1577246400000,974.5586185024896 
1577260800000,974.5984095524374 
1577275200000,974.5984095524374 
1577289600000,974.5984095524374 
1577304000000,974.5984095524374 
1577318400000,974.7973648021762 
1577332800000,974.5984095524374 
1577347200000,974.5984095524374 
1577361600000,974.5984095524374 
1577376000000,974.996320051915 
1577390400000,974.5586185024896 
1577404800000,974.5586185024896 
1577419200000,974.5984095524374 
1577433600000,974.5984095524374 
1577448000000,974.5984095524374 
1577462400000,974.5984095524374 
1577476800000,974.5984095524374 
1577491200000,974.5984095524374 
1577505600000,974.5984095524374 
1577520000000,974.5984095524374 
1577534400000,974.5984095524374 
1577548800000,974.5586185024896 
1577563200000,974.5984095524374 
1577577600000,974.5984095524374 
1577592000000,974.5984095524374 
1577606400000,974.5984095524374 
1577620800000,974.5984095524374 
1577635200000,974.4790364025941 
1577649600000,974.4790364025941 
1577664000000,974.4790364025941 
1577678400000,974.2402901029075 
1577692800000,974.2402901029075 
1577707200000,974.2402901029075 
1577721600000,974.2402901029075 
1577736000000,974.5586185024896 
1577750400000,974.5984095524374 
1577764800000,974.5984095524374 
1577779200000,974.5984095524374 
1577793600000,974.5984095524374 
1577808000000,974.5984095524374 
1577822400000,974.5984095524374 
1577836800000,974.5984095524374 
1577851200000,974.5984095524374 
1577865600000,974.5984095524374 
1577880000000,974.5984095524374 
1577894400000,974.5984095524374 
1577908800000,974.5984095524374 
1577923200000,974.5984095524374 
1577937600000,974.5984095524374 
1577952000000,974.5984095524374 
1577966400000,974.5984095524374 
1577980800000,974.5984095524374 
1577995200000,974.5984095524374 
1578009600000,974.5984095524374 
1578024000000,974.5984095524374 
1578038400000,974.5984095524374 
1578052800000,974.5984095524374 
1578067200000,974.5984095524374 
1578081600000,974.5586185024896 
1578096000000,974.5586185024896 
1578110400000,974.5984095524374 
1578124800000,974.5586185024896 
1578139200000,974.5586185024896 
1578153600000,974.5586185024896 
1578168000000,974.5586185024896 
1578182400000,974.5984095524374 
1578196800000,974.5984095524374 
1578211200000,974.7973648021762 
1578225600000,974.5984095524374 
1578240000000,974.5586185024896 
1578254400000,974.5586185024896 
1578268800000,974.5984095524374 
1578283200000,974.5984095524374 
1578297600000,974.5984095524374 
1578312000000,974.5984095524374 
1578326400000,974.5984095524374 
1578340800000,974.5984095524374 
1578355200000,974.5984095524374 
1578369600000,974.5984095524374 
1578384000000,974.5984095524374 
1578398400000,974.5586185024896 
1578412800000,974.0998523643652 
1578427200000,973.4023399265543 
1578441600000,973.3016435105842 
1578456000000,972.6041310727733 
1578470400000,970.7133342300726 
1578484800000,970.7133342300726 
1578499200000,970.7133342300726 
1578513600000,970.7133342300726 
1578528000000,970.6238316876571 
1578542400000,970.7133342300726 
1578556800000,970.7133342300726 
1578571200000,970.7133342300726 
1578585600000,970.7133342300726 
1578600000000,970.6238316876571 
1578614400000,970.7133342300726 
1578628800000,970.7133342300726 
1578643200000,970.7133342300726 
1578657600000,970.7133342300726 
1578672000000,970.7133342300726 
1578686400000,970.7133342300726 
1578700800000,970.7133342300726 
1578715200000,970.7133342300726 
1578729600000,970.7133342300726 
1578744000000,970.7133342300726 
1578758400000,970.6238316876571 
1578772800000,970.7133342300726 
1578787200000,970.7133342300726 
1578801600000,970.7133342300726 
1578816000000,970.7133342300726 
1578830400000,970.7133342300726 
1578844800000,969.3699010684155 
1578859200000,969.3699010684155 
1578873600000,969.3699010684155 
1578888000000,969.3699010684155 
1578902400000,969.3699010684155 
1578916800000,969.3699010684155 
1578931200000,969.3699010684155 
1578945600000,969.3699010684155 
1578960000000,969.3699010684155 
1578974400000,969.3699010684155 
1578988800000,969.3699010684155 
1579003200000,969.3699010684155 
1579017600000,969.3699010684155 
1579032000000,969.3699010684155 
1579046400000,969.3699010684155 
1579060800000,969.3699010684155 
1579075200000,969.3699010684155 
1579089600000,969.3699010684155 
1579104000000,968.6723886306046 
1579118400000,967.9848274366741 
1579132800000,967.2873149988632 
1579147200000,966.5898025610522 
1579161600000,966.5898025610522 
1579176000000,966.550000570903 
1579190400000,966.5898025610522 
1579204800000,966.5898025610522 
1579219200000,966.5898025610522 
1579233600000,966.5898025610522 
1579248000000,966.9878224625447 
1579262400000,967.78386226553 
1579276800000,966.5898025610522 
1579291200000,966.5898025610522 
1579305600000,966.5898025610522 
1579320000000,966.5898025610522 
1579334400000,966.5898025610522 
1579348800000,966.5898025610522 
1579363200000,967.5848523147838 
1579377600000,967.5848523147838 
1579392000000,966.9878224625447 
1579406400000,966.9878224625447 
1579420800000,966.5898025610522 
1579435200000,966.550000570903 
1579449600000,966.5898025610522 
1579464000000,966.550000570903 
1579478400000,966.550000570903 
1579492800000,966.5898025610522 
1579507200000,966.7888125117985 
1579521600000,966.5898025610522 
1579536000000,966.5898025610522 
1579550400000,966.7888125117985 
1579564800000,966.9878224625447 
1579579200000,966.9878224625447 
1579593600000,966.9878224625447 
1579608000000,966.9878224625447 
1579622400000,966.7888125117985 
1579636800000,966.7888125117985 
1579651200000,966.7888125117985 
1579665600000,966.5898025610522 
1579680000000,966.5898025610522 
1579694400000,966.5898025610522 
1579708800000,966.5898025610522 
1579723200000,966.5898025610522 
1579737600000,966.5898025610522 
1579752000000,966.5898025610522 
1579766400000,966.5898025610522 
1579780800000,966.7092085314999 
1579795200000,966.7092085314999 
1579809600000,966.7092085314999 
1579824000000,966.7092085314999 
1579838400000,966.7092085314999 
1579852800000,966.7092085314999 
1579867200000,966.5898025610522 
1579881600000,966.5898025610522 
1579896000000,966.5898025610522 
1579910400000,966.6694065413508 
1579924800000,966.7092085314999 
1579939200000,966.7092085314999 
1579953600000,966.5898025610522 
1579968000000,966.6694065413508 
1579982400000,966.6694065413508 
1579996800000,966.6694065413508 
1580011200000,966.5898025610522 
1580025600000,966.6296045512015 
1580040000000,966.6296045512015 
1580054400000,966.6296045512015 
1580068800000,966.7092085314999 
1580083200000,966.7092085314999 
1580097600000,966.5898025610522 
1580112000000,966.5898025610522 
1580126400000,966.7092085314999 
1580140800000,966.5898025610522 
1580155200000,966.5898025610522 
1580169600000,966.7092085314999 
1580184000000,966.7092085314999 
1580198400000,966.7092085314999 
1580212800000,966.7092085314999 
1580227200000,966.7092085314999 
1580241600000,966.5898025610522 
1580256000000,966.5898025610522 
1580270400000,966.6694065413508 
1580284800000,966.6694065413508 
1580299200000,966.6694065413508 
1580313600000,966.7092085314999 
1580328000000,966.7092085314999 
1580342400000,966.7092085314999 
1580356800000,966.7092085314999 
1580371200000,966.7092085314999 
1580385600000,966.5898025610522 
1580400000000,966.5898025610522 
1580414400000,966.7092085314999 
1580428800000,966.5898025610522 
1580443200000,966.5898025610522 
1580457600000,966.5898025610522 
1580472000000,965.8922901232413 
1580486400000,965.2445299243358 
1580500800000,964.547017486525 
1580515200000,963.8495050487139 
1580529600000,963.151992610903 
1580544000000,963.0624433566742 
1580558400000,963.151992610903 
1580572800000,963.151992610903 
1580587200000,963.0624433566742 
1580601600000,963.151992610903 
1580616000000,963.151992610903 
1580630400000,963.0624433566742 
1580644800000,963.0624433566742 
1580659200000,963.151992610903 
1580673600000,963.0624433566742 
1580688000000,963.151992610903 
1580702400000,962.9728941024454 
1580716800000,962.9728941024454 
1580731200000,962.9728941024454 
1580745600000,963.0624433566742 
1580760000000,963.0624433566742 
1580774400000,963.0624433566742 
1580788800000,962.9728941024454 
1580803200000,963.0624433566742 
1580817600000,963.0624433566742 
1580832000000,961.1820881163773 
1580846400000,961.1820881163773 
1580860800000,961.1820881163773 
1580875200000,961.1820881163773 
1580889600000,961.1820881163773 
1580904000000,961.1820881163773 
1580918400000,961.1820881163773 
1580932800000,961.1820881163773 
1580947200000,961.1820881163773 
1580961600000,961.1820881163773 
1580976000000,961.1820881163773 
1580990400000,961.1820881163773 
1581004800000,961.1820881163773 
1581019200000,961.1820881163773 
1581033600000,961.1820881163773 
1581048000000,961.1820881163773 
1581062400000,960.4845756785663 
1581076800000,959.8268881307141 
1581091200000,959.1293756929031 
1581105600000,958.4915846568879 
1581120000000,957.7542612694228 
1581134400000,957.056748831612 
1581148800000,956.2995229563858 
1581163200000,955.7413418718135 
1581177600000,954.1490233643026 
1581192000000,954.1490233643026 
1581206400000,954.1490233643026 
1581220800000,954.1490233643026 
1581235200000,954.1490233643026 
1581249600000,954.1490233643026 
1581264000000,954.1490233643026 
1581278400000,954.1490233643026 
1581292800000,953.4515109264917 
1581307200000,952.7539984886806 
1581321600000,952.0564860508696 
1581336000000,951.3589736130587 
1581350400000,950.6614611752477 
1581364800000,949.9141974936558 
1581379200000,949.2166850558449 
1581393600000,948.5888263495763 
1581408000000,947.8117099314668 
1581422400000,947.9012651556459 
1581436800000,947.9012651556459 
1581451200000,948.7968173974372 
1581465600000,947.9012651556459 
1581480000000,947.8117099314668 
1581494400000,947.9012651556459 
1581508800000,947.9012651556459 
1581523200000,946.0207845583325 
1581537600000,946.0207845583325 
1581552000000,946.0207845583325 
1581566400000,946.0207845583325 
1581580800000,946.0207845583325 
1581595200000,946.0207845583325 
1581609600000,946.0207845583325 
1581624000000,946.0207845583325 
1581638400000,945.3232721205216 
1581652800000,944.6257596827105 
1581667200000,943.9282472448995 
1581681600000,943.2307348070885 
1581696000000,942.5332223692776 
1581710400000,941.98496366281 
1581724800000,941.1083556999254 
1581739200000,940.6197895334568 
1581753600000,938.7890810345638 
1581768000000,938.7890810345638 
1581782400000,938.7890810345638 
1581796800000,938.7890810345638 
1581811200000,938.7890810345638 
1581825600000,938.7890810345638 
1581840000000,938.7890810345638 
1581854400000,938.7890810345638 
1581868800000,938.7890810345638 
1581883200000,938.7890810345638 
1581897600000,938.7890810345638 
1581912000000,938.7890810345638 
1581926400000,938.7890810345638 
1581940800000,938.7890810345638 
1581955200000,938.7890810345638 
1581969600000,938.7890810345638 
1581984000000,938.7890810345638 
1581998400000,938.7890810345638 
1582012800000,938.7890810345638 
1582027200000,938.7890810345638 
1582041600000,938.7890810345638 
1582056000000,938.7890810345638 
1582070400000,938.7890810345638 
1582084800000,938.7890810345638 
1582099200000,938.7890810345638 
1582113600000,938.7890810345638 
1582128000000,938.7890810345638 
1582142400000,938.7890810345638 
1582156800000,938.7890810345638 
1582171200000,938.7890810345638 
1582185600000,938.7890810345638 
1582200000000,938.7890810345638 
1582214400000,938.7890810345638 
1582228800000,938.7890810345638 
1582243200000,938.7890810345638 
1582257600000,938.7890810345638 
1582272000000,938.7890810345638 
1582286400000,938.7890810345638 
1582300800000,938.7890810345638 
1582315200000,938.7890810345638 
1582329600000,938.7890810345638 
1582344000000,938.7890810345638 
1582358400000,938.7890810345638 
1582372800000,938.7890810345638 
1582387200000,938.7890810345638 
1582401600000,938.7890810345638 
1582416000000,938.7890810345638 
1582430400000,938.7890810345638 
1582444800000,938.7890810345638 
1582459200000,938.7890810345638 
1582473600000,938.7890810345638 
1582488000000,938.7890810345638 
1582502400000,938.7890810345638 
1582516800000,938.7890810345638 
1582531200000,938.7890810345638 
1582545600000,938.7890810345638 
1582560000000,938.0915685967527 
1582574400000,937.3841059101856 
1582588800000,936.7064949650114 
1582603200000,935.9791307858075 
1582617600000,935.3214213332701 
1582632000000,934.3751427253098 
1582646400000,933.9164641290961 
1582660800000,933.218951691285 
1582675200000,932.5214392534741 
1582689600000,932.6110014455152 
1582704000000,932.6110014455152 
1582718400000,932.6110014455152 
1582732800000,932.5214392534741 
1582747200000,932.6110014455152 
1582761600000,932.6110014455152 
1582776000000,932.6110014455152 
1582790400000,930.7303745370363 
1582804800000,930.7303745370363 
1582819200000,930.7303745370363 
1582833600000,930.7303745370363 
1582848000000,930.7303745370363 
1582862400000,930.7303745370363 
1582876800000,930.7303745370363 
1582891200000,930.7303745370363 
1582905600000,930.0328620992252 
1582920000000,929.3353496614143 
1582934400000,928.6179367260909 
1582948800000,927.92042428828 
1582963200000,927.2627148357426 
1582977600000,926.5652023979317 
1582992000000,925.8676899601207 
1583006400000,925.1701775223099 
1583020800000,923.1808740546497 
1583035200000,923.1808740546497 
1583049600000,923.1808740546497 
1583064000000,923.1808740546497 
1583078400000,923.1808740546497 
1583092800000,923.1808740546497 
1583107200000,923.1808740546497 
1583121600000,923.1808740546497 
1583136000000,923.1808740546497 
1583150400000,923.1808740546497 
1583164800000,923.1808740546497 
1583179200000,923.1808740546497 
1583193600000,923.1808740546497 
1583208000000,923.1808740546497 
1583222400000,923.1808740546497 
1583236800000,923.1808740546497 
1583251200000,923.1808740546497 
1583265600000,923.1808740546497 
1583280000000,923.1808740546497 
1583294400000,923.1808740546497 
1583308800000,923.1808740546497 
1583323200000,923.1808740546497 
1583337600000,923.1808740546497 
1583352000000,923.1808740546497 
1583366400000,923.1808740546497 
1583380800000,923.1808740546497 
1583395200000,923.1808740546497 
1583409600000,923.1808740546497 
1583424000000,923.1808740546497 
1583438400000,923.1808740546497 
1583452800000,923.1808740546497 
1583467200000,923.1808740546497 
1583481600000,922.4833616168387 
1583496000000,922.4833616168387 
1583510400000,922.4833616168387 
1583524800000,922.4833616168387 
1583539200000,922.4833616168387 
1583553600000,922.4734113680826 
1583568000000,922.4535108705701 
1583582400000,922.4734113680826 
1583596800000,922.4833616168387 
1583611200000,922.4634611193263 
1583625600000,922.4833616168387 
1583640000000,922.4734113680826 
1583654400000,922.4833616168387 
1583668800000,922.5132123631074 
