0,1
1574006400000,1000.0 
1574020800000,1000.0 
1574035200000,1000.0 
1574049600000,1000.0 
1574064000000,999.3024875621891 
1574078400000,997.9432294392607 
1574092800000,994.7764409197902 
1574107200000,993.5415462947033 
1574121600000,993.5415462947033 
1574136000000,992.8440338568923 
1574150400000,991.3034717974069 
1574164800000,991.3835002586898 
1574179200000,991.3835002586898 
1574193600000,990.6859878208788 
1574208000000,989.9601513046271 
1574222400000,990.2257946378243 
1574236800000,986.5245255491147 
1574251200000,988.2750112067564 
1574265600000,983.7249017338444 
1574280000000,982.7891559353498 
1574294400000,984.9927398587155 
1574308800000,979.3675861413254 
1574323200000,979.3675861413254 
1574337600000,978.6700737035144 
1574352000000,977.6384111209051 
1574366400000,977.7590862812879 
1574380800000,975.3522016080259 
1574395200000,969.1741016690812 
1574409600000,940.4198380425996 
1574424000000,939.6845322155366 
1574438400000,954.9116410935746 
1574452800000,942.6850124407704 
1574467200000,952.2538752316624 
1574481600000,945.6248437801407 
1574496000000,937.0935685207912 
1574510400000,957.2688816341179 
1574524800000,952.5420939904241 
1574539200000,953.6949690254714 
1574553600000,943.2038062065415 
1574568000000,940.6674811294375 
1574582400000,940.6671352669271 
1574596800000,940.6671352669271 
1574611200000,939.9696228291161 
1574625600000,936.8849698060009 
1574640000000,936.1874573681898 
1574654400000,934.5872959832934 
1574668800000,944.2446338174295 
1574683200000,958.6717803853016 
1574697600000,951.559019769767 
1574712000000,946.2041225264978 
1574726400000,961.0279289168443 
1574740800000,946.1725346252266 
1574755200000,941.772086879149 
1574769600000,939.3509436017883 
1574784000000,935.1915436124764 
1574798400000,951.7049823760134 
1574812800000,936.371074952729 
1574827200000,944.689874931353 
1574841600000,943.2620212036786 
1574856000000,971.8190957571635 
1574870400000,992.3677733163016 
1574884800000,983.4281673691238 
1574899200000,980.8207823011969 
1574913600000,980.8828628980523 
1574928000000,976.9097046993066 
1574942400000,991.6848867508924 
1574956800000,990.6295166043504 
1574971200000,972.7503047099946 
1574985600000,983.7385703534009 
1575000000000,984.7939404999427 
1575014400000,990.1328718295073 
1575028800000,1012.0473225194643 
1575043200000,993.3610628659883 
1575057600000,995.4718031590718 
1575072000000,990.5053554106397 
1575086400000,996.0305285307704 
1575100800000,984.4835375156657 
1575115200000,976.350979327608 
1575129600000,971.1362091917542 
1575144000000,976.971785296162 
1575158400000,950.4012898420499 
1575172800000,946.4281316433043 
1575187200000,951.7049823760134 
1575201600000,963.2519733911181 
1575216000000,968.2184211395503 
1575230400000,975.1714479873554 
1575244800000,968.4046629301165 
1575259200000,956.6093495275901 
1575273600000,960.3341853389142 
1575288000000,956.5472689307347 
1575302400000,952.5120301351336 
1575316800000,959.4029763860831 
1575331200000,961.7620390665885 
1575345600000,956.4231077370239 
1575360000000,946.9247764181473 
1575374400000,955.5539793810483 
1575388800000,953.5674002816753 
1575403200000,950.711692826327 
1575417600000,933.3291257068142 
1575432000000,929.6663704923455 
1575446400000,938.9784600206559 
1575460800000,961.3895554854561 
1575475200000,965.0523106999249 
1575489600000,938.2334928583911 
1575504000000,934.8811406281993 
1575518400000,939.2267824080774 
1575532800000,945.5590032873286 
1575547200000,948.2284689521108 
1575561600000,952.9465943131213 
1575576000000,954.9952540093497 
1575590400000,950.277128648339 
1575604800000,953.3811584911091 
1575619200000,946.241889852738 
1575633600000,948.2284689521108 
1575648000000,955.8023017684699 
1575662400000,958.3476062395414 
1575676800000,957.9130420615536 
1575691200000,958.9684122080954 
1575705600000,955.2435763967712 
1575720000000,955.9885435590361 
1575734400000,953.5674002816753 
1575748800000,950.4012898420499 
1575763200000,947.8559853709784 
1575777600000,950.0908868577728 
1575792000000,955.3677375904821 
1575806400000,972.626143516284 
1575820800000,970.1429196420678 
1575835200000,970.3912420294894 
1575849600000,969.1496300923814 
1575864000000,963.1898927942627 
1575878400000,961.9482808571547 
1575892800000,952.6361913288445 
1575907200000,949.5942420829297 
1575921600000,950.8358540200377 
1575936000000,948.8492749206648 
1575950400000,949.1596779049419 
1575964800000,948.7871943238094 
1575979200000,936.681477937006 
1575993600000,934.7569794344885 
1576008000000,938.9784600206559 
1576022400000,936.371074952729 
1576036800000,937.5506062929817 
1576051200000,938.668057036379 
1576065600000,921.5338123042878 
1576080000000,921.5958929011433 
1576094400000,924.327439162781 
1576108800000,916.9398481369882 
1576123200000,915.5119944093138 
1576137600000,927.5556301992618 
1576152000000,926.9348242307078 
1576166400000,935.439865999898 
1576180800000,933.5774480942358 
1576195200000,931.9012719791401 
1576209600000,930.8459018325982 
1576224000000,931.1563048168753 
1576238400000,932.7704003351156 
1576252800000,932.0254331728507 
1576267200000,933.3291257068142 
1576281600000,933.0187227225372 
1576296000000,929.2318063143578 
1576310400000,924.017036178504 
1576324800000,915.3257526187476 
1576339200000,918.305621267807 
1576353600000,915.8223973935909 
1576368000000,909.5522571111953 
1576382400000,924.4516003564918 
1576396800000,921.0992481263 
1576411200000,923.7066331942269 
1576425600000,921.5958929011433 
1576440000000,919.7334749954813 
1576454400000,910.3593048703156 
1576468800000,910.9801108388696 
1576483200000,910.4213854671709 
1576497600000,907.183758179968 
1576512000000,907.183758179968 
1576526400000,906.486245742157 
1576540800000,905.8298629025045 
1576555200000,905.8298629025045 
1576569600000,905.8298629025045 
1576584000000,905.8298629025045 
1576598400000,905.8298629025045 
1576612800000,905.1323504646934 
1576627200000,906.3984788392144 
1576641600000,906.3984788392144 
1576656000000,905.7009664014033 
1576670400000,909.4630638091016 
1576684800000,911.4399776357512 
1576699200000,920.9526768575512 
1576713600000,908.2178959133473 
1576728000000,908.2178959133473 
1576742400000,907.5203834755364 
1576756800000,907.4302187620447 
1576771200000,907.8965348690497 
1576785600000,908.2810228536077 
1576800000000,903.0780241311107 
1576814400000,903.8679355070253 
1576828800000,903.5462140590419 
1576843200000,902.2459006538247 
1576857600000,908.3753938459212 
1576872000000,910.3465778876097 
1576886400000,903.5882326018207 
1576900800000,902.3914422907956 
1576915200000,904.2218274723634 
1576929600000,902.4618417208559 
1576944000000,900.9834536895895 
1576958400000,902.0394451404941 
1576972800000,902.4618417208559 
1576987200000,916.5417277329161 
1577001600000,916.3305294427352 
1577016000000,920.6248946764136 
1577030400000,936.6055653001017 
1577044800000,937.1687607405843 
1577059200000,947.8694741097498 
1577073600000,934.775180118534 
1577088000000,943.5047094460114 
1577102400000,945.2646951975189 
1577116800000,912.3881613593583 
1577131200000,906.1226120839915 
1577145600000,905.277818923268 
1577160000000,900.138660528866 
1577174400000,909.5721841569463 
1577188800000,904.9258217729664 
1577203200000,905.277818923268 
1577217600000,906.2634109441121 
1577232000000,891.4795306314489 
1577246400000,889.9307431701224 
1577260800000,880.3564206819215 
1577275200000,881.3420127027657 
1577289600000,888.8747517192178 
1577304000000,885.4251796462631 
1577318400000,881.8348087131877 
1577332800000,884.0875904751174 
1577347200000,885.8475762266249 
1577361600000,892.6059215124137 
1577376000000,913.1625550900217 
1577390400000,888.2411568486751 
1577404800000,893.0283180927755 
1577419200000,883.8059927548761 
1577433600000,866.910129540404 
1577448000000,890.8459357609063 
1577462400000,887.3259642578912 
1577476800000,894.5771055541022 
1577491200000,898.8010713577203 
1577505600000,901.6874479901926 
1577520000000,899.5050656583232 
1577534400000,902.6026405809765 
1577548800000,913.1625550900217 
1577563200000,908.3753938459212 
1577577600000,906.4042098042328 
1577592000000,908.9385892864035 
1577606400000,906.8970058146548 
1577620800000,937.5207578908856 
1577635200000,954.5574199654785 
1577649600000,952.8678336440313 
1577664000000,951.8118421931267 
1577678400000,957.7957937482522 
1577692800000,941.1111288239612 
1577707200000,927.8760359726244 
1577721600000,927.3128405321421 
1577736000000,928.0168348327451 
1577750400000,928.5800302732275 
1577764800000,933.9303869578104 
1577779200000,931.959202916122 
1577793600000,916.9641243132779 
1577808000000,908.7273909962225 
1577822400000,912.0361642090567 
1577836800000,919.0761072150868 
1577851200000,921.469687837137 
1577865600000,923.792869029127 
1577880000000,932.1000017762426 
1577894400000,930.7624126050969 
1577908800000,923.9336678892478 
1577923200000,911.4025693385141 
1577937600000,914.5001442611674 
1577952000000,915.2745379918306 
1577966400000,916.1897305826145 
1577980800000,904.7146234827854 
1577995200000,899.7866633785645 
1578009600000,896.9002867460921 
1578024000000,912.528960219479 
1578038400000,936.4647664399813 
1578052800000,934.4935823982928 
1578067200000,944.9126980472173 
1578081600000,947.7286752496294 
1578096000000,943.7159077361921 
1578110400000,948.2918706901116 
1578124800000,948.9254655606544 
1578139200000,944.2087037466143 
1578153600000,947.5878763895087 
1578168000000,948.8550661305942 
1578182400000,964.0613430236191 
1578196800000,964.7653373242221 
1578211200000,958.0069920384332 
1578225600000,970.5380905891667 
1578240000000,977.5780335951968 
1578254400000,958.6405869089758 
1578268800000,988.2787469643625 
1578283200000,984.195580020865 
1578297600000,998.9794603335283 
1578312000000,997.1490751519605 
1578326400000,998.4162648930459 
1578340800000,1020.0992893516186 
1578355200000,1016.8609155688447 
1578369600000,1011.6513577443824 
1578384000000,1010.3841680032971 
1578398400000,988.9827412649655 
1578412800000,1015.8753235480004 
1578427200000,1013.3409440658297 
1578441600000,1026.6464363472264 
1578456000000,1017.7057087295683 
1578470400000,1018.4097030301713 
1578484800000,1000.0154583462956 
1578499200000,1000.0154583462956 
1578513600000,999.3179459084847 
1578528000000,998.1317735673433 
1578542400000,998.0448184254701 
1578556800000,992.2580007210503 
1578571200000,992.501395348772 
1578585600000,989.0539612761955 
1578600000000,989.602130854611 
1578614400000,984.3381850690689 
1578628800000,980.3083005170743 
1578643200000,992.6774167974221 
1578657600000,1017.2861298159152 
1578672000000,1027.5181736499203 
1578686400000,1034.188430073354 
1578700800000,1028.7486093008451 
1578715200000,1023.2440287572347 
1578729600000,1020.9126769975879 
1578744000000,1032.0513576270112 
1578758400000,1046.1689877270942 
1578772800000,1021.560274708601 
1578787200000,1028.8781288430478 
1578801600000,1033.735111675645 
1578816000000,1026.0934586856918 
1578830400000,1036.7140611463046 
1578844800000,1033.735111675645 
1578859200000,1045.5861497871824 
1578873600000,1029.2666874696556 
1578888000000,1023.4383080705386 
1578902400000,1022.9202299017281 
1578916800000,1023.6973471549437 
1578931200000,1027.5829334210216 
1578945600000,1029.590486325162 
1578960000000,1063.7836454666472 
1578974400000,1064.1074443221537 
1578988800000,1078.2250744222367 
1579003200000,1108.8564461531505 
1579017600000,1164.6793688424693 
1579032000000,1173.3571781700432 
1579046400000,1153.2168893575395 
1579060800000,1143.308644379041 
1579075200000,1161.1823412029992 
1579089600000,1150.1731801157785 
1579104000000,1163.0603745649369 
1579118400000,1174.9114126764744 
1579132800000,1133.0118407739346 
1579147200000,1140.26493513728 
1579161600000,1158.0738721901369 
1579176000000,1148.6837053804488 
1579190400000,1156.7139169970096 
1579204800000,1162.3480170828225 
1579219200000,1166.6869217466096 
1579233600000,1204.2475889853622 
1579248000000,1199.5848854660687 
1579262400000,1188.316685294443 
1579276800000,1194.0803049224585 
1579291200000,1201.333399285804 
1579305600000,1212.0835212886193 
1579320000000,1186.1796128481003 
1579334400000,1191.9432324761156 
1579348800000,1232.9361675832372 
1579363200000,1231.2524135346036 
1579377600000,1224.5173973400686 
1579392000000,1240.1245021754814 
1579406400000,1236.9512733915178 
1579420800000,1176.2713678696016 
1579435200000,1166.9459608310146 
1579449600000,1165.909804493394 
1579464000000,1178.343680544843 
1579478400000,1168.500195337446 
1579492800000,1168.6944746507497 
1579507200000,1152.439772104324 
1579521600000,1175.8180494718927 
1579536000000,1182.9416242930354 
1579550400000,1178.1494012315393 
1579564800000,1186.568171474708 
1579579200000,1174.3285747365626 
1579593600000,1182.5530656664275 
1579608000000,1186.4386519325053 
1579622400000,1166.2983631200018 
1579636800000,1195.505019886687 
1579651200000,1188.4462048366456 
1579665600000,1189.15856231876 
1579680000000,1183.330182919643 
1579694400000,1180.480752991186 
1579708800000,1183.071143835238 
1579723200000,1183.330182919643 
1579737600000,1166.8812010599136 
1579752000000,1162.1537377695186 
1579766400000,1150.4969789712852 
1579780800000,1152.1159732488175 
1579795200000,1135.4079523046826 
1579809600000,1151.533135308906 
1579824000000,1127.701539543628 
1579838400000,1126.79490274821 
1579852800000,1137.674544293228 
1579867200000,1149.3313030914617 
1579881600000,1161.5061400585057 
1579896000000,1148.6837053804488 
1579910400000,1127.1834613748176 
1579924800000,1128.0253383991349 
1579939200000,1125.3701877839815 
1579953600000,1134.3717959670619 
1579968000000,1139.0344994863553 
1579982400000,1136.3793488712022 
1579996800000,1139.2935385707603 
1580011200000,1138.969739715254 
1580025600000,1153.1521295864384 
1580040000000,1152.5692916465266 
1580054400000,1171.8677034347133 
1580068800000,1182.2940265820223 
1580083200000,1181.387389786604 
1580097600000,1180.5455127622872 
1580112000000,1186.6329312458092 
1580126400000,1195.6345394288896 
1580140800000,1203.9885499009572 
1580155200000,1198.8077682128533 
1580169600000,1217.0700236634193 
1580184000000,1211.8892419753154 
1580198400000,1207.5503373115287 
1580212800000,1212.6015994574298 
1580227200000,1205.8018234917934 
1580241600000,1237.2750722470241 
1580256000000,1241.4196975975074 
1580270400000,1249.9679873828786 
1580284800000,1237.016033162619 
1580299200000,1233.0009273543385 
1580313600000,1238.9588262956581 
1580328000000,1221.149889242801 
1580342400000,1217.7176213744324 
1580356800000,1235.3970388850867 
1580371200000,1227.1077881841204 
1580385600000,1241.4196975975074 
1580400000000,1269.395918713268 
1580414400000,1290.8961627188987 
1580428800000,1282.7364315601353 
1580443200000,1276.5842533055122 
1580457600000,1268.1654830623434 
1580472000000,1259.7467128191747 
1580486400000,1259.3581541925669 
1580500800000,1262.2723438921253 
1580515200000,1283.707828126655 
1580529600000,1283.319269500047 
1580544000000,1268.6835612311538 
1580558400000,1271.5977509307122 
1580572800000,1278.2680073541458 
1580587200000,1286.4277385129092 
1580601600000,1265.5750922182913 
1580616000000,1309.611736567174 
1580630400000,1340.243108298088 
1580644800000,1347.6257222036359 
1580659200000,1337.4584381407321 
1580673600000,1320.4266183410907 
1580688000000,1335.1918461521866 
1580702400000,1328.7806288131583 
1580716800000,1325.4778804869918 
1580731200000,1310.8421722180985 
1580745600000,1326.0607184269036 
1580760000000,1327.2263943067271 
1580774400000,1315.6343952795949 
1580788800000,1314.5334791708726 
1580803200000,1306.3737480121092 
1580817600000,1315.310596424088 
1580832000000,1312.007848097922 
1580846400000,1318.0305068103428 
1580860800000,1322.434171245231 
1580875200000,1331.6300587416154 
1580889600000,1372.3639547643318 
1580904000000,1384.0854733336666 
1580918400000,1406.4923541347157 
1580932800000,1418.4081520173545 
1580947200000,1432.5257821174373 
1580961600000,1451.6299145923203 
1580976000000,1461.4086400286162 
1580990400000,1472.1587620314317 
1581004800000,1468.1436562231513 
1581019200000,1477.404303490637 
1581033600000,1500.912100400408 
1581048000000,1510.8851051500078 
1581062400000,1522.9304225748492 
1581076800000,1531.0253939625115 
1581091200000,1529.1473606005738 
1581105600000,1544.6249458937841 
1581120000000,1504.8624464375873 
1581134400000,1523.513260514761 
1581148800000,1560.685369126906 
1581163200000,1556.9293024030308 
1581177600000,1555.3103081254983 
1581192000000,1543.7830688694671 
1581206400000,1579.2714234329783 
1581220800000,1587.5606741339445 
1581235200000,1581.0199372527136 
1581249600000,1568.1327428035552 
1581264000000,1567.5499048636434 
1581278400000,1579.4657027462822 
1581292800000,1558.289257596158 
1581307200000,1551.1656827750153 
1581321600000,1513.2164569096547 
1581336000000,1549.805727581888 
1581350400000,1529.2121203716752 
1581364800000,1542.8116723029477 
1581379200000,1517.1020431757324 
1581393600000,1513.4107362229586 
1581408000000,1539.3794044345789 
1581422400000,1584.0636464944744 
1581436800000,1646.4920658361257 
1581451200000,1638.6561335328686 
1581465600000,1684.7650905569928 
1581480000000,1744.5383592834908 
1581494400000,1756.0655985395217 
1581508800000,1749.136303031683 
1581523200000,1826.5242294977338 
1581537600000,1822.1853248339467 
1581552000000,1844.7217251771986 
1581566400000,1825.9413915578223 
1581580800000,1797.8356508998588 
1581595200000,1856.119444891027 
1581609600000,1841.8722952487415 
1581624000000,1840.5770998267155 
1581638400000,1823.6100397981754 
1581652800000,1806.513460227433 
1581667200000,1851.3919816006323 
1581681600000,1868.6180807135775 
1581696000000,1932.4712150194573 
1581710400000,1951.3163084099347 
1581724800000,1927.0961540180497 
1581739200000,1909.4814962784965 
1581753600000,1922.8220091253638 
1581768000000,1872.3741474374526 
1581782400000,1824.2576375091883 
1581796800000,1815.3855488683107 
1581811200000,1855.6013667222167 
1581825600000,1853.334774733671 
1581840000000,1824.192877738087 
1581854400000,1778.1486804850645 
1581868800000,1721.6134003136312 
1581883200000,1782.6818644621553 
1581897600000,1717.209735878743 
1581912000000,1708.9204851777768 
1581926400000,1707.9490886112574 
1581940800000,1765.0024469515008 
1581955200000,1785.725573703916 
1581969600000,1831.8992904991414 
1581984000000,1840.1237814290066 
1581998400000,1842.1313343331467 
1582012800000,1834.3601618009907 
1582027200000,1875.8064153058217 
1582041600000,1945.5526887819194 
1582056000000,1930.2693828020128 
1582070400000,1914.4679986532963 
1582084800000,1893.744871900881 
1582099200000,1932.7950138749638 
1582113600000,1917.9650262927664 
1582128000000,1893.8743914430834 
1582142400000,1775.3640103277087 
1582156800000,1785.5960541617135 
1582171200000,1786.6322104993344 
1582185600000,1742.3365270660465 
1582200000000,1748.1649064651633 
1582214400000,1755.8713192262178 
1582228800000,1766.6214412290333 
1582243200000,1794.597662344794 
1582257600000,1786.0493725594226 
1582272000000,1796.7347347911366 
1582286400000,1814.2198729884874 
1582300800000,1809.5571694691937 
1582315200000,1818.8825765077806 
1582329600000,1800.685080828316 
1582344000000,1774.5221333033917 
1582358400000,1795.245260055807 
1582372800000,1791.553953103033 
1582387200000,1790.7768358498174 
1582401600000,1796.151896851225 
1582416000000,1819.1416155921859 
1582430400000,1853.78809313138 
1582444800000,1839.1523848624868 
1582459200000,1848.6073114432766 
1582473600000,1860.3935897837127 
1582488000000,1885.5851407421176 
1582502400000,1839.605703260196 
1582516800000,1831.1221732459258 
1582531200000,1859.6812323015984 
1582545600000,1832.870687065661 
1582560000000,1800.296522201708 
1582574400000,1819.5301742187937 
1582588800000,1794.5329025736926 
1582603200000,1766.8157205423374 
1582617600000,1798.483248610872 
1582632000000,1724.398070470987 
1582646400000,1715.7202611434132 
1582660800000,1694.9323746198966 
1582675200000,1642.3474404856427 
1582689600000,1635.8714633755128 
1582704000000,1621.3005148777208 
1582718400000,1563.1462404287554 
1582732800000,1586.3949982541212 
1582747200000,1545.7906217736074 
1582761600000,1515.0944902715921 
1582776000000,1557.6416598851451 
1582790400000,1566.5137485260227 
1582804800000,1594.5547294128849 
1582819200000,1620.1348389978973 
1582833600000,1568.2622623457578 
1582848000000,1588.0139925316537 
1582862400000,1547.9276942199504 
1582876800000,1525.0674950211921 
1582891200000,1567.0965864659345 
1582905600000,1537.5013710726414 
1582920000000,1571.759289985228 
1582934400000,1591.7700592555288 
1582948800000,1584.9702832898927 
1582963200000,1562.7576818021475 
1582977600000,1549.2876494130776 
1582992000000,1553.6240932055628 
1583006400000,1553.6240932055628 
1583020800000,1552.9265807677518 
1583035200000,1550.4600166883008 
1583049600000,1553.799077179689 
1583064000000,1547.5117987949484 
1583078400000,1539.178985390738 
1583092800000,1542.7398139866386 
1583107200000,1545.2399353650308 
1583121600000,1547.6433065237693 
1583136000000,1563.870784623818 
1583150400000,1577.3808715271318 
1583164800000,1590.8887733214892 
1583179200000,1593.4420894860664 
1583193600000,1592.7445770482557 
1583208000000,1564.0559993440713 
1583222400000,1590.3589556183626 
1583236800000,1543.2690082063425 
1583251200000,1537.4160203924191 
1583265600000,1538.8792673459 
1583280000000,1554.2433603574489 
1583294400000,1558.766123668208 
1583308800000,1536.152307114413 
1583323200000,1525.1779549633065 
1583337600000,1528.7695611218505 
1583352000000,1544.8652776101399 
1583366400000,1560.6949491977962 
1583380800000,1564.220044131182 
1583395200000,1596.3449658826023 
1583409600000,1589.3612872409892 
1583424000000,1600.2691281669374 
1583438400000,1571.7358125740607 
1583452800000,1577.9878677389336 
1583467200000,1619.6238946879796 
1583481600000,1652.1478837903492 
1583496000000,1616.2318222049103 
1583510400000,1634.854965249212 
1583524800000,1684.2062943166115 
1583539200000,1676.823548324049 
1583553600000,1671.1700941856002 
1583568000000,1678.020750376897 
1583582400000,1691.5225290840158 
1583596800000,1640.1758632618696 
1583611200000,1629.9996458126618 
1583625600000,1590.6250005189954 
1583640000000,1582.9762096258 
1583654400000,1593.1524270750076 
1583668800000,1490.0354189264579 
1583683200000,1490.0354189264579 
1583697600000,1490.0354189264579 
1583712000000,1489.337906488647 
1583726400000,1490.6823306945728 
1583740800000,1485.356091028372 
1583755200000,1474.315920119464 
1583769600000,1480.0658427899796 
1583784000000,1493.972852991401 
1583798400000,1490.4466215536308 
1583812800000,1478.0221867068826 
1583827200000,1493.36253521343 
1583841600000,1463.9867565012264 
1583856000000,1490.654222283542 
1583870400000,1481.5499137009435 
1583884800000,1487.3436562476907 
1583899200000,1469.6210024370164 
