0,1
1573300800000,1000.0 
1573315200000,1000.0 
1573329600000,1000.0 
1573344000000,1000.0 
1573358400000,1000.0 
1573372800000,1000.0 
1573387200000,1000.0 
1573401600000,1000.0 
1573416000000,1000.0 
1573430400000,1000.0 
1573444800000,1000.0 
1573459200000,1000.0 
1573473600000,1000.0 
1573488000000,1000.0 
1573502400000,1000.0 
1573516800000,1000.0 
1573531200000,1000.0 
1573545600000,1000.0 
1573560000000,1000.0 
1573574400000,1000.0 
1573588800000,1000.0 
1573603200000,1000.0 
1573617600000,1000.0 
1573632000000,1000.0 
1573646400000,999.3024875621891 
1573660800000,999.1804191205242 
1573675200000,999.1476311430114 
1573689600000,998.2206028626107 
1573704000000,990.1496588687228 
1573718400000,986.8805430077578 
1573732800000,987.6740067625003 
1573747200000,985.3817102847097 
1573761600000,984.6841978468988 
1573776000000,977.9814598654506 
1573790400000,983.548744629436 
1573804800000,990.1692994839049 
1573819200000,958.4207296136107 
1573833600000,962.3328756639786 
1573848000000,964.439415844946 
1573862400000,961.5805398850617 
1573876800000,964.5898830007294 
1573891200000,971.2104378551984 
1573905600000,976.0253868402667 
1573920000000,970.9095035436316 
1573934400000,973.9188466592993 
1573948800000,974.8216495939995 
1573963200000,967.9001604279638 
1573977600000,991.2225695743886 
1573992000000,989.4169637049879 
1574006400000,996.7898543383737 
1574020800000,988.9655622376378 
1574035200000,983.548744629436 
1574049600000,981.2917372926851 
1574064000000,974.3702481266494 
1574078400000,962.1824085081953 
1574092800000,939.3114008291208 
1574107200000,939.010466517554 
1574121600000,936.0011234018863 
1574136000000,934.9478533114026 
1574150400000,925.3179553412659 
1574164800000,928.0263641453669 
1574179200000,921.8572107582481 
1574193600000,926.521692587533 
1574208000000,934.0450503767022 
1574222400000,933.2927145977853 
1574236800000,926.3712254317496 
1574251200000,925.4684224970493 
1574265600000,920.9544078235479 
1574280000000,924.5656195623491 
1574294400000,924.5656195623491 
1574308800000,909.669371139794 
1574323200000,880.6292100736007 
1574337600000,853.2441877210247 
1574352000000,859.5638082639268 
1574366400000,859.7142754197102 
1574380800000,855.6516622135589 
1574395200000,852.7927862536745 
1574409600000,807.8031066744423 
1574424000000,806.2984351166086 
1574438400000,825.1068295895317 
1574452800000,812.4675885037274 
1574467200000,812.1666541921606 
1574481600000,808.5554424533594 
1574496000000,813.6713257499944 
1574510400000,820.5928149160301 
1574524800000,817.7339389561458 
1574539200000,822.5488879412142 
1574553600000,805.9975008050418 
1574568000000,806.9003037397422 
1574582400000,811.7152527248105 
1574596800000,768.2302447034123 
1574611200000,776.0545368041483 
1574625600000,759.6536168237593 
1574640000000,753.634930592424 
1574654400000,749.1209159189224 
1574668800000,778.0106098293322 
1574683200000,806.1479679608252 
1574697600000,796.2171356791218 
1574712000000,783.4274274375341 
1574726400000,803.5900263125077 
1574740800000,796.9694714580387 
1574755200000,798.4741430158725 
1574769600000,799.3769459505729 
1574784000000,798.9255444832228 
1574798400000,805.9975008050418 
1574812800000,789.596580824653 
1574827200000,788.091909266819 
1574841600000,794.8629312770713 
1574856000000,812.0161870363772 
1574870400000,822.097486473864 
1574884800000,817.8844061119293 
1574899200000,816.981603177229 
1574913600000,818.6367418908462 
1574928000000,810.6619826343268 
1574942400000,815.9283330867453 
1574956800000,815.4769316193951 
1574971200000,802.8376905335907 
1574985600000,813.2199242826443 
1575000000000,813.2199242826443 
1575014400000,824.2040266548314 
1575028800000,837.8965378311193 
1575043200000,833.3825231576178 
1575057600000,830.3731800419501 
1575072000000,825.1068295895317 
1575086400000,829.6208442630333 
1575100800000,819.5395448255464 
1575115200000,815.0255301520449 
1575129600000,802.8376905335907 
1575144000000,810.36104832276 
1575158400000,790.80031807092 
1575172800000,792.0040553171871 
1575187200000,798.0227415485224 
1575201600000,808.8563767649262 
1575216000000,811.113384101677 
1575230400000,813.0694571268609 
1575244800000,808.2545081417926 
1575259200000,787.6405077994689 
1575273600000,788.9947122015193 
1575288000000,788.3928435783857 
1575302400000,778.3115441408991 
1575316800000,783.5778945933174 
1575331200000,787.1891063321187 
1575345600000,782.5246245028337 
1575360000000,768.8321133265458 
1575374400000,788.3928435783857 
1575388800000,784.7816318395846 
1575403200000,772.1423907537802 
1575417600000,761.4592226931599 
1575432000000,760.8573540700264 
1575446400000,772.5937922211305 
1575460800000,791.5526538498368 
1575475200000,789.1451793573028 
1575489600000,770.1863177285962 
1575504000000,761.9106241605101 
1575518400000,764.7695001203944 
1575532800000,770.9386535075132 
1575547200000,765.0704344319612 
1575561600000,770.1863177285962 
1575576000000,773.6470623116141 
1575590400000,771.2395878190799 
1575604800000,765.2209015877445 
1575619200000,765.822770210878 
1575633600000,777.5592083619821 
1575648000000,775.3022010252314 
1575662400000,781.019952945 
1575676800000,781.6218215681336 
1575691200000,787.9414421110357 
1575705600000,786.135836241635 
1575720000000,786.2863033974184 
1575734400000,779.9666828545163 
1575748800000,778.4620112966825 
1575763200000,775.4526681810147 
1575777600000,780.267617166083 
1575792000000,786.888172020552 
1575806400000,790.3489166035698 
1575820800000,786.2863033974184 
1575835200000,784.6311646838011 
1575849600000,782.6750916586172 
1575864000000,782.3741573470504 
1575878400000,780.5685514776499 
1575892800000,769.283514793896 
1575907200000,766.4246388340116 
1575921600000,767.4779089244953 
1575936000000,767.7788432360621 
1575950400000,766.575105989795 
1575964800000,766.575105989795 
1575979200000,758.2994124217088 
1575993600000,757.3966094870086 
1576008000000,761.6096898489434 
1576022400000,760.4059526026762 
1576036800000,763.4152957183439 
1576051200000,762.0610913162934 
1576065600000,752.882594813507 
1576080000000,752.882594813507 
1576094400000,754.5377335271241 
1576108800000,749.4218502304892 
1576123200000,749.4218502304892 
1576137600000,755.1396021502577 
1576152000000,748.6695144515722 
1576166400000,756.4938065523082 
1576180800000,754.5377335271241 
1576195200000,756.6442737080916 
1576209600000,757.2461423312251 
1576224000000,756.6442737080916 
1576238400000,763.4152957183439 
1576252800000,764.619032964611 
1576267200000,764.3180986530443 
1576281600000,765.9732373666616 
1576296000000,764.4685658088276 
1576310400000,756.6442737080916 
1576324800000,754.0863320597741 
1576339200000,751.0769889441063 
1576353600000,749.1209159189224 
1576368000000,749.2713830747058 
1576382400000,757.8480109543588 
1576396800000,752.7321276577236 
1576411200000,752.7321276577236 
1576425600000,752.2807261903735 
1576440000000,751.5283904114566 
1576454400000,745.058302712771 
1576468800000,743.5536311549372 
1576483200000,742.9517625318036 
1576497600000,742.0489595971032 
1576512000000,694.8022726811205 
1576526400000,700.6704917566725 
1576540800000,698.4134844199217 
1576555200000,693.1471339675032 
1576569600000,689.3854550729186 
1576584000000,675.2415424292805 
1576598400000,654.7780092427402 
1576612800000,653.574271996473 
1576627200000,663.2041699666096 
1576641600000,652.6714690617728 
1576656000000,656.5836151121407 
1576670400000,690.8901266307524 
1576684800000,698.5639515757051 
1576699200000,711.9555284404263 
1576713600000,705.3349735859574 
1576728000000,691.3415280981027 
1576742400000,695.2536741484706 
1576756800000,695.7050756158208 
1576771200000,699.4667545104054 
1576785600000,693.7490025906368 
1576800000000,694.6518055253371 
1576814400000,694.9527398369038 
1576828800000,697.6611486410048 
1576843200000,696.9088128620879 
1576857600000,700.5200246008891 
1576872000000,703.0779662492067 
1576886400000,699.4667545104054 
1576900800000,696.7583457063045 
1576915200000,696.4574113947377 
1576929600000,696.9088128620879 
1576944000000,697.8116157967881 
1576958400000,694.0499369022036 
1576972800000,696.156477083171 
1576987200000,716.7704774254946 
1577001600000,712.7078642193434 
1577016000000,714.6639372445272 
1577030400000,727.7545797976818 
1577044800000,728.2059812650318 
1577059200000,733.9237331848005 
1577073600000,725.7985067724977 
1577088000000,732.2685944711833 
1577102400000,734.9770032752842 
1577116800000,719.0274847622454 
1577131200000,709.6985211036756 
1577145600000,708.3443167016251 
1577160000000,706.0873093648743 
1577174400000,712.7078642193434 
1577188800000,701.8742290029395 
1577203200000,706.0873093648743 
1577217600000,704.4321706512571 
1577232000000,701.1218932240226 
1577246400000,704.4321706512571 
1577260800000,697.5106814852214 
1577275200000,699.6172216661888 
1577289600000,700.5200246008891 
1577304000000,701.272360379806 
1577318400000,693.1471339675032 
1577332800000,698.864885887272 
1577347200000,696.6078785505211 
1577361600000,698.1125501083549 
1577376000000,716.0181416465778 
1577390400000,698.5639515757051 
1577404800000,703.3789005607734 
1577419200000,708.3443167016251 
1577433600000,696.4574113947377 
1577448000000,711.9555284404263 
1577462400000,711.9555284404263 
1577476800000,714.2125357771771 
1577491200000,722.0368278779132 
1577505600000,729.1087841997322 
1577520000000,727.1527111745481 
1577534400000,737.8358792351685 
1577548800000,748.5190472957888 
1577563200000,745.9611056474713 
1577577600000,738.5882150140854 
1577592000000,739.7919522603526 
1577606400000,741.7480252855365 
1577620800000,744.1554997780706 
1577635200000,751.5283904114566 
1577649600000,747.6162443610884 
1577664000000,744.305966933854 
1577678400000,757.9984781101421 
1577692800000,745.058302712771 
1577707200000,731.6667258480497 
1577721600000,728.9583170439489 
1577736000000,734.8265361195008 
1577750400000,734.5256018079341 
1577764800000,734.9770032752842 
1577779200000,731.9676601596165 
1577793600000,721.585426410563 
1577808000000,715.4162730234442 
1577822400000,717.0714117370615 
1577836800000,722.78916365683 
1577851200000,721.2844920989961 
1577865600000,723.541499435747 
1577880000000,725.9489739282811 
1577894400000,724.8957038377974 
1577908800000,720.5321563200793 
1577923200000,715.1153387118775 
1577937600000,714.9648715560941 
1577952000000,718.7265504506787 
1577966400000,714.6639372445272 
1577980800000,694.0499369022036 
1577995200000,688.783586449785 
1578009600000,689.8368565402687 
1578024000000,705.4854407417408 
1578038400000,723.8424337473137 
1578052800000,726.7013097071981 
1578067200000,725.7985067724977 
1578081600000,729.5601856670824 
1578096000000,732.4190616269667 
1578110400000,736.0302733657679 
1578124800000,737.2340106120349 
1578139200000,733.0209302501002 
1578153600000,737.986346390952 
1578168000000,742.8012953760203 
1578182400000,744.9078355569876 
1578196800000,745.8106384916879 
1578211200000,744.0050326222873 
1578225600000,759.0517482006259 
1578240000000,758.1489452659255 
1578254400000,749.1209159189224 
1578268800000,764.9199672761778 
1578283200000,765.2209015877445 
1578297600000,773.7975294673975 
1578312000000,762.3620256278602 
1578326400000,773.4965951558307 
1578340800000,786.7377048647686 
1578355200000,779.2143470755993 
1578369600000,782.6750916586172 
1578384000000,781.9227558797003 
1578398400000,770.0358505728128 
1578412800000,796.8190043022554 
1578427200000,796.3676028349051 
1578441600000,816.229267398312 
1578456000000,813.6713257499944 
1578470400000,815.3264644636116 
1578484800000,801.6339532873237 
1578499200000,769.4339819496794 
1578513600000,780.5685514776499 
1578528000000,778.1610769851156 
1578542400000,782.3741573470504 
1578556800000,774.0984637789643 
1578571200000,777.5592083619821 
1578585600000,768.6816461707624 
1578600000000,771.8414564422135 
1578614400000,768.9825804823291 
1578628800000,766.575105989795 
1578643200000,778.7629456082492 
1578657600000,831.4264501324338 
1578672000000,835.1881290270185 
1578686400000,833.0815888460512 
1578700800000,835.4890633385853 
1578715200000,834.2853260923182 
1578729600000,822.2479536296473 
1578744000000,860.6170783544105 
1578758400000,869.1937062340635 
1578772800000,842.8619539719712 
1578787200000,862.7236185353779 
1578801600000,865.2815601836954 
1578816000000,850.5357789169237 
1578830400000,864.5292244047785 
1578844800000,852.7927862536745 
1578859200000,871.3002464150309 
1578873600000,850.5357789169237 
1578888000000,848.5797058917396 
1578902400000,851.7395161631907 
1578916800000,839.8526108563034 
1578931200000,845.2694284645053 
1578945600000,843.614289750888 
1578960000000,908.1646995819601 
1578974400000,902.4469476621915 
1578988800000,912.2273127881115 
1579003200000,954.5085835632426 
1579017600000,970.307634920498 
1579032000000,980.3889343579848 
1579046400000,971.9627736341153 
1579060800000,952.8534448496254 
1579075200000,964.2889486891627 
1579089600000,955.2609193421596 
1579104000000,961.2796055734949 
1579118400000,969.7057662973646 
1579132800000,932.6908459746519 
1579147200000,936.6029920250198 
1579161600000,947.587094397207 
1579176000000,949.8441017339577 
1579190400000,962.6338099755454 
1579204800000,965.0412844680795 
1579219200000,976.6272554634003 
1579233600000,998.8963945193411 
1579248000000,993.9309783784895 
1579262400000,995.5861170921066 
1579276800000,1020.2627306405818 
1579291200000,1021.6169350426322 
1579305600000,1019.961796329015 
1579320000000,993.0281754437891 
1579334400000,999.9496646098248 
1579348800000,988.0627593029375 
1579363200000,991.6739710417387 
1579377600000,990.620700951255 
1579392000000,1016.6515189017805 
1579406400000,1015.1468473439467 
1579420800000,961.8814741966285 
1579435200000,952.1011090707085 
1579449600000,948.3394301761239 
1579464000000,966.9973574932636 
1579478400000,952.1011090707085 
1579492800000,956.1637222768599 
1579507200000,953.6057806285423 
1579521600000,971.0599706994149 
1579536000000,963.235678598679 
1579550400000,960.0758683272279 
1579564800000,966.0945545585632 
1579579200000,961.1291384177116 
1579593600000,963.0852114428955 
1579608000000,958.1197953020438 
1579622400000,941.2674738543047 
1579636800000,963.9880143775958 
1579651200000,958.571196769394 
1579665600000,974.972116749783 
1579680000000,972.5646422572488 
1579694400000,968.0506275837473 
1579708800000,971.5113721667651 
1579723200000,972.4141751014654 
1579737600000,952.2515762264918 
1579752000000,947.8880287087736 
1579766400000,939.9132694522542 
1579780800000,929.230101391634 
1579795200000,903.3497505968918 
1579809600000,916.2899259942628 
1579824000000,889.9581737321705 
1579838400000,889.9581737321705 
1579852800000,904.5534878431589 
1579867200000,926.2207582759663 
1579881600000,927.8758969895836 
1579896000000,914.4843201248623 
1579910400000,893.5693854709717 
1579924800000,901.9955461948414 
1579939200000,894.4721884056721 
1579953600000,897.3310643655564 
1579968000000,908.7665682050936 
1579982400000,899.136670234957 
1579996800000,906.5095608683429 
1580011200000,901.6946118832745 
1580025600000,915.537590215346 
1580040000000,912.0768456323282 
1580054400000,936.3020577134531 
1580068800000,940.5151380753878 
1580083200000,944.1263498141891 
1580097600000,948.6403644876907 
1580112000000,968.6524962068808 
1580126400000,984.1506132525694 
1580140800000,984.6020147199196 
1580155200000,976.17585399605 
1580169600000,1011.2347012935787 
1580184000000,1001.0029347003085 
1580198400000,999.9496646098248 
1580212800000,981.8936059158186 
1580227200000,974.219780970866 
1580241600000,1009.7300297357448 
1580256000000,1019.961796329015 
1580270400000,1021.3160007310655 
1580284800000,1008.225358177911 
1580299200000,995.8870514036734 
1580313600000,1006.7206866200772 
1580328000000,998.8963945193411 
1580342400000,985.6552848104033 
1580356800000,1027.3346869624008 
1580371200000,1025.9804825603503 
1580385600000,1087.3710821199713 
1580400000000,1126.0411411563014 
1580414400000,1120.9252578596663 
1580428800000,1129.050484271969 
1580443200000,1105.4271408139775 
1580457600000,1120.0224549249658 
1580472000000,1120.3233892365329 
1580486400000,1107.9850824622952 
1580500800000,1120.473856392316 
1580515200000,1188.0336093390558 
1580529600000,1183.820528977121 
1580544000000,1144.2476670060908 
1580558400000,1143.9467326945241 
1580572800000,1166.6672732178151 
1580587200000,1161.852324232747 
1580601600000,1129.5018857393193 
1580616000000,1162.7551271674472 
1580630400000,1177.3504412784355 
1580644800000,1182.0149231077205 
1580659200000,1174.3410981627678 
1580673600000,1150.7177547047763 
1580688000000,1167.1186746851654 
1580702400000,1162.6046600116638 
1580716800000,1154.930835066711 
1580731200000,1132.8121631665538 
1580745600000,1139.4327180210225 
1580760000000,1144.8495356292244 
1580774400000,1135.0691705033043 
1580788800000,1129.6523528951025 
1580803200000,1112.6495642915802 
1580817600000,1123.1822651964171 
1580832000000,1109.0383525527789 
1580846400000,1119.1196519902655 
1580860800000,1124.386002442684 
1580875200000,1137.6271121516218 
1580889600000,1175.5448354090347 
1580904000000,1179.7579157709695 
1580918400000,1175.8457697206018 
1580932800000,1189.6887480526732 
1580947200000,1213.0111571990976 
1580961600000,1200.973784736427 
1580976000000,1223.5438581039348 
1580990400000,1206.6915366561955 
1581004800000,1197.0616386860588 
1581019200000,1202.7793906058275 
1581033600000,1206.3906023446289 
1581048000000,1208.7980768371629 
1581062400000,1207.8952739024626 
1581076800000,1199.6195803343765 
1581091200000,1206.541069500412 
1581105600000,1216.1709674705487 
1581120000000,1183.820528977121 
1581134400000,1212.1083542643973 
1581148800000,1240.847581019024 
1581163200000,1240.095245240107 
1581177600000,1264.6213916327986 
1581192000000,1250.7784133007272 
1581206400000,1265.6746617232825 
1581220800000,1270.0382092410005 
1581235200000,1257.8503696225462 
1581249600000,1245.211128536742 
1581264000000,1246.8662672503592 
1581278400000,1258.4522382456798 
1581292800000,1238.139172214923 
1581307200000,1228.6597414005696 
1581321600000,1195.4064999724417 
1581336000000,1223.0924566365845 
1581350400000,1204.4345293194447 
1581364800000,1214.0644272895813 
1581379200000,1194.353229881958 
1581393600000,1195.105565660875 
1581408000000,1220.3840478324835 
1581422400000,1246.7158000945758 
1581436800000,1256.6466323762793 
1581451200000,1257.8503696225462 
1581465600000,1273.9503552913686 
1581480000000,1293.9624870105586 
1581494400000,1292.0064139853748 
1581508800000,1286.2886620656059 
1581523200000,1334.287684760506 
1581537600000,1323.754983855669 
1581552000000,1346.92692584631 
1581566400000,1320.4447064284345 
1581580800000,1284.1821218846385 
1581595200000,1324.0559181672356 
1581609600000,1321.7989108304848 
1581624000000,1310.2129398351642 
1581638400000,1319.090502026384 
1581652800000,1295.7680928799593 
1581667200000,1329.0213343080873 
1581681600000,1321.1970422073514 
1581696000000,1340.1559038360579 
1581710400000,1350.8390718966782 
1581724800000,1324.5073196345859 
1581739200000,1301.6363119555115 
1581753600000,1316.081158910716 
1581768000000,1281.4737130805377 
1581782400000,1246.7158000945758 
1581796800000,1252.8849534816945 
1581811200000,1295.0157571010425 
1581825600000,1283.580253261505 
1581840000000,1270.1886763967839 
1581854400000,1217.9765733399495 
1581868800000,1172.9868937607175 
1581883200000,1224.2961938828516 
1581897600000,1167.5700761525154 
1581912000000,1170.579419268183 
1581926400000,1162.9055943232306 
1581940800000,1191.4943539220735 
1581955200000,1187.732675027489 
1581969600000,1203.5317263847444 
1581984000000,1215.870033158982 
1581998400000,1213.0111571990976 
1582012800000,1194.5036970377414 
1582027200000,1212.8606900433142 
1582041600000,1269.1354063063002 
1582056000000,1259.655975491947 
1582070400000,1265.8251288790657 
1582084800000,1251.9821505469945 
1582099200000,1272.596150889318 
1582113600000,1263.4176543865315 
1582128000000,1251.5307490796442 
1582142400000,1161.852324232747 
1582156800000,1165.7644702831149 
1582171200000,1163.2065286347972 
1582185600000,1138.078513618972 
1582200000000,1137.3261778400552 
1582214400000,1123.1822651964171 
1582228800000,1145.7523385639247 
1582243200000,1185.3252005349548 
1582257600000,1180.2093172383197 
1582272000000,1182.0149231077205 
1582286400000,1207.7448067466792 
1582300800000,1193.4504269472577 
1582315200000,1201.425186203777 
1582329600000,1220.3840478324835 
1582344000000,1210.3027483949968 
1582358400000,1220.3840478324835 
1582372800000,1239.6438437727568 
1582387200000,1232.1204859835875 
1582401600000,1226.101799752252 
1582416000000,1237.9887050591396 
1582430400000,1284.1821218846385 
1582444800000,1275.4550268492023 
1582459200000,1283.7307204172887 
1582473600000,1283.2793189499384 
1582488000000,1302.689582045995 
1582502400000,1251.9821505469945 
1582516800000,1241.298982486374 
1582531200000,1260.4083112708638 
1582545600000,1218.578441963083 
1582560000000,1216.4719017821153 
1582574400000,1237.2363692802226 
1582588800000,1216.4719017821153 
1582603200000,1210.1522812392134 
1582617600000,1227.0046026869525 
1582632000000,1181.2625873288036 
1582646400000,1159.5953168959961 
1582660800000,1164.7112001926312 
1582675200000,1129.6523528951025 
1582689600000,1116.2607760303813 
1582704000000,1084.9636076274373 
1582718400000,1045.0898113448402 
1582732800000,1039.5225265808551 
1582747200000,1009.5795625799615 
1582761600000,1009.7300297357448 
1582776000000,1022.8206722888993 
1582790400000,1019.3599277058814 
1582804800000,1038.318789334588 
1582819200000,1055.7729794054605 
1582833600000,1022.8206722888993 
1582848000000,1033.5038403495196 
1582862400000,1006.5702194642937 
1582876800000,975.423518217133 
1582891200000,1007.1720880874273 
1582905600000,974.0693138150826 
1582920000000,1001.3038690118753 
1582934400000,1004.313212127543 
1582948800000,1008.5262924894778 
1582963200000,998.2945258962076 
1582977600000,983.6992117852193 
1582992000000,997.2412558057239 
1583006400000,972.7151094130321 
1583020800000,994.0814455342728 
1583035200000,982.3450073831688 
1583049600000,994.9842484689732 
1583064000000,983.3982774736525 
1583078400000,960.9786712619282 
1583092800000,965.7936202469964 
1583107200000,968.2010947395306 
1583121600000,973.7683795035158 
1583136000000,997.692657273074 
1583150400000,1008.8272268010446 
1583164800000,1026.2814168719171 
1583179200000,1023.1216066004661 
1583193600000,1023.5730080678162 
1583208000000,1011.5356356051454 
1583222400000,1031.3973001685524 
1583236800000,1009.4290954241781 
1583251200000,1016.6515189017805 
1583265600000,1017.7047889922642 
1583280000000,1018.7580590827479 
1583294400000,1016.049650278647 
1583308800000,1002.0562047907922 
1583323200000,995.5861170921066 
1583337600000,997.0907886499406 
1583352000000,1006.1188179969437 
1583366400000,1012.7393728514126 
1583380800000,1020.1122634847984 
1583395200000,1041.6290667618225 
1583409600000,1036.8141177767543 
1583424000000,1038.6197236461549 
1583438400000,1033.5038403495196 
1583452800000,1024.9272124698668 
1583467200000,1038.9206579577217 
1583481600000,1058.1804538979948 
1583496000000,1030.7954315454188 
1583510400000,1040.5757966713388 
1583524800000,1051.4094318877426 
1583539200000,1047.6477529931578 
1583553600000,1050.506628953042 
1583568000000,1049.6038260183418 
1583582400000,1043.2842054754396 
1583596800000,1008.9776939568279 
1583611200000,1007.6234895547774 
1583625600000,982.6459416947356 
1583640000000,983.8496789410026 
1583654400000,986.5580877451035 
1583668800000,908.0142324261767 
1583683200000,902.5974148179749 
1583697600000,864.9806258721287 
1583712000000,863.6264214700782 
1583726400000,853.2441877210247 
1583740800000,836.9937348964191 
1583755200000,826.7619683031489 
1583769600000,834.7367275596683 
1583784000000,860.1656768870604 
1583798400000,854.7488592788585 
1583812800000,839.2507422331698 
1583827200000,859.8647425754936 
1583841600000,837.746070675336 
1583856000000,856.7049323040425 
1583870400000,853.0937205652413 
1583884800000,855.3507279019921 
1583899200000,843.1628882835379 
1583913600000,830.0722457303834 
1583928000000,810.0601140111933 
1583942400000,814.4236615289115 
1583956800000,826.9124354589324 
1583971200000,789.2956465130861 
1583985600000,744.0050326222873 
1584000000000,604.0705777437395 
1584014400000,626.189249643897 
1584028800000,620.6219648799117 
1584043200000,552.4603433100385 
1584057600000,583.6070445571992 
1584072000000,612.1958041560422 
1584086400000,614.0014100254429 
1584100800000,614.9042129601432 
1584115200000,649.9630602576718 
1584129600000,658.238753825758 
1584144000000,659.5929582278085 
1584158400000,645.9004470515204 
1584172800000,634.6154103677666 
1584187200000,625.8883153323303 
1584201600000,636.2705490813838 
1584216000000,610.6911325982085 
1584230400000,615.8070158948434 
1584244800000,628.4462569806478 
