0,1
1574006400000,1000.0 
1574020800000,1000.0 
1574035200000,1000.0 
1574049600000,1000.0 
1574064000000,1000.0 
1574078400000,1000.0 
1574092800000,1000.0 
1574107200000,1000.0 
1574121600000,1000.0 
1574136000000,1000.0 
1574150400000,1000.0 
1574164800000,1000.0 
1574179200000,1000.0 
1574193600000,1000.0 
1574208000000,999.3024875621891 
1574222400000,1002.6018233240834 
1574236800000,999.2165338948539 
1574251200000,998.74251495976 
1574265600000,981.378797056216 
1574280000000,987.8054176491615 
1574294400000,983.4985269339143 
1574308800000,973.8273921778939 
1574323200000,962.2296899242281 
1574337600000,945.4623810900549 
1574352000000,963.256259852851 
1574366400000,987.5517481635917 
1574380800000,987.2095581873839 
1574395200000,947.8577109235082 
1574409600000,897.8979743971964 
1574424000000,904.7417739213487 
1574438400000,930.4060221369199 
1574452800000,931.0904020893352 
1574467200000,904.3995839451411 
1574481600000,915.6918531599924 
1574496000000,910.9011934930858 
1574510400000,956.4124603286987 
1574524800000,928.3528822796742 
1574539200000,950.2530407569616 
1574553600000,935.8810617562417 
1574568000000,967.3625395673423 
1574582400000,960.5187400431901 
1574596800000,916.7184230886153 
1574611200000,919.4559428982761 
1574625600000,902.0042541116878 
1574640000000,885.2369452775147 
1574654400000,883.8681853726843 
1574668800000,908.5058636596325 
1574683200000,948.884280852131 
1574697600000,945.4623810900549 
1574712000000,912.2699533979163 
1574726400000,934.1701118752036 
1574740800000,932.116972017958 
1574755200000,931.0904020893352 
1574769600000,918.4293729696533 
1574784000000,942.724861280394 
1574798400000,938.6185815659027 
1574812800000,943.4092412328092 
1574827200000,934.5123018514113 
1574841600000,943.7514312090168 
1574856000000,988.920508068422 
1574870400000,989.6048880208373 
1574884800000,990.9736479256678 
1574899200000,1022.797315712976 
1574913600000,1025.1926455464293 
1574928000000,1007.7409567598409 
1574942400000,1047.4349939999242 
1574956800000,1051.1990837382082 
1574971200000,1006.7143868312181 
1574985600000,1037.1692947136958 
1575000000000,1028.2723553322978 
1575014400000,1047.0928040237168 
1575028800000,1044.355284214056 
1575043200000,1030.3254951895435 
1575057600000,1032.0364450705815 
1575072000000,1020.7441758557303 
1575086400000,1016.2957061650312 
1575100800000,997.1330674974048 
1575115200000,993.0267877829135 
1575129600000,981.3923285918545 
1575144000000,978.9969987584013 
1575158400000,946.4889510186778 
1575172800000,949.2264708283387 
1575187200000,957.781220233529 
1575201600000,975.2329090201174 
1575216000000,978.9969987584013 
1575230400000,987.8939381397993 
1575244800000,971.8110092580414 
1575259200000,948.884280852131 
1575273600000,975.5750989963251 
1575288000000,963.5984498290586 
1575302400000,947.5155209473006 
1575316800000,947.8577109235082 
1575331200000,944.7780011376398 
1575345600000,948.5420908759235 
1575360000000,946.8311409948853 
1575374400000,943.7514312090168 
1575388800000,943.0670512566016 
1575403200000,931.7747820417504 
1575417600000,912.9543333503315 
1575432000000,905.0839638975564 
1575446400000,911.585573445501 
1575460800000,923.9044125889751 
1575475200000,918.0871829934457 
1575489600000,884.2103753488918 
1575504000000,869.8383963481721 
1575518400000,883.183805420269 
1575532800000,898.5823543496117 
1575547200000,888.6588450395909 
1575561600000,888.6588450395909 
1575576000000,886.6057051823451 
1575590400000,897.8979743971964 
1575604800000,899.2667343020269 
1575619200000,907.8214837072173 
1575633600000,929.379452208297 
1575648000000,924.2466025651828 
1575662400000,930.7482121131275 
1575676800000,911.9277634217087 
1575691200000,925.2731724938056 
1575705600000,924.5887925413904 
1575720000000,917.060613064823 
1575734400000,915.3496631837849 
1575748800000,906.1105338261792 
1575763200000,893.4495047064975 
1575777600000,900.2933042306497 
1575792000000,916.3762331124077 
1575806400000,916.7184230886153 
1575820800000,909.1902436120477 
1575835200000,911.585573445501 
1575849600000,908.5058636596325 
1575864000000,906.1105338261792 
1575878400000,905.7683438499716 
1575892800000,901.6620641354803 
1575907200000,893.1073147302899 
1575921600000,891.3963648492518 
1575936000000,854.4398474188293 
1575950400000,874.9712459912862 
1575964800000,870.8649662767948 
1575979200000,856.1507972998673 
1575993600000,851.3601376329607 
1576008000000,871.8915362054177 
1576022400000,862.652406847812 
1576036800000,864.3633567288501 
1576051200000,860.9414569667739 
1576065600000,844.1741481326009 
1576080000000,856.8351772522826 
1576094400000,858.203937157113 
1576108800000,839.3834884656942 
1576123200000,839.3834884656942 
1576137600000,847.9382378708846 
1576152000000,844.1741481326009 
1576166400000,846.2272879898466 
1576180800000,842.4631982515627 
1576195200000,837.6725385846561 
1576209600000,850.6757576805455 
1576224000000,847.5960478946769 
1576238400000,851.3601376329607 
1576252800000,849.3069977757151 
1576267200000,853.0710875139988 
1576281600000,851.0179476567531 
1576296000000,859.9148870381512 
1576310400000,837.6725385846561 
1576324800000,831.5131190129191 
1576339200000,821.5896097028983 
1576353600000,821.5896097028983 
1576368000000,794.214411606289 
1576382400000,807.2176307021784 
1576396800000,812.0082903690851 
1576411200000,809.9551505118394 
1576425600000,811.6661003928774 
1576440000000,809.9551505118394 
1576454400000,813.7192402501231 
1576468800000,799.6894512256108 
1576483200000,793.1878416776663 
1576497600000,803.111350987687 
1576512000000,758.6266540806971 
1576526400000,761.0219839141504 
1576540800000,756.5735142234513 
1576555200000,757.2578941758666 
1576569600000,754.5203743662057 
1576584000000,742.2015352227315 
1576598400000,721.6701366502747 
1576612800000,707.98253760197 
1576627200000,725.0920364123508 
1576641600000,713.4575772212918 
1576656000000,710.3778674354234 
1576670400000,725.7764163647661 
1576684800000,772.6564431052093 
1576699200000,784.6330922724758 
1576713600000,749.7297146992992 
1576728000000,740.1483953654858 
1576742400000,731.5936459602955 
1576756800000,730.5670760316726 
1576771200000,738.0952555082401 
1576785600000,738.0952555082401 
1576800000000,740.1483953654858 
1576814400000,738.4374454844477 
1576828800000,748.7031447706762 
1576843200000,770.9454932241712 
1576857600000,768.2079734145103 
1576872000000,759.3110340331124 
1576886400000,752.8094244851676 
1576900800000,746.3078149372229 
1576915200000,752.1250445327523 
1576929600000,753.8359944137904 
1576944000000,742.5437251989391 
1576958400000,755.8891342710361 
1576972800000,742.8859151751468 
1576987200000,745.2812450086001 
1577001600000,744.9390550323924 
1577016000000,745.2812450086001 
1577030400000,756.5735142234513 
1577044800000,759.65322400932 
1577059200000,757.6000841520743 
1577073600000,745.9656249610152 
1577088000000,747.3343848658458 
1577102400000,750.7562846279219 
1577116800000,733.9889757937488 
1577131200000,727.4873662458041 
1577145600000,724.065466483728 
1577160000000,721.3279466740671 
1577174400000,730.224886055465 
1577188800000,718.9326168406137 
1577203200000,723.0388965551051 
1577217600000,724.7498464361432 
1577232000000,717.9060469119909 
1577246400000,729.8826960792574 
1577260800000,726.4607963171812 
1577275200000,715.8529070547452 
1577289600000,723.3810865313127 
1577304000000,717.9060469119909 
1577318400000,714.4841471499147 
1577332800000,713.1153872450842 
1577347200000,713.4575772212918 
1577361600000,722.3545166026898 
1577376000000,731.2514559840879 
1577390400000,717.9060469119909 
1577404800000,717.2216669595756 
1577419200000,714.8263371261223 
1577433600000,718.9326168406137 
1577448000000,729.1983161268422 
1577462400000,728.1717461982194 
1577476800000,734.3311657699564 
1577491200000,732.2780259127106 
1577505600000,731.5936459602955 
1577520000000,727.8295562220117 
1577534400000,723.3810865313127 
1577548800000,730.224886055465 
1577563200000,729.5405061030498 
1577577600000,731.935835936503 
1577592000000,743.9124851037697 
1577606400000,758.6266540806971 
1577620800000,768.2079734145103 
1577635200000,773.6830130338321 
1577649600000,766.4970235334722 
1577664000000,756.5735142234513 
1577678400000,757.2578941758666 
1577692800000,753.4938044375829 
1577707200000,747.3343848658458 
1577721600000,738.7796354606554 
1577736000000,739.8062053892783 
1577750400000,742.2015352227315 
1577764800000,735.3577356985793 
1577779200000,726.1186063409737 
1577793600000,724.4076564599355 
1577808000000,719.9591867692366 
1577822400000,715.1685271023299 
1577836800000,715.5107170785376 
1577851200000,719.616996793029 
1577865600000,725.7764163647661 
1577880000000,727.8295562220117 
1577894400000,730.9092660078803 
1577908800000,724.065466483728 
1577923200000,718.2482368881984 
1577937600000,714.141957173707 
1577952000000,711.4044373640462 
1577966400000,723.0388965551051 
1577980800000,700.4543581254026 
1577995200000,695.6636984584959 
1578009600000,698.0590282919492 
1578024000000,709.0091075305928 
1578038400000,716.879476983368 
1578052800000,711.7466273402538 
1578067200000,717.9060469119909 
1578081600000,720.6435667216518 
1578096000000,718.9326168406137 
1578110400000,729.8826960792574 
1578124800000,735.6999256747869 
1578139200000,736.0421156509944 
1578153600000,733.9889757937488 
1578168000000,737.7530655320326 
1578182400000,742.2015352227315 
1578196800000,745.2812450086001 
1578211200000,743.9124851037697 
1578225600000,744.2546750799772 
1578240000000,745.9656249610152 
1578254400000,738.4374454844477 
1578268800000,745.6234349848077 
1578283200000,748.018764818261 
1578297600000,758.6266540806971 
1578312000000,752.1250445327523 
1578326400000,765.8126435810569 
1578340800000,771.972063152794 
1578355200000,762.0485538427731 
1578369600000,751.0984746041295 
1578384000000,753.4938044375829 
1578398400000,740.8327753179011 
1578412800000,748.018764818261 
1578427200000,744.9390550323924 
1578441600000,742.5437251989391 
1578456000000,757.9422741282818 
1578470400000,763.4173137476037 
1578484800000,816.7989500359917 
1578499200000,811.3239104166698 
1578513600000,826.7224593460126 
1578528000000,793.1878416776663 
1578542400000,794.214411606289 
1578556800000,776.0783428672854 
1578571200000,793.1878416776663 
1578585600000,786.3440421535139 
1578600000000,797.6363113683652 
1578614400000,805.848870797348 
1578628800000,795.2409815349118 
1578643200000,796.6097414397424 
1578657600000,812.6926703215003 
1578672000000,809.6129605356317 
1578686400000,791.1347018204206 
1578700800000,796.2675514635347 
1578715200000,796.6097414397424 
1578729600000,797.9785013445728 
1578744000000,802.0847810590642 
1578758400000,815.4301901311612 
1578772800000,803.7957309401022 
1578787200000,817.1411400121993 
1578801600000,829.1177891794658 
1578816000000,826.0380793935973 
1578830400000,848.2804278470923 
1578844800000,859.9148870381512 
1578859200000,841.7788182991475 
1578873600000,868.8118264195492 
1578888000000,852.044517585376 
1578902400000,850.333567704338 
1578916800000,837.3303486084486 
1578931200000,826.7224593460126 
1578945600000,816.7989500359917 
1578960000000,853.4132774902065 
1578974400000,840.7522483705247 
1578988800000,864.7055467050577 
1579003200000,854.4398474188293 
1579017600000,899.9511142544421 
1579032000000,918.4293729696533 
1579046400000,905.7683438499716 
1579060800000,890.0276049444212 
1579075200000,943.0670512566016 
1579089600000,916.0340431362 
1579104000000,927.3263123510513 
1579118400000,942.724861280394 
1579132800000,891.7385548254593 
1579147200000,907.1371037548021 
1579161600000,909.8746235644629 
1579176000000,946.4889510186778 
1579190400000,950.2530407569616 
1579204800000,947.1733309710929 
1579219200000,982.0767085442696 
1579233600000,968.3891094959653 
1579248000000,949.2264708283387 
1579262400000,948.5420908759235 
1579276800000,968.3891094959653 
1579291200000,968.7312994721729 
1579305600000,944.7780011376398 
1579320000000,932.8013519703732 
1579334400000,934.1701118752036 
1579348800000,940.3295314469408 
1579363200000,933.827921898996 
1579377600000,933.1435419465807 
1579392000000,929.0372622320893 
1579406400000,927.6685023272589 
1579420800000,880.446285610608 
1579435200000,875.997815919909 
1579449600000,877.0243858485319 
1579464000000,890.7119848968365 
1579478400000,898.5823543496117 
1579492800000,896.529214492366 
1579507200000,893.1073147302899 
1579521600000,888.6588450395909 
1579536000000,888.3166550633832 
1579550400000,891.0541748730441 
1579564800000,896.1870245161583 
1579579200000,906.4527238023868 
1579593600000,914.3230932551619 
1579608000000,927.3263123510513 
1579622400000,912.6121433741239 
1579636800000,923.22003263656 
1579651200000,925.6153624700132 
1579665600000,932.116972017958 
1579680000000,932.116972017958 
1579694400000,925.9575524462209 
1579708800000,927.6685023272589 
1579723200000,925.9575524462209 
1579737600000,906.4527238023868 
1579752000000,903.0308240403107 
1579766400000,880.7884755868156 
1579780800000,870.1805863243796 
1579795200000,861.6258369191892 
1579809600000,879.0775257057776 
1579824000000,860.2570770143587 
1579838400000,860.2570770143587 
1579852800000,871.5493462292101 
1579867200000,889.0010350157985 
1579881600000,884.894755301307 
1579896000000,875.3134359674938 
1579910400000,859.9148870381512 
1579924800000,854.4398474188293 
1579939200000,867.7852564909263 
1579953600000,862.9945968240197 
1579968000000,861.2836469429816 
1579982400000,869.8383963481721 
1579996800000,869.8383963481721 
1580011200000,870.8649662767948 
1580025600000,875.997815919909 
1580040000000,873.2602961102482 
1580054400000,885.2369452775147 
1580068800000,885.2369452775147 
1580083200000,886.9478951585528 
1580097600000,878.0509557771547 
1580112000000,884.5525653250994 
1580126400000,902.0042541116878 
1580140800000,902.0042541116878 
1580155200000,887.632275110968 
1580169600000,900.2933042306497 
1580184000000,891.3963648492518 
1580198400000,892.7651247540822 
1580212800000,883.8681853726843 
1580227200000,888.3166550633832 
1580241600000,889.0010350157985 
1580256000000,879.7619056581929 
1580270400000,880.1040956344004 
1580284800000,872.5759161578329 
1580299200000,881.8150455154384 
1580313600000,878.3931457533624 
1580328000000,872.9181061340405 
1580342400000,865.7321166336806 
1580356800000,870.1805863243796 
1580371200000,870.1805863243796 
1580385600000,880.1040956344004 
1580400000000,892.7651247540822 
1580414400000,898.9245443258193 
1580428800000,915.6918531599924 
1580443200000,898.5823543496117 
1580457600000,900.6354942068573 
1580472000000,893.4495047064975 
1580486400000,881.4728555392309 
1580500800000,880.7884755868156 
1580515200000,884.2103753488918 
1580529600000,887.2900851347604 
1580544000000,886.6057051823451 
1580558400000,883.183805420269 
1580572800000,890.0276049444212 
1580587200000,890.3697949206289 
1580601600000,884.5525653250994 
1580616000000,896.529214492366 
1580630400000,903.7152039927258 
1580644800000,912.2699533979163 
1580659200000,919.4559428982761 
1580673600000,921.1668927793143 
1580688000000,916.7184230886153 
1580702400000,916.0340431362 
1580716800000,912.6121433741239 
1580731200000,894.4760746351202 
1580745600000,895.1604545875355 
1580760000000,903.7152039927258 
1580774400000,907.8214837072173 
1580788800000,920.8247028031067 
1580803200000,943.0670512566016 
1580817600000,950.9374207093769 
1580832000000,950.2530407569616 
1580846400000,967.0203495911347 
1580860800000,951.621800661792 
1580875200000,962.2296899242281 
1580889600000,946.4889510186778 
1580904000000,969.7578694007956 
1580918400000,967.0203495911347 
1580932800000,978.9969987584013 
1580947200000,980.7079486394393 
1580961600000,979.3391887346089 
1580976000000,985.4986083063458 
1580990400000,988.920508068422 
1581004800000,1022.4551257367684 
1581019200000,1051.1990837382082 
1581033600000,1114.5042293366168 
1581048000000,1059.7538331433987 
1581062400000,1063.5179228816824 
1581076800000,1052.5678436430385 
1581091200000,1066.597632667551 
1581105600000,1047.0928040237168 
1581120000000,1028.2723553322978 
1581134400000,1034.431774904035 
1581148800000,1058.7272632147756 
1581163200000,1062.4913529530593 
1581177600000,1055.647553428907 
1581192000000,1035.4583448326578 
1581206400000,1039.5646245471492 
1581220800000,1059.7538331433987 
1581235200000,1048.1193739523396 
1581249600000,1071.730482310665 
1581264000000,1093.2884508117447 
1581278400000,1115.1886092890322 
1581292800000,1087.813411192423 
1581307200000,1091.9196909069142 
1581321600000,1041.9599543806025 
1581336000000,1055.9897434051147 
1581350400000,1044.6974741902634 
1581364800000,1070.703912382042 
1581379200000,1039.2224345709417 
1581393600000,1060.0960231196061 
1581408000000,1118.952699027316 
1581422400000,1111.766709526956 
1581436800000,1139.484097599773 
1581451200000,1136.0621978376967 
1581465600000,1132.982488051828 
1581480000000,1143.2481873380566 
1581494400000,1171.307765387081 
1581508800000,1169.5968155060427 
1581523200000,1172.3343353157038 
1581537600000,1165.832725767759 
1581552000000,1137.4309577425272 
1581566400000,1145.9857071477174 
1581580800000,1097.0525405500284 
1581595200000,1125.7964985514682 
1581609600000,1167.5436756487973 
1581624000000,1189.4438341260845 
1581638400000,1179.178134839856 
1581652800000,1182.94222457814 
1581667200000,1245.2208002479258 
1581681600000,1255.4864995341543 
1581696000000,1272.9381883207427 
1581710400000,1285.5992174404246 
1581724800000,1277.3866580114418 
1581739200000,1277.7288479876493 
1581753600000,1312.6322255608259 
1581768000000,1250.0114599148324 
1581782400000,1190.1282140784997 
1581796800000,1190.1282140784997 
1581811200000,1208.2642828175035 
1581825600000,1206.2111429602576 
1581840000000,1185.3375544115931 
1581854400000,1111.766709526956 
1581868800000,1087.813411192423 
1581883200000,1115.8729892414474 
1581897600000,1052.5678436430385 
1581912000000,1061.4647830244364 
1581926400000,1032.3786350467892 
1581940800000,1055.9897434051147 
1581955200000,1068.992962501004 
1581969600000,1090.8931209782916 
1581984000000,1128.534018361129 
1581998400000,1132.298108099413 
1582012800000,1095.3415906689904 
1582027200000,1112.1088995031637 
1582041600000,1131.2715381707899 
1582056000000,1152.487316695662 
1582070400000,1146.3278971239251 
1582084800000,1112.7932794555788 
1582099200000,1140.168477552188 
1582113600000,1141.195047480811 
1582128000000,1139.8262875759804 
1582142400000,1058.7272632147756 
1582156800000,1071.0461023582498 
1582171200000,1054.6209835002844 
1582185600000,1038.8802445947338 
1582200000000,1035.4583448326578 
1582214400000,1036.4849147612806 
1582228800000,1050.5147037857928 
1582243200000,1079.6008517634402 
1582257600000,1116.2151792176548 
1582272000000,1089.1821710972536 
1582286400000,1099.7900603596895 
1582300800000,1087.1290312400076 
1582315200000,1089.524361073461 
1582329600000,1077.2055219299868 
1582344000000,1049.8303238333776 
1582358400000,1047.0928040237168 
1582372800000,1049.1459438809622 
1582387200000,1058.385073238568 
1582401600000,1057.7006932861527 
1582416000000,1065.571062738928 
1582430400000,1091.235310954499 
1582444800000,1081.3118016444782 
1582459200000,1083.7071314779316 
1582473600000,1079.6008517634402 
1582488000000,1079.2586617872325 
1582502400000,1052.2256536668308 
1582516800000,1043.3287142854329 
1582531200000,1041.9599543806025 
1582545600000,1045.7240441188862 
1582560000000,1010.1362865932942 
1582574400000,1003.9768670215572 
1582588800000,995.0799276401591 
1582603200000,971.8110092580414 
1582617600000,976.6016689249478 
1582632000000,953.6749405190377 
1582646400000,949.2264708283387 
1582660800000,963.5984498290586 
1582675200000,920.8247028031067 
1582689600000,919.7981328744838 
1582704000000,917.4028030410306 
1582718400000,883.5259953964767 
1582732800000,908.8480536358401 
1582747200000,899.6089242782344 
1582761600000,885.9213252299298 
1582776000000,918.4293729696533 
1582790400000,928.3528822796742 
1582804800000,951.9639906379996 
1582819200000,956.4124603286987 
1582833600000,932.4591619941656 
1582848000000,952.9905605666224 
1582862400000,904.3995839451411 
1582876800000,892.7651247540822 
1582891200000,920.8247028031067 
1582905600000,890.7119848968365 
1582920000000,911.9277634217087 
1582934400000,912.6121433741239 
1582948800000,921.8512727317295 
1582963200000,907.8214837072173 
1582977600000,896.1870245161583 
1582992000000,900.2933042306497 
1583006400000,883.183805420269 
1583020800000,899.9511142544421 
1583035200000,880.446285610608 
1583049600000,900.977684183065 
1583064000000,890.7119848968365 
1583078400000,871.2071562530024 
1583092800000,895.5026445637432 
1583107200000,905.0839638975564 
1583121600000,945.4623810900549 
1583136000000,930.7482121131275 
1583150400000,946.8311409948853 
1583164800000,956.070270352491 
1583179200000,954.0171304952453 
1583193600000,940.3295314469408 
1583208000000,934.1701118752036 
1583222400000,950.5952307331692 
1583236800000,934.5123018514113 
1583251200000,937.5920116372797 
1583265600000,970.1000593770033 
1583280000000,964.6250197576813 
1583294400000,961.5453099718129 
1583308800000,955.7280803762834 
1583323200000,960.1765500669825 
1583337600000,989.9470779970449 
1583352000000,990.9736479256678 
1583366400000,1005.00343695018 
1583380800000,1045.039664166471 
1583395200000,1072.7570522392878 
1583409600000,1038.1958646423186 
1583424000000,1058.7272632147756 
1583438400000,1040.9333844519797 
1583452800000,1009.7940966170867 
1583467200000,1032.0364450705815 
1583481600000,1065.571062738928 
1583496000000,1021.0863658319379 
1583510400000,1035.11615485645 
1583524800000,1066.9398226437584 
1583539200000,1062.4913529530593 
1583553600000,1055.3053634526996 
1583568000000,1043.3287142854329 
1583582400000,1033.7473949516195 
1583596800000,984.4720383777232 
1583611200000,996.7908775211972 
1583625600000,974.8907190439098 
1583640000000,953.6749405190377 
1583654400000,956.4124603286987 
1583668800000,905.426153873764 
1583683200000,923.5622226127675 
1583697600000,867.4430665147187 
1583712000000,889.0010350157985 
1583726400000,892.4229347778746 
1583740800000,895.1604545875355 
1583755200000,819.1942798694449 
1583769600000,835.6193987274105 
1583784000000,855.4664173474522 
1583798400000,877.0243858485319 
1583812800000,877.7087658009472 
1583827200000,897.2135944447813 
1583841600000,883.8681853726843 
1583856000000,894.1338846589126 
1583870400000,919.7981328744838 
1583884800000,935.1966818038266 
1583899200000,913.296523326539 
