0,1
998.2562189054727 
995.8274734633396 
1004.8296156328605 
993.5868781031828 
983.0255186056069 
988.8172318784711 
996.6530792476404 
987.4544758142678 
984.3882746698102 
986.4324087661153 
985.0696527019119 
971.4420920598784 
944.1869707758113 
944.868348807913 
922.011388010683 
920.102509617556 
922.2533965968012 
919.2629543737688 
938.3032085346591 
935.3165019996176 
937.5565319008988 
921.8763225919303 
922.9963375425709 
933.0764720983364 
923.369675859451 
920.3829693244095 
919.2629543737688 
889.3958890233527 
882.3024610026289 
877.4490628831862 
874.4623563481446 
886.0358441714309 
903.9560833816806 
908.0628048673628 
911.7961880361648 
893.8759488259151 
887.9025357558319 
889.3958890233527 
886.0358441714309 
893.8759488259151 
884.1691525870299 
887.5291974389517 
886.9691899636314 
894.4359563012354 
901.156046005079 
892.3825955583943 
894.0626179843553 
888.8358815480324 
886.4091824883111 
891.4492497661938 
895.369302093436 
894.9959637765558 
882.3024610026289 
885.2891675376704 
876.1423787741055 
856.728786296335 
818.8349471329944 
807.0747901512681 
799.2346854967839 
802.7813995071458 
798.6746780214636 
795.5013023279819 
795.3146331695417 
798.8613471799036 
798.1146705461433 
786.541182722857 
787.6611976734976 
773.1010033151697 
780.0077621774535 
773.1010033151697 
777.5810631177321 
758.5408089568418 
746.2206444997952 
716.1669099909388 
711.1268427130561 
685.0145229991243 
683.024448618552 
874.2427479997822 
909.3980023533761 
909.3219602410809 
914.3686694697933 
920.984858905038 
885.3789289467553 
937.9661485774498 
994.0226639476691 
956.7733833759273 
959.1471120398128 
931.757935148826 
935.0446363757445 
925.9185591365333 
939.1040902143496 
931.7873410475136 
913.4196534140942 
908.0721393003512 
913.9914982464052 
910.2000855170861 
929.8898926173018 
926.7519638743659 
912.7235765530052 
953.5166502111724 
955.9162427792999 
935.6413312013424 
926.4450216758455 
931.215703746352 
924.3399136755155 
915.772850689151 
912.0427493219242 
904.7025777471191 
909.0684651656205 
908.4885587702552 
905.4673321339827 
903.1673208375792 
899.8418493100978 
898.0980682155705 
895.5616815215894 
888.077592555427 
875.9326773678172 
877.5888021661276 
893.9660362827531 
884.1197566194251 
869.1727227694266 
867.4289416748993 
841.5298512558015 
835.2056168859015 
828.1945472895652 
885.4850017053419 
907.7201081394369 
896.5023967852989 
904.9156803009024 
930.1555308477132 
915.9330753808595 
894.0986014951264 
903.7137826558162 
898.1049269787472 
905.1159965750835 
898.9061920754714 
894.8998665918506 
905.5166291234456 
931.3574284927993 
923.7454100739199 
916.7343404775836 
921.1412985095665 
905.3163128492645 
901.9972445745775 
900.2637529418322 
895.3061427738426 
896.536519851186 
894.7927387566587 
889.6867013232396 
887.5067516768582 
886.3440409371674 
863.0992427532595 
878.1089147644553 
860.1441223021413 
858.400341207614 
860.3447795995957 
851.0776938757947 
847.5020177389463 
844.6420459621258 
841.8909809586014 
837.6235451834982 
837.9702524050816 
841.4743582355682 
843.3868701987026 
832.6004004404723 
842.3791259364943 
861.1696180661053 
869.5596644209065 
872.8646604531617 
858.4186534720734 
854.5172045945113 
882.3593624934771 
900.0932210278502 
897.9651580037255 
897.2558036623504 
897.9651580037255 
893.1770161994448 
890.5169374192888 
897.7878194183817 
892.2903232727261 
891.2262917606637 
876.507189177134 
868.526952836666 
864.625503959104 
866.3988898125414 
852.5664801557303 
854.8718817651989 
855.2265589358863 
856.9999447893235 
850.9704328876368 
844.7635824006062 
804.3303849422355 
805.0397392836104 
798.6555502112361 
810.537235429266 
838.911409084263 
816.0841982553902 
816.5665646679586 
813.2400569391816 
805.9672649800459 
807.4089645786083 
799.616691405937 
792.3419121523136 
792.084840470322 
788.5623076627832 
800.1264574211987 
802.2613773765985 
822.080287831609 
820.3556617424916 
820.3743473313883 
822.3021845295486 
815.0048212316219 
841.2111432309138 
837.8710738563598 
837.0894651653058 
839.8003138092254 
847.3213653871838 
837.2969307269263 
825.6898971938112 
821.717298227527 
822.2711354783141 
820.5273543837868 
819.3463701646112 
827.5466667522124 
828.1613991462441 
827.3116902914151 
834.8144305259766 
837.8737762367325 
849.6240941918315 
841.3301342096601 
854.0847723248664 
843.1054778015066 
839.6221427286193 
832.5914475811488 
834.0948890875248 
825.2245841999061 
806.6558788429564 
804.9120977484291 
797.2956878809076 
786.5687581465829 
788.6947230806004 
772.7427375884504 
768.3993381588415 
768.9217895925316 
779.3897424654979 
776.314433121958 
773.7334314526908 
775.3353964093467 
772.0406277956708 
778.076905393479 
780.4373236600878 
777.3135793271229 
779.3797666177136 
785.6193199765704 
784.161176937821 
783.5451449862858 
776.8135289313581 
770.2110230948234 
767.9136005309527 
762.0575892593972 
761.498023047342 
761.5287399983015 
758.1831541936577 
751.6228917533817 
745.9891589416275 
742.811663543728 
742.2351073239986 
735.1111121427737 
735.1187378635691 
732.6570637662351 
726.3606031016731 
720.3750798980193 
714.0076028786839 
713.0127512255763 
704.2240474772548 
710.6568770260952 
710.6568770260952 
708.7985040453191 
712.6582017746234 
708.7752904274549 
701.4643376595535 
694.4138716184407 
691.6188926521071 
692.3474640176983 
691.6490212035206 
683.1725453540832 
679.4357174454337 
679.2036216784886 
677.3057670714741 
646.6025108900056 
645.5325559465057 
652.6864422038418 
652.4461592018715 
648.9893299185841 
649.0945464692261 
642.9376998088682 
646.0528324010667 
639.6560205639241 
637.4147270315859 
643.2806744623792 
642.4285646454114 
641.5482897847348 
641.6809071194994 
647.4106433082877 
651.2708083356526 
652.7876248920364 
661.7718460336943 
652.0875557121669 
661.795506261944 
659.622284763186 
660.2983816797332 
660.3486814982551 
652.6480026085433 
647.1762678586572 
643.0737183131105 
629.8649159561801 
636.9812763741675 
637.4082579992468 
634.8463682487713 
637.5181464663967 
634.7495674188763 
635.0738571901747 
625.5613572320865 
623.8318117851613 
621.2374936147736 
626.3180333651162 
626.8585163172803 
628.2637719929071 
624.6965845086238 
625.2163460177599 
625.6302258166265 
619.8439619108099 
618.8296471583776 
617.2661930976234 
615.2289478171764 
611.1816626813485 
609.4378815868212 
605.5617440026913 
623.8066093049265 
622.0628282103992 
617.1266572706804 
615.7268421868077 
611.4379350725269 
609.6941539779996 
612.2249162567642 
611.2213422943958 
609.4775611998684 
609.4667245098703 
609.4667245098703 
607.722943415343 
605.041915928663 
611.8912289137497 
609.9027186922729 
596.7564566725096 
595.0993648212789 
582.6159395420077 
589.2443069469305 
586.7034327750434 
595.430783191525 
593.8841641303763 
583.6101946527463 
583.6101946527463 
599.5182764245607 
593.5527457601303 
586.9243783552076 
558.532871304122 
567.4811673007675 
573.0048068048699 
577.3132456180696 
564.4984019685523 
570.6848782131469 
567.2602217206036 
567.5916400908498 
566.9288033503574 
593.4422729700482 
588.3605246262741 
588.029106256028 
584.9358681337308 
597.86118457333 
601.9486778063656 
618.2986507385083 
623.3803990822825 
622.8280351318722 
638.2942257433585 
647.4634673201682 
647.02157615984 
653.2080524044346 
679.5005764439613 
680.3843587646177 
669.7789709167414 
670.6627532373976 
663.1506035118186 
660.4977099307883 
658.753928836261 
654.2478051589143 
654.5402106525479 
683.0010120328893 
672.1820087684445 
666.821241385161 
663.4098439594352 
664.4819974360919 
663.4098439594352 
654.8326161461815 
651.6161557162114 
651.7136242140894 
652.1034982056009 
654.5402106525479 
656.3921121122277 
649.1794432692644 
643.2338648987137 
641.9667744263013 
640.3098099623772 
643.8299125642427 
641.2639917596355 
637.0886012332422 
639.9335836382902 
641.3049911018945 
633.1125656360911 
630.8223444911262 
628.0056268187052 
634.126340429376 
632.968367584114 
644.2172466523738 
638.6415679881823 
640.0991538773569 
641.987889690559 
651.8291973488218 
658.8871048613133 
660.0799906380724 
668.4301910753865 
666.342640966058 
658.2906619729338 
691.2938351299366 
710.9764504464623 
702.3354037907137 
698.9686457787336 
698.3281839193307 
697.0369811120888 
697.79526886398 
696.0514877694527 
690.2072689877566 
683.0723239253507 
682.1439962744403 
677.8591476823976 
673.1458142311508 
673.1458142311508 
673.574299090355 
676.1452082455805 
671.2176323647316 
673.3600566607529 
672.7173293719464 
654.0782379965608 
644.4373286644649 
644.0088438052605 
645.7227832420776 
636.724601198788 
648.0794499677011 
648.6143513544221 
645.8258306954101 
641.8810236237238 
642.9994858116867 
645.1006486159324 
650.6507303322762 
650.1882235225809 
649.9569701177331 
648.8007030934949 
644.6381418062372 
633.5379783735495 
639.5505668995886 
640.7068339238269 
652.0382507613622 
671.6947901734129 
621.7440547263192 
617.3502400342137 
610.6438912936317 
607.1750902209169 
607.6375970306121 
612.3551664895044 
597.2114531017605 
592.1462064011719 
592.0399377444555 
594.2151521615932 
594.027239094289 
595.2293173363669 
590.0361982658727 
589.1969852400925 
585.7494367804504 
584.4902824979642 
580.1660427010979 
582.8637851448766 
579.8547647268158 
585.3540089391336 
593.8622735695121 
592.9284396466658 
592.9284396466658 
596.8712939875729 
604.3419653703444 
601.3528648600388 
600.2217753813916 
597.3326771151956 
594.6674445349275 
591.0654464575452 
589.3216653630179 
590.8669717845312 
584.7099840743236 
579.4184129198571 
576.0845625676972 
573.3327987684617 
568.0026244498265 
558.8707126137026 
557.9675564980419 
561.2791289221309 
562.7843891148985 
560.8643922271378 
561.6189996720025 
553.1667119213007 
544.7144241705989 
545.8745420971659 
544.3829619058656 
544.9816246362093 
544.9345816254565 
544.9345816254565 
544.9345816254565 
544.9345816254565 
544.9345816254565 
544.9345816254565 
544.9345816254565 
543.1908005309292 
541.8329871926555 
539.1051518537115 
539.1051518537115 
539.1051518537115 
537.3613707591842 
535.6313682892643 
535.6313682892643 
533.887587194737 
532.5960901345832 
539.7176182800299 
539.7176182800299 
539.7176182800299 
539.7176182800299 
537.9738371855026 
537.9180447192623 
536.2362431030087 
539.5889308836179 
541.6070546007131 
534.3033687674163 
538.8201218485341 
537.9552116840646 
540.8382455656292 
532.8618518266339 
529.9788179450695 
537.7630094252937 
532.0930427915503 
529.2100089099856 
550.8327630217195 
552.0820777037309 
554.0041002914405 
551.8418248802672 
552.8028361741219 
548.9587909987026 
554.2443531149042 
560.250673701497 
556.6468813495413 
552.0820777037309 
555.205364408759 
546.5562627640654 
545.3549986467469 
547.757526881384 
539.5889308836179 
533.8228631204888 
527.9378221591805 
526.1940410646532 
530.4007862020255 
528.6570051074982 
525.2399872822348 
523.1408265971108 
527.0787395215079 
529.4986695019597 
544.4271159325972 
542.6833348380699 
539.4972427880879 
541.0288486686022 
544.5738728579222 
543.4574718867377 
547.9480404760825 
554.7361092739293 
561.4197462441167 
561.00201893348 
555.6759957228619 
558.0779277590229 
556.6158821717945 
556.1981548611577 
550.3499725122438 
548.1569041314009 
550.3499725122438 
550.3499725122438 
551.0809953058579 
533.3275846037973 
506.90633220602484 
507.74178682729826 
499.17837695924555 
498.86508147626796 
500.9537180294516 
502.3113317890209 
500.74485437413324 
500.9537180294516 
508.9949687592084 
508.2639459655942 
512.7545145549389 
510.8816341576991 
509.13785306317175 
507.059434602824 
505.3156535082967 
501.089950955302 
494.0602001504798 
503.7208918855454 
501.9771107910181 
499.45474998160665 
473.25340362049576 
470.60207690538334 
469.3543937453304 
469.82227493035026 
466.9886425955167 
467.41277937114415 
467.88993324372495 
470.4347538974894 
470.6468222853031 
470.1166513157689 
470.0636342188154 
468.0489845345852 
468.0489845345852 
467.83691614677156 
469.0032922797469 
471.9192326121853 
470.22268550967567 
471.4420787396045 
468.1550187284921 
466.6705400137962 
466.6705400137962 
455.85505223529736 
454.63565900536855 
452.03782125465074 
439.84388895536284 
445.03956445679853 
446.84214575321505 
450.50032544300143 
450.55334253995477 
450.55334253995477 
448.4856757587712 
450.28825705518767 
450.6063596369082 
453.31023158153295 
455.16582997490286 
459.08909514945634 
457.2334967560864 
456.0671206231111 
458.39987288906184 
455.37789836271656 
452.03782125465074 
451.2955818973028 
452.03782125465074 
457.922719016481 
457.6046164347604 
455.0623406016498 
455.0623406016498 
455.0623406016498 
453.3185595071225 
451.02797696350444 
449.2841958689771 
450.22227389058156 
453.03650795539505 
452.2087920539793 
451.49143827275236 
450.16709283048715 
444.207538340294 
446.6023367528453 
447.3443404401574 
442.0291547746085 
438.6865868789789 
438.19200689645845 
438.17867611447105 
438.08143504708073 
441.8275235727318 
446.769172266144 
448.04443644508905 
446.5300602325918 
443.7150572277506 
444.9836332166056 
446.36753429535645 
441.8698557894161 
445.2142833963974 
447.40546010441966 
444.8115024471797 
443.03935922627636 
441.82134408102706 
438.1636775799351 
442.79186968811723 
439.4121477605785 
442.51678989816565 
439.0966004363533 
440.5981470293441 
437.0945383123656 
436.69564244962703 
434.40164006241235 
432.32923000386165 
430.98493923665626 
432.1328430622383 
430.10483020555944 
428.4280103949395 
430.35635317715247 
429.6206761527699 
429.8896017948298 
430.4274530789497 
427.41548588787805 
428.383618199294 
427.84576691517407 
445.1645782638361 
441.33554774077584 
439.269145864984 
438.72077116401636 
436.97699006948903 
422.5527708074202 
419.72714272724284 
420.67001387811524 
417.86927855778754 
416.8508293503956 
413.51606085238757 
412.9188647138749 
414.662686788221 
411.89580528267476 
409.29575639416936 
408.2671711278978 
410.9755838927341 
406.3615522808818 
403.1137365248757 
404.5291346409808 
405.6398576971085 
403.6551357919588 
398.72668447313396 
395.52177185542587 
399.47821677569095 
401.7222696207096 
402.7760619583578 
402.7240426737686 
399.134712037115 
405.2209683340494 
402.5679848200011 
404.07654407308735 
402.67202338917946 
400.1230784443095 
399.39480846006086 
399.60288559841763 
393.3085521631265 
391.17576149497 
391.4358579179159 
391.01970364120245 
388.64617708743845 
404.1846848140574 
405.94766297780984 
402.8231173854316 
400.2735236898302 
398.8123146971994 
400.5657654883564 
400.1904942879674 
399.5666542405555 
403.7775745605855 
428.1449305705045 
420.6211129854619 
419.00886636009557 
410.4102176914754 
402.95357704915637 
406.91701666984846 
408.5292632952148 
408.05902469614955 
407.05137055529565 
404.5658236745227 
404.02840813273383 
413.5675339994844 
411.08198711871137 
408.3949094097676 
407.38725526891363 
405.70783170082376 
407.45443221163725 
407.11854749801927 
401.0054457101721 
407.32007832619 
411.08198711871137 
412.1568182022889 
411.14916406143493 
408.80777688443857 
401.69328231278485 
403.4049280929826 
395.1832126096022 
389.68250498797295 
379.09638098613345 
374.3197929507661 
375.05706686572006 
372.10797120590416 
376.0518160008978 
371.25750561450377 
376.25728644602896 
372.2163676917826 
373.6546608077008 
375.84634555576656 
377.21614852330777 
377.3531288200619 
374.6135228849796 
377.28463867168483 
376.20288335137013 
366.93540001334327 
362.58575228595055 
360.7175556975071 
368.09355108790754 
363.9078754560419 
365.40981312267934 
360.37070000658775 
357.0095315722322 
355.26575047770484 
339.9985371615695 
339.4023314431736 
331.47959632432566 
326.7218402702879 
323.24747369258046 
321.1529921157378 
322.07846071945903 
326.3648416209044 
337.5191737394384 
337.5191737394384 
349.02445329427826 
347.28067219975094 
339.63495106019633 
334.5749997251685 
330.59601109389655 
320.449375849068 
305.8294928081324 
299.8287945450618 
301.46002436089486 
300.15477119646994 
300.2772508709679 
290.84631593462063 
291.3128030460845 
288.9889228532227 
296.06160170106307 
301.9218213178451 
306.5695817035688 
303.23531881815836 
293.7099743786985 
295.26050140283405 
292.5729212276658 
303.2715576942008 
300.9457671579975 
296.65597572455596 
297.8447131097265 
292.10776312042515 
294.5369221249041 
302.65134688454657 
302.54797841627084 
297.17281806593445 
305.9074536352311 
305.2355585914391 
314.0218783948736 
302.65134688454657 
304.04682120626853 
312.78145677556523 
332.88662385518893 
336.14273060587345 
347.04810400895985 
344.3088395996538 
346.63463013585704 
344.3605238337916 
339.8123112296608 
335.10904592311647 
335.5225197962193 
332.2147288113968 
358.80626727532075 
355.0591603003266 
358.6770566899761 
345.8852087408582 
340.3157606354472 
339.50741778979096 
330.5505746060587 
327.0450006241166 
320.04440063698144 
312.44828415651097 
317.3884841356983 
317.3884841356983 
325.70118392179205 
326.5437994541169 
326.5437994541169 
324.80001835958956 
329.39499220829475 
329.39499220829475 
327.65121111376743 
322.1129127578314 
320.369131663304 
322.5569612051288 
319.1074103665337 
319.1074103665337 
319.1074103665337 
319.1074103665337 
319.1074103665337 
319.1074103665337 
317.3636292720064 
315.5392269344081 
319.08602926361414 
319.08602926361414 
319.08602926361414 
319.08602926361414 
319.08602926361414 
319.08602926361414 
317.3422481690868 
312.8760613578403 
314.2716979971906 
310.9766221902081 
306.14498322310703 
301.81490077220883 
301.3976995664973 
301.1890989636416 
309.2202221735877 
308.5944203650205 
312.27279474052244 
316.8609206706153 
320.3186387628593 
307.95064712521753 
314.0016537866444 
314.4113661177981 
304.90396410347944 
306.8297800896727 
304.27047796664147 
304.8805952951053 
304.4686897167983 
297.54326964733434 
278.92634896533207 
278.6351952362389 
278.4088474483358 
268.33637088664926 
269.9558915725736 
269.02834566194963 
274.0718765509676 
270.1298064308156 
266.82542412421765 
263.4332780032727 
259.27536412127483 
261.38595188479053 
254.167071621952 
249.19037638815257 
249.19037638815257 
249.19037638815257 
249.19037638815257 
249.19037638815257 
249.19037638815257 
249.19037638815257 
249.19037638815257 
249.19037638815257 
249.19037638815257 
249.19037638815257 
249.19037638815257 
249.19037638815257 
249.19037638815257 
249.19037638815257 
249.19037638815257 
249.19037638815257 
249.19037638815257 
249.19037638815257 
249.19037638815257 
249.19037638815257 
249.19037638815257 
249.19037638815257 
249.19037638815257 
249.19037638815257 
249.19037638815257 
249.19037638815257 
249.19037638815257 
249.19037638815257 
249.19037638815257 
249.19037638815257 
249.19037638815257 
249.19037638815257 
249.19037638815257 
249.19037638815257 
249.19037638815257 
249.19037638815257 
249.19037638815257 
249.19037638815257 
249.19037638815257 
249.19037638815257 
249.19037638815257 
249.19037638815257 
249.19037638815257 
249.19037638815257 
249.19037638815257 
249.19037638815257 
249.19037638815257 
249.19037638815257 
249.19037638815257 
249.19037638815257 
249.19037638815257 
249.19037638815257 
249.19037638815257 
249.19037638815257 
249.19037638815257 
249.19037638815257 
249.19037638815257 
249.19037638815257 
249.19037638815257 
249.19037638815257 
249.19037638815257 
249.19037638815257 
249.19037638815257 
249.19037638815257 
249.19037638815257 
249.19037638815257 
249.19037638815257 
249.19037638815257 
249.19037638815257 
249.19037638815257 
249.19037638815257 
249.19037638815257 
249.19037638815257 
249.19037638815257 
249.19037638815257 
249.19037638815257 
249.19037638815257 
249.19037638815257 
249.19037638815257 
249.19037638815257 
249.19037638815257 
249.19037638815257 
249.19037638815257 
249.19037638815257 
249.19037638815257 
249.19037638815257 
249.19037638815257 
249.19037638815257 
249.19037638815257 
249.19037638815257 
249.19037638815257 
249.19037638815257 
249.19037638815257 
249.19037638815257 
249.19037638815257 
249.19037638815257 
249.19037638815257 
249.19037638815257 
249.19037638815257 
249.19037638815257 
249.19037638815257 
249.19037638815257 
249.19037638815257 
249.19037638815257 
249.19037638815257 
249.19037638815257 
249.19037638815257 
249.19037638815257 
249.19037638815257 
249.19037638815257 
249.19037638815257 
249.19037638815257 
249.19037638815257 
249.19037638815257 
249.19037638815257 
249.19037638815257 
249.19037638815257 
249.19037638815257 
249.19037638815257 
249.19037638815257 
249.19037638815257 
249.19037638815257 
249.19037638815257 
249.19037638815257 
249.19037638815257 
249.19037638815257 
249.19037638815257 
249.19037638815257 
249.19037638815257 
249.19037638815257 
249.19037638815257 
249.19037638815257 
249.19037638815257 
249.19037638815257 
249.19037638815257 
249.19037638815257 
249.19037638815257 
249.19037638815257 
249.19037638815257 
249.19037638815257 
249.19037638815257 
249.19037638815257 
249.19037638815257 
249.19037638815257 
249.19037638815257 
249.19037638815257 
249.19037638815257 
249.19037638815257 
249.19037638815257 
249.19037638815257 
249.19037638815257 
249.19037638815257 
249.19037638815257 
249.19037638815257 
249.19037638815257 
249.19037638815257 
249.19037638815257 
249.19037638815257 
249.19037638815257 
249.19037638815257 
249.19037638815257 
249.19037638815257 
249.19037638815257 
249.19037638815257 
249.19037638815257 
249.19037638815257 
249.19037638815257 
249.19037638815257 
249.19037638815257 
249.19037638815257 
249.19037638815257 
249.19037638815257 
249.19037638815257 
249.19037638815257 
249.19037638815257 
249.19037638815257 
249.19037638815257 
249.19037638815257 
249.19037638815257 
249.19037638815257 
249.19037638815257 
249.19037638815257 
249.19037638815257 
249.19037638815257 
249.19037638815257 
249.19037638815257 
249.19037638815257 
249.19037638815257 
249.19037638815257 
249.19037638815257 
249.19037638815257 
249.19037638815257 
249.19037638815257 
249.19037638815257 
249.19037638815257 
249.19037638815257 
249.19037638815257 
249.19037638815257 
249.19037638815257 
249.19037638815257 
249.19037638815257 
249.19037638815257 
249.19037638815257 
249.19037638815257 
249.19037638815257 
249.19037638815257 
249.19037638815257 
249.19037638815257 
249.19037638815257 
249.19037638815257 
249.19037638815257 
249.19037638815257 
249.19037638815257 
249.19037638815257 
249.19037638815257 
249.19037638815257 
249.19037638815257 
249.19037638815257 
249.19037638815257 
249.19037638815257 
249.19037638815257 
249.19037638815257 
249.19037638815257 
249.19037638815257 
249.19037638815257 
249.19037638815257 
249.19037638815257 
249.19037638815257 
249.19037638815257 
249.19037638815257 
249.19037638815257 
249.19037638815257 
249.19037638815257 
249.19037638815257 
249.19037638815257 
249.19037638815257 
249.19037638815257 
249.19037638815257 
249.19037638815257 
249.19037638815257 
249.19037638815257 
249.19037638815257 
249.19037638815257 
249.19037638815257 
249.19037638815257 
249.19037638815257 
249.19037638815257 
249.19037638815257 
249.19037638815257 
249.19037638815257 
249.19037638815257 
249.19037638815257 
249.19037638815257 
249.19037638815257 
249.19037638815257 
249.19037638815257 
249.19037638815257 
249.19037638815257 
249.19037638815257 
249.19037638815257 
249.19037638815257 
249.19037638815257 
249.19037638815257 
249.19037638815257 
249.19037638815257 
249.19037638815257 
249.19037638815257 
249.19037638815257 
249.19037638815257 
249.19037638815257 
249.19037638815257 
249.19037638815257 
249.19037638815257 
249.19037638815257 
249.19037638815257 
249.19037638815257 
249.19037638815257 
249.19037638815257 
249.19037638815257 
249.19037638815257 
249.19037638815257 
249.19037638815257 
249.19037638815257 
249.19037638815257 
249.19037638815257 
249.19037638815257 
249.19037638815257 
249.19037638815257 
249.19037638815257 
249.19037638815257 
249.19037638815257 
249.19037638815257 
249.19037638815257 
249.19037638815257 
249.19037638815257 
249.19037638815257 
249.19037638815257 
249.19037638815257 
249.19037638815257 
249.19037638815257 
249.19037638815257 
249.19037638815257 
249.19037638815257 
249.19037638815257 
249.19037638815257 
249.19037638815257 
249.19037638815257 
249.19037638815257 
249.19037638815257 
249.19037638815257 
249.19037638815257 
249.19037638815257 
249.19037638815257 
249.19037638815257 
249.19037638815257 
249.19037638815257 
249.19037638815257 
249.19037638815257 
249.19037638815257 
249.19037638815257 
249.19037638815257 
249.19037638815257 
249.19037638815257 
249.19037638815257 
249.19037638815257 
249.19037638815257 
249.19037638815257 
249.19037638815257 
249.19037638815257 
249.19037638815257 
249.19037638815257 
249.19037638815257 
249.19037638815257 
249.19037638815257 
249.19037638815257 
249.19037638815257 
249.19037638815257 
249.19037638815257 
249.19037638815257 
249.19037638815257 
249.19037638815257 
249.19037638815257 
249.19037638815257 
249.19037638815257 
249.19037638815257 
249.19037638815257 
249.19037638815257 
249.19037638815257 
249.19037638815257 
249.19037638815257 
249.19037638815257 
249.19037638815257 
249.19037638815257 
249.19037638815257 
249.19037638815257 
249.19037638815257 
249.19037638815257 
249.19037638815257 
249.19037638815257 
249.19037638815257 
249.19037638815257 
249.19037638815257 
249.19037638815257 
249.19037638815257 
249.19037638815257 
249.19037638815257 
249.19037638815257 
249.19037638815257 
249.19037638815257 
249.19037638815257 
249.19037638815257 
249.19037638815257 
249.19037638815257 
249.19037638815257 
249.19037638815257 
249.19037638815257 
249.19037638815257 
249.19037638815257 
249.19037638815257 
249.19037638815257 
249.19037638815257 
249.19037638815257 
249.19037638815257 
249.19037638815257 
249.19037638815257 
249.19037638815257 
249.19037638815257 
249.19037638815257 
249.19037638815257 
249.19037638815257 
249.19037638815257 
249.19037638815257 
249.19037638815257 
249.19037638815257 
249.19037638815257 
249.19037638815257 
249.19037638815257 
249.19037638815257 
249.19037638815257 
249.19037638815257 
249.19037638815257 
249.19037638815257 
249.19037638815257 
249.19037638815257 
249.19037638815257 
249.19037638815257 
249.19037638815257 
249.19037638815257 
249.19037638815257 
249.19037638815257 
249.19037638815257 
249.19037638815257 
249.19037638815257 
249.19037638815257 
249.19037638815257 
249.19037638815257 
249.19037638815257 
249.19037638815257 
249.19037638815257 
249.19037638815257 
249.19037638815257 
249.19037638815257 
249.19037638815257 
249.19037638815257 
249.19037638815257 
249.19037638815257 
249.19037638815257 
249.19037638815257 
249.19037638815257 
249.19037638815257 
249.19037638815257 
249.19037638815257 
249.19037638815257 
249.19037638815257 
249.19037638815257 
249.19037638815257 
249.19037638815257 
249.19037638815257 
249.19037638815257 
249.19037638815257 
249.19037638815257 
249.19037638815257 
249.19037638815257 
249.19037638815257 
249.19037638815257 
249.19037638815257 
249.19037638815257 
249.19037638815257 
249.19037638815257 
249.19037638815257 
249.19037638815257 
249.19037638815257 
249.19037638815257 
249.19037638815257 
249.19037638815257 
249.19037638815257 
249.19037638815257 
249.19037638815257 
249.19037638815257 
249.19037638815257 
249.19037638815257 
249.19037638815257 
249.19037638815257 
249.19037638815257 
249.19037638815257 
249.19037638815257 
249.19037638815257 
249.19037638815257 
249.19037638815257 
249.19037638815257 
249.19037638815257 
249.19037638815257 
249.19037638815257 
249.19037638815257 
249.19037638815257 
249.19037638815257 
249.19037638815257 
249.19037638815257 
249.19037638815257 
249.19037638815257 
249.19037638815257 
249.19037638815257 
249.19037638815257 
249.19037638815257 
249.19037638815257 
249.19037638815257 
249.19037638815257 
249.19037638815257 
249.19037638815257 
249.19037638815257 
249.19037638815257 
249.19037638815257 
249.19037638815257 
249.19037638815257 
249.19037638815257 
249.19037638815257 
249.19037638815257 
249.19037638815257 
249.19037638815257 
249.19037638815257 
249.19037638815257 
249.19037638815257 
249.19037638815257 
249.19037638815257 
249.19037638815257 
249.19037638815257 
249.19037638815257 
249.19037638815257 
249.19037638815257 
249.19037638815257 
249.19037638815257 
249.19037638815257 
249.19037638815257 
249.19037638815257 
249.19037638815257 
249.19037638815257 
249.19037638815257 
249.19037638815257 
249.19037638815257 
249.19037638815257 
249.19037638815257 
249.19037638815257 
249.19037638815257 
249.19037638815257 
249.19037638815257 
249.19037638815257 
249.19037638815257 
249.19037638815257 
249.19037638815257 
249.19037638815257 
249.19037638815257 
249.19037638815257 
249.19037638815257 
249.19037638815257 
249.19037638815257 
249.19037638815257 
249.19037638815257 
249.19037638815257 
249.19037638815257 
249.19037638815257 
249.19037638815257 
249.19037638815257 
249.19037638815257 
249.19037638815257 
249.19037638815257 
249.19037638815257 
249.19037638815257 
249.19037638815257 
249.19037638815257 
249.19037638815257 
249.19037638815257 
249.19037638815257 
249.19037638815257 
249.19037638815257 
249.19037638815257 
249.19037638815257 
249.19037638815257 
249.19037638815257 
249.19037638815257 
249.19037638815257 
249.19037638815257 
249.19037638815257 
249.19037638815257 
249.19037638815257 
249.19037638815257 
249.19037638815257 
249.19037638815257 
249.19037638815257 
249.19037638815257 
249.19037638815257 
249.19037638815257 
249.19037638815257 
249.19037638815257 
249.19037638815257 
249.19037638815257 
249.19037638815257 
249.19037638815257 
249.19037638815257 
249.19037638815257 
249.19037638815257 
249.19037638815257 
249.19037638815257 
249.19037638815257 
249.19037638815257 
249.19037638815257 
249.19037638815257 
249.19037638815257 
249.19037638815257 
249.19037638815257 
249.19037638815257 
249.19037638815257 
249.19037638815257 
249.19037638815257 
249.19037638815257 
249.19037638815257 
249.19037638815257 
249.19037638815257 
249.19037638815257 
249.19037638815257 
249.19037638815257 
249.19037638815257 
249.19037638815257 
249.19037638815257 
249.19037638815257 
249.19037638815257 
249.19037638815257 
249.19037638815257 
249.19037638815257 
249.19037638815257 
249.19037638815257 
249.19037638815257 
249.19037638815257 
249.19037638815257 
249.19037638815257 
249.19037638815257 
249.19037638815257 
249.19037638815257 
249.19037638815257 
249.19037638815257 
249.19037638815257 
249.19037638815257 
249.19037638815257 
249.19037638815257 
249.19037638815257 
249.19037638815257 
249.19037638815257 
249.19037638815257 
249.19037638815257 
249.19037638815257 
249.19037638815257 
249.19037638815257 
249.19037638815257 
249.19037638815257 
249.19037638815257 
249.19037638815257 
249.19037638815257 
249.19037638815257 
249.19037638815257 
249.19037638815257 
249.19037638815257 
249.19037638815257 
249.19037638815257 
249.19037638815257 
249.19037638815257 
249.19037638815257 
249.19037638815257 
249.19037638815257 
249.19037638815257 
249.19037638815257 
249.19037638815257 
249.19037638815257 
249.19037638815257 
249.19037638815257 
249.19037638815257 
249.19037638815257 
249.19037638815257 
249.19037638815257 
249.19037638815257 
249.19037638815257 
249.19037638815257 
249.19037638815257 
249.19037638815257 
249.19037638815257 
249.19037638815257 
249.19037638815257 
249.19037638815257 
249.19037638815257 
249.19037638815257 
249.19037638815257 
249.19037638815257 
249.19037638815257 
249.19037638815257 
249.19037638815257 
249.19037638815257 
249.19037638815257 
249.19037638815257 
249.19037638815257 
249.19037638815257 
249.19037638815257 
249.19037638815257 
249.19037638815257 
249.19037638815257 
249.19037638815257 
249.19037638815257 
249.19037638815257 
249.19037638815257 
249.19037638815257 
249.19037638815257 
249.19037638815257 
249.19037638815257 
249.19037638815257 
249.19037638815257 
249.19037638815257 
249.19037638815257 
249.19037638815257 
249.19037638815257 
249.19037638815257 
249.19037638815257 
249.19037638815257 
249.19037638815257 
249.19037638815257 
249.19037638815257 
249.19037638815257 
249.19037638815257 
249.19037638815257 
249.19037638815257 
249.19037638815257 
249.19037638815257 
249.19037638815257 
249.19037638815257 
249.19037638815257 
249.19037638815257 
249.19037638815257 
249.19037638815257 
249.19037638815257 
249.19037638815257 
249.19037638815257 
249.19037638815257 
249.19037638815257 
249.19037638815257 
249.19037638815257 
249.19037638815257 
249.19037638815257 
249.19037638815257 
249.19037638815257 
249.19037638815257 
249.19037638815257 
249.19037638815257 
249.19037638815257 
249.19037638815257 
249.19037638815257 
249.19037638815257 
249.19037638815257 
249.19037638815257 
249.19037638815257 
249.19037638815257 
249.19037638815257 
249.19037638815257 
249.19037638815257 
249.19037638815257 
249.19037638815257 
249.19037638815257 
249.19037638815257 
249.19037638815257 
249.19037638815257 
249.19037638815257 
249.19037638815257 
249.19037638815257 
249.19037638815257 
249.19037638815257 
249.19037638815257 
249.19037638815257 
249.19037638815257 
249.19037638815257 
249.19037638815257 
249.19037638815257 
249.19037638815257 
249.19037638815257 
249.19037638815257 
249.19037638815257 
249.19037638815257 
249.19037638815257 
249.19037638815257 
249.19037638815257 
249.19037638815257 
249.19037638815257 
249.19037638815257 
249.19037638815257 
249.19037638815257 
249.19037638815257 
249.19037638815257 
249.19037638815257 
249.19037638815257 
249.19037638815257 
249.19037638815257 
249.19037638815257 
249.19037638815257 
249.19037638815257 
249.19037638815257 
249.19037638815257 
249.19037638815257 
249.19037638815257 
249.19037638815257 
249.19037638815257 
249.19037638815257 
249.19037638815257 
249.19037638815257 
249.19037638815257 
249.19037638815257 
249.19037638815257 
249.19037638815257 
249.19037638815257 
249.19037638815257 
249.19037638815257 
249.19037638815257 
249.19037638815257 
249.19037638815257 
249.19037638815257 
249.19037638815257 
249.19037638815257 
249.19037638815257 
249.19037638815257 
249.19037638815257 
249.19037638815257 
249.19037638815257 
249.19037638815257 
249.19037638815257 
249.19037638815257 
249.19037638815257 
249.19037638815257 
249.19037638815257 
249.19037638815257 
249.19037638815257 
249.19037638815257 
249.19037638815257 
249.19037638815257 
249.19037638815257 
249.19037638815257 
249.19037638815257 
249.19037638815257 
249.19037638815257 
249.19037638815257 
249.19037638815257 
249.19037638815257 
249.19037638815257 
249.19037638815257 
249.19037638815257 
249.19037638815257 
249.19037638815257 
249.19037638815257 
249.19037638815257 
249.19037638815257 
249.19037638815257 
249.19037638815257 
249.19037638815257 
249.19037638815257 
249.19037638815257 
249.19037638815257 
249.19037638815257 
249.19037638815257 
249.19037638815257 
249.19037638815257 
249.19037638815257 
249.19037638815257 
249.19037638815257 
249.19037638815257 
249.19037638815257 
249.19037638815257 
249.19037638815257 
249.19037638815257 
249.19037638815257 
249.19037638815257 
249.19037638815257 
249.19037638815257 
249.19037638815257 
249.19037638815257 
249.19037638815257 
249.19037638815257 
249.19037638815257 
249.19037638815257 
249.19037638815257 
249.19037638815257 
249.19037638815257 
249.19037638815257 
249.19037638815257 
249.19037638815257 
249.19037638815257 
249.19037638815257 
249.19037638815257 
249.19037638815257 
249.19037638815257 
249.19037638815257 
249.19037638815257 
249.19037638815257 
249.19037638815257 
249.19037638815257 
249.19037638815257 
249.19037638815257 
249.19037638815257 
249.19037638815257 
249.19037638815257 
249.19037638815257 
249.19037638815257 
249.19037638815257 
249.19037638815257 
249.19037638815257 
249.19037638815257 
249.19037638815257 
249.19037638815257 
249.19037638815257 
249.19037638815257 
249.19037638815257 
249.19037638815257 
249.19037638815257 
249.19037638815257 
249.19037638815257 
249.19037638815257 
249.19037638815257 
249.19037638815257 
249.19037638815257 
249.19037638815257 
249.19037638815257 
249.19037638815257 
249.19037638815257 
249.19037638815257 
249.19037638815257 
249.19037638815257 
249.19037638815257 
249.19037638815257 
249.19037638815257 
249.19037638815257 
249.19037638815257 
249.19037638815257 
249.19037638815257 
249.19037638815257 
249.19037638815257 
249.19037638815257 
249.19037638815257 
249.19037638815257 
249.19037638815257 
249.19037638815257 
249.19037638815257 
249.19037638815257 
249.19037638815257 
249.19037638815257 
249.19037638815257 
249.19037638815257 
249.19037638815257 
249.19037638815257 
249.19037638815257 
249.19037638815257 
249.19037638815257 
249.19037638815257 
249.19037638815257 
249.19037638815257 
249.19037638815257 
249.19037638815257 
249.19037638815257 
249.19037638815257 
249.19037638815257 
249.19037638815257 
249.19037638815257 
249.19037638815257 
249.19037638815257 
249.19037638815257 
249.19037638815257 
249.19037638815257 
249.19037638815257 
249.19037638815257 
249.19037638815257 
249.19037638815257 
249.19037638815257 
249.19037638815257 
249.19037638815257 
249.19037638815257 
249.19037638815257 
249.19037638815257 
249.19037638815257 
249.19037638815257 
249.19037638815257 
249.19037638815257 
249.19037638815257 
249.19037638815257 
249.19037638815257 
249.19037638815257 
249.19037638815257 
249.19037638815257 
249.19037638815257 
249.19037638815257 
249.19037638815257 
249.19037638815257 
249.19037638815257 
249.19037638815257 
249.19037638815257 
249.19037638815257 
249.19037638815257 
249.19037638815257 
249.19037638815257 
249.19037638815257 
249.19037638815257 
249.19037638815257 
249.19037638815257 
249.19037638815257 
249.19037638815257 
249.19037638815257 
249.19037638815257 
249.19037638815257 
249.19037638815257 
249.19037638815257 
249.19037638815257 
249.19037638815257 
249.19037638815257 
249.19037638815257 
249.19037638815257 
249.19037638815257 
249.19037638815257 
249.19037638815257 
249.19037638815257 
249.19037638815257 
249.19037638815257 
249.19037638815257 
249.19037638815257 
249.19037638815257 
249.19037638815257 
249.19037638815257 
249.19037638815257 
249.19037638815257 
249.19037638815257 
249.19037638815257 
249.19037638815257 
249.19037638815257 
249.19037638815257 
249.19037638815257 
249.19037638815257 
249.19037638815257 
249.19037638815257 
249.19037638815257 
249.19037638815257 
249.19037638815257 
249.19037638815257 
249.19037638815257 
249.19037638815257 
249.19037638815257 
249.19037638815257 
249.19037638815257 
249.19037638815257 
249.19037638815257 
249.19037638815257 
249.19037638815257 
249.19037638815257 
249.19037638815257 
249.19037638815257 
249.19037638815257 
249.19037638815257 
249.19037638815257 
249.19037638815257 
249.19037638815257 
249.19037638815257 
249.19037638815257 
249.19037638815257 
249.19037638815257 
249.19037638815257 
249.19037638815257 
249.19037638815257 
249.19037638815257 
249.19037638815257 
249.19037638815257 
249.19037638815257 
249.19037638815257 
249.19037638815257 
249.19037638815257 
249.19037638815257 
249.19037638815257 
249.19037638815257 
249.19037638815257 
249.19037638815257 
249.19037638815257 
249.19037638815257 
249.19037638815257 
249.19037638815257 
249.19037638815257 
249.19037638815257 
249.19037638815257 
249.19037638815257 
249.19037638815257 
249.19037638815257 
249.19037638815257 
249.19037638815257 
249.19037638815257 
249.19037638815257 
249.19037638815257 
249.19037638815257 
249.19037638815257 
249.19037638815257 
249.19037638815257 
249.19037638815257 
249.19037638815257 
249.19037638815257 
249.19037638815257 
249.19037638815257 
249.19037638815257 
249.19037638815257 
249.19037638815257 
249.19037638815257 
249.19037638815257 
249.19037638815257 
249.19037638815257 
249.19037638815257 
249.19037638815257 
249.19037638815257 
249.19037638815257 
249.19037638815257 
249.19037638815257 
249.19037638815257 
249.19037638815257 
249.19037638815257 
249.19037638815257 
249.19037638815257 
249.19037638815257 
249.19037638815257 
249.19037638815257 
249.19037638815257 
249.19037638815257 
249.19037638815257 
249.19037638815257 
249.19037638815257 
249.19037638815257 
249.19037638815257 
249.19037638815257 
249.19037638815257 
249.19037638815257 
249.19037638815257 
249.19037638815257 
249.19037638815257 
249.19037638815257 
249.19037638815257 
249.19037638815257 
249.19037638815257 
249.19037638815257 
249.19037638815257 
249.19037638815257 
249.19037638815257 
249.19037638815257 
249.19037638815257 
249.19037638815257 
249.19037638815257 
249.19037638815257 
249.19037638815257 
249.19037638815257 
249.19037638815257 
249.19037638815257 
249.19037638815257 
249.19037638815257 
249.19037638815257 
249.19037638815257 
249.19037638815257 
249.19037638815257 
249.19037638815257 
249.19037638815257 
249.19037638815257 
249.19037638815257 
249.19037638815257 
249.19037638815257 
249.19037638815257 
249.19037638815257 
249.19037638815257 
249.19037638815257 
249.19037638815257 
249.19037638815257 
249.19037638815257 
249.19037638815257 
249.19037638815257 
249.19037638815257 
249.19037638815257 
249.19037638815257 
249.19037638815257 
249.19037638815257 
249.19037638815257 
249.19037638815257 
249.19037638815257 
249.19037638815257 
249.19037638815257 
249.19037638815257 
249.19037638815257 
249.19037638815257 
249.19037638815257 
249.19037638815257 
249.19037638815257 
249.19037638815257 
249.19037638815257 
249.19037638815257 
249.19037638815257 
249.19037638815257 
249.19037638815257 
249.19037638815257 
249.19037638815257 
249.19037638815257 
249.19037638815257 
249.19037638815257 
249.19037638815257 
249.19037638815257 
249.19037638815257 
249.19037638815257 
249.19037638815257 
249.19037638815257 
249.19037638815257 
249.19037638815257 
249.19037638815257 
249.19037638815257 
249.19037638815257 
249.19037638815257 
249.19037638815257 
249.19037638815257 
249.19037638815257 
249.19037638815257 
249.19037638815257 
249.19037638815257 
249.19037638815257 
249.19037638815257 
249.19037638815257 
249.19037638815257 
249.19037638815257 
249.19037638815257 
249.19037638815257 
249.19037638815257 
249.19037638815257 
249.19037638815257 
249.19037638815257 
249.19037638815257 
249.19037638815257 
249.19037638815257 
249.19037638815257 
249.19037638815257 
249.19037638815257 
249.19037638815257 
249.19037638815257 
249.19037638815257 
249.19037638815257 
249.19037638815257 
249.19037638815257 
249.19037638815257 
249.19037638815257 
249.19037638815257 
249.19037638815257 
249.19037638815257 
249.19037638815257 
249.19037638815257 
249.19037638815257 
249.19037638815257 
249.19037638815257 
249.19037638815257 
249.19037638815257 
249.19037638815257 
249.19037638815257 
249.19037638815257 
249.19037638815257 
249.19037638815257 
249.19037638815257 
249.19037638815257 
249.19037638815257 
249.19037638815257 
249.19037638815257 
249.19037638815257 
249.19037638815257 
249.19037638815257 
249.19037638815257 
249.19037638815257 
249.19037638815257 
249.19037638815257 
249.19037638815257 
249.19037638815257 
249.19037638815257 
249.19037638815257 
249.19037638815257 
249.19037638815257 
249.19037638815257 
249.19037638815257 
249.19037638815257 
249.19037638815257 
249.19037638815257 
249.19037638815257 
249.19037638815257 
249.19037638815257 
249.19037638815257 
249.19037638815257 
249.19037638815257 
249.19037638815257 
249.19037638815257 
249.19037638815257 
249.19037638815257 
249.19037638815257 
249.19037638815257 
249.19037638815257 
249.19037638815257 
249.19037638815257 
249.19037638815257 
249.19037638815257 
249.19037638815257 
249.19037638815257 
249.19037638815257 
249.19037638815257 
249.19037638815257 
249.19037638815257 
249.19037638815257 
249.19037638815257 
249.19037638815257 
249.19037638815257 
249.19037638815257 
249.19037638815257 
249.19037638815257 
249.19037638815257 
249.19037638815257 
249.19037638815257 
249.19037638815257 
249.19037638815257 
249.19037638815257 
249.19037638815257 
249.19037638815257 
249.19037638815257 
249.19037638815257 
249.19037638815257 
249.19037638815257 
249.19037638815257 
249.19037638815257 
249.19037638815257 
249.19037638815257 
249.19037638815257 
249.19037638815257 
249.19037638815257 
249.19037638815257 
249.19037638815257 
249.19037638815257 
249.19037638815257 
249.19037638815257 
249.19037638815257 
249.19037638815257 
249.19037638815257 
249.19037638815257 
249.19037638815257 
249.19037638815257 
249.19037638815257 
249.19037638815257 
249.19037638815257 
249.19037638815257 
249.19037638815257 
249.19037638815257 
249.19037638815257 
249.19037638815257 
249.19037638815257 
249.19037638815257 
249.19037638815257 
249.19037638815257 
249.19037638815257 
249.19037638815257 
249.19037638815257 
249.19037638815257 
249.19037638815257 
249.19037638815257 
249.19037638815257 
249.19037638815257 
249.19037638815257 
249.19037638815257 
249.19037638815257 
249.19037638815257 
249.19037638815257 
249.19037638815257 
249.19037638815257 
249.19037638815257 
249.19037638815257 
249.19037638815257 
249.19037638815257 
249.19037638815257 
249.19037638815257 
249.19037638815257 
249.19037638815257 
249.19037638815257 
249.19037638815257 
249.19037638815257 
249.19037638815257 
249.19037638815257 
249.19037638815257 
249.19037638815257 
249.19037638815257 
249.19037638815257 
249.19037638815257 
249.19037638815257 
249.19037638815257 
249.19037638815257 
249.19037638815257 
249.19037638815257 
249.19037638815257 
249.19037638815257 
249.19037638815257 
249.19037638815257 
249.19037638815257 
249.19037638815257 
249.19037638815257 
249.19037638815257 
249.19037638815257 
249.19037638815257 
249.19037638815257 
249.19037638815257 
249.19037638815257 
249.19037638815257 
249.19037638815257 
249.19037638815257 
249.19037638815257 
249.19037638815257 
249.19037638815257 
249.19037638815257 
249.19037638815257 
249.19037638815257 
249.19037638815257 
249.19037638815257 
249.19037638815257 
249.19037638815257 
249.19037638815257 
249.19037638815257 
249.19037638815257 
249.19037638815257 
249.19037638815257 
249.19037638815257 
249.19037638815257 
249.19037638815257 
249.19037638815257 
249.19037638815257 
249.19037638815257 
249.19037638815257 
249.19037638815257 
249.19037638815257 
249.19037638815257 
249.19037638815257 
249.19037638815257 
249.19037638815257 
249.19037638815257 
249.19037638815257 
249.19037638815257 
249.19037638815257 
249.19037638815257 
249.19037638815257 
249.19037638815257 
249.19037638815257 
249.19037638815257 
249.19037638815257 
249.19037638815257 
249.19037638815257 
249.19037638815257 
249.19037638815257 
249.19037638815257 
249.19037638815257 
249.19037638815257 
249.19037638815257 
249.19037638815257 
249.19037638815257 
249.19037638815257 
249.19037638815257 
249.19037638815257 
249.19037638815257 
249.19037638815257 
249.19037638815257 
249.19037638815257 
249.19037638815257 
249.19037638815257 
249.19037638815257 
249.19037638815257 
249.19037638815257 
249.19037638815257 
249.19037638815257 
249.19037638815257 
249.19037638815257 
249.19037638815257 
249.19037638815257 
249.19037638815257 
249.19037638815257 
249.19037638815257 
249.19037638815257 
249.19037638815257 
249.19037638815257 
249.19037638815257 
249.19037638815257 
249.19037638815257 
249.19037638815257 
249.19037638815257 
249.19037638815257 
249.19037638815257 
249.19037638815257 
249.19037638815257 
249.19037638815257 
249.19037638815257 
249.19037638815257 
249.19037638815257 
249.19037638815257 
249.19037638815257 
249.19037638815257 
249.19037638815257 
249.19037638815257 
249.19037638815257 
249.19037638815257 
249.19037638815257 
249.19037638815257 
249.19037638815257 
249.19037638815257 
249.19037638815257 
249.19037638815257 
249.19037638815257 
249.19037638815257 
249.19037638815257 
249.19037638815257 
249.19037638815257 
249.19037638815257 
249.19037638815257 
249.19037638815257 
249.19037638815257 
249.19037638815257 
249.19037638815257 
249.19037638815257 
249.19037638815257 
249.19037638815257 
249.19037638815257 
249.19037638815257 
249.19037638815257 
249.19037638815257 
249.19037638815257 
249.19037638815257 
249.19037638815257 
249.19037638815257 
249.19037638815257 
249.19037638815257 
249.19037638815257 
249.19037638815257 
249.19037638815257 
249.19037638815257 
249.19037638815257 
249.19037638815257 
249.19037638815257 
249.19037638815257 
249.19037638815257 
249.19037638815257 
249.19037638815257 
249.19037638815257 
249.19037638815257 
249.19037638815257 
249.19037638815257 
249.19037638815257 
249.19037638815257 
249.19037638815257 
249.19037638815257 
249.19037638815257 
249.19037638815257 
249.19037638815257 
249.19037638815257 
249.19037638815257 
249.19037638815257 
249.19037638815257 
249.19037638815257 
249.19037638815257 
249.19037638815257 
249.19037638815257 
249.19037638815257 
249.19037638815257 
249.19037638815257 
249.19037638815257 
249.19037638815257 
249.19037638815257 
249.19037638815257 
249.19037638815257 
249.19037638815257 
249.19037638815257 
249.19037638815257 
249.19037638815257 
249.19037638815257 
249.19037638815257 
249.19037638815257 
249.19037638815257 
249.19037638815257 
249.19037638815257 
249.19037638815257 
249.19037638815257 
249.19037638815257 
249.19037638815257 
249.19037638815257 
249.19037638815257 
249.19037638815257 
249.19037638815257 
249.19037638815257 
249.19037638815257 
249.19037638815257 
249.19037638815257 
249.19037638815257 
249.19037638815257 
249.19037638815257 
249.19037638815257 
249.19037638815257 
249.19037638815257 
249.19037638815257 
249.19037638815257 
249.19037638815257 
249.19037638815257 
249.19037638815257 
249.19037638815257 
249.19037638815257 
249.19037638815257 
249.19037638815257 
249.19037638815257 
249.19037638815257 
249.19037638815257 
249.19037638815257 
249.19037638815257 
249.19037638815257 
249.19037638815257 
249.19037638815257 
249.19037638815257 
249.19037638815257 
249.19037638815257 
249.19037638815257 
249.19037638815257 
249.19037638815257 
249.19037638815257 
249.19037638815257 
249.19037638815257 
249.19037638815257 
249.19037638815257 
249.19037638815257 
249.19037638815257 
249.19037638815257 
249.19037638815257 
249.19037638815257 
249.19037638815257 
249.19037638815257 
249.19037638815257 
249.19037638815257 
249.19037638815257 
249.19037638815257 
249.19037638815257 
249.19037638815257 
249.19037638815257 
249.19037638815257 
249.19037638815257 
249.19037638815257 
249.19037638815257 
249.19037638815257 
249.19037638815257 
249.19037638815257 
249.19037638815257 
249.19037638815257 
249.19037638815257 
249.19037638815257 
249.19037638815257 
249.19037638815257 
249.19037638815257 
249.19037638815257 
249.19037638815257 
249.19037638815257 
249.19037638815257 
249.19037638815257 
249.19037638815257 
249.19037638815257 
249.19037638815257 
249.19037638815257 
249.19037638815257 
249.19037638815257 
249.19037638815257 
249.19037638815257 
249.19037638815257 
249.19037638815257 
249.19037638815257 
249.19037638815257 
249.19037638815257 
249.19037638815257 
249.19037638815257 
249.19037638815257 
249.19037638815257 
249.19037638815257 
249.19037638815257 
249.19037638815257 
249.19037638815257 
249.19037638815257 
249.19037638815257 
249.19037638815257 
249.19037638815257 
249.19037638815257 
249.19037638815257 
249.19037638815257 
249.19037638815257 
249.19037638815257 
249.19037638815257 
249.19037638815257 
249.19037638815257 
249.19037638815257 
249.19037638815257 
249.19037638815257 
249.19037638815257 
249.19037638815257 
249.19037638815257 
249.19037638815257 
249.19037638815257 
249.19037638815257 
249.19037638815257 
249.19037638815257 
249.19037638815257 
249.19037638815257 
249.19037638815257 
249.19037638815257 
249.19037638815257 
249.19037638815257 
249.19037638815257 
249.19037638815257 
249.19037638815257 
249.19037638815257 
249.19037638815257 
249.19037638815257 
249.19037638815257 
249.19037638815257 
249.19037638815257 
249.19037638815257 
249.19037638815257 
249.19037638815257 
249.19037638815257 
249.19037638815257 
249.19037638815257 
249.19037638815257 
249.19037638815257 
249.19037638815257 
249.19037638815257 
249.19037638815257 
249.19037638815257 
249.19037638815257 
249.19037638815257 
249.19037638815257 
249.19037638815257 
249.19037638815257 
249.19037638815257 
249.19037638815257 
249.19037638815257 
249.19037638815257 
249.19037638815257 
249.19037638815257 
249.19037638815257 
249.19037638815257 
249.19037638815257 
249.19037638815257 
249.19037638815257 
249.19037638815257 
249.19037638815257 
249.19037638815257 
249.19037638815257 
249.19037638815257 
249.19037638815257 
249.19037638815257 
249.19037638815257 
249.19037638815257 
249.19037638815257 
249.19037638815257 
249.19037638815257 
249.19037638815257 
249.19037638815257 
249.19037638815257 
249.19037638815257 
249.19037638815257 
249.19037638815257 
249.19037638815257 
249.19037638815257 
249.19037638815257 
249.19037638815257 
249.19037638815257 
249.19037638815257 
249.19037638815257 
249.19037638815257 
249.19037638815257 
249.19037638815257 
249.19037638815257 
249.19037638815257 
249.19037638815257 
249.19037638815257 
249.19037638815257 
249.19037638815257 
249.19037638815257 
249.19037638815257 
249.19037638815257 
249.19037638815257 
249.19037638815257 
249.19037638815257 
249.19037638815257 
249.19037638815257 
249.19037638815257 
249.19037638815257 
249.19037638815257 
249.19037638815257 
249.19037638815257 
249.19037638815257 
249.19037638815257 
249.19037638815257 
249.19037638815257 
249.19037638815257 
249.19037638815257 
249.19037638815257 
249.19037638815257 
249.19037638815257 
249.19037638815257 
249.19037638815257 
249.19037638815257 
249.19037638815257 
249.19037638815257 
249.19037638815257 
249.19037638815257 
249.19037638815257 
249.19037638815257 
249.19037638815257 
249.19037638815257 
249.19037638815257 
249.19037638815257 
249.19037638815257 
249.19037638815257 
249.19037638815257 
249.19037638815257 
249.19037638815257 
249.19037638815257 
249.19037638815257 
249.19037638815257 
249.19037638815257 
249.19037638815257 
249.19037638815257 
249.19037638815257 
249.19037638815257 
249.19037638815257 
249.19037638815257 
249.19037638815257 
249.19037638815257 
249.19037638815257 
249.19037638815257 
249.19037638815257 
249.19037638815257 
249.19037638815257 
249.19037638815257 
249.19037638815257 
249.19037638815257 
249.19037638815257 
249.19037638815257 
249.19037638815257 
249.19037638815257 
249.19037638815257 
249.19037638815257 
249.19037638815257 
249.19037638815257 
249.19037638815257 
249.19037638815257 
249.19037638815257 
249.19037638815257 
249.19037638815257 
249.19037638815257 
249.19037638815257 
249.19037638815257 
249.19037638815257 
249.19037638815257 
249.19037638815257 
249.19037638815257 
249.19037638815257 
249.19037638815257 
249.19037638815257 
249.19037638815257 
249.19037638815257 
249.19037638815257 
249.19037638815257 
249.19037638815257 
249.19037638815257 
249.19037638815257 
249.19037638815257 
249.19037638815257 
249.19037638815257 
249.19037638815257 
249.19037638815257 
249.19037638815257 
249.19037638815257 
249.19037638815257 
249.19037638815257 
249.19037638815257 
249.19037638815257 
249.19037638815257 
249.19037638815257 
249.19037638815257 
249.19037638815257 
249.19037638815257 
249.19037638815257 
249.19037638815257 
249.19037638815257 
249.19037638815257 
249.19037638815257 
249.19037638815257 
249.19037638815257 
249.19037638815257 
249.19037638815257 
249.19037638815257 
249.19037638815257 
249.19037638815257 
249.19037638815257 
249.19037638815257 
249.19037638815257 
249.19037638815257 
249.19037638815257 
249.19037638815257 
249.19037638815257 
249.19037638815257 
249.19037638815257 
249.19037638815257 
249.19037638815257 
249.19037638815257 
249.19037638815257 
249.19037638815257 
249.19037638815257 
249.19037638815257 
249.19037638815257 
249.19037638815257 
249.19037638815257 
249.19037638815257 
249.19037638815257 
249.19037638815257 
249.19037638815257 
249.19037638815257 
249.19037638815257 
249.19037638815257 
249.19037638815257 
249.19037638815257 
249.19037638815257 
249.19037638815257 
249.19037638815257 
249.19037638815257 
249.19037638815257 
249.19037638815257 
249.19037638815257 
249.19037638815257 
249.19037638815257 
249.19037638815257 
249.19037638815257 
249.19037638815257 
249.19037638815257 
249.19037638815257 
249.19037638815257 
249.19037638815257 
249.19037638815257 
249.19037638815257 
249.19037638815257 
249.19037638815257 
249.19037638815257 
249.19037638815257 
249.19037638815257 
249.19037638815257 
249.19037638815257 
249.19037638815257 
249.19037638815257 
249.19037638815257 
249.19037638815257 
249.19037638815257 
249.19037638815257 
249.19037638815257 
249.19037638815257 
249.19037638815257 
249.19037638815257 
249.19037638815257 
249.19037638815257 
249.19037638815257 
249.19037638815257 
249.19037638815257 
249.19037638815257 
249.19037638815257 
249.19037638815257 
249.19037638815257 
249.19037638815257 
249.19037638815257 
249.19037638815257 
249.19037638815257 
249.19037638815257 
249.19037638815257 
249.19037638815257 
249.19037638815257 
249.19037638815257 
249.19037638815257 
249.19037638815257 
249.19037638815257 
249.19037638815257 
249.19037638815257 
249.19037638815257 
249.19037638815257 
249.19037638815257 
249.19037638815257 
249.19037638815257 
249.19037638815257 
249.19037638815257 
249.19037638815257 
249.19037638815257 
249.19037638815257 
249.19037638815257 
249.19037638815257 
249.19037638815257 
249.19037638815257 
249.19037638815257 
249.19037638815257 
249.19037638815257 
249.19037638815257 
249.19037638815257 
249.19037638815257 
249.19037638815257 
249.19037638815257 
249.19037638815257 
249.19037638815257 
249.19037638815257 
249.19037638815257 
249.19037638815257 
249.19037638815257 
249.19037638815257 
249.19037638815257 
249.19037638815257 
249.19037638815257 
249.19037638815257 
249.19037638815257 
249.19037638815257 
249.19037638815257 
249.19037638815257 
249.19037638815257 
249.19037638815257 
249.19037638815257 
249.19037638815257 
249.19037638815257 
249.19037638815257 
249.19037638815257 
249.19037638815257 
249.19037638815257 
249.19037638815257 
249.19037638815257 
249.19037638815257 
249.19037638815257 
249.19037638815257 
249.19037638815257 
249.19037638815257 
249.19037638815257 
249.19037638815257 
249.19037638815257 
249.19037638815257 
249.19037638815257 
249.19037638815257 
249.19037638815257 
249.19037638815257 
249.19037638815257 
249.19037638815257 
249.19037638815257 
249.19037638815257 
249.19037638815257 
249.19037638815257 
249.19037638815257 
249.19037638815257 
249.19037638815257 
249.19037638815257 
249.19037638815257 
249.19037638815257 
249.19037638815257 
249.19037638815257 
249.19037638815257 
249.19037638815257 
249.19037638815257 
249.19037638815257 
249.19037638815257 
249.19037638815257 
249.19037638815257 
249.19037638815257 
249.19037638815257 
249.19037638815257 
249.19037638815257 
249.19037638815257 
249.19037638815257 
249.19037638815257 
249.19037638815257 
249.19037638815257 
249.19037638815257 
249.19037638815257 
249.19037638815257 
249.19037638815257 
249.19037638815257 
249.19037638815257 
249.19037638815257 
249.19037638815257 
249.19037638815257 
249.19037638815257 
249.19037638815257 
249.19037638815257 
249.19037638815257 
249.19037638815257 
249.19037638815257 
249.19037638815257 
249.19037638815257 
249.19037638815257 
249.19037638815257 
249.19037638815257 
249.19037638815257 
249.19037638815257 
249.19037638815257 
249.19037638815257 
249.19037638815257 
249.19037638815257 
249.19037638815257 
249.19037638815257 
249.19037638815257 
249.19037638815257 
249.19037638815257 
249.19037638815257 
249.19037638815257 
249.19037638815257 
249.19037638815257 
249.19037638815257 
249.19037638815257 
249.19037638815257 
249.19037638815257 
249.19037638815257 
249.19037638815257 
249.19037638815257 
249.19037638815257 
249.19037638815257 
249.19037638815257 
249.19037638815257 
249.19037638815257 
249.19037638815257 
249.19037638815257 
249.19037638815257 
249.19037638815257 
249.19037638815257 
249.19037638815257 
249.19037638815257 
249.19037638815257 
249.19037638815257 
249.19037638815257 
249.19037638815257 
249.19037638815257 
249.19037638815257 
249.19037638815257 
249.19037638815257 
249.19037638815257 
249.19037638815257 
249.19037638815257 
249.19037638815257 
249.19037638815257 
249.19037638815257 
249.19037638815257 
249.19037638815257 
249.19037638815257 
249.19037638815257 
249.19037638815257 
249.19037638815257 
249.19037638815257 
249.19037638815257 
249.19037638815257 
249.19037638815257 
249.19037638815257 
249.19037638815257 
249.19037638815257 
249.19037638815257 
249.19037638815257 
249.19037638815257 
249.19037638815257 
249.19037638815257 
249.19037638815257 
249.19037638815257 
249.19037638815257 
249.19037638815257 
249.19037638815257 
249.19037638815257 
249.19037638815257 
249.19037638815257 
249.19037638815257 
249.19037638815257 
249.19037638815257 
249.19037638815257 
249.19037638815257 
249.19037638815257 
249.19037638815257 
249.19037638815257 
249.19037638815257 
249.19037638815257 
249.19037638815257 
249.19037638815257 
249.19037638815257 
249.19037638815257 
249.19037638815257 
249.19037638815257 
249.19037638815257 
249.19037638815257 
249.19037638815257 
249.19037638815257 
249.19037638815257 
249.19037638815257 
249.19037638815257 
249.19037638815257 
249.19037638815257 
249.19037638815257 
249.19037638815257 
249.19037638815257 
249.19037638815257 
249.19037638815257 
249.19037638815257 
249.19037638815257 
249.19037638815257 
249.19037638815257 
249.19037638815257 
249.19037638815257 
249.19037638815257 
249.19037638815257 
249.19037638815257 
249.19037638815257 
249.19037638815257 
249.19037638815257 
249.19037638815257 
249.19037638815257 
249.19037638815257 
249.19037638815257 
249.19037638815257 
249.19037638815257 
249.19037638815257 
249.19037638815257 
249.19037638815257 
249.19037638815257 
249.19037638815257 
249.19037638815257 
249.19037638815257 
249.19037638815257 
249.19037638815257 
249.19037638815257 
249.19037638815257 
249.19037638815257 
249.19037638815257 
249.19037638815257 
249.19037638815257 
249.19037638815257 
249.19037638815257 
249.19037638815257 
249.19037638815257 
249.19037638815257 
249.19037638815257 
249.19037638815257 
249.19037638815257 
249.19037638815257 
249.19037638815257 
249.19037638815257 
249.19037638815257 
249.19037638815257 
249.19037638815257 
249.19037638815257 
249.19037638815257 
249.19037638815257 
249.19037638815257 
249.19037638815257 
249.19037638815257 
249.19037638815257 
249.19037638815257 
249.19037638815257 
249.19037638815257 
249.19037638815257 
249.19037638815257 
249.19037638815257 
249.19037638815257 
249.19037638815257 
249.19037638815257 
249.19037638815257 
249.19037638815257 
249.19037638815257 
249.19037638815257 
249.19037638815257 
249.19037638815257 
249.19037638815257 
249.19037638815257 
249.19037638815257 
249.19037638815257 
249.19037638815257 
249.19037638815257 
249.19037638815257 
249.19037638815257 
249.19037638815257 
249.19037638815257 
249.19037638815257 
249.19037638815257 
249.19037638815257 
249.19037638815257 
249.19037638815257 
249.19037638815257 
249.19037638815257 
249.19037638815257 
249.19037638815257 
249.19037638815257 
249.19037638815257 
249.19037638815257 
249.19037638815257 
249.19037638815257 
249.19037638815257 
249.19037638815257 
249.19037638815257 
249.19037638815257 
249.19037638815257 
249.19037638815257 
249.19037638815257 
249.19037638815257 
249.19037638815257 
249.19037638815257 
249.19037638815257 
249.19037638815257 
249.19037638815257 
249.19037638815257 
249.19037638815257 
249.19037638815257 
249.19037638815257 
249.19037638815257 
249.19037638815257 
249.19037638815257 
249.19037638815257 
249.19037638815257 
249.19037638815257 
249.19037638815257 
249.19037638815257 
249.19037638815257 
249.19037638815257 
249.19037638815257 
249.19037638815257 
249.19037638815257 
249.19037638815257 
249.19037638815257 
249.19037638815257 
249.19037638815257 
249.19037638815257 
249.19037638815257 
249.19037638815257 
249.19037638815257 
249.19037638815257 
249.19037638815257 
249.19037638815257 
249.19037638815257 
249.19037638815257 
249.19037638815257 
249.19037638815257 
249.19037638815257 
249.19037638815257 
249.19037638815257 
249.19037638815257 
249.19037638815257 
249.19037638815257 
249.19037638815257 
249.19037638815257 
249.19037638815257 
249.19037638815257 
249.19037638815257 
249.19037638815257 
249.19037638815257 
249.19037638815257 
249.19037638815257 
249.19037638815257 
249.19037638815257 
249.19037638815257 
249.19037638815257 
249.19037638815257 
249.19037638815257 
249.19037638815257 
249.19037638815257 
249.19037638815257 
249.19037638815257 
249.19037638815257 
249.19037638815257 
249.19037638815257 
249.19037638815257 
249.19037638815257 
249.19037638815257 
249.19037638815257 
249.19037638815257 
249.19037638815257 
249.19037638815257 
249.19037638815257 
249.19037638815257 
249.19037638815257 
249.19037638815257 
249.19037638815257 
249.19037638815257 
249.19037638815257 
249.19037638815257 
249.19037638815257 
249.19037638815257 
249.19037638815257 
249.19037638815257 
249.19037638815257 
249.19037638815257 
249.19037638815257 
249.19037638815257 
249.19037638815257 
249.19037638815257 
249.19037638815257 
249.19037638815257 
249.19037638815257 
249.19037638815257 
249.19037638815257 
249.19037638815257 
249.19037638815257 
249.19037638815257 
249.19037638815257 
249.19037638815257 
249.19037638815257 
249.19037638815257 
249.19037638815257 
249.19037638815257 
249.19037638815257 
249.19037638815257 
249.19037638815257 
249.19037638815257 
249.19037638815257 
249.19037638815257 
249.19037638815257 
249.19037638815257 
249.19037638815257 
249.19037638815257 
249.19037638815257 
249.19037638815257 
249.19037638815257 
249.19037638815257 
249.19037638815257 
249.19037638815257 
249.19037638815257 
249.19037638815257 
249.19037638815257 
249.19037638815257 
249.19037638815257 
249.19037638815257 
249.19037638815257 
249.19037638815257 
249.19037638815257 
249.19037638815257 
249.19037638815257 
249.19037638815257 
249.19037638815257 
249.19037638815257 
249.19037638815257 
249.19037638815257 
249.19037638815257 
249.19037638815257 
249.19037638815257 
249.19037638815257 
249.19037638815257 
249.19037638815257 
249.19037638815257 
249.19037638815257 
249.19037638815257 
249.19037638815257 
249.19037638815257 
249.19037638815257 
249.19037638815257 
249.19037638815257 
249.19037638815257 
249.19037638815257 
249.19037638815257 
249.19037638815257 
249.19037638815257 
249.19037638815257 
249.19037638815257 
249.19037638815257 
249.19037638815257 
249.19037638815257 
249.19037638815257 
249.19037638815257 
249.19037638815257 
249.19037638815257 
249.19037638815257 
249.19037638815257 
249.19037638815257 
249.19037638815257 
249.19037638815257 
249.19037638815257 
249.19037638815257 
249.19037638815257 
249.19037638815257 
249.19037638815257 
249.19037638815257 
249.19037638815257 
249.19037638815257 
249.19037638815257 
249.19037638815257 
249.19037638815257 
249.19037638815257 
249.19037638815257 
249.19037638815257 
249.19037638815257 
249.19037638815257 
249.19037638815257 
249.19037638815257 
249.19037638815257 
249.19037638815257 
249.19037638815257 
249.19037638815257 
249.19037638815257 
249.19037638815257 
249.19037638815257 
249.19037638815257 
249.19037638815257 
249.19037638815257 
249.19037638815257 
249.19037638815257 
249.19037638815257 
249.19037638815257 
249.19037638815257 
249.19037638815257 
249.19037638815257 
249.19037638815257 
249.19037638815257 
249.19037638815257 
249.19037638815257 
249.19037638815257 
249.19037638815257 
249.19037638815257 
249.19037638815257 
249.19037638815257 
249.19037638815257 
249.19037638815257 
249.19037638815257 
249.19037638815257 
249.19037638815257 
249.19037638815257 
249.19037638815257 
249.19037638815257 
249.19037638815257 
249.19037638815257 
249.19037638815257 
249.19037638815257 
249.19037638815257 
249.19037638815257 
249.19037638815257 
249.19037638815257 
249.19037638815257 
249.19037638815257 
249.19037638815257 
249.19037638815257 
249.19037638815257 
249.19037638815257 
249.19037638815257 
249.19037638815257 
249.19037638815257 
249.19037638815257 
249.19037638815257 
249.19037638815257 
249.19037638815257 
249.19037638815257 
249.19037638815257 
249.19037638815257 
249.19037638815257 
249.19037638815257 
249.19037638815257 
249.19037638815257 
249.19037638815257 
249.19037638815257 
249.19037638815257 
249.19037638815257 
249.19037638815257 
249.19037638815257 
249.19037638815257 
249.19037638815257 
249.19037638815257 
249.19037638815257 
249.19037638815257 
249.19037638815257 
249.19037638815257 
249.19037638815257 
249.19037638815257 
249.19037638815257 
249.19037638815257 
249.19037638815257 
249.19037638815257 
249.19037638815257 
249.19037638815257 
249.19037638815257 
249.19037638815257 
249.19037638815257 
249.19037638815257 
249.19037638815257 
249.19037638815257 
249.19037638815257 
249.19037638815257 
249.19037638815257 
249.19037638815257 
249.19037638815257 
249.19037638815257 
249.19037638815257 
249.19037638815257 
249.19037638815257 
249.19037638815257 
249.19037638815257 
249.19037638815257 
249.19037638815257 
249.19037638815257 
249.19037638815257 
249.19037638815257 
249.19037638815257 
249.19037638815257 
249.19037638815257 
249.19037638815257 
249.19037638815257 
249.19037638815257 
249.19037638815257 
249.19037638815257 
249.19037638815257 
249.19037638815257 
249.19037638815257 
249.19037638815257 
249.19037638815257 
249.19037638815257 
249.19037638815257 
249.19037638815257 
249.19037638815257 
249.19037638815257 
249.19037638815257 
249.19037638815257 
249.19037638815257 
249.19037638815257 
249.19037638815257 
249.19037638815257 
249.19037638815257 
249.19037638815257 
249.19037638815257 
249.19037638815257 
249.19037638815257 
249.19037638815257 
249.19037638815257 
249.19037638815257 
249.19037638815257 
249.19037638815257 
249.19037638815257 
249.19037638815257 
249.19037638815257 
249.19037638815257 
249.19037638815257 
249.19037638815257 
249.19037638815257 
249.19037638815257 
249.19037638815257 
249.19037638815257 
249.19037638815257 
249.19037638815257 
249.19037638815257 
249.19037638815257 
249.19037638815257 
249.19037638815257 
249.19037638815257 
249.19037638815257 
249.19037638815257 
249.19037638815257 
249.19037638815257 
249.19037638815257 
249.19037638815257 
249.19037638815257 
249.19037638815257 
249.19037638815257 
249.19037638815257 
249.19037638815257 
249.19037638815257 
249.19037638815257 
249.19037638815257 
249.19037638815257 
249.19037638815257 
249.19037638815257 
249.19037638815257 
249.19037638815257 
249.19037638815257 
249.19037638815257 
249.19037638815257 
249.19037638815257 
249.19037638815257 
249.19037638815257 
249.19037638815257 
249.19037638815257 
249.19037638815257 
249.19037638815257 
249.19037638815257 
249.19037638815257 
249.19037638815257 
249.19037638815257 
249.19037638815257 
249.19037638815257 
249.19037638815257 
249.19037638815257 
249.19037638815257 
249.19037638815257 
249.19037638815257 
249.19037638815257 
249.19037638815257 
249.19037638815257 
249.19037638815257 
249.19037638815257 
249.19037638815257 
249.19037638815257 
249.19037638815257 
249.19037638815257 
249.19037638815257 
249.19037638815257 
249.19037638815257 
249.19037638815257 
249.19037638815257 
249.19037638815257 
249.19037638815257 
249.19037638815257 
249.19037638815257 
249.19037638815257 
249.19037638815257 
249.19037638815257 
249.19037638815257 
249.19037638815257 
249.19037638815257 
249.19037638815257 
249.19037638815257 
249.19037638815257 
249.19037638815257 
249.19037638815257 
249.19037638815257 
249.19037638815257 
249.19037638815257 
249.19037638815257 
249.19037638815257 
249.19037638815257 
249.19037638815257 
249.19037638815257 
249.19037638815257 
249.19037638815257 
249.19037638815257 
249.19037638815257 
249.19037638815257 
249.19037638815257 
249.19037638815257 
249.19037638815257 
249.19037638815257 
249.19037638815257 
249.19037638815257 
249.19037638815257 
249.19037638815257 
249.19037638815257 
249.19037638815257 
249.19037638815257 
249.19037638815257 
249.19037638815257 
249.19037638815257 
249.19037638815257 
249.19037638815257 
249.19037638815257 
249.19037638815257 
249.19037638815257 
249.19037638815257 
249.19037638815257 
249.19037638815257 
249.19037638815257 
249.19037638815257 
249.19037638815257 
249.19037638815257 
249.19037638815257 
249.19037638815257 
249.19037638815257 
249.19037638815257 
249.19037638815257 
249.19037638815257 
249.19037638815257 
249.19037638815257 
249.19037638815257 
249.19037638815257 
249.19037638815257 
249.19037638815257 
249.19037638815257 
249.19037638815257 
249.19037638815257 
249.19037638815257 
249.19037638815257 
249.19037638815257 
249.19037638815257 
249.19037638815257 
249.19037638815257 
249.19037638815257 
249.19037638815257 
249.19037638815257 
249.19037638815257 
249.19037638815257 
249.19037638815257 
249.19037638815257 
249.19037638815257 
249.19037638815257 
249.19037638815257 
249.19037638815257 
249.19037638815257 
249.19037638815257 
249.19037638815257 
249.19037638815257 
249.19037638815257 
249.19037638815257 
249.19037638815257 
249.19037638815257 
249.19037638815257 
249.19037638815257 
249.19037638815257 
249.19037638815257 
249.19037638815257 
249.19037638815257 
249.19037638815257 
249.19037638815257 
249.19037638815257 
249.19037638815257 
249.19037638815257 
249.19037638815257 
249.19037638815257 
249.19037638815257 
249.19037638815257 
249.19037638815257 
249.19037638815257 
249.19037638815257 
249.19037638815257 
249.19037638815257 
249.19037638815257 
249.19037638815257 
249.19037638815257 
249.19037638815257 
249.19037638815257 
249.19037638815257 
249.19037638815257 
249.19037638815257 
249.19037638815257 
249.19037638815257 
249.19037638815257 
249.19037638815257 
249.19037638815257 
249.19037638815257 
249.19037638815257 
249.19037638815257 
249.19037638815257 
249.19037638815257 
249.19037638815257 
249.19037638815257 
249.19037638815257 
249.19037638815257 
249.19037638815257 
249.19037638815257 
249.19037638815257 
249.19037638815257 
249.19037638815257 
249.19037638815257 
249.19037638815257 
249.19037638815257 
249.19037638815257 
249.19037638815257 
249.19037638815257 
249.19037638815257 
249.19037638815257 
249.19037638815257 
249.19037638815257 
249.19037638815257 
249.19037638815257 
249.19037638815257 
249.19037638815257 
249.19037638815257 
249.19037638815257 
249.19037638815257 
249.19037638815257 
249.19037638815257 
249.19037638815257 
249.19037638815257 
249.19037638815257 
249.19037638815257 
249.19037638815257 
249.19037638815257 
249.19037638815257 
249.19037638815257 
249.19037638815257 
249.19037638815257 
249.19037638815257 
249.19037638815257 
249.19037638815257 
249.19037638815257 
249.19037638815257 
249.19037638815257 
249.19037638815257 
249.19037638815257 
249.19037638815257 
249.19037638815257 
249.19037638815257 
249.19037638815257 
249.19037638815257 
249.19037638815257 
249.19037638815257 
249.19037638815257 
249.19037638815257 
249.19037638815257 
249.19037638815257 
249.19037638815257 
249.19037638815257 
249.19037638815257 
249.19037638815257 
249.19037638815257 
249.19037638815257 
249.19037638815257 
249.19037638815257 
249.19037638815257 
249.19037638815257 
249.19037638815257 
249.19037638815257 
249.19037638815257 
249.19037638815257 
249.19037638815257 
249.19037638815257 
249.19037638815257 
249.19037638815257 
249.19037638815257 
249.19037638815257 
249.19037638815257 
249.19037638815257 
249.19037638815257 
249.19037638815257 
249.19037638815257 
249.19037638815257 
249.19037638815257 
249.19037638815257 
249.19037638815257 
249.19037638815257 
249.19037638815257 
249.19037638815257 
249.19037638815257 
249.19037638815257 
249.19037638815257 
249.19037638815257 
249.19037638815257 
249.19037638815257 
249.19037638815257 
249.19037638815257 
249.19037638815257 
249.19037638815257 
249.19037638815257 
249.19037638815257 
249.19037638815257 
249.19037638815257 
249.19037638815257 
249.19037638815257 
249.19037638815257 
249.19037638815257 
249.19037638815257 
249.19037638815257 
249.19037638815257 
249.19037638815257 
249.19037638815257 
249.19037638815257 
249.19037638815257 
249.19037638815257 
249.19037638815257 
249.19037638815257 
249.19037638815257 
249.19037638815257 
249.19037638815257 
249.19037638815257 
249.19037638815257 
249.19037638815257 
249.19037638815257 
249.19037638815257 
249.19037638815257 
249.19037638815257 
249.19037638815257 
249.19037638815257 
249.19037638815257 
249.19037638815257 
249.19037638815257 
249.19037638815257 
249.19037638815257 
249.19037638815257 
249.19037638815257 
249.19037638815257 
249.19037638815257 
249.19037638815257 
249.19037638815257 
249.19037638815257 
249.19037638815257 
249.19037638815257 
249.19037638815257 
249.19037638815257 
249.19037638815257 
249.19037638815257 
249.19037638815257 
249.19037638815257 
249.19037638815257 
249.19037638815257 
249.19037638815257 
249.19037638815257 
249.19037638815257 
249.19037638815257 
249.19037638815257 
249.19037638815257 
249.19037638815257 
249.19037638815257 
249.19037638815257 
249.19037638815257 
249.19037638815257 
249.19037638815257 
249.19037638815257 
249.19037638815257 
249.19037638815257 
249.19037638815257 
249.19037638815257 
249.19037638815257 
249.19037638815257 
249.19037638815257 
249.19037638815257 
249.19037638815257 
249.19037638815257 
249.19037638815257 
249.19037638815257 
249.19037638815257 
249.19037638815257 
249.19037638815257 
249.19037638815257 
249.19037638815257 
249.19037638815257 
249.19037638815257 
249.19037638815257 
249.19037638815257 
249.19037638815257 
249.19037638815257 
249.19037638815257 
249.19037638815257 
249.19037638815257 
249.19037638815257 
249.19037638815257 
249.19037638815257 
249.19037638815257 
249.19037638815257 
249.19037638815257 
249.19037638815257 
249.19037638815257 
249.19037638815257 
249.19037638815257 
249.19037638815257 
249.19037638815257 
249.19037638815257 
249.19037638815257 
249.19037638815257 
249.19037638815257 
249.19037638815257 
249.19037638815257 
249.19037638815257 
249.19037638815257 
249.19037638815257 
249.19037638815257 
249.19037638815257 
249.19037638815257 
249.19037638815257 
249.19037638815257 
249.19037638815257 
249.19037638815257 
249.19037638815257 
249.19037638815257 
249.19037638815257 
249.19037638815257 
249.19037638815257 
249.19037638815257 
249.19037638815257 
249.19037638815257 
249.19037638815257 
249.19037638815257 
249.19037638815257 
249.19037638815257 
249.19037638815257 
249.19037638815257 
249.19037638815257 
249.19037638815257 
249.19037638815257 
249.19037638815257 
249.19037638815257 
249.19037638815257 
249.19037638815257 
249.19037638815257 
249.19037638815257 
249.19037638815257 
249.19037638815257 
249.19037638815257 
249.19037638815257 
249.19037638815257 
249.19037638815257 
249.19037638815257 
249.19037638815257 
249.19037638815257 
249.19037638815257 
249.19037638815257 
249.19037638815257 
249.19037638815257 
249.19037638815257 
249.19037638815257 
249.19037638815257 
249.19037638815257 
249.19037638815257 
249.19037638815257 
249.19037638815257 
249.19037638815257 
249.19037638815257 
249.19037638815257 
249.19037638815257 
249.19037638815257 
249.19037638815257 
249.19037638815257 
249.19037638815257 
249.19037638815257 
249.19037638815257 
249.19037638815257 
249.19037638815257 
249.19037638815257 
249.19037638815257 
249.19037638815257 
249.19037638815257 
249.19037638815257 
249.19037638815257 
249.19037638815257 
249.19037638815257 
249.19037638815257 
249.19037638815257 
249.19037638815257 
249.19037638815257 
249.19037638815257 
249.19037638815257 
249.19037638815257 
249.19037638815257 
249.19037638815257 
249.19037638815257 
249.19037638815257 
249.19037638815257 
249.19037638815257 
249.19037638815257 
249.19037638815257 
249.19037638815257 
249.19037638815257 
249.19037638815257 
249.19037638815257 
249.19037638815257 
249.19037638815257 
249.19037638815257 
249.19037638815257 
249.19037638815257 
249.19037638815257 
249.19037638815257 
249.19037638815257 
249.19037638815257 
249.19037638815257 
249.19037638815257 
249.19037638815257 
249.19037638815257 
249.19037638815257 
249.19037638815257 
249.19037638815257 
249.19037638815257 
249.19037638815257 
249.19037638815257 
249.19037638815257 
249.19037638815257 
249.19037638815257 
249.19037638815257 
249.19037638815257 
249.19037638815257 
249.19037638815257 
249.19037638815257 
249.19037638815257 
249.19037638815257 
249.19037638815257 
249.19037638815257 
249.19037638815257 
249.19037638815257 
249.19037638815257 
249.19037638815257 
249.19037638815257 
249.19037638815257 
249.19037638815257 
249.19037638815257 
249.19037638815257 
249.19037638815257 
249.19037638815257 
249.19037638815257 
249.19037638815257 
249.19037638815257 
249.19037638815257 
249.19037638815257 
249.19037638815257 
249.19037638815257 
249.19037638815257 
249.19037638815257 
249.19037638815257 
249.19037638815257 
249.19037638815257 
249.19037638815257 
249.19037638815257 
249.19037638815257 
249.19037638815257 
249.19037638815257 
249.19037638815257 
249.19037638815257 
249.19037638815257 
249.19037638815257 
249.19037638815257 
249.19037638815257 
249.19037638815257 
249.19037638815257 
249.19037638815257 
249.19037638815257 
249.19037638815257 
249.19037638815257 
249.19037638815257 
249.19037638815257 
249.19037638815257 
249.19037638815257 
249.19037638815257 
249.19037638815257 
249.19037638815257 
249.19037638815257 
249.19037638815257 
249.19037638815257 
249.19037638815257 
249.19037638815257 
249.19037638815257 
249.19037638815257 
249.19037638815257 
249.19037638815257 
249.19037638815257 
249.19037638815257 
249.19037638815257 
249.19037638815257 
249.19037638815257 
249.19037638815257 
249.19037638815257 
249.19037638815257 
249.19037638815257 
249.19037638815257 
249.19037638815257 
249.19037638815257 
249.19037638815257 
249.19037638815257 
249.19037638815257 
249.19037638815257 
249.19037638815257 
249.19037638815257 
249.19037638815257 
249.19037638815257 
249.19037638815257 
249.19037638815257 
249.19037638815257 
249.19037638815257 
249.19037638815257 
249.19037638815257 
249.19037638815257 
249.19037638815257 
249.19037638815257 
249.19037638815257 
249.19037638815257 
249.19037638815257 
249.19037638815257 
249.19037638815257 
249.19037638815257 
249.19037638815257 
249.19037638815257 
249.19037638815257 
249.19037638815257 
249.19037638815257 
249.19037638815257 
249.19037638815257 
249.19037638815257 
249.19037638815257 
249.19037638815257 
249.19037638815257 
249.19037638815257 
249.19037638815257 
249.19037638815257 
249.19037638815257 
249.19037638815257 
249.19037638815257 
249.19037638815257 
249.19037638815257 
249.19037638815257 
249.19037638815257 
249.19037638815257 
249.19037638815257 
249.19037638815257 
249.19037638815257 
249.19037638815257 
249.19037638815257 
249.19037638815257 
249.19037638815257 
249.19037638815257 
249.19037638815257 
249.19037638815257 
249.19037638815257 
249.19037638815257 
249.19037638815257 
249.19037638815257 
249.19037638815257 
249.19037638815257 
249.19037638815257 
249.19037638815257 
249.19037638815257 
249.19037638815257 
249.19037638815257 
249.19037638815257 
249.19037638815257 
249.19037638815257 
249.19037638815257 
249.19037638815257 
249.19037638815257 
249.19037638815257 
249.19037638815257 
249.19037638815257 
249.19037638815257 
249.19037638815257 
249.19037638815257 
249.19037638815257 
249.19037638815257 
249.19037638815257 
249.19037638815257 
249.19037638815257 
249.19037638815257 
249.19037638815257 
249.19037638815257 
249.19037638815257 
249.19037638815257 
249.19037638815257 
249.19037638815257 
249.19037638815257 
249.19037638815257 
249.19037638815257 
249.19037638815257 
249.19037638815257 
249.19037638815257 
249.19037638815257 
249.19037638815257 
249.19037638815257 
249.19037638815257 
249.19037638815257 
249.19037638815257 
249.19037638815257 
249.19037638815257 
249.19037638815257 
249.19037638815257 
249.19037638815257 
249.19037638815257 
249.19037638815257 
249.19037638815257 
249.19037638815257 
249.19037638815257 
249.19037638815257 
249.19037638815257 
249.19037638815257 
249.19037638815257 
249.19037638815257 
249.19037638815257 
249.19037638815257 
249.19037638815257 
249.19037638815257 
249.19037638815257 
249.19037638815257 
249.19037638815257 
249.19037638815257 
249.19037638815257 
249.19037638815257 
249.19037638815257 
249.19037638815257 
249.19037638815257 
249.19037638815257 
249.19037638815257 
249.19037638815257 
249.19037638815257 
249.19037638815257 
249.19037638815257 
249.19037638815257 
249.19037638815257 
249.19037638815257 
249.19037638815257 
249.19037638815257 
249.19037638815257 
249.19037638815257 
249.19037638815257 
249.19037638815257 
249.19037638815257 
249.19037638815257 
249.19037638815257 
249.19037638815257 
249.19037638815257 
249.19037638815257 
249.19037638815257 
249.19037638815257 
249.19037638815257 
249.19037638815257 
249.19037638815257 
249.19037638815257 
249.19037638815257 
249.19037638815257 
249.19037638815257 
249.19037638815257 
249.19037638815257 
249.19037638815257 
249.19037638815257 
249.19037638815257 
249.19037638815257 
249.19037638815257 
249.19037638815257 
249.19037638815257 
249.19037638815257 
249.19037638815257 
249.19037638815257 
249.19037638815257 
249.19037638815257 
249.19037638815257 
249.19037638815257 
249.19037638815257 
249.19037638815257 
249.19037638815257 
249.19037638815257 
249.19037638815257 
249.19037638815257 
249.19037638815257 
249.19037638815257 
249.19037638815257 
249.19037638815257 
249.19037638815257 
249.19037638815257 
249.19037638815257 
249.19037638815257 
249.19037638815257 
249.19037638815257 
249.19037638815257 
249.19037638815257 
249.19037638815257 
249.19037638815257 
249.19037638815257 
249.19037638815257 
249.19037638815257 
249.19037638815257 
249.19037638815257 
249.19037638815257 
249.19037638815257 
249.19037638815257 
249.19037638815257 
249.19037638815257 
249.19037638815257 
249.19037638815257 
249.19037638815257 
249.19037638815257 
249.19037638815257 
249.19037638815257 
249.19037638815257 
249.19037638815257 
249.19037638815257 
249.19037638815257 
249.19037638815257 
249.19037638815257 
249.19037638815257 
249.19037638815257 
249.19037638815257 
249.19037638815257 
249.19037638815257 
249.19037638815257 
249.19037638815257 
249.19037638815257 
249.19037638815257 
249.19037638815257 
249.19037638815257 
249.19037638815257 
249.19037638815257 
249.19037638815257 
249.19037638815257 
249.19037638815257 
249.19037638815257 
249.19037638815257 
249.19037638815257 
249.19037638815257 
249.19037638815257 
249.19037638815257 
249.19037638815257 
249.19037638815257 
249.19037638815257 
249.19037638815257 
249.19037638815257 
249.19037638815257 
249.19037638815257 
249.19037638815257 
249.19037638815257 
249.19037638815257 
249.19037638815257 
249.19037638815257 
249.19037638815257 
249.19037638815257 
249.19037638815257 
249.19037638815257 
249.19037638815257 
249.19037638815257 
249.19037638815257 
249.19037638815257 
249.19037638815257 
249.19037638815257 
249.19037638815257 
249.19037638815257 
249.19037638815257 
249.19037638815257 
249.19037638815257 
249.19037638815257 
249.19037638815257 
249.19037638815257 
249.19037638815257 
249.19037638815257 
249.19037638815257 
249.19037638815257 
249.19037638815257 
249.19037638815257 
249.19037638815257 
249.19037638815257 
249.19037638815257 
249.19037638815257 
249.19037638815257 
249.19037638815257 
249.19037638815257 
249.19037638815257 
249.19037638815257 
249.19037638815257 
249.19037638815257 
249.19037638815257 
249.19037638815257 
249.19037638815257 
249.19037638815257 
249.19037638815257 
249.19037638815257 
249.19037638815257 
249.19037638815257 
249.19037638815257 
249.19037638815257 
249.19037638815257 
249.19037638815257 
249.19037638815257 
249.19037638815257 
249.19037638815257 
249.19037638815257 
249.19037638815257 
249.19037638815257 
249.19037638815257 
249.19037638815257 
249.19037638815257 
249.19037638815257 
249.19037638815257 
249.19037638815257 
249.19037638815257 
249.19037638815257 
249.19037638815257 
249.19037638815257 
249.19037638815257 
249.19037638815257 
249.19037638815257 
249.19037638815257 
249.19037638815257 
249.19037638815257 
249.19037638815257 
249.19037638815257 
249.19037638815257 
249.19037638815257 
249.19037638815257 
249.19037638815257 
249.19037638815257 
249.19037638815257 
249.19037638815257 
249.19037638815257 
249.19037638815257 
249.19037638815257 
249.19037638815257 
249.19037638815257 
249.19037638815257 
249.19037638815257 
249.19037638815257 
249.19037638815257 
249.19037638815257 
249.19037638815257 
249.19037638815257 
249.19037638815257 
249.19037638815257 
249.19037638815257 
249.19037638815257 
249.19037638815257 
249.19037638815257 
249.19037638815257 
249.19037638815257 
249.19037638815257 
249.19037638815257 
249.19037638815257 
249.19037638815257 
249.19037638815257 
249.19037638815257 
249.19037638815257 
249.19037638815257 
249.19037638815257 
249.19037638815257 
249.19037638815257 
249.19037638815257 
249.19037638815257 
249.19037638815257 
249.19037638815257 
249.19037638815257 
249.19037638815257 
249.19037638815257 
249.19037638815257 
249.19037638815257 
249.19037638815257 
249.19037638815257 
249.19037638815257 
249.19037638815257 
249.19037638815257 
249.19037638815257 
249.19037638815257 
249.19037638815257 
249.19037638815257 
249.19037638815257 
249.19037638815257 
249.19037638815257 
249.19037638815257 
249.19037638815257 
249.19037638815257 
249.19037638815257 
249.19037638815257 
249.19037638815257 
249.19037638815257 
249.19037638815257 
249.19037638815257 
249.19037638815257 
249.19037638815257 
249.19037638815257 
249.19037638815257 
249.19037638815257 
249.19037638815257 
249.19037638815257 
249.19037638815257 
249.19037638815257 
249.19037638815257 
249.19037638815257 
249.19037638815257 
249.19037638815257 
249.19037638815257 
249.19037638815257 
249.19037638815257 
249.19037638815257 
249.19037638815257 
249.19037638815257 
249.19037638815257 
249.19037638815257 
249.19037638815257 
249.19037638815257 
249.19037638815257 
249.19037638815257 
249.19037638815257 
249.19037638815257 
249.19037638815257 
249.19037638815257 
249.19037638815257 
249.19037638815257 
249.19037638815257 
249.19037638815257 
249.19037638815257 
249.19037638815257 
249.19037638815257 
249.19037638815257 
249.19037638815257 
249.19037638815257 
249.19037638815257 
249.19037638815257 
249.19037638815257 
249.19037638815257 
249.19037638815257 
249.19037638815257 
249.19037638815257 
249.19037638815257 
249.19037638815257 
249.19037638815257 
249.19037638815257 
249.19037638815257 
249.19037638815257 
249.19037638815257 
249.19037638815257 
249.19037638815257 
249.19037638815257 
249.19037638815257 
249.19037638815257 
249.19037638815257 
249.19037638815257 
249.19037638815257 
249.19037638815257 
249.19037638815257 
249.19037638815257 
249.19037638815257 
249.19037638815257 
249.19037638815257 
249.19037638815257 
249.19037638815257 
249.19037638815257 
249.19037638815257 
249.19037638815257 
249.19037638815257 
249.19037638815257 
249.19037638815257 
249.19037638815257 
249.19037638815257 
249.19037638815257 
249.19037638815257 
249.19037638815257 
249.19037638815257 
249.19037638815257 
249.19037638815257 
249.19037638815257 
249.19037638815257 
249.19037638815257 
249.19037638815257 
249.19037638815257 
249.19037638815257 
249.19037638815257 
249.19037638815257 
249.19037638815257 
249.19037638815257 
249.19037638815257 
249.19037638815257 
249.19037638815257 
249.19037638815257 
249.19037638815257 
249.19037638815257 
249.19037638815257 
249.19037638815257 
249.19037638815257 
249.19037638815257 
249.19037638815257 
249.19037638815257 
249.19037638815257 
249.19037638815257 
249.19037638815257 
249.19037638815257 
249.19037638815257 
249.19037638815257 
249.19037638815257 
249.19037638815257 
249.19037638815257 
249.19037638815257 
249.19037638815257 
249.19037638815257 
249.19037638815257 
249.19037638815257 
249.19037638815257 
249.19037638815257 
249.19037638815257 
249.19037638815257 
249.19037638815257 
249.19037638815257 
249.19037638815257 
249.19037638815257 
249.19037638815257 
249.19037638815257 
249.19037638815257 
249.19037638815257 
249.19037638815257 
249.19037638815257 
249.19037638815257 
249.19037638815257 
249.19037638815257 
249.19037638815257 
249.19037638815257 
249.19037638815257 
249.19037638815257 
249.19037638815257 
249.19037638815257 
249.19037638815257 
249.19037638815257 
249.19037638815257 
249.19037638815257 
249.19037638815257 
249.19037638815257 
249.19037638815257 
249.19037638815257 
249.19037638815257 
249.19037638815257 
249.19037638815257 
249.19037638815257 
249.19037638815257 
249.19037638815257 
249.19037638815257 
249.19037638815257 
249.19037638815257 
249.19037638815257 
