0,1
1572278400000,1000.0 
1572292800000,1000.0 
1572307200000,1000.0 
1572321600000,1000.0 
1572336000000,999.3024875621891 
1572350400000,998.5199302632138 
1572364800000,997.9074990616145 
1572379200000,999.2519361684747 
1572393600000,991.0799926515076 
1572408000000,982.2911605595395 
1572422400000,963.8809820070746 
1572436800000,973.7482764523161 
1572451200000,996.5986348491446 
1572465600000,1007.5024761043575 
1572480000000,1020.3534318694298 
1572494400000,1024.6370837911206 
1572508800000,1007.5024761043575 
1572523200000,993.4832516333695 
1572537600000,996.5986348491446 
1572552000000,1004.3870928885823 
1572566400000,992.3149829274538 
1572580800000,975.9592210446345 
1572595200000,1004.7765157905543 
1572609600000,1013.3438196339357 
1572624000000,1019.574586065486 
1572638400000,1012.17555092802 
1572652800000,1010.2284364181606 
1572667200000,1016.069779947739 
1572681600000,1021.1322776733734 
1572696000000,1011.3967051240762 
1572710400000,1009.4495906142168 
1572724800000,1008.6707448102732 
1572739200000,1008.6707448102732 
1572753600000,999.3245951629477 
1572768000000,997.3774806530884 
1572782400000,1006.3342073984418 
1572796800000,996.5986348491446 
1572811200000,1001.6611325747791 
1572825600000,995.0409432412571 
1572840000000,1022.689969281261 
1572854400000,1018.0168944575984 
1572868800000,1046.4447663015462 
1572883200000,1053.0649556350684 
1572897600000,1050.3389953212652 
1572912000000,1035.1515021443615 
1572926400000,1036.7091937522491 
1572940800000,1062.4111052823937 
1572955200000,1081.882250380988 
1572969600000,1082.661096184932 
1572984000000,1074.8726381454942 
1572998400000,1077.9880213612691 
1573012800000,1116.930311558458 
1573027200000,1109.14185351902 
1573041600000,1120.435117676205 
1573056000000,1107.5841619111325 
1573070400000,1121.6033863821206 
1573084800000,1095.901474851976 
1573099200000,1096.6803206559198 
1573113600000,1071.757254929719 
1573128000000,1076.0409068514098 
1573142400000,1072.9255236356348 
1573156800000,1073.3149465376066 
1573171200000,1093.1755145381728 
1573185600000,1073.3149465376066 
1573200000000,1051.117841125209 
1573214400000,1005.9447844964699 
1573228800000,1018.4063173595704 
1573243200000,1021.5217005753454 
1573257600000,1020.7428547714017 
1573272000000,1043.718805987743 
1573286400000,1049.1707266153494 
1573300800000,1042.5505372818272 
1573315200000,1043.718805987743 
1573329600000,1058.5168762626747 
1573344000000,1068.2524488119718 
1573358400000,1063.5793739883093 
1573372800000,1066.6947572040845 
1573387200000,1065.9159114001407 
1573401600000,1063.5793739883093 
1573416000000,1049.9495724192932 
1573430400000,1057.3486075567591 
1573444800000,1034.7620792423895 
1573459200000,1019.9640089674579 
1573473600000,1043.329383085771 
1573488000000,1050.3389953212652 
1573502400000,1036.7091937522491 
1573516800000,1030.8678502226708 
1573531200000,1030.089004418727 
1573545600000,1036.7091937522491 
1573560000000,1024.6370837911206 
1573574400000,1032.8149647325301 
1573588800000,1039.0457311640805 
1573603200000,1030.478427320699 
1573617600000,1037.488039556193 
1573632000000,1053.0649556350684 
1573646400000,1049.5601495173214 
1573660800000,1067.86302591 
1573675200000,1082.661096184932 
1573689600000,1100.5745496756388 
1573704000000,1094.3437832440886 
1573718400000,1104.8582015973295 
1573732800000,1111.0889680288797 
1573747200000,1089.6707084204259 
1573761600000,1097.4591664598636 
1573776000000,1059.2957220666185 
1573790400000,1059.2957220666185 
1573804800000,1083.8293648908475 
1573819200000,1060.853413674506 
1573833600000,1060.0745678705623 
1573848000000,1072.1466778316908 
1573862400000,1084.997633596763 
1573876800000,1096.6803206559198 
1573891200000,1097.4591664598636 
1573905600000,1097.4591664598636 
1573920000000,1121.6033863821206 
1573934400000,1139.1274169708554 
1573948800000,1115.3726199505704 
1573963200000,1110.6995451269077 
1573977600000,1167.9447117167751 
1573992000000,1169.112980422691 
1574006400000,1167.9447117167751 
1574020800000,1161.3245223832532 
1574035200000,1144.18991469649 
1574049600000,1135.2331879511364 
1574064000000,1130.170690225502 
1574078400000,1121.6033863821206 
1574092800000,1107.5841619111325 
1574107200000,1121.2139634801485 
1574121600000,1124.7187695978955 
1574136000000,1077.9880213612691 
1574150400000,1040.9928456739399 
1574164800000,1047.6130350074618 
1574179200000,1053.4543785370402 
1574193600000,1070.1995633218314 
1574208000000,1070.1995633218314 
1574222400000,1059.6851449685905 
1574236800000,1035.5409250463333 
1574251200000,1035.9303479483053 
1574265600000,1011.7861280260482 
1574280000000,1005.5553615944981 
1574294400000,1009.4495906142168 
1574308800000,1006.7236303004137 
1574323200000,969.3390317111125 
1574337600000,947.1419262987149 
1574352000000,967.7813401032249 
1574366400000,962.3294194756185 
1574380800000,962.3294194756185 
1574395200000,934.6803934356144 
1574409600000,893.4015658265944 
1574424000000,881.3294558654659 
1574438400000,938.9640453573053 
1574452800000,952.5938469263214 
1574467200000,934.2909705336426 
1574481600000,923.7765521804016 
1574496000000,944.4159659849116 
1574510400000,965.8342255933654 
1574524800000,948.3101950046305 
1574539200000,959.9928820637871 
1574553600000,937.4063537494177 
1574568000000,935.8486621415302 
1574582400000,949.4784637105462 
1574596800000,909.7573277094136 
1574611200000,913.6515567291325 
1574625600000,892.6227200226506 
1574640000000,877.0458039437751 
1574654400000,895.7381032384258 
1574668800000,909.3679048074418 
1574683200000,941.6900056711083 
1574697600000,916.3775170429358 
1574712000000,896.5169490423694 
1574726400000,890.6756055127911 
1574740800000,906.6419444936386 
1574755200000,899.6323322581446 
1574769600000,887.560222297016 
1574784000000,894.1804116305382 
1574798400000,888.7284910029317 
1574812800000,875.8775352378593 
1574827200000,865.7525397865903 
1574841600000,876.6563810418031 
1574856000000,894.1804116305382 
1574870400000,910.1467506113855 
1574884800000,890.6756055127911 
1574899200000,880.5506100615221 
1574913600000,899.2429093561726 
1574928000000,896.5169490423694 
1574942400000,900.0217551601164 
1574956800000,907.8102131995543 
1574971200000,892.6227200226506 
1574985600000,909.7573277094136 
1575000000000,909.3679048074418 
1575014400000,915.598671238992 
1575028800000,919.103477356739 
1575043200000,932.3438560237831 
1575057600000,938.1851995533615 
1575072000000,926.5025124942048 
1575086400000,911.3150193173012 
1575100800000,903.5265612778635 
1575115200000,892.2332971206787 
1575129600000,884.8342619832127 
1575144000000,891.065028414763 
1575158400000,843.9448572761646 
1575172800000,850.9544695116587 
1575187200000,858.3535046491245 
1575201600000,847.8390862958835 
1575216000000,857.1852359432088 
1575230400000,860.300619158984 
1575244800000,840.8294740603895 
1575259200000,832.262170217008 
1575273600000,831.8727473150361 
1575288000000,828.3679411972892 
1575302400000,830.3150557071485 
1575316800000,835.3775534327831 
1575331200000,839.661205354474 
1575345600000,834.5987076288393 
1575360000000,854.4592756294056 
1575374400000,857.9640817471526 
1575388800000,854.8486985313775 
1575403200000,863.0265794727871 
1575417600000,829.5362099032047 
1575432000000,819.8006373539075 
1575446400000,820.1900602558795 
1575460800000,842.776588570249 
1575475200000,823.6948663736265 
1575489600000,805.3919899809478 
1575504000000,801.8871838632008 
1575518400000,798.7718006474257 
1575532800000,807.7285273927791 
1575547200000,815.9064083341887 
1575561600000,815.9064083341887 
1575576000000,824.4737121775703 
1575590400000,827.1996724913735 
1575604800000,827.1996724913735 
1575619200000,827.1996724913735 
1575633600000,837.7140908446145 
1575648000000,844.3342801781365 
1575662400000,854.4592756294056 
1575676800000,857.5746588451807 
1575691200000,853.2910069234899 
1575705600000,848.2285091978554 
1575720000000,834.2092847268674 
1575734400000,836.9352450406707 
1575748800000,830.3150557071485 
1575763200000,829.146787001233 
1575777600000,831.0939015110923 
1575792000000,840.4400511584176 
1575806400000,837.3246679426426 
1575820800000,834.9881305308112 
1575835200000,834.5987076288393 
1575849600000,830.7044786091204 
1575864000000,829.5362099032047 
1575878400000,830.3150557071485 
1575892800000,828.3679411972892 
1575907200000,829.9256328051767 
1575921600000,819.8006373539075 
1575936000000,785.1419990784096 
1575950400000,802.2766067651726 
1575964800000,791.7621884119317 
1575979200000,769.1756600975623 
1575993600000,777.7429639409437 
1576008000000,778.5218097448875 
1576022400000,781.6371929606626 
1576036800000,775.4064265291124 
1576051200000,787.8679593922128 
1576065600000,777.7429639409437 
1576080000000,780.0795013527751 
1576094400000,786.6996906862972 
1576108800000,774.6275807251686 
1576123200000,773.8487349212248 
1576137600000,775.4064265291124 
1576152000000,772.6804662153091 
1576166400000,775.4064265291124 
1576180800000,775.4064265291124 
1576195200000,789.8150739020723 
1576209600000,802.2766067651726 
1576224000000,799.9400693533413 
1576238400000,820.9689060598232 
1576252800000,834.5987076288393 
1576267200000,829.146787001233 
1576281600000,825.6419808834859 
1576296000000,840.0506282564457 
1576310400000,814.7381396282731 
1576324800000,798.3823777454537 
1576339200000,794.8775716277069 
1576353600000,797.2141090395381 
1576368000000,776.964118137 
1576382400000,799.5506464513695 
1576396800000,799.1612235493975 
1576411200000,811.622756412498 
1576425600000,818.6323686479919 
1576440000000,810.4544877065823 
1576454400000,817.0746770401043 
1576468800000,807.7285273927791 
1576483200000,799.5506464513695 
1576497600000,808.5073731967229 
1576512000000,776.1852723330562 
1576526400000,774.6275807251686 
1576540800000,778.5218097448875 
1576555200000,750.4833608029116 
1576569600000,761.7766249600963 
1576584000000,734.1275989200923 
1576598400000,706.8679957820601 
1576612800000,703.752612566285 
1576627200000,721.27664315502 
1576641600000,695.1853087229035 
1576656000000,703.752612566285 
1576670400000,722.4449118609357 
1576684800000,735.295867626008 
1576699200000,750.0939379009396 
1576713600000,741.5266340575582 
1576728000000,743.8631714693895 
1576742400000,729.4545240964296 
1576756800000,740.7477882536144 
1576771200000,748.1468233910803 
1576785600000,749.7045149989679 
1576800000000,736.4641363319236 
1576814400000,743.0843256654457 
1576828800000,748.1468233910803 
1576843200000,754.3775898226305 
1576857600000,766.8391226857309 
1576872000000,760.9977791561525 
1576886400000,759.8295104502369 
1576900800000,765.2814310778433 
1576915200000,770.7333517054498 
1576929600000,762.5554707640401 
1576944000000,757.1035501364337 
1576958400000,746.1997088812208 
1576972800000,751.2622066068553 
1576987200000,764.1131623719277 
1577001600000,759.8295104502369 
1577016000000,759.0506646462931 
1577030400000,767.2285455877028 
1577044800000,772.6804662153091 
1577059200000,762.1660478620682 
1577073600000,763.7237394699557 
1577088000000,767.2285455877028 
1577102400000,758.2718188423494 
1577116800000,746.9785546851646 
1577131200000,730.2333699003734 
1577145600000,736.4641363319236 
1577160000000,732.9593302141767 
1577174400000,743.0843256654457 
1577188800000,745.420863077277 
1577203200000,739.5795195476989 
1577217600000,739.9689424496706 
1577232000000,736.4641363319236 
1577246400000,736.0747134299518 
1577260800000,731.791061508261 
1577275200000,723.6131805668513 
1577289600000,725.170872174739 
1577304000000,722.4449118609357 
1577318400000,728.286255390514 
1577332800000,726.3391408806546 
1577347200000,725.170872174739 
1577361600000,751.2622066068553 
1577376000000,750.0939379009396 
1577390400000,740.3583653516425 
1577404800000,742.6949027634739 
1577419200000,744.2525943713614 
1577433600000,737.6324050378394 
1577448000000,743.4737485674176 
1577462400000,737.2429821358674 
1577476800000,757.8823959403775 
1577491200000,772.6804662153091 
1577505600000,782.0266158626346 
1577520000000,791.7621884119317 
1577534400000,795.2669945296786 
1577548800000,801.4977609612289 
1577563200000,818.6323686479919 
1577577600000,823.6948663736265 
1577592000000,838.1035137465864 
1577606400000,849.786200805743 
1577620800000,834.9881305308112 
1577635200000,851.3438924136304 
1577649600000,845.8919717860241 
1577664000000,836.5458221386988 
1577678400000,858.3535046491245 
1577692800000,861.4688878648996 
1577707200000,859.5217733550402 
1577721600000,835.3775534327831 
1577736000000,830.3150557071485 
1577750400000,835.3775534327831 
1577764800000,821.3583289617951 
1577779200000,819.8006373539075 
1577793600000,806.5602586868634 
1577808000000,807.3391044908072 
1577822400000,797.2141090395381 
1577836800000,806.1708357848914 
1577851200000,810.0650648046104 
1577865600000,825.6419808834859 
1577880000000,833.4304389229236 
1577894400000,845.5025488840521 
1577908800000,859.911196257012 
1577923200000,832.262170217008 
1577937600000,832.6515931189798 
1577952000000,839.271782452502 
1577966400000,849.3967779037711 
1577980800000,814.7381396282731 
1577995200000,806.9496815888352 
1578009600000,805.0025670789759 
1578024000000,828.7573640992609 
1578038400000,835.766976334755 
1578052800000,824.4737121775703 
1578067200000,830.7044786091204 
1578081600000,821.3583289617951 
1578096000000,814.3487167263012 
1578110400000,830.3150557071485 
1578124800000,823.3054434716546 
1578139200000,826.8102495894016 
1578153600000,829.5362099032047 
1578168000000,831.0939015110923 
1578182400000,840.0506282564457 
1578196800000,835.766976334755 
1578211200000,833.4304389229236 
1578225600000,844.3342801781365 
1578240000000,841.2188969623614 
1578254400000,827.9785182953173 
1578268800000,841.2188969623614 
1578283200000,841.2188969623614 
1578297600000,854.8486985313775 
1578312000000,839.271782452502 
1578326400000,837.7140908446145 
1578340800000,840.8294740603895 
1578355200000,854.8486985313775 
1578369600000,853.6804298254617 
1578384000000,859.1323504530682 
1578398400000,849.786200805743 
1578412800000,848.2285091978554 
1578427200000,849.786200805743 
1578441600000,852.901584021518 
1578456000000,850.1756237077149 
1578470400000,847.0602404919397 
1578484800000,835.3775534327831 
1578499200000,817.8535228440481 
1578513600000,806.9496815888352 
1578528000000,807.3391044908072 
1578542400000,812.4016022164418 
1578556800000,810.4544877065823 
1578571200000,823.3054434716546 
1578585600000,819.0217915499637 
1578600000000,819.0217915499637 
1578614400000,815.5169854322169 
1578628800000,815.5169854322169 
1578643200000,813.9592938243293 
1578657600000,822.9160205696827 
1578672000000,827.1996724913735 
1578686400000,827.1996724913735 
1578700800000,834.9881305308112 
1578715200000,836.9352450406707 
1578729600000,829.9256328051767 
1578744000000,836.1563992367269 
1578758400000,850.1756237077149 
1578772800000,831.4833244130642 
1578787200000,835.766976334755 
1578801600000,836.9352450406707 
1578816000000,839.271782452502 
1578830400000,843.5554343741927 
1578844800000,840.4400511584176 
1578859200000,837.7140908446145 
1578873600000,833.0410160209518 
1578888000000,828.7573640992609 
1578902400000,831.0939015110923 
1578916800000,827.5890953933454 
1578931200000,829.9256328051767 
1578945600000,826.4208266874297 
1578960000000,839.271782452502 
1578974400000,849.0073550017992 
1578988800000,848.2285091978554 
1579003200000,890.6756055127911 
1579017600000,906.6419444936386 
1579032000000,930.7861644158955 
1579046400000,939.742891161249 
1579060800000,956.877498848012 
1579075200000,1005.9447844964699 
1579089600000,952.2044240243494 
1579104000000,967.7813401032249 
1579118400000,955.3198072401244 
1579132800000,914.4304025330763 
1579147200000,924.5553979843454 
1579161600000,954.9303843381526 
1579176000000,945.8326865022854 
1579190400000,945.8326865022854 
1579204800000,945.8326865022854 
1579219200000,945.8326865022854 
1579233600000,945.8326865022854 
1579248000000,945.8326865022854 
1579262400000,945.8326865022854 
1579276800000,945.8326865022854 
1579291200000,945.8326865022854 
1579305600000,945.8326865022854 
1579320000000,945.8326865022854 
1579334400000,945.8326865022854 
1579348800000,945.8326865022854 
1579363200000,945.8326865022854 
1579377600000,945.8326865022854 
1579392000000,945.1351740644743 
1579406400000,943.6301171482663 
1579420800000,943.6301171482663 
1579435200000,943.6301171482663 
1579449600000,943.6301171482663 
1579464000000,943.6301171482663 
1579478400000,943.6301171482663 
1579492800000,943.6301171482663 
1579507200000,943.6301171482663 
1579521600000,943.6301171482663 
1579536000000,943.6301171482663 
1579550400000,943.6301171482663 
1579564800000,943.6301171482663 
1579579200000,943.6301171482663 
1579593600000,943.6301171482663 
1579608000000,943.6301171482663 
1579622400000,943.6301171482663 
1579636800000,943.6301171482663 
1579651200000,943.6301171482663 
1579665600000,943.6301171482663 
1579680000000,943.6301171482663 
1579694400000,943.6301171482663 
1579708800000,943.6301171482663 
1579723200000,943.6301171482663 
1579737600000,943.6301171482663 
1579752000000,943.6301171482663 
1579766400000,942.9326047104553 
1579780800000,941.6927819092635 
1579795200000,941.6927819092635 
1579809600000,941.6927819092635 
1579824000000,941.6927819092635 
1579838400000,941.6927819092635 
1579852800000,941.6927819092635 
1579867200000,940.9952694714525 
1579881600000,941.7068659293177 
1579896000000,941.0093534915068 
1579910400000,937.2451205632805 
1579924800000,936.5476081254694 
1579939200000,937.3840416480255 
1579953600000,936.6865292102145 
1579968000000,937.7631618572559 
1579982400000,937.065649419445 
1579996800000,937.1095590299053 
1580011200000,936.4120465920944 
1580025600000,938.4456712352519 
1580040000000,937.748158797441 
1580054400000,938.9296912120695 
1580068800000,938.2321787742585 
1580083200000,938.3148858064734 
1580097600000,937.6173733686624 
1580112000000,938.2583414605339 
1580126400000,937.5608290227228 
1580140800000,940.0799850673175 
1580155200000,939.3824726295065 
1580169600000,938.6984151195429 
1580184000000,938.000902681732 
1580198400000,937.9357298933826 
1580212800000,937.2382174555717 
1580227200000,936.4963232817936 
1580241600000,935.7988108439827 
1580256000000,935.6443565564254 
1580270400000,934.9468441186144 
1580284800000,933.2398809443117 
1580299200000,932.5423685065008 
1580313600000,932.2982665819726 
1580328000000,932.2982665819726 
1580342400000,931.6007541441616 
1580356800000,933.5077704687168 
1580371200000,932.8102580309059 
1580385600000,933.4747616000168 
1580400000000,932.7772491622059 
1580414400000,933.8854620695258 
1580428800000,933.1879496317149 
1580443200000,931.8363149479907 
1580457600000,931.1388025101797 
1580472000000,931.4919948432317 
1580486400000,930.7944824054207 
1580500800000,931.8779947330813 
1580515200000,931.8779947330813 
1580529600000,931.8779947330813 
1580544000000,931.8779947330813 
1580558400000,931.1804822952704 
1580572800000,932.7330991296872 
1580587200000,932.0355866918762 
1580601600000,930.5503820762763 
1580616000000,929.8528696384653 
1580630400000,930.4920548762037 
1580644800000,929.7945424383927 
1580659200000,930.5647817476141 
1580673600000,929.8672693098032 
1580688000000,929.7568885940157 
1580702400000,929.0593761562047 
1580716800000,927.8941276530328 
1580731200000,927.1966152152218 
1580745600000,927.2602020847526 
1580760000000,926.5626896469416 
1580774400000,924.7135628904387 
1580788800000,924.0160504526277 
1580803200000,920.3858275832348 
1580817600000,919.6883151454238 
1580832000000,917.8785480845401 
1580846400000,917.1810356467291 
1580860800000,916.4902263831009 
1580875200000,915.79271394529 
1580889600000,915.2723384763563 
1580904000000,914.5748260385453 
1580918400000,915.0111092367088 
1580932800000,914.3135967988978 
1580947200000,915.7742600564263 
1580961600000,915.0767476186154 
1580976000000,916.3817711567369 
1580990400000,915.684258718926 
1581004800000,916.1337974256994 
1581019200000,915.4362849878885 
1581033600000,915.3873986561307 
1581048000000,914.6898862183198 
1581062400000,915.1700084037452 
1581076800000,914.4724959659343 
1581091200000,913.2999274360347 
1581105600000,912.6024149982238 
1581120000000,907.6872491859477 
1581134400000,907.6872491859477 
1581148800000,907.6872491859477 
1581163200000,907.6872491859477 
1581177600000,907.6872491859477 
1581192000000,906.9897367481368 
1581206400000,907.7209751696125 
1581220800000,907.0234627318016 
1581235200000,906.1650205676225 
1581249600000,906.1650205676225 
1581264000000,906.1650205676225 
1581278400000,905.4675081298114 
1581292800000,901.9028967842072 
1581307200000,901.2053843463963 
1581321600000,897.8103187806241 
1581336000000,897.1128063428132 
1581350400000,895.5178177598918 
1581364800000,894.8203053220809 
1581379200000,900.1506988091908 
1581393600000,899.4531863713798 
1581408000000,899.4295672715416 
1581422400000,898.7320548337307 
1581436800000,903.8941764767505 
1581451200000,903.1966640389396 
1581465600000,902.7279042724072 
1581480000000,902.0303918345962 
1581494400000,905.9457174273813 
1581508800000,905.2482049895704 
1581523200000,904.1574432753703 
1581537600000,903.4599308375593 
1581552000000,905.2215079470759 
1581566400000,904.523995509265 
1581580800000,899.2085764928757 
1581595200000,898.5110640550647 
1581609600000,897.2970877775339 
1581624000000,896.599575339723 
1581638400000,896.9026102158981 
1581652800000,896.2050977780871 
1581667200000,897.8152655626461 
1581681600000,897.1177531248352 
1581696000000,896.3757570902125 
1581710400000,895.6782446524014 
1581724800000,893.6597930339268 
1581739200000,892.9622805961158 
1581753600000,893.9254750270819 
1581768000000,893.9254750270819 
1581782400000,893.227962589271 
1581796800000,890.7009893379627 
1581811200000,890.0034769001518 
1581825600000,889.8389283728369 
1581840000000,889.8389283728369 
1581854400000,889.8389283728369 
1581868800000,889.1414159350259 
1581883200000,892.3573021156897 
1581897600000,891.6597896778787 
1581912000000,892.0166618543813 
1581926400000,891.3191494165703 
1581940800000,894.9146677598134 
1581955200000,894.2171553220023 
1581969600000,895.4890336818174 
1581984000000,895.4890336818174 
1581998400000,895.4890336818174 
1582012800000,895.4890336818174 
1582027200000,894.7915212440064 
1582041600000,899.5067282004267 
1582056000000,899.5067282004267 
1582070400000,898.8092157626157 
1582084800000,895.4566068944653 
1582099200000,894.7590944566543 
1582113600000,894.2782775408784 
1582128000000,893.5807651030675 
1582142400000,885.3654405876644 
1582156800000,884.6679281498534 
1582171200000,884.8196811587492 
1582185600000,884.8196811587492 
1582200000000,884.8196811587492 
1582214400000,884.1221687209382 
1582228800000,886.3035908154199 
1582243200000,886.3035908154199 
1582257600000,885.6060783776089 
1582272000000,885.9732278071998 
1582286400000,885.2757153693889 
1582300800000,883.367144451523 
1582315200000,883.367144451523 
1582329600000,882.6696320137121 
1582344000000,881.4180681953768 
1582358400000,880.7205557575659 
1582372800000,880.780828804862 
1582387200000,880.0833163670511 
1582401600000,881.4411409061696 
1582416000000,880.7436284683586 
1582430400000,879.3156199958696 
1582444800000,878.6181075580587 
1582459200000,879.3593394901679 
1582473600000,879.3593394901679 
1582488000000,879.3593394901679 
1582502400000,878.661827052357 
1582516800000,877.3801901242157 
1582531200000,877.3801901242157 
1582545600000,877.3801901242157 
1582560000000,877.3801901242157 
1582574400000,876.6826776864048 
1582588800000,874.134889292199 
1582603200000,873.437376854388 
1582617600000,873.8044340764211 
1582632000000,873.1069216386102 
1582646400000,871.2065197616597 
1582660800000,870.5090073238488 
1582675200000,865.771375129341 
1582689600000,865.0738626915299 
1582704000000,864.787211218094 
1582718400000,864.089698780283 
1582732800000,867.0717245844099 
1582747200000,866.3742121465989 
1582761600000,864.82106877256 
1582776000000,864.82106877256 
1582790400000,864.1235563347491 
1582804800000,864.6755118596158 
1582819200000,863.9779994218047 
1582833600000,860.2900710356284 
1582848000000,859.5925585978175 
1582862400000,855.3349483814626 
1582876800000,855.3349483814626 
1582891200000,854.6374359436517 
1582905600000,850.5636126824621 
1582920000000,849.8661002446511 
1582934400000,849.8491364841685 
1582948800000,849.8491364841685 
1582963200000,849.8491364841685 
1582977600000,849.1516240463575 
1582992000000,848.9526190712331 
1583006400000,848.9526190712331 
1583020800000,848.9526190712331 
1583035200000,848.9526190712331 
1583049600000,848.2551066334222 
