,close,date,high,low,open,quoteVolume,volume,weightedAverage,avg_vol_3,avg_vol_13,avg_vol_34,avg_close_3,avg_close_13,avg_close_34
0,3.465e-05,1558042921,3.465e-05,3.465e-05,3.465e-05,0.0,0.0,3.465e-05,-99999.0,-99999.0,-99999.0,-99999.0,-99999.0,-99999.0
1,3.465e-05,1558044000,3.465e-05,3.465e-05,3.465e-05,70.25409187,0.0024343,3.465e-05,-99999.0,-99999.0,-99999.0,-99999.0,-99999.0,-99999.0
2,3.465e-05,1558051200,3.465e-05,3.465e-05,3.465e-05,2513.03560792,0.08707668,3.465e-05,0.029836993333333336,-99999.0,-99999.0,3.465e-05,-99999.0,-99999.0
3,3.413e-05,1558058400,3.465e-05,3.41e-05,3.465e-05,3065.71075544,0.10614017,3.462e-05,0.06521705,-99999.0,-99999.0,3.447666666666667e-05,-99999.0,-99999.0
4,3.4e-05,1558065600,3.465e-05,3.4e-05,3.465e-05,1131.78856619,0.0389597,3.442e-05,0.07739218333333332,-99999.0,-99999.0,3.426000000000001e-05,-99999.0,-99999.0
5,3.363e-05,1558072800,3.463e-05,3.362e-05,3.45e-05,246.86311204,0.00844011,3.418e-05,0.05117999333333332,-99999.0,-99999.0,3.392e-05,-99999.0,-99999.0
6,3.438e-05,1558080000,3.438e-05,3.438e-05,3.438e-05,18.8356672,0.00064757,3.438e-05,0.016015793333333316,-99999.0,-99999.0,3.4003333333333334e-05,-99999.0,-99999.0
7,3.376e-05,1558087200,3.396e-05,3.363e-05,3.396e-05,142.98648918,0.00482714,3.375e-05,0.004638273333333315,-99999.0,-99999.0,3.3923333333333334e-05,-99999.0,-99999.0
8,3.362e-05,1558094400,3.45e-05,3.362e-05,3.447e-05,149.61598383,0.00503841,3.367e-05,0.0035043733333333152,-99999.0,-99999.0,3.392000000000001e-05,-99999.0,-99999.0
9,3.35e-05,1558101600,3.362e-05,3.35e-05,3.362e-05,312.0,0.01047845,3.358e-05,0.0067813333333333154,-99999.0,-99999.0,3.362666666666667e-05,-99999.0,-99999.0
10,3.387e-05,1558108800,3.4e-05,3.35e-05,3.35e-05,1780.69619461,0.06030535,3.386e-05,0.025274069999999985,-99999.0,-99999.0,3.3663333333333333e-05,-99999.0,-99999.0
11,3.333e-05,1558116000,3.4e-05,3.333e-05,3.4e-05,3171.03857004,0.10763435,3.394e-05,0.059472716666666654,-99999.0,-99999.0,3.356666666666667e-05,-99999.0,-99999.0
12,3.299e-05,1558123200,3.373e-05,3.255e-05,3.331e-05,2777.40794958,0.09225972,3.321e-05,0.08673313999999999,0.04032630384615384,-99999.0,3.3396666666666665e-05,3.393538461538461e-05,-99999.0
13,3.4e-05,1558130400,3.4e-05,3.4e-05,3.4e-05,4.0,0.000136,3.4e-05,0.06667669,0.040336765384615385,-99999.0,3.3440000000000005e-05,3.388538461538461e-05,-99999.0
14,3.59e-05,1558137600,3.59e-05,3.4e-05,3.4e-05,3355.8542395,0.11758804,3.503e-05,0.06999458666666665,0.049194745384615386,-99999.0,3.429666666666667e-05,3.398153846153846e-05,-99999.0
15,3.402e-05,1558144800,3.59e-05,3.375e-05,3.59e-05,710.69312973,0.02434247,3.425e-05,0.047355503333333326,0.04436903692307692,-99999.0,3.464000000000001e-05,3.393307692307692e-05,-99999.0
16,3.437e-05,1558152000,3.495e-05,3.302e-05,3.495e-05,1056.83084864,0.03563131,3.371e-05,0.059187273333333325,0.03894527846153846,-99999.0,3.476333333333333e-05,3.395153846153846e-05,-99999.0
17,3.4e-05,1558159200,3.45e-05,3.372e-05,3.437e-05,556.50680301,0.01878855,3.376e-05,0.026254109999999997,0.03739365153846154,-99999.0,3.413e-05,3.395153846153846e-05,-99999.0
18,3.4e-05,1558166400,3.4e-05,3.3e-05,3.4e-05,109.8882353,0.00367235,3.341e-05,0.019364069999999997,0.03702690076923077,-99999.0,3.412333333333334e-05,3.3979999999999997e-05,-99999.0
19,3.4e-05,1558173600,3.4e-05,3.301e-05,3.4e-05,74.05814281,0.00249574,3.369e-05,0.008318879999999999,0.0371690676923077,-99999.0,3.4000000000000007e-05,3.395076923076923e-05,-99999.0
20,3.4e-05,1558180800,3.4e-05,3.367e-05,3.4e-05,16.17528144,0.00054707,3.382e-05,0.0022383866666666648,0.036839831538461536,-99999.0,3.4000000000000007e-05,3.396923076923077e-05,-99999.0
21,3.339e-05,1558188000,3.4e-05,3.257e-05,3.369e-05,634.64796839,0.0208017,3.277e-05,0.007948169999999997,0.038052392307692307,-99999.0,3.3796666666666675e-05,3.395153846153846e-05,-99999.0
22,3.334e-05,1558195200,3.398e-05,3.268e-05,3.268e-05,254.82032318,0.00852558,3.345e-05,0.009958116666666664,0.03790217153846154,-99999.0,3.3576666666666666e-05,3.393923076923077e-05,-99999.0
23,3.359e-05,1558202400,3.398e-05,3.318e-05,3.381e-05,223.09623435,0.00749693,3.36e-05,0.012274736666666666,0.033839985384615384,-99999.0,3.344e-05,3.3917692307692315e-05,-99999.0
24,3.354e-05,1558209600,3.354e-05,3.3e-05,3.309e-05,162.68853062,0.00537102,3.301e-05,0.007131176666666665,0.025973575384615383,-99999.0,3.349e-05,3.3933846153846157e-05,-99999.0
25,3.36e-05,1558216800,3.36e-05,3.348e-05,3.348e-05,725.47707552,0.02435494,3.357e-05,0.012407629999999998,0.020750130769230768,-99999.0,3.3576666666666666e-05,3.3980769230769234e-05,-99999.0
26,3.303e-05,1558224000,3.382e-05,3.303e-05,3.36e-05,3414.72273274,0.11435412,3.348e-05,0.048026693333333335,0.029536139999999995,-99999.0,3.339e-05,3.390615384615385e-05,-99999.0
27,3.302e-05,1558231200,3.361e-05,3.302e-05,3.361e-05,283.03581,0.00941454,3.326e-05,0.04937453333333333,0.021215101538461536,-99999.0,3.321666666666666e-05,3.368461538461539e-05,-99999.0
28,3.306e-05,1558238400,3.497e-05,3.306e-05,3.376e-05,1283.9858273,0.04411366,3.435e-05,0.05596077333333333,0.022735962307692308,-99999.0,3.3036666666666655e-05,3.3610769230769236e-05,-99999.0
29,3.306e-05,1558245600,3.306e-05,3.305e-05,3.306e-05,1753.2,0.0579507,3.305e-05,0.03715963333333333,0.024452838461538458,-99999.0,3.3046666666666656e-05,3.351e-05,-99999.0
30,3.305e-05,1558252800,3.395e-05,3.305e-05,3.305e-05,65.11164037,0.00215857,3.315e-05,0.034740976666666666,0.023173609230769228,-99999.0,3.305666666666665e-05,3.343692307692308e-05,-99999.0
31,3.303e-05,1558260000,3.378e-05,3.303e-05,3.305e-05,1676.11704009,0.05549609,3.31e-05,0.03853512,0.027160050769230767,-99999.0,3.3046666666666656e-05,3.33623076923077e-05,-99999.0
32,3.304e-05,1558267200,3.305e-05,3.303e-05,3.304e-05,250.21837037,0.0082655,3.303e-05,0.02197338666666666,0.02760387846153846,-99999.0,3.303999999999999e-05,3.3288461538461546e-05,-99999.0
33,3.304e-05,1558274400,3.304e-05,3.304e-05,3.304e-05,116.27185711,0.00384162,3.304e-05,0.022534403333333328,0.02785730538461538,0.03204671911764706,3.303666666666666e-05,3.3214615384615394e-05,3.3742352941176464e-05
34,3.3e-05,1558281600,3.31e-05,3.3e-05,3.31e-05,732.23767867,0.02419111,3.303e-05,0.012099409999999996,0.02811802923076923,0.03275822235294118,3.302666666666667e-05,3.318461538461539e-05,3.3693823529411756e-05
35,3.39e-05,1558288800,3.39e-05,3.269e-05,3.3e-05,1833.40059192,0.06202403,3.383e-05,0.03001892,0.032233294615384614,0.03451086147058823,3.331333333333333e-05,3.322769230769232e-05,3.367176470588234e-05
36,3.39e-05,1558296000,3.39e-05,3.39e-05,3.39e-05,0.0,0.0,3.39e-05,0.028738379999999997,0.031656607692307694,0.03194978264705882,3.36e-05,3.325153846153847e-05,3.3649705882352925e-05
37,3.39e-05,1558303200,3.39e-05,3.39e-05,3.39e-05,0.0,0.0,3.39e-05,0.020674676666666666,0.031243452307692307,0.028828012941176467,3.389999999999999e-05,3.327923076923078e-05,3.364294117647057e-05
38,3.261e-05,1558310400,3.272e-05,3.261e-05,3.268e-05,47.09610832,0.00153864,3.267e-05,0.0005128799999999956,0.029488352307692308,0.02772739352941176,3.346999999999998e-05,3.320307692307693e-05,3.3602058823529396e-05
39,3.26e-05,1558317600,3.279e-05,3.26e-05,3.279e-05,1467.18497172,0.04805047,3.275e-05,0.01652970333333333,0.02438807153846154,0.028892404117647055,3.303666666666665e-05,3.317000000000001e-05,3.357176470588234e-05
40,3.26e-05,1558324800,3.332e-05,3.26e-05,3.332e-05,321.46618179,0.01048552,3.261e-05,0.02002487666666666,0.024470454615384614,0.02918175558823529,3.260333333333331e-05,3.313769230769232e-05,3.3519411764705864e-05
41,3.25e-05,1558332000,3.26e-05,3.25e-05,3.26e-05,2158.23111653,0.07030841,3.257e-05,0.042948133333333326,0.026485435384615383,0.031107675294117648,3.256666666666665e-05,3.309461538461539e-05,3.348235294117645e-05
42,3.098e-05,1558339200,3.286e-05,3.098e-05,3.251e-05,2025.76405076,0.06433397,3.175e-05,0.04837596666666666,0.026976456153846154,0.03285166235294118,3.202666666666664e-05,3.293461538461539e-05,3.3404705882352916e-05
43,3.098e-05,1558346400,3.199e-05,3.098e-05,3.199e-05,550.09462058,0.01704536,3.098e-05,0.050562579999999996,0.028121593846153845,0.033044806764705885,3.1486666666666644e-05,3.277538461538462e-05,3.333058823529409e-05
44,3.261e-05,1558353600,3.261e-05,3.098e-05,3.2e-05,66.15857573,0.00211339,3.194e-05,0.02783090666666666,0.024015232307692307,0.03133327852941177,3.152333333333331e-05,3.274307692307693e-05,3.329352941176467e-05
45,3.2e-05,1558360800,3.2e-05,3.2e-05,3.2e-05,2336.34803323,0.07476313,3.2e-05,0.031307293333333326,0.029130434615384615,0.030366477941176476,3.18633333333333e-05,3.266307692307693e-05,3.3254411764705846e-05
46,3.205e-05,1558368000,3.205e-05,3.205e-05,3.205e-05,195.53187351,0.00626679,3.205e-05,0.027714436666666658,0.029316986153846154,0.02783727411764706,3.2219999999999966e-05,3.258692307692308e-05,3.322676470588231e-05
47,3.206e-05,1558375200,3.206e-05,3.205e-05,3.205e-05,701.3609816,0.02248017,3.205e-05,0.03450336333333332,0.029185375384615388,0.028494455588235296,3.203666666666664e-05,3.251461538461539e-05,3.31697058823529e-05
48,3.3e-05,1558382400,3.3e-05,3.207e-05,3.207e-05,891.10453176,0.02907368,3.262e-05,0.019273546666666655,0.02665073307692308,0.025891092058823534,3.236999999999998e-05,3.244538461538462e-05,3.3084411764705846e-05
49,3.3e-05,1558389600,3.3e-05,3.3e-05,3.3e-05,0.0,0.0,3.3e-05,0.017184616666666656,0.02665073307692308,0.025175137058823533,3.268666666666665e-05,3.237615384615385e-05,3.305441176470585e-05
50,3.247e-05,1558396800,3.259e-05,3.15e-05,3.259e-05,1515.75945395,0.04799205,3.166e-05,0.025688576666666657,0.030342429230769234,0.02553868823529412,3.282333333333332e-05,3.2266153846153847e-05,3.299852941176467e-05
51,3.151e-05,1558404000,3.235e-05,3.151e-05,3.235e-05,1127.0,0.03597965,3.192e-05,0.027990566666666657,0.0329917376923077,0.026044308823529413,3.2326666666666656e-05,3.218153846153846e-05,3.292529411764702e-05
52,3.151e-05,1558411200,3.247e-05,3.151e-05,3.247e-05,63.7973514,0.00201773,3.162e-05,0.02866314333333332,0.0294507576923077,0.02599564352941177,3.182999999999999e-05,3.209769230769231e-05,3.285205882352938e-05
53,3.15e-05,1558418400,3.151e-05,3.15e-05,3.151e-05,421.27255691,0.01327047,3.15e-05,0.01708928333333332,0.029664984615384617,0.026312547352941182,3.150666666666666e-05,3.2013076923076924e-05,3.2778529411764675e-05
54,3.176e-05,1558425600,3.202e-05,3.151e-05,3.151e-05,1733.4412814,0.05541154,3.196e-05,0.023566579999999986,0.02851907153846154,0.027926208235294125,3.1589999999999994e-05,3.195615384615385e-05,3.27126470588235e-05
55,3.199e-05,1558432800,3.235e-05,3.199e-05,3.235e-05,16.41527192,0.00052923,3.224e-05,0.02307041333333332,0.023611014615384614,0.027329959117647067,3.174999999999999e-05,3.203384615384616e-05,3.267147058823527e-05
56,3.122e-05,1558440000,3.19e-05,3.097e-05,3.19e-05,16618.98478182,0.51725176,3.112e-05,0.19106417666666664,0.062088429999999986,0.04229249382352942,3.1656666666666665e-05,3.205230769230769e-05,3.2609117647058794e-05
57,3.18e-05,1558447200,3.248e-05,3.006e-05,3.122e-05,6278.36811321,0.19491884,3.104e-05,0.23756660999999998,0.07691961846153844,0.04780490294117647,3.167e-05,3.1990000000000004e-05,3.255647058823527e-05
58,3.005e-05,1558454400,3.108e-05,3.001e-05,3.044e-05,354.38102119,0.01086491,3.065e-05,0.24101183666666662,0.07200437076923075,0.04796648794117647,3.102333333333333e-05,3.184e-05,3.2453823529411734e-05
59,3.011e-05,1558461600,3.198e-05,3.011e-05,3.153e-05,490.58951128,0.01524517,3.107e-05,0.07367630666666665,0.07269501538461537,0.04769855352941177,3.0653333333333333e-05,3.1690769230769234e-05,3.235117647058821e-05
60,3.019e-05,1558468800,3.17e-05,3.011e-05,3.165e-05,329.50979222,0.01003503,3.045e-05,0.012048369999999984,0.07173769692307691,0.04463034500000001,3.0116666666666662e-05,3.154692307692308e-05,3.22676470588235e-05
61,3.191e-05,1558476000,3.239e-05,3.02e-05,3.105e-05,6965.67013942,0.21797262,3.129e-05,0.0810842733333333,0.0862683846153846,0.05076440617647059,3.073666666666666e-05,3.146307692307693e-05,3.223499999999998e-05
62,3.2e-05,1558483200,3.241e-05,3.185e-05,3.189e-05,1611.71140925,0.05193491,3.222e-05,0.09331418666666665,0.09026337769230766,0.05099444294117647,3.136666666666666e-05,3.1386153846153855e-05,3.220382352941174e-05
63,3.187e-05,1558490400,3.206e-05,3.186e-05,3.206e-05,2079.95202953,0.06641476,3.193e-05,0.11210743,0.09168050923076922,0.05124338588235294,3.192666666666666e-05,3.134000000000001e-05,3.2168823529411746e-05
64,3.181e-05,1558497600,3.225e-05,3.181e-05,3.186e-05,1548.73744966,0.04929123,3.182e-05,0.055880299999999994,0.0927044769230769,0.0526296405882353,3.189333333333333e-05,3.136307692307693e-05,3.213235294117645e-05
65,3.182e-05,1558504800,3.23e-05,3.181e-05,3.23e-05,182.16323104,0.00580704,3.187e-05,0.04050434333333333,0.09299596230769229,0.05116819794117648,3.183333333333333e-05,3.1386923076923086e-05,3.209676470588233e-05
66,3.05e-05,1558512000,3.239e-05,3.04e-05,3.182e-05,13898.47210536,0.43010229,3.094e-05,0.16173352,0.12505994846153845,0.0635751623529412,3.137666666666667e-05,3.1310000000000003e-05,3.202205882352938e-05
67,3.022e-05,1558519200,3.183e-05,3.02e-05,3.047e-05,2134.81850278,0.06507235,3.048e-05,0.16699389333333334,0.1258030876923077,0.0653760661764706,3.084666666666666e-05,3.1191538461538466e-05,3.1939117647058796e-05
68,3.023e-05,1558526400,3.205e-05,3.02e-05,3.02e-05,533.33786335,0.01644944,3.084e-05,0.17054136,0.12702771923076922,0.06514837000000002,3.0316666666666654e-05,3.1056153846153856e-05,3.1857647058823504e-05
69,3.158e-05,1558533600,3.168e-05,3.011e-05,3.114e-05,170.10354052,0.00518797,3.049e-05,0.02890325333333336,0.08763819692307691,0.06347672117647062,3.067666666666665e-05,3.108384615384617e-05,3.178941176470586e-05
70,3.158e-05,1558540800,3.158e-05,3.158e-05,3.158e-05,22.54351781,0.00071192,3.158e-05,0.007449776666666695,0.07269920307692307,0.06349766000000003,3.112999999999999e-05,3.106692307692309e-05,3.1721176470588214e-05
71,3.011e-05,1558548000,3.186e-05,3.011e-05,3.161e-05,1379.37635582,0.04157511,3.014e-05,0.01582500000000003,0.07506152615384615,0.06472045735294121,3.108999999999999e-05,3.1071538461538474e-05,3.1609705882352924e-05
72,3.025e-05,1558555200,3.199e-05,3.024e-05,3.094e-05,998.33809213,0.0318373,3.189e-05,0.02470811000000003,0.07633784384615384,0.06561159441176473,3.064666666666665e-05,3.108230769230771e-05,3.154029411764704e-05
73,3.089e-05,1558562400,3.089e-05,3.011e-05,3.011e-05,850.37585129,0.02561702,3.012e-05,0.03300981000000003,0.07753645846153846,0.06495178705882354,3.0416666666666656e-05,3.113615384615386e-05,3.148999999999998e-05
74,3.012e-05,1558569600,3.012e-05,3.012e-05,3.012e-05,60.0,0.0018072,3.012e-05,0.019753840000000026,0.060908349230769224,0.0646965423529412,3.0419999999999987e-05,3.099846153846155e-05,3.141705882352939e-05
75,3.011e-05,1558576800,3.075e-05,3.011e-05,3.06e-05,857.64459664,0.02601697,3.033e-05,0.017813730000000028,0.058914661538461525,0.0633938529411765,3.037333333333332e-05,3.085307692307694e-05,3.134676470588234e-05
76,3.011e-05,1558584000,3.097e-05,3.011e-05,3.082e-05,109.09419043,0.00333793,3.059e-05,0.010387366666666694,0.05406259769230769,0.0615998517647059,3.011333333333332e-05,3.0717692307692325e-05,3.1321176470588224e-05
77,3.012e-05,1558591200,3.012e-05,3.012e-05,3.012e-05,1622.45945314,0.04886847,3.012e-05,0.026074456666666693,0.05403007769230768,0.06253582558823531,3.011333333333332e-05,3.058769230769233e-05,3.129588235294117e-05
78,3.054e-05,1558598400,3.054e-05,3.009e-05,3.012e-05,4665.52848116,0.14047864,3.01e-05,0.06422834666666669,0.06438943153846152,0.06660539176470591,3.0256666666666647e-05,3.048923076923079e-05,3.123499999999999e-05
79,3.076e-05,1558605600,3.081e-05,3.072e-05,3.081e-05,131.47673971,0.00404807,3.078e-05,0.06446506000000002,0.03161602999999998,0.06452553705882355,3.047333333333331e-05,3.0509230769230794e-05,3.119852941176469e-05
80,3.02e-05,1558612800,3.054e-05,2.897e-05,3.054e-05,4349.26290422,0.12931671,2.973e-05,0.09128114000000002,0.03655790384615383,0.06814465235294119,3.049999999999998e-05,3.050769230769233e-05,3.114411764705881e-05
81,3.012e-05,1558620000,3.05e-05,2.902e-05,3.02e-05,66.04484223,0.0019966,3.023e-05,0.04512046000000003,0.03544614692307691,0.06754219441176472,3.0359999999999977e-05,3.049923076923079e-05,3.10870588235294e-05
82,3.04e-05,1558627200,3.04e-05,3.012e-05,3.012e-05,9.59835526,0.00029066,3.028e-05,0.04386799000000003,0.035069430769230754,0.066695635,3.0239999999999978e-05,3.0408461538461557e-05,3.101058823529411e-05
83,3.048e-05,1558634400,3.05e-05,3.01e-05,3.011e-05,259.24116576,0.00786904,3.035e-05,0.0033854333333333633,0.03561997846153845,0.06692707735294119,3.0333333333333313e-05,3.032384615384617e-05,3.093647058823528e-05
84,3.05e-05,1558641600,3.05e-05,3.005e-05,3.005e-05,461.22749367,0.01386233,3.005e-05,0.007340676666666696,0.03348822615384614,0.06592326205882354,3.0459999999999976e-05,3.0353846153846167e-05,3.0878529411764696e-05
85,3.12e-05,1558648800,3.121e-05,3.05e-05,3.05e-05,294.02016796,0.00907424,3.086e-05,0.010268536666666696,0.03173722153846153,0.06513192647058824,3.072666666666664e-05,3.042692307692309e-05,3.086941176470587e-05
86,2.9e-05,1558656000,3.121e-05,2.9e-05,3.121e-05,2382.84703973,0.0704824,2.957e-05,0.0311396566666667,0.035188404615384604,0.06714559323529412,3.023333333333331e-05,3.0281538461538473e-05,3.07955882352941e-05
87,2.93e-05,1558663200,2.931e-05,2.93e-05,2.931e-05,153.03345363,0.00448413,2.93e-05,0.028013590000000033,0.035394322307692294,0.06688717147058823,2.9833333333333314e-05,3.021846153846155e-05,3.073088235294116e-05
88,3.05e-05,1558670400,3.05e-05,2.93e-05,2.988e-05,782.55358857,0.02298929,2.937e-05,0.03265194000000003,0.03516142384615383,0.06593357588235293,2.9599999999999977e-05,3.024846153846155e-05,3.0693823529411744e-05
89,3.046e-05,1558677600,3.05e-05,2.92e-05,3.05e-05,129.57135865,0.00383015,2.956e-05,0.010434523333333367,0.0351992869230769,0.06603066176470587,3.0086666666666647e-05,3.0275384615384623e-05,3.064882352941174e-05
90,3.049e-05,1558684800,3.05e-05,2.9e-05,3.044e-05,3950.37179443,0.11593497,2.934e-05,0.04758480333333336,0.04035824846153845,0.05422722676470588,3.0483333333333316e-05,3.030384615384616e-05,3.0627352941176444e-05
91,2.957e-05,1558692000,3.05e-05,2.95e-05,2.952e-05,1436.58051792,0.0424734,2.956e-05,0.054079506666666693,0.032819383846153835,0.04974353735294118,3.0173333333333318e-05,3.022923076923077e-05,3.056176470588233e-05
92,2.95e-05,1558699200,2.957e-05,2.95e-05,2.953e-05,589.73824822,0.01739906,2.95e-05,0.05860247666666669,0.033846383076923066,0.04993571823529412,2.9853333333333317e-05,3.0132307692307694e-05,3.054558823529409e-05
93,3.03e-05,1558706400,3.03e-05,2.955e-05,2.957e-05,590.80985995,0.01787381,3.025e-05,0.025915423333333354,0.025273852307692298,0.05001303117647059,2.9789999999999984e-05,3.0140000000000003e-05,3.055117647058821e-05
94,3.049e-05,1558713600,3.054e-05,2.902e-05,3.054e-05,1233.38241145,0.03740198,3.032e-05,0.024224950000000023,0.027997343076923066,0.05081794147058823,3.009666666666665e-05,3.016846153846154e-05,3.055999999999997e-05
95,3.049e-05,1558720800,3.06e-05,3.049e-05,3.049e-05,52.5009039,0.00160331,3.053e-05,0.01895970000000002,0.028098316153846146,0.044454138235294115,3.042666666666665e-05,3.0175384615384617e-05,3.051823529411762e-05
96,3.069e-05,1558728000,3.069e-05,2.904e-05,3.019e-05,2160.53839145,0.06613614,3.061e-05,0.03504714333333335,0.03258040076923076,0.044871821470588234,3.0556666666666645e-05,3.0191538461538462e-05,3.047970588235292e-05
97,3.035e-05,1558735200,3.035e-05,2.911e-05,2.911e-05,24.18777657,0.00071789,2.968e-05,0.02281911333333335,0.03156928999999999,0.04293956058823529,3.050999999999998e-05,3.0180000000000002e-05,3.0434999999999975e-05
98,3.035e-05,1558742400,3.035e-05,2.904e-05,2.908e-05,88.63827772,0.00258148,2.912e-05,0.023145170000000017,0.03106984692307692,0.0415657444117647,3.0463333333333313e-05,3.0114615384615387e-05,3.0392058823529387e-05
99,3e-05,1558749600,3.035e-05,2.911e-05,3.034e-05,911.88756535,0.02733859,2.998e-05,0.010212653333333349,0.0277510923076923,0.04219902529411764,3.023333333333331e-05,3.0191538461538466e-05,3.0338529411764688e-05
100,3.049e-05,1558756800,3.049e-05,2.933e-05,3e-05,1668.85799389,0.04973585,2.98e-05,0.02655197333333335,0.03123199384615384,0.031011777058823527,3.0279999999999978e-05,3.0283076923076925e-05,3.033823529411763e-05
101,2.902e-05,1558764000,3.049e-05,2.902e-05,3.007e-05,354.89598588,0.01049621,2.957e-05,0.029190216666666685,0.030270987692307686,0.029406596470588228,2.9836666666666648e-05,3.0169230769230773e-05,3.030294117647057e-05
102,3.016e-05,1558771200,3.018e-05,2.901e-05,2.902e-05,1097.33293246,0.032263,2.94e-05,0.030831686666666688,0.032458129999999995,0.029871701176470585,2.9889999999999983e-05,3.014615384615385e-05,3.0300882352941157e-05
103,2.9e-05,1558778400,2.913e-05,2.9e-05,2.902e-05,163.10335509,0.00473177,2.901e-05,0.015830326666666686,0.023904037692307686,0.029858283529411764,2.9393333333333315e-05,3.0031538461538464e-05,3.022499999999998e-05
104,2.9e-05,1558785600,2.9e-05,2.9e-05,2.9e-05,149.49910518,0.00433547,2.9e-05,0.013776746666666687,0.020970350769230765,0.02996485852941176,2.9386666666666647e-05,2.9987692307692313e-05,3.01491176470588e-05
105,2.9e-05,1558792800,2.912e-05,2.9e-05,2.911e-05,3098.0168257,0.08996116,2.903e-05,0.03300946666666669,0.026552050769230763,0.03138797764705883,2.8999999999999983e-05,2.9949230769230775e-05,3.0116470588235268e-05
106,2.912e-05,1558800000,2.912e-05,2.897e-05,2.897e-05,19.45778591,0.0005642,2.899e-05,0.03162027666666669,0.025220542307692304,0.03046818058823529,2.903999999999998e-05,2.9858461538461544e-05,3.0083235294117628e-05
107,2.966e-05,1558807200,2.966e-05,2.902e-05,2.912e-05,820.2567893,0.02428444,2.96e-05,0.03826993333333336,0.024211500769230766,0.030428987058823524,2.9259999999999977e-05,2.979461538461539e-05,3.004705882352939e-05
108,2.966e-05,1558814400,2.966e-05,2.966e-05,2.966e-05,0.0,0.0,2.966e-05,0.008282880000000025,0.024088169230769226,0.030375834117647053,2.947999999999998e-05,2.9730769230769236e-05,3.003352941176468e-05
109,3.07e-05,1558821600,3.07e-05,2.873e-05,2.898e-05,10242.20580491,0.30535913,2.981e-05,0.10988119000000002,0.04248993769230768,0.03859178,3.000666666666664e-05,2.9731538461538467e-05,3.005088235294115e-05
110,3.033e-05,1558828800,3.07e-05,3.033e-05,3.07e-05,1165.46777736,0.03535562,3.033e-05,0.11357158333333334,0.045154378461538455,0.03953347676470588,3.0229999999999977e-05,2.9730000000000005e-05,3.0057352941176444e-05
111,2.968e-05,1558836000,3e-05,2.968e-05,2.985e-05,316.42214492,0.00944761,2.985e-05,0.11672078666666667,0.0456825423076923,0.03837403970588235,3.0236666666666644e-05,2.9678461538461545e-05,3.0044411764705858e-05
112,2.97e-05,1558843200,2.985e-05,2.967e-05,2.985e-05,160.0,0.00476023,2.975e-05,0.016521153333333333,0.043945745384615376,0.03438232176470588,2.9903333333333312e-05,2.9655384615384622e-05,3.0019705882352917e-05
113,2.967e-05,1558850400,2.998e-05,2.967e-05,2.998e-05,76.07195837,0.00225963,2.97e-05,0.005489156666666668,0.04029372846153845,0.034329720588235295,2.968333333333331e-05,2.95923076923077e-05,2.998764705882351e-05
114,2.967e-05,1558857600,2.986e-05,2.967e-05,2.967e-05,622.62863883,0.01847446,2.967e-05,0.00849810666666667,0.04090743999999998,0.0310696544117647,2.9679999999999973e-05,2.9642307692307697e-05,2.9972058823529395e-05
115,3e-05,1558864800,3e-05,2.966e-05,2.987e-05,1805.84001673,0.05398907,2.989e-05,0.024907720000000005,0.04257867615384613,0.03259884470588235,2.9779999999999972e-05,2.9630000000000006e-05,2.996852941176469e-05
116,2.981e-05,1558872000,2.981e-05,2.981e-05,2.981e-05,21.956,0.0006545,2.981e-05,0.024372676666666673,0.042265039999999976,0.03260954588235293,2.9826666666666636e-05,2.96923076923077e-05,2.9951176470588215e-05
117,2.977e-05,1558879200,3.01e-05,2.977e-05,2.997e-05,335.87769134,0.01000838,2.979e-05,0.021550650000000005,0.04270141769230767,0.03267246764705881,2.985999999999997e-05,2.975153846153847e-05,2.9930294117647036e-05
118,3.008e-05,1558886400,3.012e-05,2.977e-05,2.977e-05,247.75047398,0.00743487,3e-05,0.006032583333333337,0.03635324153846152,0.032483424705882336,2.9886666666666636e-05,2.983461538461539e-05,2.991794117647057e-05
119,2.829e-05,1558893600,3.011e-05,2.828e-05,3.008e-05,872.92551625,0.02559471,2.932e-05,0.01434598666666667,0.038278665384615364,0.03296932088235293,2.937999999999997e-05,2.9770769230769236e-05,2.983235294117645e-05
120,2.914e-05,1558900800,3.07e-05,2.7e-05,2.82e-05,7959.06123524,0.23137652,2.907e-05,0.08813536666666667,0.05420882538461536,0.03770150088235293,2.9169999999999966e-05,2.9730769230769236e-05,2.9836470588235274e-05
121,2.874e-05,1558908000,2.966e-05,2.873e-05,2.914e-05,2601.56041235,0.07519468,2.89e-05,0.11072197000000002,0.059993031538461514,0.03978122294117646,2.87233333333333e-05,2.9660000000000007e-05,2.9819999999999982e-05
122,2.966e-05,1558915200,2.966e-05,2.876e-05,2.88e-05,1102.39436336,0.03176433,2.881e-05,0.11277851000000001,0.03894727769230767,0.04003931235294117,2.9179999999999965e-05,2.9580000000000008e-05,2.9795294117647038e-05
123,2.971e-05,1558922400,2.971e-05,2.875e-05,2.876e-05,1559.08340484,0.04484058,2.876e-05,0.050599863333333356,0.03967688999999998,0.041245501470588225,2.9369999999999968e-05,2.95323076923077e-05,2.9773235294117633e-05
124,2.875e-05,1558929600,2.969e-05,2.874e-05,2.969e-05,681.01115849,0.01959878,2.877e-05,0.03206789666666669,0.04045774923076921,0.038412084117647044,2.9373333333333302e-05,2.9460769230769244e-05,2.9722058823529392e-05
125,2.862e-05,1558936800,2.874e-05,2.862e-05,2.874e-05,1304.05940795,0.03740295,2.868e-05,0.03394743666666669,0.042968727692307675,0.038262953235294106,2.902666666666664e-05,2.9377692307692317e-05,2.9694117647058806e-05
126,2.855e-05,1558944000,2.931e-05,2.855e-05,2.862e-05,1440.55481079,0.04156456,2.885e-05,0.032855430000000026,0.04599218384615383,0.0389737032352941,2.8639999999999973e-05,2.9291538461538474e-05,2.9666176470588217e-05
127,2.826e-05,1558951200,2.949e-05,2.826e-05,2.949e-05,3204.22107538,0.09113277,2.844e-05,0.05670009333333336,0.051581284615384596,0.04112837852941175,2.847666666666664e-05,2.9183076923076936e-05,2.9606176470588218e-05
128,2.884e-05,1558958400,2.884e-05,2.822e-05,2.826e-05,538.27809575,0.01523238,2.829e-05,0.049309903333333356,0.04860000076923076,0.04047633147058822,2.8549999999999972e-05,2.9093846153846162e-05,2.9557647058823512e-05
129,2.812e-05,1558965600,2.938e-05,2.804e-05,2.822e-05,1184.00830439,0.03450106,2.913e-05,0.04695540333333336,0.05120358230769229,0.04144391235294116,2.8406666666666636e-05,2.8963846153846165e-05,2.948794117647057e-05
130,2.89e-05,1558972800,2.89e-05,2.804e-05,2.804e-05,658.88289636,0.01854682,2.814e-05,0.02276008666666669,0.05186038538461536,0.04004422647058822,2.8619999999999967e-05,2.8896923076923088e-05,2.943529411764704e-05
131,2.879e-05,1558980000,2.89e-05,2.879e-05,2.89e-05,160.43929141,0.00462869,2.885e-05,0.019225523333333355,0.051644525384615364,0.040159249999999994,2.86033333333333e-05,2.879769230769232e-05,2.9389411764705868e-05
132,2.857e-05,1558987200,2.921e-05,2.857e-05,2.879e-05,761.33172311,0.02198224,2.887e-05,0.015052583333333355,0.05136664307692306,0.040729860588235293,2.8753333333333297e-05,2.8819230769230785e-05,2.9337058823529398e-05
133,2.898e-05,1558994400,2.898e-05,2.8e-05,2.858e-05,4446.19709707,0.12577817,2.828e-05,0.0507963666666667,0.043243693076923065,0.043625142352941175,2.8779999999999965e-05,2.8806923076923094e-05,2.9307058823529397e-05
134,2.8e-05,1559001600,2.885e-05,2.8e-05,2.8e-05,135.91206613,0.00380893,2.802e-05,0.05052311333333336,0.03775248153846153,0.04227435058823529,2.8516666666666634e-05,2.8750000000000014e-05,2.923382352941175e-05
135,2.8e-05,1559008800,2.8e-05,2.798e-05,2.8e-05,318.19577466,0.00890918,2.799e-05,0.0461654266666667,0.035994393076923065,0.04222767323529412,2.8326666666666637e-05,2.8622307692307703e-05,2.920382352941175e-05
136,2.861e-05,1559016000,2.861e-05,2.754e-05,2.8e-05,2400.57342746,0.0672561,2.801e-05,0.026658070000000023,0.03771866384615384,0.04325688205882353,2.8203333333333304e-05,2.853769230769232e-05,2.9158235294117636e-05
137,2.848e-05,1559023200,2.862e-05,2.821e-05,2.861e-05,84.48205688,0.00239189,2.831e-05,0.026185723333333355,0.036395056923076916,0.04318806205882353,2.8363333333333303e-05,2.8516923076923085e-05,2.9142941176470577e-05
138,2.796e-05,1559030400,2.938e-05,2.75e-05,2.848e-05,4396.87002811,0.1253693,2.851e-05,0.06500576333333336,0.04316169923076922,0.04674788058823529,2.8349999999999967e-05,2.8466153846153856e-05,2.9112352941176463e-05
139,2.885e-05,1559037600,2.913e-05,2.782e-05,2.79e-05,2504.41570673,0.07248317,2.894e-05,0.06674812000000002,0.045540053846153845,0.04623382205882352,2.8429999999999967e-05,2.848923076923078e-05,2.9107941176470582e-05
140,2.801e-05,1559044800,2.885e-05,2.801e-05,2.806e-05,468.52939987,0.01314641,2.805e-05,0.07033296000000001,0.03954110307692308,0.046603887058823526,2.82733333333333e-05,2.847000000000001e-05,2.907529411764705e-05
141,2.803e-05,1559052000,2.885e-05,2.803e-05,2.885e-05,690.92627076,0.01940434,2.808e-05,0.035011306666666686,0.039862023076923075,0.04646035470588235,2.8296666666666632e-05,2.840769230769232e-05,2.9027352941176466e-05
142,2.807e-05,1559059200,2.807e-05,2.8e-05,2.8e-05,80.33929788,0.00225091,2.801e-05,0.011600553333333352,0.03738124230769231,0.04652655794117647,2.803666666666663e-05,2.8403846153846167e-05,2.8980588235294117e-05
143,2.809e-05,1559066400,2.972e-05,2.8e-05,2.807e-05,3413.36460813,0.10003085,2.93e-05,0.04056203333333336,0.04364924461538462,0.04048749088235294,2.80633333333333e-05,2.834153846153847e-05,2.890382352941176e-05
144,2.813e-05,1559073600,2.958e-05,2.813e-05,2.958e-05,40.706064,0.0011738,2.883e-05,0.034485186666666695,0.043383483846153856,0.039482143235294115,2.8096666666666634e-05,2.8290769230769243e-05,2.8839117647058812e-05
145,2.718e-05,1559080800,2.932e-05,2.7e-05,2.932e-05,7978.72847653,0.21937263,2.749e-05,0.10685909333333336,0.05856736,0.04565640852941176,2.779999999999997e-05,2.818384615384617e-05,2.8765588235294103e-05
146,2.839e-05,1559088000,2.839e-05,2.725e-05,2.725e-05,1058.48967612,0.02981612,2.816e-05,0.08345418333333336,0.05118566384615385,0.04639334647058823,2.7899999999999973e-05,2.813846153846155e-05,2.8727058823529402e-05
147,2.774e-05,1559095200,2.838e-05,2.774e-05,2.838e-05,411.51495187,0.01145986,2.784e-05,0.08688287000000001,0.051774196923076915,0.04666394147058823,2.7769999999999973e-05,2.8118461538461554e-05,2.867029411764705e-05
148,2.761e-05,1559102400,2.773e-05,2.761e-05,2.773e-05,3486.84241702,0.09658451,2.769e-05,0.045953496666666684,0.05851845307692308,0.048961295882352936,2.791333333333331e-05,2.8088461538461556e-05,2.860970588235294e-05
149,2.732e-05,1559109600,2.841e-05,2.732e-05,2.761e-05,6265.3178524,0.17513843,2.795e-05,0.09439426666666668,0.06681709384615385,0.05252451235294117,2.7556666666666643e-05,2.7989230769230787e-05,2.8530882352941176e-05
150,2.793e-05,1559116800,2.85e-05,2.733e-05,2.774e-05,3244.67234674,0.09231123,2.845e-05,0.12134472333333335,0.07373396615384616,0.05522029852941176,2.7619999999999973e-05,2.79469230769231e-05,2.8475588235294114e-05
151,2.8e-05,1559124000,2.8e-05,2.731e-05,2.8e-05,134.64693469,0.0037117,2.756e-05,0.09038712,0.06437568923076922,0.055035102058823525,2.7749999999999973e-05,2.795000000000002e-05,2.8423529411764697e-05
152,2.7e-05,1559131200,2.8e-05,2.7e-05,2.8e-05,3916.13926195,0.10759216,2.747e-05,0.06787169666666666,0.06707638076923077,0.05798090470588235,2.7643333333333303e-05,2.7807692307692324e-05,2.833294117647058e-05
153,2.714e-05,1559138400,2.8e-05,2.714e-05,2.8e-05,148.31285225,0.00404745,2.728e-05,0.03845043666666667,0.06637646076923076,0.05734716176470588,2.737999999999997e-05,2.7740769230769247e-05,2.829911764705881e-05
154,2.797e-05,1559145600,2.798e-05,2.755e-05,2.797e-05,548.65388309,0.01515899,2.762e-05,0.042266200000000004,0.06604989538461538,0.050987822647058825,2.7369999999999973e-05,2.7736153846153858e-05,2.826470588235293e-05
155,2.799e-05,1559152800,2.799e-05,2.756e-05,2.797e-05,327.03827532,0.00906569,2.772e-05,0.009424043333333331,0.06657410923076922,0.049042852352941174,2.769999999999997e-05,2.773000000000001e-05,2.8242647058823523e-05
156,2.744e-05,1559160000,2.837e-05,2.741e-05,2.8e-05,991.52006573,0.02733458,2.756e-05,0.017186419999999997,0.06098208846153845,0.04891256558823529,2.7799999999999968e-05,2.7680000000000013e-05,2.8177352941176466e-05
157,2.768e-05,1559167200,2.838e-05,2.746e-05,2.746e-05,2307.75086447,0.06358567,2.755e-05,0.03332864666666666,0.06578300153846153,0.04946389176470588,2.7703333333333296e-05,2.7645384615384626e-05,2.8117647058823526e-05
158,2.768e-05,1559174400,2.768e-05,2.768e-05,2.768e-05,0.0,0.0,2.768e-05,0.030306749999999993,0.04890818384615384,0.048887457058823525,2.7599999999999956e-05,2.768384615384616e-05,2.8086176470588236e-05
159,2.775e-05,1559181600,2.775e-05,2.775e-05,2.775e-05,50.0,0.0013875,2.775e-05,0.021657723333333326,0.04672136692307692,0.047828179117647064,2.7703333333333292e-05,2.763461538461539e-05,2.806058823529412e-05
160,2.788e-05,1559188800,2.799e-05,2.787e-05,2.79e-05,312.75293134,0.00872338,2.789e-05,0.0033702933333333296,0.04651086846153845,0.04686226205882353,2.776999999999996e-05,2.764538461538462e-05,2.8040882352941182e-05
161,2.716e-05,1559196000,2.787e-05,2.659e-05,2.787e-05,6114.01653433,0.16649366,2.723e-05,0.05886817999999999,0.051888495384615374,0.04907875882352941,2.7596666666666625e-05,2.7610769230769233e-05,2.8008529411764712e-05
162,2.644e-05,1559203200,2.716e-05,2.639e-05,2.716e-05,1363.27400925,0.03639494,2.669e-05,0.07053732666666665,0.04121591923076921,0.04970118705882353,2.715999999999996e-05,2.7543076923076928e-05,2.793794117647059e-05
163,2.7e-05,1559210400,2.716e-05,2.644e-05,2.714e-05,1054.26203017,0.0281109,2.666e-05,0.07699983333333331,0.0362774323076923,0.04951324117647059,2.6866666666666627e-05,2.7471538461538465e-05,2.7905e-05
164,2.725e-05,1559217600,2.795e-05,2.699e-05,2.71e-05,4025.13253043,0.10994343,2.731e-05,0.05814975666666664,0.04444910384615383,0.052201376764705876,2.6896666666666625e-05,2.7413846153846158e-05,2.7856470588235296e-05
165,2.713e-05,1559224800,2.795e-05,2.712e-05,2.75e-05,334.68873432,0.00928522,2.774e-05,0.04911318333333331,0.036887031538461526,0.05233833352941176,2.7126666666666625e-05,2.7423846153846156e-05,2.780764705882353e-05
166,2.716e-05,1559232000,2.716e-05,2.713e-05,2.713e-05,624.23079524,0.0169476,2.714e-05,0.04539208333333331,0.037879350769230755,0.05219025588235293,2.7179999999999957e-05,2.7425384615384618e-05,2.776617647058824e-05
167,2.794e-05,1559239200,2.794e-05,2.715e-05,2.792e-05,2151.35834583,0.05963281,2.771e-05,0.028621876666666653,0.041300413846153836,0.05024480411764705,2.740999999999996e-05,2.7423076923076925e-05,2.773558823529412e-05
168,2.77e-05,1559246400,2.788e-05,2.716e-05,2.726e-05,1547.53914322,0.04228517,2.732e-05,0.03962185999999999,0.04385575846153845,0.05137645823529411,2.7599999999999956e-05,2.7400769230769236e-05,2.7726764705882355e-05
169,2.775e-05,1559253600,2.775e-05,2.715e-05,2.77e-05,38.27188083,0.00105573,2.758e-05,0.03432456999999999,0.041834308461538454,0.0511454744117647,2.779666666666662e-05,2.742461538461539e-05,2.7719411764705883e-05
170,2.751e-05,1559260800,2.794e-05,2.713e-05,2.794e-05,318.27574541,0.00869546,2.732e-05,0.017345453333333323,0.037611984615384605,0.04942310264705881,2.765333333333329e-05,2.7411538461538472e-05,2.7687058823529412e-05
171,2.728e-05,1559268000,2.746e-05,2.702e-05,2.746e-05,1330.44119784,0.03617074,2.718e-05,0.01530730999999999,0.040394349230769226,0.05041659823529411,2.751333333333329e-05,2.7380769230769243e-05,2.7651764705882354e-05
172,2.7e-05,1559275200,2.743e-05,2.7e-05,2.742e-05,614.94935929,0.01662569,2.703e-05,0.020497296666666658,0.04156651769230769,0.04721825676470587,2.7263333333333293e-05,2.7323076923076936e-05,2.7623529411764705e-05
173,2.64e-05,1559282400,2.722e-05,2.64e-05,2.722e-05,1030.0098995,0.02776966,2.696e-05,0.026855363333333323,0.04303161615384616,0.04590315352941175,2.6893333333333295e-05,2.7209230769230785e-05,2.7551470588235295e-05
174,2.639e-05,1559289600,2.712e-05,2.639e-05,2.64e-05,5670.98248124,0.15082043,2.659e-05,0.06507192666666665,0.04182598307692308,0.04995238941176469,2.6596666666666628e-05,2.7150000000000016e-05,2.7503823529411766e-05
175,2.721e-05,1559296800,2.721e-05,2.665e-05,2.699e-05,313.25142698,0.00847397,2.705e-05,0.06235468666666666,0.03967821615384616,0.049630907941176465,2.666666666666663e-05,2.7209230769230785e-05,2.747970588235294e-05
176,2.721e-05,1559304000,2.721e-05,2.7e-05,2.7e-05,29.84285484,0.00081118,2.718e-05,0.05336852666666666,0.037578237692307705,0.04958856294117646,2.693666666666663e-05,2.722538461538463e-05,2.745441176470588e-05
177,2.741e-05,1559311200,2.741e-05,2.665e-05,2.666e-05,693.82491694,0.0189697,2.734e-05,0.009418283333333324,0.030580258461538477,0.04720441147058822,2.727666666666663e-05,2.7237692307692324e-05,2.7434411764705878e-05
178,2.742e-05,1559318400,2.742e-05,2.669e-05,2.669e-05,2748.68170644,0.07484851,2.723e-05,0.03154312999999999,0.03562358846153847,0.049371314705882345,2.734666666666663e-05,2.7260000000000017e-05,2.74135294117647e-05
179,2.742e-05,1559325600,2.742e-05,2.735e-05,2.735e-05,40.62503998,0.00111163,2.736e-05,0.03164327999999999,0.03440543692307693,0.04295187352941175,2.7416666666666627e-05,2.728000000000002e-05,2.742058823529411e-05
180,2.7e-05,1559332800,2.7e-05,2.68e-05,2.68e-05,656.58582867,0.01760519,2.681e-05,0.031188443333333326,0.03117254307692309,0.042592728529411754,2.7279999999999966e-05,2.7207692307692326e-05,2.7379705882352935e-05
181,2.685e-05,1559340000,2.7e-05,2.685e-05,2.7e-05,158.88787205,0.00426945,2.687e-05,0.007662089999999992,0.028248256923076937,0.04238124588235293,2.708999999999997e-05,2.7142307692307707e-05,2.7353529411764706e-05
182,2.742e-05,1559347200,2.742e-05,2.7e-05,2.7e-05,284.91462013,0.00777552,2.729e-05,0.009883386666666659,0.02876516384615386,0.03976921676470587,2.708999999999997e-05,2.7116923076923095e-05,2.734794117647059e-05
183,2.742e-05,1559354400,2.742e-05,2.688e-05,2.688e-05,29.23651204,0.00079616,2.723e-05,0.004280376666666659,0.028157525384615398,0.03464150294117646,2.7229999999999968e-05,2.7110000000000017e-05,2.7350882352941177e-05
184,2.686e-05,1559361600,2.686e-05,2.686e-05,2.686e-05,15.01070138,0.00040318,2.686e-05,0.002991619999999992,0.025406174615384632,0.03193832499999999,2.72333333333333e-05,2.7077692307692322e-05,2.7319411764705883e-05
185,2.774e-05,1559368800,2.969e-05,2.696e-05,2.696e-05,8258.6227637,0.23445539,2.838e-05,0.07855157666666666,0.0421623053846154,0.03872490411764704,2.7339999999999965e-05,2.71346153846154e-05,2.731176470588235e-05
186,2.966e-05,1559376000,2.966e-05,2.697e-05,2.698e-05,1176.41904001,0.03217085,2.734e-05,0.08900980666666668,0.04250085846153847,0.03650663029411763,2.8086666666666633e-05,2.738538461538463e-05,2.7389999999999997e-05
187,2.694e-05,1559383200,2.803e-05,2.694e-05,2.803e-05,379.24373248,0.01026549,2.706e-05,0.09229724333333333,0.031688940000000006,0.0366895138235294,2.81133333333333e-05,2.742769230769232e-05,2.7384117647058823e-05
188,2.73e-05,1559390400,2.856e-05,2.73e-05,2.856e-05,221.04683186,0.00623142,2.819e-05,0.01622258666666666,0.03151643615384616,0.0364269382352941,2.7966666666666634e-05,2.74346153846154e-05,2.736441176470588e-05
189,2.845e-05,1559397600,2.847e-05,2.711e-05,2.711e-05,2594.21186345,0.07273347,2.803e-05,0.02974345999999999,0.037048920000000006,0.03829951999999998,2.75633333333333e-05,2.7530000000000016e-05,2.7377941176470586e-05
190,2.845e-05,1559404800,2.845e-05,2.845e-05,2.845e-05,23.16707725,0.0006591,2.845e-05,0.026541329999999988,0.03564041230769232,0.037514947058823515,2.8066666666666636e-05,2.7610000000000015e-05,2.7407647058823525e-05
191,2.73e-05,1559412000,2.845e-05,2.73e-05,2.845e-05,1018.79728234,0.02880883,2.827e-05,0.03406713333333332,0.032098898461538475,0.0364920988235294,2.8066666666666636e-05,2.7600769230769248e-05,2.739647058823529e-05
192,2.883e-05,1559419200,2.883e-05,2.73e-05,2.73e-05,1179.33551951,0.03376553,2.863e-05,0.021077819999999987,0.03461073692307694,0.03748520264705881,2.8193333333333303e-05,2.7709230769230783e-05,2.7430294117647053e-05
193,2.736e-05,1559426400,2.736e-05,2.736e-05,2.736e-05,19.19803902,0.00052525,2.736e-05,0.021033203333333323,0.033296895384615395,0.037459842352941156,2.782999999999997e-05,2.773692307692309e-05,2.7418823529411762e-05
194,2.668e-05,1559433600,2.736e-05,2.668e-05,2.736e-05,8326.46096652,0.22289287,2.676e-05,0.08572788333333332,0.050114081538461544,0.04375894499999998,2.76233333333333e-05,2.7723846153846167e-05,2.73835294117647e-05
195,2.704e-05,1559440800,2.704e-05,2.668e-05,2.668e-05,14.93232249,0.00040017,2.679e-05,0.07460609666666666,0.04954674692307693,0.03887384235294116,2.7026666666666633e-05,2.7694615384615396e-05,2.7379999999999995e-05
196,2.725e-05,1559448000,2.725e-05,2.704e-05,2.704e-05,138.04118452,0.00374711,2.714e-05,0.07568004999999998,0.04977374307692309,0.03791361205882351,2.6989999999999967e-05,2.7681538461538475e-05,2.740382352941176e-05
197,2.585e-05,1559455200,2.787e-05,2.585e-05,2.678e-05,1827.82097411,0.047672,2.608e-05,0.017273093333333333,0.05340980615384617,0.038488938529411744,2.6713333333333303e-05,2.7603846153846165e-05,2.7369999999999997e-05
198,2.8e-05,1559462400,2.8e-05,2.586e-05,2.71e-05,2564.49775277,0.07015572,2.735e-05,0.040524943333333334,0.040771370000000015,0.03731871176470586,2.7033333333333304e-05,2.762384615384616e-05,2.7392058823529406e-05
199,2.592e-05,1559469600,2.75e-05,2.592e-05,2.653e-05,440.351841,0.0116459,2.644e-05,0.04315787333333334,0.03919252769230771,0.03738814352941174,2.658999999999997e-05,2.7336153846153858e-05,2.735647058823529e-05
200,2.672e-05,1559476800,2.75e-05,2.592e-05,2.592e-05,544.26986604,0.01475751,2.711e-05,0.032186376666666676,0.039538067692307714,0.03732372911764704,2.687999999999997e-05,2.7319230769230782e-05,2.7343529411764704e-05
201,2.658e-05,1559484000,2.67e-05,2.603e-05,2.67e-05,180.11917684,0.00474182,2.632e-05,0.010381743333333337,0.0394234830769231,0.035709288235294095,2.6406666666666635e-05,2.7263846153846165e-05,2.7303529411764704e-05
202,2.75e-05,1559491200,2.75e-05,2.644e-05,2.658e-05,1528.6354603,0.04161609,2.722e-05,0.020371806666666673,0.03702983846153848,0.03568960941176468,2.6933333333333305e-05,2.7190769230769243e-05,2.7297647058823527e-05
203,2.76e-05,1559498400,2.76e-05,2.75e-05,2.75e-05,358.25139692,0.00985333,2.75e-05,0.018737080000000007,0.037737086923076944,0.03594836235294115,2.722666666666664e-05,2.7125384615384628e-05,2.7293235294117646e-05
204,2.681e-05,1559505600,2.75e-05,2.672e-05,2.75e-05,1785.99401197,0.0478759,2.68e-05,0.03311510666666668,0.03920378461538464,0.037100728235294096,2.730333333333331e-05,2.7087692307692317e-05,2.727264705882353e-05
205,2.76e-05,1559512800,2.76e-05,2.759e-05,2.759e-05,8.14417658,0.00022474,2.759e-05,0.01931799000000001,0.03662372384615386,0.036043492941176446,2.7336666666666638e-05,2.6993076923076938e-05,2.7282058823529412e-05
206,2.607e-05,1559520000,2.759e-05,2.607e-05,2.759e-05,2082.64860357,0.05511891,2.646e-05,0.03440651666666667,0.040823236153846164,0.037175646470588214,2.6826666666666635e-05,2.689384615384617e-05,2.7254705882352943e-05
207,2.663e-05,1559527200,2.76e-05,2.63e-05,2.744e-05,4941.86035613,0.13497323,2.731e-05,0.06343896,0.034060186923076934,0.0403286926470588,2.676666666666664e-05,2.6890000000000012e-05,2.7261470588235296e-05
208,2.609e-05,1559534400,2.752e-05,2.609e-05,2.707e-05,910.41066089,0.02407244,2.644e-05,0.07138819333333334,0.03588113076923078,0.03660081058823528,2.6263333333333306e-05,2.681692307692309e-05,2.725264705882353e-05
209,2.682e-05,1559541600,2.75e-05,2.631e-05,2.684e-05,1120.53889161,0.02995713,2.673e-05,0.06300093333333334,0.03789728615384617,0.03723266823529409,2.6513333333333305e-05,2.6783846153846166e-05,2.7241176470588236e-05
210,2.794e-05,1559548800,2.794e-05,2.682e-05,2.682e-05,4.35860074,0.00012114,2.779e-05,0.018050236666666674,0.03423952769230771,0.03721237294117646,2.6949999999999967e-05,2.69446153846154e-05,2.7262647058823532e-05
211,2.784e-05,1559556000,2.784e-05,2.686e-05,2.69e-05,1701.40058161,0.04659536,2.738e-05,0.025557876666666673,0.03242719230769232,0.03802489235294116,2.7533333333333302e-05,2.6932307692307708e-05,2.7275294117647062e-05
212,2.682e-05,1559563200,2.7e-05,2.682e-05,2.687e-05,1214.54846479,0.0326367,2.687e-05,0.026451066666666672,0.034041869230769246,0.03678336852941175,2.7533333333333302e-05,2.7001538461538474e-05,2.725764705882353e-05
213,2.682e-05,1559570400,2.779e-05,2.682e-05,2.779e-05,184.03184849,0.0049876,2.71e-05,0.02807322,0.03329033769230771,0.03689736764705881,2.7159999999999967e-05,2.7009230769230783e-05,2.7240000000000003e-05
214,2.737e-05,1559577600,2.741e-05,2.681e-05,2.741e-05,232.07831747,0.00635111,2.736e-05,0.014658469999999998,0.033414129230769245,0.03656636529411763,2.7003333333333302e-05,2.707000000000001e-05,2.7250882352941178e-05
215,2.723e-05,1559584800,2.723e-05,2.681e-05,2.681e-05,78.88996153,0.00211673,2.683e-05,0.004485146666666664,0.03037571692307694,0.03650304999999998,2.7139999999999964e-05,2.704923076923078e-05,2.7262058823529416e-05
216,2.701e-05,1559592000,2.75e-05,2.701e-05,2.726e-05,3263.23850519,0.08854926,2.713e-05,0.032339033333333336,0.03642925000000002,0.038878748235294094,2.7203333333333297e-05,2.700384615384616e-05,2.725e-05
217,2.763e-05,1559599200,2.778e-05,2.701e-05,2.702e-05,105.79406523,0.00286686,2.709e-05,0.031177616666666668,0.03296701615384617,0.038939651176470566,2.7289999999999964e-05,2.7066923076923087e-05,2.7256176470588235e-05
218,2.68e-05,1559606400,2.763e-05,2.68e-05,2.763e-05,1447.44163952,0.03915013,2.704e-05,0.04352208333333333,0.03596127692307694,0.04007926735294115,2.714666666666663e-05,2.7005384615384622e-05,2.7254411764705883e-05
219,2.68e-05,1559613600,2.757e-05,2.68e-05,2.68e-05,3027.4340549,0.08128452,2.684e-05,0.04110050333333333,0.03797401615384617,0.03557424176470586,2.7076666666666634e-05,2.706153846153847e-05,2.7226764705882353e-05
220,2.764e-05,1559620800,2.765e-05,2.68e-05,2.681e-05,3009.12967733,0.08216986,2.73e-05,0.06753483666666667,0.03391221846153848,0.03704480088235292,2.7079999999999964e-05,2.7139230769230777e-05,2.716735294117647e-05
221,2.711e-05,1559628000,2.884e-05,2.571e-05,2.777e-05,6698.58343316,0.18643691,2.783e-05,0.11663043,0.0464017930769231,0.0422263132352941,2.7183333333333297e-05,2.7217692307692318e-05,2.717235294117647e-05
222,2.64e-05,1559635200,2.64e-05,2.64e-05,2.64e-05,48.22878227,0.00127323,2.64e-05,0.08996,0.04419533923076925,0.04208048411764704,2.7049999999999966e-05,2.7185384615384624e-05,2.7145882352941178e-05
223,2.711e-05,1559642400,2.711e-05,2.636e-05,2.636e-05,384.15197344,0.01017775,2.649e-05,0.06596263000000001,0.04496892461538464,0.04024060999999998,2.6873333333333302e-05,2.712153846153847e-05,2.7106470588235295e-05
224,2.677e-05,1559649600,2.677e-05,2.647e-05,2.663e-05,148.17953521,0.00394747,2.663e-05,0.005132816666666669,0.041688317692307714,0.04033732676470586,2.6759999999999967e-05,2.703923076923078e-05,2.7057058823529413e-05
225,2.701e-05,1559656800,2.813e-05,2.669e-05,2.669e-05,1067.31295405,0.0294937,2.763e-05,0.014539640000000001,0.04144654846153849,0.04035746999999998,2.69633333333333e-05,2.7053846153846165e-05,2.7048529411764708e-05
226,2.775e-05,1559664000,2.775e-05,2.711e-05,2.711e-05,51.10824324,0.00140241,2.744e-05,0.011614526666666668,0.04117076461538464,0.03940561352941175,2.717666666666663e-05,2.7125384615384628e-05,2.7016764705882354e-05
227,2.786e-05,1559671200,2.786e-05,2.715e-05,2.715e-05,43.94812873,0.0012172,2.769e-05,0.01070443666666667,0.040775848461538484,0.039425964999999986,2.7539999999999967e-05,2.7163076923076935e-05,2.7031470588235296e-05
228,2.668e-05,1559678400,2.786e-05,2.668e-05,2.786e-05,735.8391556,0.01966838,2.672e-05,0.007429330000000001,0.04212597538461541,0.033448774117647045,2.7429999999999963e-05,2.7120769230769246e-05,2.7031470588235296e-05
229,2.658e-05,1559685600,2.8e-05,2.658e-05,2.659e-05,259.32731236,0.00691383,2.666e-05,0.00926647,0.035846326923076946,0.03364035235294116,2.7039999999999968e-05,2.708769230769232e-05,2.701794117647059e-05
230,2.658e-05,1559692800,2.7e-05,2.658e-05,2.7e-05,76.8373479,0.00204419,2.66e-05,0.009542133333333334,0.03578304461538464,0.033590266470588215,2.6613333333333304e-05,2.700692307692309e-05,2.6998235294117647e-05
231,2.601e-05,1559700000,2.658e-05,2.601e-05,2.658e-05,1747.00168351,0.04616712,2.642e-05,0.01837504666666667,0.036322813076923095,0.03354600529411763,2.6389999999999973e-05,2.694615384615386e-05,2.700294117647059e-05
232,2.69e-05,1559707200,2.69e-05,2.6e-05,2.6e-05,39.52211716,0.00104075,2.633e-05,0.016417353333333332,0.0301502153846154,0.031513212058823514,2.6496666666666643e-05,2.6953846153846166e-05,2.6970588235294117e-05
233,2.6e-05,1559714400,2.688e-05,2.6e-05,2.688e-05,57.61168664,0.0015052,2.612e-05,0.01623769,0.023945241538461556,0.031214956176470573,2.6303333333333312e-05,2.682769230769232e-05,2.6972941176470586e-05
234,2.65e-05,1559721600,2.682e-05,2.6e-05,2.682e-05,2238.50775296,0.05941984,2.654e-05,0.020655263333333333,0.014174697692307708,0.032528554117647046,2.646666666666664e-05,2.6780769230769242e-05,2.6966470588235293e-05
235,2.604e-05,1559728800,2.671e-05,2.604e-05,2.637e-05,68.77564536,0.00180186,2.619e-05,0.020908966666666667,0.014215361538461554,0.032442084705882335,2.6179999999999973e-05,2.6753076923076937e-05,2.6950588235294114e-05
236,2.656e-05,1559736000,2.656e-05,2.602e-05,2.644e-05,123.81532483,0.00323327,2.611e-05,0.02148499,0.013681170769230784,0.0313131782352941,2.6366666666666642e-05,2.6710769230769245e-05,2.6922941176470585e-05
237,2.657e-05,1559743200,2.657e-05,2.645e-05,2.656e-05,248.30052756,0.00656832,2.645e-05,0.0038678166666666672,0.01388277461538463,0.031216560294117627,2.638999999999998e-05,2.669538461538463e-05,2.6892647058823527e-05
238,2.683e-05,1559750400,2.683e-05,2.602e-05,2.645e-05,276.54039204,0.00723251,2.615e-05,0.005678033333333335,0.012170375384615397,0.030021166470588213,2.665333333333331e-05,2.6681538461538474e-05,2.6893235294117643e-05
239,2.603e-05,1559757600,2.603e-05,2.603e-05,2.603e-05,246.41909189,0.00641428,2.603e-05,0.006738370000000001,0.012555903846153859,0.030203211764705862,2.647666666666664e-05,2.6549230769230784e-05,2.6847058823529407e-05
240,2.68e-05,1559764800,2.683e-05,2.68e-05,2.68e-05,1627.64373003,0.04364948,2.681e-05,0.019098756666666664,0.015819925384615397,0.029865875588235273,2.655333333333331e-05,2.6467692307692323e-05,2.6868529411764703e-05
241,2.68e-05,1559772000,2.68e-05,2.68e-05,2.68e-05,0.0,0.0,2.68e-05,0.01668792,0.014306973076923088,0.025896074705882333,2.654333333333331e-05,2.647692307692309e-05,2.68735294117647e-05
242,2.67e-05,1559779200,2.68e-05,2.67e-05,2.68e-05,177.35391752,0.00473673,2.67e-05,0.016128736666666667,0.014139503846153856,0.025327377352941157,2.676666666666664e-05,2.6486153846153858e-05,2.689147058823529e-05
243,2.7e-05,1559786400,2.7e-05,2.659e-05,2.665e-05,1547.87084251,0.04126576,2.665e-05,0.015334163333333333,0.017156547692307702,0.02565998411764704,2.683333333333331e-05,2.6518461538461552e-05,2.689676470588235e-05
244,2.7e-05,1559793600,2.7e-05,2.7e-05,2.7e-05,0.0,0.0,2.7e-05,0.015334163333333333,0.01360523076923078,0.025656421176470573,2.6899999999999976e-05,2.65946153846154e-05,2.6869117647058822e-05
245,2.607e-05,1559800800,2.7e-05,2.607e-05,2.7e-05,24.6299542,0.00065569,2.662e-05,0.013973816666666666,0.013575610769230778,0.02430525441176469,2.6689999999999977e-05,2.6530769230769246e-05,2.681705882352941e-05
246,2.722e-05,1559808000,2.722e-05,2.612e-05,2.7e-05,2595.31180045,0.06790058,2.616e-05,0.022852090000000002,0.018682947692307703,0.02534242735294116,2.6763333333333308e-05,2.66246153846154e-05,2.6828823529411763e-05
247,2.602e-05,1559815200,2.614e-05,2.602e-05,2.614e-05,715.90170049,0.01867728,2.608e-05,0.029077850000000002,0.015548904615384624,0.025745064999999984,2.643666666666664e-05,2.6587692307692325e-05,2.6805294117647058e-05
248,2.699e-05,1559822400,2.72e-05,2.602e-05,2.602e-05,125.60637002,0.00332781,2.649e-05,0.02996855666666667,0.015666285384615394,0.025656144411764694,2.6743333333333305e-05,2.666076923076925e-05,2.679411764705882e-05
249,2.699e-05,1559829600,2.699e-05,2.699e-05,2.699e-05,0.0,0.0,2.699e-05,0.007335030000000002,0.015417572307692315,0.02559388764705881,2.6666666666666636e-05,2.669384615384617e-05,2.6787058823529407e-05
250,2.699e-05,1559836800,2.699e-05,2.699e-05,2.699e-05,0.0,0.0,2.699e-05,0.0011092700000000014,0.014912316923076931,0.02298949764705881,2.698999999999997e-05,2.6726153846153866e-05,2.6786470588235288e-05
251,2.667e-05,1559844000,2.667e-05,2.601e-05,2.608e-05,407.57119205,0.01061049,2.603e-05,0.0035368300000000012,0.015172161538461546,0.023217251470588222,2.6883333333333304e-05,2.6713846153846175e-05,2.6758235294117642e-05
252,2.643e-05,1559851200,2.643e-05,2.603e-05,2.606e-05,176.34313257,0.00459332,2.604e-05,0.0050679366666666675,0.015032087692307702,0.02220087470588234,2.669666666666664e-05,2.67446153846154e-05,2.6747352941176464e-05
