,close,date,high,low,open,quoteVolume,volume,weightedAverage,avg_vol_3,avg_vol_13,avg_vol_34,avg_close_3,avg_close_13,avg_close_34
0,4.5e-07,1558042921,4.5e-07,4.5e-07,4.5e-07,0.0,0.0,4.5e-07,-99999.0,-99999.0,-99999.0,-99999.0,-99999.0,-99999.0
1,4.5e-07,1558044000,4.7e-07,4.5e-07,4.5e-07,6186038.0420529,2.87021293,4.6e-07,-99999.0,-99999.0,-99999.0,-99999.0,-99999.0,-99999.0
2,4.4e-07,1558051200,4.6e-07,4.4e-07,4.5e-07,4829588.2456068,2.17613692,4.5e-07,1.6821166166666668,-99999.0,-99999.0,4.4666666666666664e-07,-99999.0,-99999.0
3,4.3e-07,1558058400,4.5e-07,4.2e-07,4.4e-07,12445627.343885,5.3444647,4.2e-07,3.46360485,-99999.0,-99999.0,4.4e-07,-99999.0,-99999.0
4,4.2e-07,1558065600,4.5e-07,4.2e-07,4.4e-07,5043822.9281752,2.19634053,4.3e-07,3.238980716666667,-99999.0,-99999.0,4.3000000000000007e-07,-99999.0,-99999.0
5,4.3e-07,1558072800,4.3e-07,4.1e-07,4.2e-07,8380973.6733688,3.57797212,4.2e-07,3.706259116666667,-99999.0,-99999.0,4.266666666666667e-07,-99999.0,-99999.0
6,4.3e-07,1558080000,4.4e-07,4.2e-07,4.3e-07,2269957.95904,0.97673082,4.3e-07,2.250347823333334,-99999.0,-99999.0,4.266666666666667e-07,-99999.0,-99999.0
7,4.2e-07,1558087200,4.4e-07,4.2e-07,4.4e-07,8603825.9236664,3.71420105,4.3e-07,2.7563013300000008,-99999.0,-99999.0,4.266666666666667e-07,-99999.0,-99999.0
8,4.3e-07,1558094400,4.3e-07,4.1e-07,4.3e-07,13708663.92286,5.77833616,4.2e-07,3.4897560100000007,-99999.0,-99999.0,4.266666666666667e-07,-99999.0,-99999.0
9,4.2e-07,1558101600,4.3e-07,4.1e-07,4.2e-07,2489486.6281345,1.04674077,4.2e-07,3.5130926600000003,-99999.0,-99999.0,4.233333333333334e-07,-99999.0,-99999.0
10,4.4e-07,1558108800,5e-07,4.1e-07,4.2e-07,40187051.579255,18.18707387,4.5e-07,8.3373836,-99999.0,-99999.0,4.3000000000000007e-07,-99999.0,-99999.0
11,4.4e-07,1558116000,4.4e-07,4.2e-07,4.4e-07,6579762.0910937,2.84488826,4.3e-07,7.359567633333334,-99999.0,-99999.0,4.333333333333334e-07,-99999.0,-99999.0
12,4.3e-07,1558123200,4.4e-07,4.3e-07,4.4e-07,546533.40209183,0.23748129,4.3e-07,7.089814473333335,3.765429186153846,-99999.0,4.366666666666668e-07,4.3307692307692316e-07,-99999.0
13,4.4e-07,1558130400,4.5e-07,4.3e-07,4.4e-07,3359517.6764801,1.4871998,4.4e-07,1.5231897833333352,3.8798291707692303,-99999.0,4.366666666666668e-07,4.323076923076924e-07,-99999.0
14,4.4e-07,1558137600,4.5e-07,4.3e-07,4.4e-07,3738937.2820218,1.64524808,4.4e-07,1.1233097233333351,3.785601105384615,-99999.0,4.366666666666668e-07,4.3153846153846164e-07,-99999.0
15,4.4e-07,1558144800,4.5e-07,4.4e-07,4.5e-07,293132.9807214,0.13055906,4.4e-07,1.087668980000002,3.6282489623076923,-99999.0,4.400000000000002e-07,4.3153846153846164e-07,-99999.0
16,4.4e-07,1558152000,4.5e-07,4.4e-07,4.4e-07,6686191.4309002,2.95022362,4.4e-07,1.5753435866666685,3.4440765715384623,-99999.0,4.400000000000002e-07,4.323076923076924e-07,-99999.0
17,4.4e-07,1558159200,4.5e-07,4.3e-07,4.4e-07,675865.43498086,0.29627651,4.3e-07,1.1256863966666686,3.2979178007692314,-99999.0,4.400000000000002e-07,4.3384615384615394e-07,-99999.0
18,4.3e-07,1558166400,4.4e-07,4.3e-07,4.3e-07,299521.32073628,0.1293161,4.3e-07,1.1252720766666686,3.032636568461539,-99999.0,4.3666666666666684e-07,4.3384615384615394e-07,-99999.0
19,4.3e-07,1558173600,4.4e-07,4.3e-07,4.4e-07,618184.2641006,0.27053634,4.3e-07,0.23204298333333537,2.9783139161538466,-99999.0,4.3333333333333356e-07,4.3384615384615394e-07,-99999.0
20,4.4e-07,1558180800,4.4e-07,4.3e-07,4.3e-07,606568.78266788,0.26500208,4.3e-07,0.22161817333333533,2.712990918461539,-99999.0,4.3333333333333356e-07,4.3538461538461546e-07,-99999.0
21,4.3e-07,1558188000,4.4e-07,4.3e-07,4.3e-07,221378.5572437,0.09564488,4.3e-07,0.21039443333333532,2.2758608200000006,-99999.0,4.3333333333333356e-07,4.3538461538461546e-07,-99999.0
22,4.3e-07,1558195200,4.4e-07,4.3e-07,4.3e-07,481649.30039015,0.20988985,4.3e-07,0.19017893666666863,2.211487672307693,-99999.0,4.3333333333333356e-07,4.361538461538462e-07,-99999.0
23,4.4e-07,1558202400,4.4e-07,4.3e-07,4.3e-07,1771021.9417721,0.77671714,4.3e-07,0.36075062333333535,0.8722294623076928,-99999.0,4.3333333333333356e-07,4.361538461538462e-07,-99999.0
24,4.3e-07,1558209600,4.4e-07,4.3e-07,4.3e-07,624574.96982431,0.26861224,4.3e-07,0.418406410000002,0.6740543838461543,-99999.0,4.3333333333333356e-07,4.3538461538461546e-07,-99999.0
25,4.3e-07,1558216800,4.4e-07,4.3e-07,4.4e-07,282888.07386633,0.12166571,4.3e-07,0.3889983633333354,0.6651454930769236,-99999.0,4.3333333333333356e-07,4.3538461538461546e-07,-99999.0
26,4.3e-07,1558224000,4.4e-07,4.2e-07,4.3e-07,3881234.8319306,1.66850168,4.2e-07,0.6862598766666687,0.6790917915384622,-99999.0,4.300000000000003e-07,4.346153846153847e-07,-99999.0
27,4.2e-07,1558231200,4.3e-07,4.2e-07,4.2e-07,1368404.2202393,0.57576661,4.2e-07,0.7886446666666687,0.5968239861538469,-99999.0,4.2666666666666694e-07,4.3307692307692316e-07,-99999.0
28,4.2e-07,1558238400,4.3e-07,4.1e-07,4.2e-07,4736309.2309523,1.9876326,4.1e-07,1.410633630000002,0.7396757969230776,-99999.0,4.2333333333333366e-07,4.3153846153846164e-07,-99999.0
29,4.2e-07,1558245600,4.2e-07,4.1e-07,4.1e-07,606322.23609734,0.25346281,4.1e-07,0.9389540066666685,0.5322326576923084,-99999.0,4.2000000000000037e-07,4.300000000000001e-07,-99999.0
30,4.2e-07,1558252800,4.3e-07,4.1e-07,4.1e-07,3703211.6863611,1.55420121,4.1e-07,1.2650988733333353,0.6289960961538468,-99999.0,4.2000000000000037e-07,4.284615384615386e-07,-99999.0
31,4.2e-07,1558260000,4.3e-07,4.1e-07,4.2e-07,704092.9298304,0.29669785,4.2e-07,0.7014539566666685,0.641871615384616,-99999.0,4.2000000000000037e-07,4.276923076923078e-07,-99999.0
32,4.2e-07,1558267200,4.3e-07,4.2e-07,4.2e-07,3256967.3900517,1.36823023,4.2e-07,1.0730430966666686,0.7263096069230776,-99999.0,4.2000000000000037e-07,4.269230769230771e-07,-99999.0
33,4.2e-07,1558274400,4.3e-07,4.2e-07,4.2e-07,483228.88359634,0.20303432,4.2e-07,0.6226541333333353,0.7215428561538467,1.9266175923529416,4.2000000000000037e-07,4.2538461538461556e-07,4.31176470588235e-07
34,4.2e-07,1558281600,4.3e-07,4.2e-07,4.2e-07,402537.29368875,0.16932225,4.2e-07,0.580195600000002,0.7272103461538468,1.931597658529412,4.2000000000000037e-07,4.2461538461538477e-07,4.302941176470585e-07
35,4.2e-07,1558288800,4.3e-07,4.2e-07,4.2e-07,2600527.7744794,1.09222455,4.2e-07,0.4881937066666688,0.7950822461538467,1.879303882647059,4.2000000000000037e-07,4.2384615384615404e-07,4.2941176470588197e-07
36,4.1e-07,1558296000,4.2e-07,4.1e-07,4.2e-07,3064111.0156843,1.2806023,4.1e-07,0.8473830333333354,0.8338426430769237,1.8529646291176474,4.16666666666667e-07,4.2153846153846173e-07,4.285294117647055e-07
37,4.1e-07,1558303200,4.2e-07,4.1e-07,4.2e-07,133420.70341919,0.05535285,4.1e-07,0.8093932333333353,0.8174380746153852,1.6974025158823531,4.133333333333337e-07,4.200000000000002e-07,4.279411764705879e-07
38,4.1e-07,1558310400,4.2e-07,4.1e-07,4.1e-07,417888.1315513,0.1717272,4.1e-07,0.5025607833333353,0.821288958461539,1.637855065,4.1000000000000036e-07,4.184615384615387e-07,4.2764705882352907e-07
39,4.1e-07,1558317600,4.2e-07,4.1e-07,4.1e-07,365447.2142646,0.15127482,4.1e-07,0.12611829000000196,0.7045792000000005,1.5370698502941178,4.1000000000000047e-07,4.169230769230772e-07,4.270588235294114e-07
40,4.1e-07,1558324800,4.2e-07,4.1e-07,4.2e-07,172808.4091158,0.07099358,4.1e-07,0.13133186666666863,0.6657505053846158,1.5104305197058825,4.1000000000000047e-07,4.161538461538464e-07,4.264705882352938e-07
41,4.1e-07,1558332000,4.2e-07,4.1e-07,4.1e-07,155819.48656422,0.06403154,4.1e-07,0.09543331333333531,0.5177811930769235,1.4030725929411767,4.1000000000000047e-07,4.1538461538461565e-07,4.26176470588235e-07
42,4.1e-07,1558339200,4.2e-07,4.1e-07,4.1e-07,338220.92543909,0.13949148,4.1e-07,0.09150553333333529,0.5090141676923081,1.2372242199999999,4.1000000000000047e-07,4.1461538461538487e-07,4.255882352941173e-07
43,4.1e-07,1558346400,4.2e-07,4.1e-07,4.2e-07,1078634.830356,0.45036691,4.1e-07,0.217963310000002,0.4241038369230773,1.2196838123529412,4.1000000000000047e-07,4.1384615384615414e-07,4.252941176470585e-07
44,4.2e-07,1558353600,4.2e-07,4.1e-07,4.1e-07,2917434.9363845,1.22221816,4.1e-07,0.6040255166666687,0.4952977069230773,0.7207174679411764,4.1333333333333375e-07,4.1384615384615414e-07,4.247058823529408e-07
45,4.2e-07,1558360800,4.3e-07,4.2e-07,4.2e-07,464568.06597698,0.1951582,4.2e-07,0.6225810900000021,0.4050613969230773,0.6427842308823529,4.1666666666666704e-07,4.1384615384615414e-07,4.2411764705882316e-07
46,4.2e-07,1558368000,4.3e-07,4.2e-07,4.2e-07,485384.23595478,0.20391393,4.2e-07,0.5404300966666686,0.4051290592307696,0.6417969555882351,4.2000000000000037e-07,4.1384615384615414e-07,4.2382352941176435e-07
47,4.2e-07,1558375200,4.3e-07,4.2e-07,4.3e-07,3048178.4612363,1.28146719,4.2e-07,0.5601797733333355,0.49067867000000037,0.6357459964705882,4.2000000000000037e-07,4.1384615384615414e-07,4.2323529411764663e-07
48,4.1e-07,1558382400,4.3e-07,4.1e-07,4.2e-07,2772593.0680405,1.14765257,4.1e-07,0.8776778966666688,0.4949423638461542,0.6211108344117645,4.16666666666667e-07,4.1307692307692335e-07,4.2235294117647015e-07
49,4.1e-07,1558389600,4.2e-07,4.1e-07,4.1e-07,550941.60315855,0.22828088,4.1e-07,0.8858002133333355,0.41399456230769266,0.6239850055882351,4.133333333333337e-07,4.1307692307692335e-07,4.214705882352936e-07
50,4.1e-07,1558396800,4.2e-07,4.1e-07,4.2e-07,997763.92456457,0.41196741,4.1e-07,0.5959669533333354,0.4414264515384619,0.5493304111764704,4.1000000000000036e-07,4.1307692307692335e-07,4.205882352941171e-07
51,4.2e-07,1558404000,4.3e-07,4.1e-07,4.2e-07,4129100.9994434,1.73920216,4.2e-07,0.7931501500000021,0.5620014484615388,0.5917694008823529,4.1333333333333375e-07,4.1384615384615414e-07,4.1999999999999947e-07
52,4.4e-07,1558411200,4.4e-07,4.2e-07,4.2e-07,1968352.1727009,0.85923489,4.3e-07,1.0034681533333354,0.6164599153846158,0.6132376005882352,4.233333333333338e-07,4.161538461538464e-07,4.202941176470583e-07
53,4.3e-07,1558418400,4.4e-07,4.3e-07,4.3e-07,817074.71691706,0.35460296,4.3e-07,0.9843466700000022,0.6382760215384619,0.615710148235294,4.3000000000000054e-07,4.176923076923079e-07,4.202941176470583e-07
54,4.5e-07,1558425600,4.5e-07,4.3e-07,4.4e-07,2493486.8388867,1.09989093,4.4e-07,0.7712429266666688,0.7179575130769233,0.6402657026470588,4.400000000000005e-07,4.20769230769231e-07,4.205882352941171e-07
55,4.3e-07,1558432800,4.5e-07,4.3e-07,4.4e-07,2683969.6049006,1.17992614,4.3e-07,0.8781400100000022,0.7979909484615388,0.6721563279411765,4.3666666666666716e-07,4.223076923076925e-07,4.205882352941171e-07
56,4.3e-07,1558440000,4.4e-07,4.3e-07,4.3e-07,1511134.2156959,0.65705749,4.3e-07,0.9789581866666689,0.8138902238461542,0.6853083173529412,4.3666666666666716e-07,4.2384615384615404e-07,4.205882352941171e-07
57,4.3e-07,1558447200,4.4e-07,4.3e-07,4.3e-07,1384703.5470976,0.59858104,4.3e-07,0.8118548900000023,0.7659181376923079,0.6800690202941176,4.3000000000000054e-07,4.2461538461538477e-07,4.2029411764705823e-07
58,4.3e-07,1558454400,4.4e-07,4.3e-07,4.4e-07,294604.35849347,0.12686272,4.3e-07,0.4608337500000023,0.7606646392307694,0.6758999167647058,4.3000000000000054e-07,4.2538461538461556e-07,4.2029411764705823e-07
59,4.3e-07,1558461600,4.4e-07,4.2e-07,4.4e-07,3614354.5650613,1.56088824,4.3e-07,0.7621106666666688,0.8650472784615387,0.7182299911764707,4.3000000000000054e-07,4.261538461538463e-07,4.2029411764705823e-07
60,4.3e-07,1558468800,4.3e-07,4.2e-07,4.2e-07,3498875.1584657,1.5028075,4.2e-07,1.0635194866666688,0.8820734561538462,0.7133566329411766,4.3000000000000054e-07,4.269230769230771e-07,4.2029411764705823e-07
61,4.3e-07,1558476000,4.4e-07,4.2e-07,4.3e-07,3431644.2998331,1.47847268,4.3e-07,1.514056140000002,0.907521156923077,0.7399068114705883,4.3000000000000054e-07,4.284615384615386e-07,4.2058823529411704e-07
62,4.3e-07,1558483200,4.4e-07,4.3e-07,4.3e-07,1523738.0619331,0.66123418,4.3e-07,1.2141714533333356,0.940825256923077,0.7008950932352942,4.3000000000000054e-07,4.300000000000001e-07,4.208823529411759e-07
63,4.4e-07,1558490400,4.4e-07,4.3e-07,4.3e-07,1215699.1699156,0.53245835,4.3e-07,0.8907217366666688,0.9500937907692308,0.7091008444117648,4.333333333333338e-07,4.323076923076924e-07,4.214705882352935e-07
64,4.3e-07,1558497600,4.4e-07,4.3e-07,4.3e-07,3408430.9520917,1.46585502,4.3e-07,0.8865158500000021,0.9290670876923077,0.7065024270588236,4.333333333333338e-07,4.3307692307692316e-07,4.217647058823523e-07
65,4.3e-07,1558504800,4.4e-07,4.3e-07,4.4e-07,1183934.306131,0.51631579,4.3e-07,0.8382097200000022,0.9026886953846154,0.7129617782352942,4.333333333333338e-07,4.323076923076924e-07,4.220588235294112e-07
66,4.4e-07,1558512000,4.4e-07,4.3e-07,4.3e-07,557811.49901676,0.23996671,4.3e-07,0.7407125066666689,0.8938705223076924,0.6797775570588236,4.333333333333338e-07,4.3307692307692316e-07,4.226470588235288e-07
67,4.3e-07,1558519200,4.4e-07,4.3e-07,4.3e-07,327492.80749494,0.14099131,4.3e-07,0.2990912700000022,0.8201090130769231,0.6779527626470588,4.333333333333338e-07,4.3153846153846164e-07,4.229411764705876e-07
68,4.3e-07,1558526400,4.4e-07,4.3e-07,4.4e-07,2915230.4245282,1.25379213,4.3e-07,0.5449167166666689,0.8257910123076925,0.7098489355882354,4.333333333333338e-07,4.3153846153846164e-07,4.2323529411764647e-07
69,4.3e-07,1558533600,4.4e-07,4.3e-07,4.3e-07,377942.5633482,0.1629071,4.3e-07,0.5192301800000022,0.787779443846154,0.6825160694117648,4.3000000000000054e-07,4.3153846153846164e-07,4.235294117647053e-07
70,4.3e-07,1558540800,4.4e-07,4.3e-07,4.3e-07,324101.27989685,0.14069764,4.3e-07,0.5191322900000022,0.7525576438461541,0.6489894617647058,4.3000000000000054e-07,4.3153846153846164e-07,4.241176470588229e-07
71,4.3e-07,1558548000,4.3e-07,4.3e-07,4.3e-07,262429.86910977,0.11284484,4.3e-07,0.13881652666666885,0.7514793453846156,0.650680402647059,4.3000000000000054e-07,4.3153846153846164e-07,4.2470588235294056e-07
72,4.4e-07,1558555200,4.4e-07,4.3e-07,4.3e-07,1166472.5001914,0.50176806,4.3e-07,0.2517701800000022,0.6700085623076925,0.6603874867647059,4.333333333333338e-07,4.323076923076924e-07,4.2558823529411704e-07
73,4.4e-07,1558562400,4.4e-07,4.3e-07,4.3e-07,1140743.0781957,0.49065555,4.3e-07,0.3684228166666688,0.5921507200000001,0.6703692729411765,4.3666666666666716e-07,4.3307692307692316e-07,4.2647058823529357e-07
74,4.3e-07,1558569600,4.4e-07,4.2e-07,4.3e-07,6090801.4232231,2.5972965,4.2e-07,1.196573370000002,0.6782140907692309,0.7446723000000001,4.3666666666666716e-07,4.3307692307692316e-07,4.270588235294112e-07
75,4.2e-07,1558576800,4.2e-07,4.2e-07,4.2e-07,348005.9806607,0.14616251,4.2e-07,1.0780381866666688,0.6385931930769233,0.747087916764706,4.300000000000005e-07,4.323076923076924e-07,4.2735294117647005e-07
76,4.2e-07,1558584000,4.3e-07,4.2e-07,4.2e-07,157918.86489433,0.06633202,4.2e-07,0.9365970100000021,0.6027373215384618,0.7449361679411766,4.233333333333338e-07,4.307692307692309e-07,4.2764705882352886e-07
77,4.3e-07,1558591200,4.3e-07,4.2e-07,4.2e-07,521611.5674703,0.21913891,4.2e-07,0.1438778133333353,0.5068360823076926,0.7381353444117649,4.233333333333338e-07,4.307692307692309e-07,4.282352941176465e-07
78,4.2e-07,1558598400,4.2e-07,4.1e-07,4.2e-07,3512668.7939462,1.47443746,4.1e-07,0.586636130000002,0.5805377492307695,0.7455535591176472,4.233333333333338e-07,4.300000000000001e-07,4.282352941176465e-07
79,4.3e-07,1558605600,4.3e-07,4.1e-07,4.1e-07,668970.17416938,0.27987595,4.1e-07,0.657817440000002,0.583607690769231,0.748045257647059,4.2666666666666715e-07,4.2923076923076933e-07,4.2852941176470534e-07
80,4.3e-07,1558612800,4.3e-07,4.2e-07,4.2e-07,223746.43167889,0.09481907,4.2e-07,0.6163774933333352,0.5800559800000002,0.7448365852941178,4.266666666666671e-07,4.2923076923076933e-07,4.2882352941176414e-07
81,4.2e-07,1558620000,4.3e-07,4.2e-07,4.2e-07,327833.18402165,0.13809647,4.2e-07,0.17093049666666857,0.49423323692307713,0.7112080347058826,4.266666666666671e-07,4.284615384615386e-07,4.2882352941176414e-07
82,4.2e-07,1558627200,4.3e-07,4.2e-07,4.2e-07,391039.76952474,0.16429223,4.2e-07,0.1324025900000019,0.4943397853846156,0.6822856717647061,4.233333333333338e-07,4.276923076923078e-07,4.2911764705882295e-07
83,4.3e-07,1558634400,4.3e-07,4.2e-07,4.2e-07,135409.3472431,0.05694264,4.2e-07,0.11977711333333524,0.4878970930769233,0.6772463117647061,4.233333333333338e-07,4.276923076923078e-07,4.297058823529406e-07
84,4.2e-07,1558641600,4.3e-07,4.2e-07,4.3e-07,1608770.6239833,0.67580118,4.2e-07,0.29901201666666855,0.5312014269230771,0.685006128529412,4.233333333333338e-07,4.269230769230771e-07,4.2999999999999943e-07
85,4.2e-07,1558648800,4.3e-07,4.2e-07,4.2e-07,412728.0144831,0.17353898,4.2e-07,0.30209426666666855,0.5059530361538463,0.6389572114705885,4.233333333333338e-07,4.2538461538461556e-07,4.2999999999999943e-07
86,4.2e-07,1558656000,4.3e-07,4.2e-07,4.3e-07,611086.89750412,0.26188096,4.2e-07,0.3704070400000019,0.488354990769231,0.6213879782352943,4.200000000000005e-07,4.2384615384615404e-07,4.294117647058817e-07
87,4.2e-07,1558663200,4.3e-07,4.2e-07,4.2e-07,245661.65813825,0.10432806,4.2e-07,0.17991600000000194,0.29658818769230794,0.6140269517647061,4.200000000000005e-07,4.2307692307692325e-07,4.291176470588229e-07
88,4.2e-07,1558670400,4.3e-07,4.2e-07,4.2e-07,729222.43507277,0.30729834,4.2e-07,0.22450245333333527,0.30898325153846184,0.5907154050000001,4.200000000000005e-07,4.2307692307692325e-07,4.282352941176464e-07
89,4.2e-07,1558677600,4.3e-07,4.2e-07,4.2e-07,564714.39426039,0.23719944,4.2e-07,0.21627528000000193,0.32212689923076954,0.5629881491176473,4.200000000000005e-07,4.2307692307692325e-07,4.2794117647058756e-07
90,4.3e-07,1558684800,4.3e-07,4.2e-07,4.3e-07,10236231.275871,4.3993068,4.2e-07,1.6479348600000019,0.6436782753846158,0.6730543052941179,4.2333333333333387e-07,4.2307692307692325e-07,4.2794117647058756e-07
91,4.2e-07,1558692000,4.3e-07,4.2e-07,4.2e-07,1604000.7109476,0.68863834,4.2e-07,1.775048193333335,0.5832321892307696,0.675703049411765,4.2333333333333387e-07,4.2307692307692325e-07,4.2764705882352875e-07
92,4.3e-07,1558699200,4.3e-07,4.2e-07,4.2e-07,1006853.760252,0.43221438,4.2e-07,1.8400531733333347,0.5949505300000004,0.6846839805882357,4.2666666666666715e-07,4.2307692307692325e-07,4.2764705882352875e-07
93,4.2e-07,1558706400,4.3e-07,4.2e-07,4.2e-07,1462153.8733387,0.6143978,4.2e-07,0.5784168400000015,0.634918124615385,0.6568460264705885,4.233333333333338e-07,4.223076923076925e-07,4.2735294117646994e-07
94,4.1e-07,1558713600,4.2e-07,4.1e-07,4.2e-07,4163625.7974421,1.721922,4.1e-07,0.9228447266666683,0.756750857692308,0.6632905705882356,4.200000000000004e-07,4.2153846153846173e-07,4.267647058823523e-07
95,4.1e-07,1558720800,4.2e-07,4.1e-07,4.1e-07,799724.78626076,0.33394374,4.1e-07,0.8900878466666683,0.7698009738461542,0.6296279547058826,4.1333333333333375e-07,4.20769230769231e-07,4.2617647058823466e-07
96,4.2e-07,1558728000,4.2e-07,4.1e-07,4.1e-07,128001.17234827,0.05316192,4.1e-07,0.7030092200000017,0.7695101492307697,0.6117434764705886,4.1333333333333375e-07,4.200000000000002e-07,4.2588235294117585e-07
97,4.1e-07,1558735200,4.2e-07,4.1e-07,4.1e-07,2731281.4135296,1.12075108,4.1e-07,0.502618913333335,0.803737064615385,0.6290462038235298,4.1333333333333375e-07,4.1923076923076943e-07,4.2499999999999937e-07
98,4.1e-07,1558742400,4.2e-07,4.1e-07,4.2e-07,795746.54352639,0.32636189,4.1e-07,0.5000916300000017,0.8154926730769234,0.5955317000000004,4.1333333333333375e-07,4.184615384615387e-07,4.244117647058817e-07
99,4.1e-07,1558749600,4.2e-07,4.1e-07,4.2e-07,2025960.5580716,0.84933526,4.1e-07,0.765482743333335,0.8606814653846158,0.605326390294118,4.1000000000000036e-07,4.176923076923079e-07,4.238235294117641e-07
100,4.1e-07,1558756800,4.2e-07,4.1e-07,4.1e-07,1329383.0742007,0.55706464,4.1e-07,0.5775872633333351,0.8955073561538465,0.6146528000000004,4.1000000000000047e-07,4.169230769230772e-07,4.2294117647058756e-07
101,4.1e-07,1558764000,4.2e-07,4.1e-07,4.2e-07,915594.51347185,0.37821225,4.1e-07,0.5948707166666684,0.9009622723076928,0.6216298864705887,4.1000000000000047e-07,4.161538461538464e-07,4.2235294117646994e-07
102,4.1e-07,1558771200,4.2e-07,4.1e-07,4.1e-07,1443019.0984507,0.60268117,4.1e-07,0.5126526866666684,0.9290762515384621,0.6024795641176475,4.1000000000000047e-07,4.1538461538461565e-07,4.2176470588235227e-07
103,4.1e-07,1558778400,4.2e-07,4.1e-07,4.1e-07,1114843.6551492,0.45760817,4.1e-07,0.47950053000000165,0.6258686646153853,0.6111472426470592,4.1000000000000047e-07,4.1384615384615414e-07,4.2117647058823465e-07
104,4.2e-07,1558785600,4.3e-07,4.1e-07,4.1e-07,539020.24426982,0.22739422,4.2e-07,0.42922785333333496,0.5903883476923084,0.613697142058824,4.1333333333333375e-07,4.1384615384615414e-07,4.2088235294117584e-07
105,4.2e-07,1558792800,4.2e-07,4.1e-07,4.2e-07,378065.24957441,0.15596833,4.1e-07,0.28032357333333496,0.5691386515384622,0.6149654800000004,4.1666666666666704e-07,4.1307692307692335e-07,4.20588235294117e-07
106,4.1e-07,1558800000,4.2e-07,4.1e-07,4.1e-07,345324.59501757,0.14416146,4.1e-07,0.17584133666666826,0.532966625384616,0.6044476388235298,4.1666666666666704e-07,4.123076923076926e-07,4.197058823529405e-07
107,4.2e-07,1558807200,4.2e-07,4.1e-07,4.1e-07,1261087.4295228,0.52271944,4.1e-07,0.2742830766666683,0.4407202746153853,0.6053906944117651,4.1666666666666704e-07,4.1307692307692335e-07,4.1911764705882284e-07
108,4.1e-07,1558814400,4.2e-07,4.1e-07,4.1e-07,180186.96217674,0.0744009,4.1e-07,0.24709393333333496,0.4207554407692315,0.5311878826470593,4.133333333333337e-07,4.1307692307692335e-07,4.185294117647052e-07
109,4.2e-07,1558821600,4.3e-07,4.1e-07,4.2e-07,1678560.1520716,0.70145276,4.1e-07,0.43285770000000157,0.4706239669230777,0.5475199488235298,4.1666666666666704e-07,4.1307692307692335e-07,4.185294117647052e-07
110,4.2e-07,1558828800,4.4e-07,4.1e-07,4.1e-07,3838271.69617,1.64799289,4.2e-07,0.8079488500000016,0.51118102923077,0.594039386176471,4.1666666666666704e-07,4.1384615384615414e-07,4.185294117647052e-07
111,4.3e-07,1558836000,4.3e-07,4.2e-07,4.2e-07,167870.74912574,0.07108534,4.2e-07,0.8068436633333348,0.4915443715384623,0.589684869411765,4.233333333333338e-07,4.1538461538461565e-07,4.185294117647052e-07
112,4.4e-07,1558843200,4.4e-07,4.2e-07,4.2e-07,1128698.0581383,0.49138942,4.3e-07,0.7368225500000015,0.4640100761538469,0.5607716917647062,4.300000000000005e-07,4.176923076923079e-07,4.1911764705882284e-07
113,4.6e-07,1558850400,4.7e-07,4.3e-07,4.4e-07,16085258.168485,7.27715523,4.5e-07,2.6132099966666678,0.9809401215384622,0.7665740235294122,4.4333333333333384e-07,4.2153846153846173e-07,4.1999999999999937e-07
114,4.4e-07,1558857600,4.6e-07,4.3e-07,4.6e-07,3811513.8952538,1.68255148,4.4e-07,3.150365376666668,1.0812739084615393,0.8132720355882357,4.4666666666666717e-07,4.2384615384615404e-07,4.202941176470582e-07
115,4.4e-07,1558864800,4.5e-07,4.3e-07,4.5e-07,1838935.9457404,0.79887706,4.3e-07,3.2528612566666677,1.0963659000000008,0.8327067588235297,4.4666666666666717e-07,4.261538461538463e-07,4.208823529411759e-07
116,4.3e-07,1558872000,4.3e-07,4.2e-07,4.3e-07,6875289.5027376,2.95580186,4.2e-07,1.8124101333333342,1.2885346453846163,0.9148099832352945,4.366666666666672e-07,4.276923076923078e-07,4.211764705882347e-07
117,4.4e-07,1558879200,4.4e-07,4.3e-07,4.3e-07,1116473.6565881,0.48161214,4.3e-07,1.412097020000001,1.3080898700000008,0.9273002626470592,4.366666666666672e-07,4.2923076923076933e-07,4.2147058823529357e-07
118,4.3e-07,1558886400,4.4e-07,4.3e-07,4.3e-07,560989.45151827,0.24246071,4.3e-07,1.226624903333334,1.3147431300000005,0.9145549547058827,4.333333333333338e-07,4.300000000000001e-07,4.217647058823524e-07
119,4.2e-07,1558893600,4.4e-07,4.2e-07,4.3e-07,2356879.5153326,1.00922217,4.2e-07,0.5777650066666674,1.3812862615384622,0.9391338720588238,4.3000000000000054e-07,4.307692307692309e-07,4.217647058823524e-07
120,4.1e-07,1558900800,4.3e-07,4.1e-07,4.2e-07,6725519.1025268,2.81892344,4.1e-07,1.356868773333334,1.5579173384615392,1.0143410038235299,4.200000000000005e-07,4.300000000000001e-07,4.2147058823529357e-07
121,4e-07,1558908000,4.2e-07,4e-07,4.1e-07,5293320.1864849,2.16898029,4e-07,1.9990419666666674,1.7190388300000008,1.075066069411765,4.1000000000000047e-07,4.2923076923076933e-07,4.2088235294117595e-07
122,4e-07,1558915200,4.1e-07,4e-07,4e-07,2358739.3035698,0.94703114,4e-07,1.978311623333334,1.7379294746153855,1.0938817400000003,4.033333333333338e-07,4.276923076923078e-07,4.202941176470583e-07
123,4e-07,1558922400,4.1e-07,4e-07,4e-07,1638100.7610849,0.66189112,4e-07,1.2593008500000007,1.662075492307693,1.1063726717647062,4.000000000000004e-07,4.261538461538463e-07,4.1970588235294066e-07
124,4.1e-07,1558929600,4.2e-07,4e-07,4e-07,1605241.7043368,0.65802622,4e-07,0.7556494933333341,1.7072247907692315,0.9963350076470592,4.033333333333337e-07,4.2461538461538477e-07,4.19117647058823e-07
125,4.1e-07,1558936800,4.2e-07,4.1e-07,4.1e-07,1354461.3894089,0.56812303,4.1e-07,0.6293467900000008,1.7131273761538468,0.9927904397058828,4.06666666666667e-07,4.223076923076925e-07,4.188235294117642e-07
126,4.1e-07,1558944000,4.3e-07,4.1e-07,4.1e-07,481395.32824984,0.20272922,4.2e-07,0.47629282333333417,1.1689407600000004,0.9860408761764712,4.100000000000003e-07,4.184615384615387e-07,4.182352941176465e-07
127,4.2e-07,1558951200,4.2e-07,4.1e-07,4.2e-07,708830.06832288,0.29201963,4.1e-07,0.3542906266666675,1.061976771538462,0.9765591652941182,4.133333333333336e-07,4.169230769230772e-07,4.182352941176465e-07
128,4e-07,1558958400,4.2e-07,4e-07,4.1e-07,1997213.5273448,0.81751662,4e-07,0.43742182333333424,1.0634105838461543,0.9499590070588241,4.100000000000003e-07,4.1384615384615414e-07,4.179411764705877e-07
129,4.1e-07,1558965600,4.1e-07,4e-07,4e-07,1260100.5512032,0.50902489,4e-07,0.5395203800000009,0.8751969707692311,0.9551084526470593,4.100000000000003e-07,4.123076923076926e-07,4.179411764705877e-07
130,4e-07,1558972800,4.1e-07,4e-07,4.1e-07,3486525.0801856,1.41718299,4e-07,0.9145748333333342,0.9471639592307697,0.9952267194117652,4.0333333333333364e-07,4.092307692307695e-07,4.173529411764701e-07
131,4e-07,1558980000,4.1e-07,4e-07,4e-07,3628002.894062,1.4833876,4e-07,1.1365318266666675,1.0426198738461543,1.0058924994117653,4.0333333333333364e-07,4.0692307692307727e-07,4.170588235294113e-07
132,4e-07,1558987200,4.1e-07,4e-07,4.1e-07,1271841.8729688,0.51096262,4e-07,1.1371777366666675,1.0042922161538468,1.0113219326470593,4.0000000000000025e-07,4.0538461538461575e-07,4.167647058823524e-07
133,4e-07,1558994400,4.1e-07,4e-07,4e-07,3936187.8906534,1.58766287,4e-07,1.1940043633333344,0.9095798646153853,1.033037450588236,4.0000000000000025e-07,4.0461538461538496e-07,4.164705882352936e-07
134,4.1e-07,1559001600,4.1e-07,4e-07,4e-07,1026566.0686023,0.41253491,4e-07,0.8370534666666676,0.7744686815384623,1.0287865761764712,4.033333333333336e-07,4.053846153846158e-07,4.164705882352936e-07
135,4e-07,1559008800,4.2e-07,4e-07,4e-07,1337191.6462388,0.54092222,4e-07,0.847040000000001,0.7432295338461545,1.0335721635294124,4.033333333333336e-07,4.053846153846158e-07,4.161764705882348e-07
136,4.1e-07,1559016000,4.2e-07,4e-07,4e-07,1154307.648312,0.47266321,4e-07,0.47537344666666764,0.7286735407692315,1.0297481058823537,4.0666666666666687e-07,4.061538461538466e-07,4.161764705882348e-07
137,4.1e-07,1559023200,4.2e-07,4.1e-07,4.1e-07,412605.17342558,0.169809,4.1e-07,0.39446481000000094,0.6911183700000009,1.0212834244117655,4.0666666666666687e-07,4.061538461538466e-07,4.161764705882348e-07
138,4.2e-07,1559030400,4.2e-07,4.1e-07,4.1e-07,1634410.8426678,0.68291058,4.1e-07,0.4417942633333342,0.6999481815384623,1.0346809644117654,4.1333333333333354e-07,4.069230769230773e-07,4.161764705882348e-07
139,4.1e-07,1559037600,4.2e-07,4.1e-07,4.1e-07,212189.10187492,0.08731547,4.1e-07,0.31334501666666753,0.6910702007692315,1.0326617626470596,4.133333333333336e-07,4.069230769230773e-07,4.15882352941176e-07
140,4.1e-07,1559044800,4.2e-07,4e-07,4.2e-07,3003080.3786422,1.23111691,4e-07,0.6671143200000009,0.7633084530769237,1.064631040588236,4.133333333333336e-07,4.061538461538466e-07,4.15882352941176e-07
141,4.1e-07,1559052000,4.1e-07,4e-07,4e-07,876846.52367394,0.35753568,4e-07,0.5586560200000009,0.7279253038461545,1.0597726947058828,4.1000000000000026e-07,4.069230769230773e-07,4.1558823529411714e-07
142,4e-07,1559059200,4.1e-07,4e-07,4.1e-07,697999.8238259,0.28279147,4e-07,0.6238146866666676,0.7105227330769238,1.0659018291176476,4.0666666666666687e-07,4.061538461538465e-07,4.1529411764705833e-07
143,4e-07,1559066400,4.1e-07,4e-07,4.1e-07,2795225.5544864,1.13997622,4e-07,0.5934344566666677,0.689199135384616,1.078799577941177,4.033333333333336e-07,4.061538461538466e-07,4.147058823529407e-07
144,4.1e-07,1559073600,4.1e-07,4e-07,4e-07,639664.66589711,0.25675832,4e-07,0.5598420033333343,0.5948430369230775,1.0378809141176477,4.033333333333336e-07,4.069230769230773e-07,4.1441176470588185e-07
145,4.1e-07,1559080800,4.2e-07,4e-07,4e-07,903709.07174552,0.37009608,4e-07,0.5889435400000009,0.5840071492307698,1.0466753476470594,4.0666666666666687e-07,4.076923076923081e-07,4.1382352941176423e-07
146,4.1e-07,1559088000,4.2e-07,4.1e-07,4.1e-07,287942.9482246,0.11907122,4.1e-07,0.2486418733333342,0.47103856076923134,1.035724812352942,4.1000000000000015e-07,4.0846153846153884e-07,4.1294117647058776e-07
147,4.1e-07,1559095200,4.2e-07,4.1e-07,4.2e-07,362420.13870077,0.15023397,4.1e-07,0.21313375666666753,0.45086156538461597,0.8261094811764714,4.1000000000000015e-07,4.0846153846153884e-07,4.114705882352936e-07
148,4e-07,1559102400,4.1e-07,4e-07,4.1e-07,1063163.9946701,0.4336614,4e-07,0.23432219666666754,0.4426107330769237,0.7893774200000008,4.0666666666666687e-07,4.0846153846153884e-07,4.102941176470583e-07
149,4e-07,1559109600,4.1e-07,4e-07,4.1e-07,137979.09129981,0.05522818,4e-07,0.2130411833333342,0.4105003461538468,0.7675053941176478,4.033333333333336e-07,4.07692307692308e-07,4.0911764705882304e-07
150,4e-07,1559116800,4.1e-07,4e-07,4.1e-07,1254342.6139417,0.5100696,4e-07,0.3329863933333342,0.43667423846153913,0.695572092352942,4.0000000000000025e-07,4.0692307692307727e-07,4.082352941176466e-07
151,4e-07,1559124000,4.1e-07,4e-07,4.1e-07,1708086.2924591,0.69237539,4e-07,0.41922439000000083,0.4374023007692314,0.7017710114705891,4.0000000000000025e-07,4.0538461538461575e-07,4.070588235294113e-07
152,4e-07,1559131200,4.1e-07,4e-07,4e-07,1020202.4438851,0.40911069,4e-07,0.5371852266666675,0.4621557792307699,0.706672481470589,4.0000000000000025e-07,4.0461538461538496e-07,4.061764705882348e-07
153,4.1e-07,1559138400,4.1e-07,4e-07,4e-07,1333280.6316668,0.54415405,4e-07,0.5485467100000009,0.40931248230769296,0.6929940073529419,4.033333333333336e-07,4.0461538461538496e-07,4.05882352941176e-07
154,4e-07,1559145600,4.1e-07,4e-07,4e-07,262368.89375208,0.10530775,4e-07,0.3528574966666675,0.3899103338461545,0.6131817811764714,4.033333333333336e-07,4.0384615384615423e-07,4.0558823529411713e-07
155,4e-07,1559152800,4.1e-07,4e-07,4e-07,1191785.2736992,0.47795678,4e-07,0.3758061933333341,0.4049230500000007,0.563445795588236,4.033333333333336e-07,4.038461538461543e-07,4.0558823529411713e-07
156,4e-07,1559160000,4.1e-07,4e-07,4.1e-07,238708.81213039,0.09581314,4e-07,0.2263592233333341,0.3246028130769237,0.5384099720588243,4.0000000000000025e-07,4.038461538461543e-07,4.0558823529411713e-07
157,4e-07,1559167200,4.1e-07,4e-07,4e-07,2800898.0541446,1.12882058,4e-07,0.5675301666666674,0.391684525384616,0.552143191470589,4.0000000000000025e-07,4.0307692307692344e-07,4.0558823529411713e-07
158,4.2e-07,1559174400,4.4e-07,4.1e-07,4.1e-07,21842104.173473,9.21249432,4.2e-07,3.479042680000001,1.0718690053846158,0.8037451944117655,4.066666666666669e-07,4.0384615384615423e-07,4.05882352941176e-07
159,4.2e-07,1559181600,4.4e-07,4.2e-07,4.2e-07,3202482.8112062,1.35527223,4.2e-07,3.8988623766666675,1.1669613907692313,0.8268966414705892,4.133333333333336e-07,4.0461538461538496e-07,4.061764705882348e-07
160,4.2e-07,1559188800,4.3e-07,4.2e-07,4.2e-07,3108854.771051,1.31212894,4.2e-07,3.9599651633333344,1.2563379269230774,0.859526045000001,4.2000000000000027e-07,4.0538461538461575e-07,4.064705882352936e-07
161,4.2e-07,1559196000,4.3e-07,4.2e-07,4.3e-07,1160063.9615593,0.48751244,4.2e-07,1.051637870000001,1.2604803146153853,0.8652758335294127,4.2000000000000027e-07,4.069230769230773e-07,4.064705882352936e-07
162,4.2e-07,1559203200,4.3e-07,4.2e-07,4.3e-07,7541886.4992842,3.19330285,4.2e-07,1.6643147433333345,1.5018706738461545,0.9351518991176481,4.2000000000000027e-07,4.0846153846153884e-07,4.070588235294113e-07
163,4.2e-07,1559210400,4.3e-07,4.2e-07,4.2e-07,440058.20582287,0.18485551,4.2e-07,1.2885569333333347,1.4768542053846156,0.9256175055882362,4.2000000000000027e-07,4.1000000000000036e-07,4.073529411764701e-07
164,4.3e-07,1559217600,4.3e-07,4.2e-07,4.3e-07,1701900.0133098,0.72879506,4.2e-07,1.3689844733333347,1.4796557184615389,0.9053708017647069,4.233333333333336e-07,4.1230769230769267e-07,4.0823529411764656e-07
165,4.2e-07,1559224800,4.3e-07,4.2e-07,4.3e-07,1710885.0102514,0.72408258,4.2e-07,0.5459110500000016,1.503884325384616,0.8830383011764716,4.233333333333336e-07,4.138461538461542e-07,4.088235294117642e-07
166,4.2e-07,1559232000,4.2e-07,4e-07,4.2e-07,11570267.665376,4.71948697,4e-07,2.0574548700000013,1.8250637807692311,1.006818429117648,4.233333333333336e-07,4.146153846153849e-07,4.0941176470588185e-07
167,4.1e-07,1559239200,4.2e-07,4.1e-07,4.1e-07,965678.30847555,0.39596354,4.1e-07,1.9465110300000015,1.8474219184615388,0.9717684488235302,4.1666666666666693e-07,4.153846153846157e-07,4.0970588235294065e-07
168,4.1e-07,1559246400,4.2e-07,4e-07,4.1e-07,2730686.5527276,1.11917716,4e-07,2.0782092233333347,1.8967465630769236,0.9925520444117656,4.1333333333333354e-07,4.161538461538465e-07,4.0970588235294065e-07
169,4e-07,1559253600,4.2e-07,4e-07,4.1e-07,2184936.9012279,0.8877388,4e-07,0.8009598333333349,1.957663921538462,1.0027525320588244,4.0666666666666687e-07,4.161538461538465e-07,4.0970588235294065e-07
170,4e-07,1559260800,4.1e-07,4e-07,4.1e-07,864505.69700238,0.35311184,4e-07,0.7866759333333349,1.897994018461539,0.9992363152941185,4.033333333333336e-07,4.161538461538465e-07,4.0941176470588185e-07
171,4e-07,1559268000,4.1e-07,4e-07,4e-07,1210646.8344581,0.4928652,4e-07,0.5779052800000014,1.2272533169230775,1.0087379682352948,4.0000000000000025e-07,4.1461538461538487e-07,4.09117647058823e-07
172,4e-07,1559275200,4.1e-07,4e-07,4e-07,1191244.6691504,0.48664325,4e-07,0.4442067633333348,1.1604357030769235,1.0029653997058832,4.0000000000000025e-07,4.1307692307692335e-07,4.0852941176470537e-07
173,4e-07,1559282400,4.1e-07,4e-07,4.1e-07,1343341.7796343,0.54737529,4e-07,0.5089612466666681,1.1016084992307698,1.0164965708823537,4.0000000000000025e-07,4.1153846153846183e-07,4.0823529411764656e-07
174,4e-07,1559289600,4.1e-07,4e-07,4e-07,196388.02993285,0.07896381,4e-07,0.37099411666666815,1.070181681538462,0.9826097150000007,4.0000000000000025e-07,4.100000000000003e-07,4.079411764705877e-07
175,4e-07,1559296800,4.1e-07,4e-07,4e-07,398477.78507806,0.16034613,4e-07,0.26222841000000147,0.836877318461539,0.976810022352942,4.0000000000000025e-07,4.084615384615388e-07,4.076470588235289e-07
176,4e-07,1559304000,4.1e-07,4e-07,4.1e-07,4333202.7289781,1.7346075,4e-07,0.6579724800000014,0.9560890100000005,1.0195104938235302,4.0000000000000025e-07,4.0692307692307727e-07,4.076470588235289e-07
177,4e-07,1559311200,4.1e-07,4e-07,4.1e-07,194752.18102746,0.07852862,4e-07,0.6578274166666681,0.9060685146153851,0.9882914467647067,4.0000000000000025e-07,4.0461538461538496e-07,4.076470588235289e-07
178,4e-07,1559318400,4.1e-07,4e-07,4e-07,2279749.2657402,0.91602662,4e-07,0.9097209133333347,0.9208334407692313,1.0076816908823536,4.0000000000000025e-07,4.0307692307692344e-07,4.073529411764701e-07
179,4e-07,1559325600,4.1e-07,4e-07,4e-07,366800.84485216,0.14741022,4e-07,0.3806551533333346,0.5691352292307698,1.0011321067647063,4.0000000000000025e-07,4.015384615384619e-07,4.070588235294113e-07
180,4e-07,1559332800,4.1e-07,4e-07,4.1e-07,783544.85222279,0.31345129,4e-07,0.4589627100000013,0.5627881330769235,1.0068491676470595,4.0000000000000025e-07,4.007692307692312e-07,4.067647058823524e-07
181,4e-07,1559340000,4.1e-07,4e-07,4e-07,3705317.0053178,1.48212943,4e-07,0.647663646666668,0.590707538461539,1.0460225635294123,4.0000000000000025e-07,4.000000000000004e-07,4.064705882352936e-07
182,4.1e-07,1559347200,4.3e-07,4.1e-07,4.1e-07,8549608.9332266,3.56082813,4.1e-07,1.785469616666668,0.7963297946153852,1.1379980555882359,4.033333333333336e-07,4.0076923076923124e-07,4.067647058823524e-07
183,4.1e-07,1559354400,4.2e-07,4.1e-07,4.1e-07,49579.87143603,0.0203577,4.1e-07,1.6877717533333347,0.7707333223076929,1.1369724532352945,4.0666666666666687e-07,4.01538461538462e-07,4.070588235294113e-07
184,4.2e-07,1559361600,4.2e-07,4.1e-07,4.1e-07,357719.24343554,0.14884482,4.1e-07,1.2433435500000012,0.7442702161538468,1.1263481950000003,4.1333333333333354e-07,4.030769230769235e-07,4.076470588235289e-07
185,4.1e-07,1559368800,4.2e-07,4.1e-07,4.2e-07,381218.54614195,0.15931132,4.1e-07,0.10950461333333461,0.7190908369230775,1.1106698400000004,4.133333333333336e-07,4.038461538461543e-07,4.079411764705877e-07
186,4.1e-07,1559376000,4.2e-07,4.1e-07,4.2e-07,2052493.6151595,0.84404854,4.1e-07,0.38406822666666796,0.7419118561538467,1.1234621297058829,4.133333333333336e-07,4.04615384615385e-07,4.0823529411764656e-07
187,4.1e-07,1559383200,4.2e-07,4.1e-07,4.1e-07,1431378.8870254,0.58729835,4.1e-07,0.5302194033333346,0.7810145130769237,1.1247310797058827,4.1000000000000026e-07,4.053846153846158e-07,4.0823529411764656e-07
188,4.1e-07,1559390400,4.2e-07,4.1e-07,4.1e-07,833765.80134102,0.34219918,4.1e-07,0.5911820233333346,0.7950032092307697,1.1316984747058827,4.100000000000003e-07,4.061538461538466e-07,4.0852941176470537e-07
189,4.1e-07,1559397600,4.2e-07,4.1e-07,4.2e-07,374644.6440306,0.1557285,4.1e-07,0.3617420100000013,0.6735509784615389,1.1222211723529416,4.100000000000003e-07,4.069230769230773e-07,4.088235294117642e-07
190,4.1e-07,1559404800,4.2e-07,4.1e-07,4.1e-07,243558.17985434,0.10080019,4.1e-07,0.19957595666666794,0.6752641761538466,1.1223678502941181,4.100000000000003e-07,4.076923076923081e-07,4.09117647058823e-07
191,4.1e-07,1559412000,4.2e-07,4.1e-07,4.2e-07,259408.88358276,0.10785491,4.1e-07,0.12146120000000128,0.613097121538462,1.0923394482352946,4.100000000000003e-07,4.0846153846153884e-07,4.0941176470588185e-07
192,4.1e-07,1559419200,4.2e-07,4.1e-07,4.1e-07,407010.42618787,0.1682156,4.1e-07,0.12562356666666794,0.6146975353846158,0.8263312505882359,4.100000000000003e-07,4.0923076923076963e-07,4.09117647058823e-07
193,4.1e-07,1559426400,4.2e-07,4.1e-07,4.1e-07,1177653.1561416,0.48308908,4.1e-07,0.253053196666668,0.6277465961538465,0.8006788050000005,4.100000000000003e-07,4.1000000000000036e-07,4.088235294117642e-07
194,4.1e-07,1559433600,4.2e-07,4.1e-07,4.2e-07,102384.62654067,0.04214116,4.1e-07,0.2311486133333346,0.516978267692308,0.7633262232352946,4.100000000000003e-07,4.1076923076923115e-07,4.0852941176470537e-07
195,4.1e-07,1559440800,4.1e-07,4.1e-07,4.1e-07,192851.16214011,0.07906897,4.1e-07,0.2014330700000013,0.24915064000000034,0.7513131800000006,4.100000000000003e-07,4.1076923076923115e-07,4.0823529411764656e-07
196,4.1e-07,1559448000,4.1e-07,4.1e-07,4.1e-07,151644.2377198,0.06217413,4.1e-07,0.06112808666666797,0.2523672884615388,0.6592211588235299,4.100000000000003e-07,4.1076923076923115e-07,4.079411764705877e-07
197,4.1e-07,1559455200,4.2e-07,4.1e-07,4.1e-07,136321.08876411,0.0561445,4.1e-07,0.06579586666666797,0.24523649461538494,0.6554355408823536,4.100000000000003e-07,4.1000000000000036e-07,4.076470588235289e-07
198,4.1e-07,1559462400,4.2e-07,4.1e-07,4.1e-07,375806.24492008,0.15495203,4.1e-07,0.09109022000000129,0.24490116461538494,0.638557804705883,4.100000000000003e-07,4.1000000000000036e-07,4.070588235294113e-07
199,4.2e-07,1559469600,4.2e-07,4.1e-07,4.1e-07,457206.54834453,0.18763063,4.1e-07,0.13290905333333464,0.1944074792307696,0.6227798061764712,4.133333333333336e-07,4.1076923076923115e-07,4.070588235294113e-07
200,4.1e-07,1559476800,4.2e-07,4.1e-07,4.1e-07,131198.21623201,0.05397327,4.1e-07,0.1321853100000013,0.15338247307692346,0.48555881500000053,4.133333333333336e-07,4.1076923076923115e-07,4.067647058823524e-07
201,4.1e-07,1559484000,4.2e-07,4.1e-07,4.1e-07,926296.35201016,0.3797934,4.1e-07,0.20713243333333464,0.1562743361538465,0.4850832226470594,4.133333333333336e-07,4.1076923076923115e-07,4.067647058823524e-07
202,4.1e-07,1559491200,4.2e-07,4.1e-07,4.1e-07,550460.76396879,0.2272071,4.1e-07,0.2203245900000013,0.16177269000000039,0.4588488091176477,4.1000000000000026e-07,4.1076923076923115e-07,4.067647058823524e-07
203,4.1e-07,1559498400,4.2e-07,4.1e-07,4.2e-07,584271.86380488,0.24049768,4.1e-07,0.2824993933333346,0.17251865076923112,0.4398123055882359,4.100000000000003e-07,4.1076923076923115e-07,4.070588235294113e-07
204,4.2e-07,1559505600,4.2e-07,4.1e-07,4.1e-07,620580.66639394,0.25461108,4.1e-07,0.24077195333333457,0.18380758692307728,0.43691522441176533,4.133333333333336e-07,4.115384615384619e-07,4.076470588235289e-07
205,4.1e-07,1559512800,4.2e-07,4.1e-07,4.1e-07,1060149.6828531,0.43466439,4.1e-07,0.30992438333333455,0.20430364769230808,0.43520343588235355,4.133333333333336e-07,4.115384615384619e-07,4.079411764705877e-07
206,4e-07,1559520000,4.2e-07,4e-07,4.2e-07,907177.55066734,0.37402991,4.1e-07,0.3544351266666679,0.19591448076923113,0.43189127882353007,4.100000000000003e-07,4.107692307692311e-07,4.079411764705877e-07
207,4.1e-07,1559527200,4.1e-07,4e-07,4.1e-07,2490530.6733774,1.02032333,4e-07,0.6096725433333345,0.27115926307692345,0.4458015152941183,4.066666666666669e-07,4.107692307692311e-07,4.0823529411764656e-07
208,4e-07,1559534400,4.2e-07,4e-07,4.1e-07,770957.45928638,0.31819869,4.1e-07,0.5708506433333346,0.28955385692307734,0.45283783529411836,4.033333333333336e-07,4.100000000000003e-07,4.0823529411764656e-07
209,4e-07,1559541600,4.1e-07,4e-07,4e-07,4830703.6090951,1.96223765,4e-07,1.1002532233333346,0.43571258923076966,0.505834644705883,4.033333333333336e-07,4.092307692307695e-07,4.0823529411764656e-07
210,4e-07,1559548800,4.1e-07,4e-07,4e-07,164784.61425189,0.06674116,4e-07,0.7823925000000012,0.43652771692307735,0.4567797523529419,4.0000000000000025e-07,4.084615384615388e-07,4.0823529411764656e-07
211,4.1e-07,1559556000,4.1e-07,4e-07,4e-07,981283.81064171,0.3999236,4e-07,0.8096341366666678,0.45537168384615434,0.46623254588235363,4.033333333333336e-07,4.084615384615388e-07,4.0852941176470537e-07
212,4.1e-07,1559563200,4.1e-07,4e-07,4e-07,305693.34313938,0.12255829,4e-07,0.19640768333333458,0.4503661192307697,0.4428952420588242,4.0666666666666687e-07,4.07692307692308e-07,4.088235294117642e-07
213,4e-07,1559570400,4.1e-07,4e-07,4e-07,1544177.280087,0.62020945,4e-07,0.38089711333333454,0.4939227484615389,0.4568011017647066,4.0666666666666687e-07,4.0692307692307727e-07,4.088235294117642e-07
214,4.2e-07,1559577600,4.2e-07,4e-07,4e-07,777071.82377701,0.31637181,4e-07,0.35304651666666786,0.4890441646153851,0.4568869994117654,4.1000000000000015e-07,4.07692307692308e-07,4.0941176470588185e-07
215,4.1e-07,1559584800,4.2e-07,4.1e-07,4.2e-07,253410.88078085,0.10527006,4.1e-07,0.34728377333333454,0.4796643923076927,0.41639113558823604,4.1000000000000015e-07,4.07692307692308e-07,4.0970588235294065e-07
216,4.1e-07,1559592000,4.2e-07,4.1e-07,4.1e-07,385833.98908243,0.15844877,4.1e-07,0.19336354666666786,0.4733529376923081,0.31632115441176545,4.133333333333335e-07,4.07692307692308e-07,4.0970588235294065e-07
217,4.1e-07,1559599200,4.2e-07,4.1e-07,4.1e-07,528323.59066392,0.21671004,4.1e-07,0.16014295666666786,0.47043747307692346,0.32209622323529485,4.100000000000001e-07,4.0692307692307727e-07,4.0970588235294065e-07
218,4e-07,1559606400,4.1e-07,4e-07,4.1e-07,4291852.6244696,1.74272755,4e-07,0.7059621200000011,0.5710577161538465,0.36897512705882424,4.066666666666667e-07,4.061538461538465e-07,4.09117647058823e-07
219,4e-07,1559613600,4.1e-07,4e-07,4e-07,916085.75453886,0.37296931,4e-07,0.7774689666666679,0.5709761315384619,0.375259185588236,4.033333333333334e-07,4.061538461538466e-07,4.088235294117642e-07
220,4e-07,1559620800,4.1e-07,4e-07,4e-07,118650.87913453,0.04761973,4e-07,0.7211055300000012,0.49615277769230803,0.35183480882353013,4.0000000000000014e-07,4.0538461538461575e-07,4.0852941176470537e-07
221,4e-07,1559628000,4e-07,3.9e-07,4e-07,7866949.0537055,3.11895368,3.9e-07,1.1798475733333345,0.7115954692307697,0.4262952597058831,4.0000000000000014e-07,4.053846153846158e-07,4.0823529411764656e-07
222,3.9e-07,1559635200,4e-07,3.9e-07,4e-07,4556693.1787539,1.77813162,3.9e-07,1.6482350100000012,0.6974334669230774,0.46852856676470667,3.966666666666668e-07,4.04615384615385e-07,4.076470588235289e-07
223,4e-07,1559642400,4.1e-07,4e-07,4e-07,488485.94936886,0.19541204,4e-07,1.6974991133333344,0.7073312269230775,0.4696957297058831,3.966666666666668e-07,4.04615384615385e-07,4.073529411764701e-07
224,4.1e-07,1559649600,4.1e-07,4.1e-07,4.1e-07,40244.48780488,0.01650024,4.1e-07,0.6633479666666676,0.6778371223076929,0.46721631941176545,4.0000000000000014e-07,4.04615384615385e-07,4.073529411764701e-07
225,4.1e-07,1559656800,4.1e-07,4e-07,4e-07,1070372.7602392,0.43061724,4e-07,0.21417650666666774,0.7015339646153851,0.4767093291176478,4.066666666666667e-07,4.04615384615385e-07,4.073529411764701e-07
226,4.1e-07,1559664000,4.1e-07,4e-07,4e-07,371865.95284037,0.15078717,4e-07,0.19930155000000105,0.6654245584615388,0.47619672823529485,4.1000000000000004e-07,4.053846153846158e-07,4.073529411764701e-07
227,4e-07,1559671200,4e-07,4e-07,4e-07,267571.7711537,0.1070287,4e-07,0.2294777033333344,0.6493212423076927,0.4651361288235302,4.066666666666667e-07,4.0384615384615423e-07,4.070588235294113e-07
228,4e-07,1559678400,4.1e-07,4e-07,4e-07,205229.94611244,0.08214477,4e-07,0.11332021333333438,0.6475423738461542,0.46631270558823606,4.033333333333334e-07,4.0307692307692344e-07,4.067647058823524e-07
229,4e-07,1559685600,4e-07,4e-07,4e-07,52931.46621432,0.02117258,4e-07,0.07011535000000105,0.6369826669230773,0.46460987058823605,4.0000000000000014e-07,4.023076923076927e-07,4.064705882352936e-07
230,4e-07,1559692800,4.1e-07,4e-07,4e-07,114271.85687977,0.04571874,4e-07,0.049678696666667715,0.6238294900000003,0.4641258885294125,4.0000000000000014e-07,4.015384615384619e-07,4.061764705882348e-07
231,4.1e-07,1559700000,4.1e-07,4e-07,4e-07,865233.64183341,0.35166265,4e-07,0.13951799000000106,0.516824497692308,0.47281759882353025,4.033333333333334e-07,4.0230769230769276e-07,4.061764705882348e-07
232,4e-07,1559707200,4.1e-07,4e-07,4e-07,569933.75765254,0.22797973,4e-07,0.2084537066666677,0.5056714530769234,0.47496547235294206,4.033333333333334e-07,4.0230769230769276e-07,4.05882352941176e-07
233,4e-07,1559714400,4e-07,4e-07,4e-07,14468.59958303,0.00578743,4e-07,0.19514327000000106,0.5024535838461541,0.4696171429411774,4.033333333333334e-07,4.0230769230769276e-07,4.052941176470583e-07
234,4e-07,1559721600,4.1e-07,4e-07,4e-07,3336491.6987075,1.33604087,4e-07,0.5232693433333344,0.36530644461538486,0.5073250135294127,4.0000000000000014e-07,4.0230769230769276e-07,4.049999999999995e-07
235,3.9e-07,1559728800,4.1e-07,3.9e-07,4e-07,5550104.8262865,2.2195014,3.9e-07,1.187109900000001,0.39925796615384646,0.5614340723529421,3.966666666666668e-07,4.0230769230769276e-07,4.044117647058819e-07
236,4e-07,1559736000,4.1e-07,3.9e-07,4e-07,1629012.9183921,0.64811624,3.9e-07,1.4012195033333343,0.43408136615384646,0.5738137529411773,3.966666666666668e-07,4.0230769230769276e-07,4.0411764705882303e-07
237,3.9e-07,1559743200,4.1e-07,3.9e-07,4e-07,1281171.3478408,0.51142256,3.9e-07,1.1263467333333343,0.47215231384615414,0.5817821317647067,3.933333333333335e-07,4.007692307692312e-07,4.035294117647054e-07
238,3.9e-07,1559750400,4e-07,3.9e-07,4e-07,1632099.8452861,0.63668859,3.9e-07,0.5987424633333345,0.48800395615384645,0.593019705588236,3.933333333333335e-07,3.9923076923076957e-07,4.0264705882352894e-07
239,3.9e-07,1559757600,4e-07,3.9e-07,4e-07,107064.87328941,0.04187919,3.9e-07,0.3966634466666678,0.47962641923076954,0.5814671997058831,3.9000000000000024e-07,3.97692307692308e-07,4.020588235294113e-07
240,3.9e-07,1559764800,4e-07,3.9e-07,3.9e-07,1042604.1945655,0.41466285,3.9e-07,0.3644102100000011,0.503290584615385,0.5826622861764713,3.9000000000000024e-07,3.9692307692307715e-07,4.0176470588235246e-07
241,3.9e-07,1559772000,4e-07,3.9e-07,3.9e-07,112662.30893291,0.04396845,3.9e-07,0.16683683000000113,0.500353944615385,0.5539459661764714,3.9000000000000024e-07,3.961538461538464e-07,4.0117647058823484e-07
242,3.9e-07,1559779200,4.1e-07,3.9e-07,3.9e-07,1224197.0683434,0.48426739,3.9e-07,0.3142995633333345,0.5359766223076927,0.5588303397058831,3.9000000000000024e-07,3.9538461538461563e-07,4.0088235294117604e-07
243,4e-07,1559786400,4.1e-07,3.9e-07,4e-07,1290146.9230822,0.51536405,3.9e-07,0.3478666300000011,0.572103184615385,0.5162752338235302,3.933333333333335e-07,3.9538461538461563e-07,4.0088235294117604e-07
244,3.9e-07,1559793600,4e-07,3.9e-07,3.9e-07,153206.29625045,0.05977145,3.9e-07,0.3531342966666678,0.5496500153846158,0.516070242352942,3.933333333333335e-07,3.9384615384615406e-07,4.005882352941172e-07
245,4e-07,1559800800,4e-07,3.9e-07,4e-07,103619.05659799,0.04088098,3.9e-07,0.2053388266666678,0.5352578038461542,0.5055101652941184,3.966666666666668e-07,3.938461538461541e-07,4.0029411764705837e-07
246,4e-07,1559808000,4e-07,3.9e-07,4e-07,374727.3744822,0.14749476,3.9e-07,0.08271573000000117,0.5461583676923081,0.5062435908823537,3.966666666666668e-07,3.938461538461541e-07,3.9999999999999956e-07
247,3.9e-07,1559815200,3.9e-07,3.9e-07,3.9e-07,195525.21832041,0.07625483,3.9e-07,0.08821019000000117,0.4492517492307696,0.49024492558823607,3.966666666666668e-07,3.9307692307692333e-07,3.9970588235294075e-07
248,3.9e-07,1559822400,4e-07,3.9e-07,4e-07,1568658.4985285,0.6118261,3.9e-07,0.27852523000000123,0.3255844184615388,0.4989347576470595,3.933333333333335e-07,3.9307692307692333e-07,3.9882352941176427e-07
249,3.9e-07,1559829600,3.9e-07,3.9e-07,3.9e-07,0.0,0.0,3.9e-07,0.22936031000000123,0.27572932307692344,0.49583857941176546,3.9000000000000024e-07,3.923076923076926e-07,3.9823529411764666e-07
250,3.9e-07,1559836800,3.9e-07,3.9e-07,3.9e-07,0.0,0.0,3.9e-07,0.20394203333333458,0.2363891261538465,0.491178321470589,3.9000000000000024e-07,3.923076923076926e-07,3.97647058823529e-07
251,3.9e-07,1559844000,4e-07,3.9e-07,3.9e-07,333330.32509658,0.1311499,3.9e-07,0.043716633333334566,0.19750153461538497,0.4886618467647067,3.9000000000000024e-07,3.923076923076926e-07,3.9705882352941137e-07
252,3.9e-07,1559851200,3.9e-07,3.8e-07,3.9e-07,23785824.901492,9.07697924,3.8e-07,3.0693763800000013,0.8925092307692312,0.7043751317647067,3.9000000000000024e-07,3.923076923076926e-07,3.967647058823525e-07
