0,1
1573300800000,998.2562189054727 
1573315200000,996.8201774631996 
1573329600000,1002.867651205411 
1573344000000,1010.5153362338518 
1573358400000,1006.8444474202003 
1573372800000,1009.2917066293013 
1573387200000,1008.679891827026 
1573401600000,1005.3277585253599 
1573416000000,1005.3277585253599 
1573430400000,1005.3277585253599 
1573444800000,1005.3277585253599 
1573459200000,1005.3277585253599 
1573473600000,1005.3277585253599 
1573488000000,1005.3277585253599 
1573502400000,1005.3277585253599 
1573516800000,1003.5839774308325 
1573531200000,1001.6324667171775 
1573545600000,1003.4215648701474 
1573560000000,992.0357057686955 
1573574400000,1000.7632664631511 
1573588800000,1007.4128365160698 
1573603200000,998.2696776933067 
1573617600000,1005.75044400284 
1573632000000,1022.3743691351366 
1573646400000,1018.6339859803699 
1573660800000,1038.1670980108183 
1573675200000,1053.9598268865002 
1573689600000,1073.0773407886409 
1573704000000,1066.4277707357223 
1573718400000,1077.6489202000225 
1573732800000,1084.298490252941 
1573747200000,1061.4405931960332 
1573761600000,1069.7525557621816 
1573776000000,1029.023939188055 
1573790400000,1029.023939188055 
1573804800000,1055.2066212714221 
1573819200000,1030.6863317012849 
1573833600000,1029.85513544467 
1573848000000,1042.7386774222 
1573862400000,1054.3471643420826 
1573876800000,1052.6033832475553 
1573891200000,1052.2995203467706 
1573905600000,1052.2995203467706 
1573920000000,1050.5557392522433 
1573934400000,1054.3092320621663 
1573948800000,1052.565450967639 
1573963200000,1050.927393170865 
1573977600000,1049.1836120763376 
1573992000000,1047.7114977661993 
1574006400000,1045.4246794666587 
1574020800000,1039.0642424321868 
1574035200000,1023.1059928470224 
1574049600000,1014.7641805638684 
1574064000000,1010.0492431864336 
1574078400000,1002.0701183938514 
1574092800000,989.0133687332626 
1574107200000,1001.7074309032796 
1574121600000,1004.9716183184267 
1574136000000,961.4491194497972 
1574150400000,926.9938078454657 
1574164800000,933.159495185188 
1574179200000,938.5998075437667 
1574193600000,954.195369638359 
1574208000000,954.195369638359 
1574222400000,944.4028073929175 
1574236800000,921.9161829774588 
1574251200000,922.2788704680306 
1574265600000,899.7922460525721 
1574280000000,893.9892462034215 
1574294400000,897.6161211091406 
1574308800000,895.0773086751373 
1574323200000,860.2593095802337 
1574337600000,839.5861226176346 
1574352000000,858.808559617946 
1574366400000,853.7309347499391 
1574380800000,853.7309347499391 
1574395200000,827.9801229193333 
1574409600000,789.5352489187106 
1574424000000,778.2919367109813 
1574438400000,831.9696853156245 
1574452800000,844.6637474856415 
1574467200000,827.6174354287615 
1574481600000,817.8248731833198 
1574496000000,837.0473101836312 
1574510400000,856.9951221650864 
1574524800000,840.6741850893503 
1574539200000,851.5548098065077 
1574553600000,830.5189353533368 
1574568000000,829.0681853910492 
1574582400000,841.762247561066 
1574596800000,804.768123522731 
1574611200000,808.3949984284501 
1574625600000,788.8098739375667 
1574640000000,774.3023743146904 
1574654400000,791.7113738621422 
1574668800000,804.4054360321592 
1574683200000,834.5084977496277 
1574697600000,810.9338108624536 
1574712000000,792.436748843286 
1574726400000,786.9964364847073 
1574740800000,801.8666235981557 
1574755200000,795.3382487678613 
1574769600000,784.0949365601319 
1574784000000,790.2606238998545 
1574798400000,785.1829990318478 
1574812800000,773.2143118429746 
1574827200000,763.7844370881048 
1574841600000,773.9396868241183 
1574856000000,790.2606238998545 
1574870400000,805.1308110133028 
1574884800000,786.9964364847073 
1574899200000,777.5665617298375 
1574913600000,794.9755612772893 
1574928000000,792.436748843286 
1574942400000,795.7009362584332 
1574956800000,802.9546860698714 
1574971200000,788.8098739375667 
1574985600000,804.768123522731 
1575000000000,804.4054360321592 
1575014400000,810.2084358813097 
1575028800000,813.4726232964568 
1575043200000,825.8039979759019 
1575057600000,831.2443103344806 
1575072000000,820.3636856173232 
1575086400000,806.2188734850187 
1575100800000,798.9651236735804 
1575115200000,788.4471864469949 
1575129600000,781.5561241261286 
1575144000000,787.3591239752792 
1575158400000,743.4739376160777 
1575172800000,750.0023124463721 
1575187200000,756.8933747672386 
1575201600000,747.1008125217969 
1575216000000,755.8053122955228 
1575230400000,758.7068122200981 
1575244800000,740.5724376915025 
1575259200000,732.5933128989203 
1575273600000,732.2306254083485 
1575288000000,728.9664379932012 
1575302400000,730.7798754460608 
1575316800000,735.4948128234956 
1575331200000,739.4843752197868 
1575345600000,734.7694378423517 
1575360000000,753.2664998615194 
1575374400000,756.5306872766665 
1575388800000,753.6291873520913 
1575403200000,761.2456246541014 
1575417600000,730.0545004649169 
1575432000000,720.9873132006192 
1575446400000,721.3500006911911 
1575460800000,742.385875144362 
1575475200000,724.6141881063382 
1575489600000,707.5678760494584 
1575504000000,704.3036886343111 
1575518400000,701.4021887097359 
1575532800000,709.7440009928898 
1575547200000,717.3604382949 
1575561600000,717.3604382949 
1575576000000,725.3395630874821 
1575590400000,727.8783755214855 
1575604800000,727.8783755214855 
1575619200000,727.8783755214855 
1575633600000,737.6709377669272 
1575648000000,743.8366251066496 
1575662400000,753.2664998615194 
1575676800000,756.1679997860947 
1575691200000,752.1784373898035 
1575705600000,747.4635000123687 
1575720000000,734.4067503517798 
1575734400000,736.9455627857833 
1575748800000,730.7798754460608 
1575763200000,729.6918129743451 
1575777600000,731.5052504272046 
1575792000000,740.2097502009304 
1575806400000,737.3082502763552 
1575820800000,735.1321253329238 
1575835200000,734.7694378423517 
1575849600000,731.1425629366327 
1575864000000,730.0545004649169 
1575878400000,730.7798754460608 
1575892800000,728.9664379932012 
1575907200000,730.4171879554889 
1575921600000,720.9873132006192 
1575936000000,688.7081265397189 
1575950400000,704.6663761248831 
1575964800000,694.8738138794415 
1575979200000,673.8379394262705 
1575993600000,681.8170642188526 
1576008000000,682.5424391999964 
1576022400000,685.4439391245717 
1576036800000,679.6409392754211 
1576051200000,691.2469389737223 
1576065600000,681.8170642188526 
1576080000000,683.9931891622841 
1576094400000,690.1588765020066 
1576108800000,678.9155642942773 
1576123200000,678.1901893131334 
1576137600000,679.6409392754211 
1576152000000,677.1021268414177 
1576166400000,679.6409392754211 
1576180800000,679.6409392754211 
1576195200000,693.0603764265819 
1576209600000,704.6663761248831 
1576224000000,702.4902511814516 
1576238400000,722.0753756723349 
1576252800000,734.7694378423517 
1576267200000,729.6918129743451 
1576281600000,726.4276255591978 
1576296000000,739.8470627103586 
1576310400000,716.2723758231842 
1576324800000,701.0395012191639 
1576339200000,697.7753138040167 
1576353600000,699.9514387474482 
1576368000000,681.0916892377088 
1576382400000,702.1275636908797 
1576396800000,701.7648762003078 
1576411200000,713.370875898609 
1576425600000,719.8992507289034 
1576440000000,712.2828134268933 
1576454400000,718.4485007666157 
1576468800000,709.7440009928898 
1576483200000,702.1275636908797 
1576497600000,710.4693759740337 
1576512000000,680.3663142565649 
1576526400000,678.9155642942773 
1576540800000,682.5424391999964 
1576555200000,656.4289398788187 
1576569600000,666.9468771054042 
1576584000000,641.1960652747983 
1576598400000,615.8079409347645 
1576612800000,612.9064410101892 
1576627200000,629.2273780859252 
1576641600000,604.9273162176071 
1576656000000,612.9064410101892 
1576670400000,630.315440557641 
1576684800000,642.2841277465141 
1576699200000,656.0662523882468 
1576713600000,648.0871275956647 
1576728000000,650.2632525390961 
1576742400000,636.8438153879354 
1576756800000,647.3617526145209 
1576771200000,654.2528149353872 
1576785600000,655.7035648976748 
1576800000000,643.3721902182298 
1576814400000,649.5378775579524 
1576828800000,654.2528149353872 
1576843200000,660.0558147845378 
1576857600000,671.661814482839 
1576872000000,666.2215021242603 
1576886400000,665.1334396525446 
1576900800000,670.2110645205514 
1576915200000,675.2886893885582 
1576929600000,667.6722520865479 
1576944000000,662.5946272185412 
1576958400000,652.4393774825276 
1576972800000,657.1543148599625 
1576987200000,669.1230020488357 
1577001600000,665.1334396525446 
1577016000000,664.4080646714008 
1577030400000,672.0245019734109 
1577044800000,677.1021268414177 
1577059200000,667.3095645959761 
1577073600000,668.7603145582638 
1577088000000,672.0245019734109 
1577102400000,663.682689690257 
1577116800000,653.1647524636714 
1577131200000,637.5691903690793 
1577145600000,643.3721902182298 
1577160000000,640.1080028030826 
1577174400000,649.5378775579524 
1577188800000,651.7140025013838 
1577203200000,646.2736901428052 
1577217600000,646.636377633377 
1577232000000,643.3721902182298 
1577246400000,643.009502727658 
1577260800000,639.0199403313669 
1577275200000,631.4035030293567 
1577289600000,632.8542529916443 
1577304000000,630.315440557641 
1577318400000,635.7557529162196 
1577332800000,633.94231546336 
1577347200000,632.8542529916443 
1577361600000,657.1543148599625 
1577376000000,656.0662523882468 
1577390400000,646.9990651239489 
1577404800000,649.1751900673804 
1577419200000,650.6259400296681 
1577433600000,644.4602526899456 
1577448000000,649.9005650485242 
1577462400000,644.0975651993737 
1577476800000,663.320002199685 
1577491200000,677.1021268414177 
1577505600000,685.8066266151436 
1577520000000,694.8738138794415 
1577534400000,698.1380012945887 
1577548800000,703.9410011437393 
1577563200000,719.8992507289034 
1577577600000,724.6141881063382 
1577592000000,738.033625257499 
1577606400000,748.9142499746564 
1577620800000,735.1321253329238 
1577635200000,750.3649999369441 
1577649600000,745.2873750689373 
1577664000000,736.5828752952114 
1577678400000,756.8933747672386 
1577692800000,759.7948746918138 
1577707200000,757.9814372389543 
1577721600000,735.4948128234956 
1577736000000,730.7798754460608 
1577750400000,735.4948128234956 
1577764800000,722.4380631629068 
1577779200000,720.9873132006192 
1577793600000,708.6559385211741 
1577808000000,709.381313502318 
1577822400000,699.9514387474482 
1577836800000,708.2932510306022 
1577851200000,711.9201259363213 
1577865600000,726.4276255591978 
1577880000000,733.681375370636 
1577894400000,744.9246875783654 
1577908800000,758.3441247295261 
1577923200000,732.5933128989203 
1577937600000,732.9560003894923 
1577952000000,739.1216877292147 
1577966400000,748.5515624840845 
1577980800000,716.2723758231842 
1577995200000,709.018626011746 
1578009600000,707.2051885588864 
1578024000000,729.329125483773 
1578038400000,735.8575003140676 
1578052800000,725.3395630874821 
1578067200000,731.1425629366327 
1578081600000,722.4380631629068 
1578096000000,715.9096883326124 
1578110400000,730.7798754460608 
1578124800000,724.2515006157664 
1578139200000,727.5156880309136 
1578153600000,730.0545004649169 
1578168000000,731.5052504272046 
1578182400000,739.8470627103586 
1578196800000,735.8575003140676 
1578211200000,733.681375370636 
1578225600000,743.8366251066496 
1578240000000,740.9351251820743 
1578254400000,728.6037505026294 
1578268800000,740.9351251820743 
1578283200000,740.9351251820743 
1578297600000,753.6291873520913 
1578312000000,739.1216877292147 
1578326400000,737.6709377669272 
1578340800000,740.5724376915025 
1578355200000,752.2197837637289 
1578369600000,752.2197837637289 
1578384000000,752.2197837637289 
1578398400000,752.2197837637289 
1578412800000,752.2197837637289 
1578427200000,752.2197837637289 
1578441600000,752.2197837637289 
1578456000000,752.2197837637289 
1578470400000,750.4760026692015 
1578484800000,744.851469329659 
1578499200000,731.3731790695391 
1578513600000,720.3026730800572 
1578528000000,720.6980482939673 
1578542400000,725.8379260747981 
1578556800000,723.8610500052478 
1578571200000,736.9084320642801 
1578585600000,732.5593047112693 
1578600000000,732.5593047112693 
1578614400000,729.0009277860787 
1578628800000,729.0009277860787 
1578643200000,727.4194269304384 
1578657600000,736.5130568503699 
1578672000000,740.8621842033808 
1578686400000,740.8621842033808 
1578700800000,748.7696884815822 
1578715200000,750.7465645511326 
1578729600000,743.6298107007514 
1578744000000,749.9558141233124 
1578758400000,764.1893218240749 
1578772800000,745.2113115563916 
1578787200000,749.5604389094024 
1578801600000,750.7465645511326 
1578816000000,753.118815834593 
1578830400000,757.4679431876037 
1578844800000,754.3049414763232 
1578859200000,751.5373149789527 
1578873600000,746.7928124120319 
1578888000000,742.443685059021 
1578902400000,744.8159363424816 
1578916800000,741.2575594172908 
1578931200000,743.6298107007514 
1578945600000,740.0714337755606 
1578960000000,753.118815834593 
1578974400000,763.0031961823447 
1578988800000,762.2124457545245 
1579003200000,805.3083440707222 
1579017600000,821.5187278410352 
1579032000000,846.0319911034595 
1579046400000,855.1256210233911 
1579060800000,872.5221304354343 
1579075200000,922.3394073881032 
1579089600000,867.7776278685134 
1579104000000,883.5926364249162 
1579118400000,870.940629579794 
1579132800000,829.4262321192366 
1579147200000,839.7059876808984 
1579161600000,870.5452543658839 
1579176000000,863.0331253015926 
1579190400000,861.4516244459523 
1579204800000,858.2886227346718 
1579219200000,872.5221304354343 
1579233600000,891.5001407031177 
1579248000000,901.7798962647795 
1579262400000,889.9186398474774 
1579276800000,887.151013350107 
1579291200000,910.082775756891 
1579305600000,895.4538928422184 
1579320000000,880.0342594997255 
1579334400000,880.0342594997255 
1579348800000,885.9648877083766 
1579363200000,885.1741372805566 
1579377600000,884.7787620666464 
1579392000000,902.5706466925997 
1579406400000,890.7093902752976 
1579420800000,834.1707346861574 
1579435200000,839.7059876808984 
1579449600000,833.7753594722474 
1579464000000,844.8458654617293 
1579478400000,836.5429859696179 
1579492800000,840.1013628948084 
1579507200000,843.6597398199991 
1579521600000,860.2654988042221 
1579536000000,876.080507360625 
1579550400000,881.2203851414558 
1579564800000,884.7787620666464 
1579579200000,877.2666330023552 
1579593600000,872.9175056493443 
1579608000000,877.2666330023552 
1579622400000,845.1305356157446 
1579636800000,845.1305356157446 
1579651200000,845.1305356157446 
1579665600000,845.1305356157446 
1579680000000,845.1305356157446 
1579694400000,845.1305356157446 
1579708800000,845.1305356157446 
1579723200000,845.1305356157446 
1579737600000,843.3867545212173 
1579752000000,841.64297342669 
1579766400000,832.6584009837405 
1579780800000,824.9125157821702 
1579795200000,815.7582878166781 
1579809600000,822.4479159453069 
1579824000000,808.0124026151079 
1579838400000,806.9561455421666 
1579852800000,802.3670606459272 
1579867200000,802.3670606459272 
1579881600000,802.3670606459272 
1579896000000,802.3670606459272 
1579910400000,802.3670606459272 
1579924800000,802.3670606459272 
1579939200000,802.3670606459272 
1579953600000,802.3670606459272 
1579968000000,800.6232795513998 
1579982400000,798.1514314747103 
1579996800000,797.6228763362219 
1580011200000,796.5295296075392 
1580025600000,813.2941794473409 
1580040000000,811.1074859899754 
1580054400000,821.6765043672417 
1580068800000,821.6765043672417 
1580083200000,823.8631978246071 
1580097600000,826.4143401915334 
1580112000000,832.9744205636298 
1580126400000,849.7390704034314 
1580140800000,871.6060049770857 
1580155200000,871.6060049770857 
1580169600000,867.5970669719158 
1580184000000,862.1303333285022 
1580198400000,863.2236800571849 
1580212800000,850.8324171321141 
1580227200000,846.4590302173832 
1580241600000,863.2236800571849 
1580256000000,863.5881289667458 
1580270400000,866.8681691527938 
1580284800000,854.4769062277231 
1580299200000,853.3835594990404 
1580313600000,853.0191105894795 
1580328000000,843.9078878504569 
1580342400000,841.3567454835306 
1580356800000,858.1213953233322 
1580371200000,847.187928036505 
1580385600000,854.1124573181623 
1580400000000,853.7480084086013 
1580414400000,864.3170267858676 
1580428800000,867.2326180623547 
1580443200000,857.7569464137713 
1580457600000,837.3478074783606 
1580472000000,841.7211943930914 
1580486400000,840.9922965739696 
1580500800000,851.196866041675 
1580515200000,854.841355137284 
1580529600000,859.2147420520149 
1580544000000,860.6725376902585 
1580558400000,856.6635996850886 
1580572800000,870.8771071579639 
1580587200000,866.8681691527938 
1580601600000,856.2991507755277 
1580616000000,871.2415560675248 
1580630400000,878.1660853491819 
1580644800000,872.3349027962074 
1580659200000,880.3527788065475 
1580673600000,867.5970669719158 
1580688000000,868.3259647910376 
1580702400000,874.8860451631339 
1580716800000,866.8681691527938 
1580731200000,877.801636439621 
1580745600000,879.9883298969866 
1580760000000,906.2286513853717 
1580774400000,890.3328477459634 
1580788800000,888.589066651436 
1580803200000,879.5135094779538 
1580817600000,877.7697283834265 
1580832000000,873.2453107312172 
1580846400000,873.2453107312172 
1580860800000,871.5015296366898 
1580875200000,877.2851375201262 
1580889600000,875.5413564255989 
1580904000000,877.5329568649605 
1580918400000,878.9958791328951 
1580932800000,877.7988815300143 
1580947200000,890.3673563602631 
1580961600000,916.1028048222012 
1580976000000,928.0727808510096 
1580990400000,904.7313275948331 
1581004800000,909.8185674070768 
1581019200000,917.5990518258022 
1581033600000,918.7960494286831 
1581048000000,913.4095602157192 
1581062400000,918.7960494286831 
1581076800000,919.3945482301235 
1581091200000,911.6140638113981 
1581105600000,913.4095602157192 
1581120000000,876.003385125693 
1581134400000,893.9583491689056 
1581148800000,901.1403347861907 
1581163200000,902.3373323890715 
1581177600000,898.7463395804289 
1581192000000,892.4621021653045 
1581206400000,899.6440877825896 
1581220800000,891.8636033638642 
1581235200000,886.7763635516206 
1581249600000,895.4545961725066 
1581264000000,922.9855410387661 
1581278400000,946.9254930963828 
1581292800000,919.0952988294033 
1581307200000,916.1028048222012 
1581321600000,890.6666057609833 
1581336000000,913.4095602157192 
1581350400000,902.3373323890715 
1581364800000,915.8035554214811 
1581379200000,959.7932173273518 
1581393600000,972.9601909590411 
1581408000000,974.4564379626422 
1581422400000,973.8579391612017 
1581436800000,1019.643097471394 
1581451200000,1007.074622641145 
1581465600000,1002.922836455553 
1581480000000,1002.922836455553 
1581494400000,1001.1790553610257 
1581508800000,998.7852319890251 
1581523200000,998.7852319890251 
1581537600000,998.7852319890251 
1581552000000,997.0414508944978 
1581566400000,995.50251761639 
1581580800000,995.50251761639 
1581595200000,995.50251761639 
1581609600000,995.50251761639 
1581624000000,995.50251761639 
1581638400000,995.50251761639 
1581652800000,995.50251761639 
1581667200000,995.50251761639 
1581681600000,995.50251761639 
1581696000000,995.50251761639 
1581710400000,995.50251761639 
1581724800000,995.50251761639 
1581739200000,995.50251761639 
1581753600000,995.50251761639 
1581768000000,995.50251761639 
1581782400000,995.50251761639 
1581796800000,995.50251761639 
1581811200000,993.7587365218627 
1581825600000,992.1012691743532 
1581840000000,984.4891712040122 
1581854400000,915.8726473194449 
1581868800000,909.1149593611163 
1581883200000,931.9871339893053 
1581897600000,894.040116992537 
1581912000000,897.6788720470217 
1581926400000,883.3837629044036 
1581940800000,907.8154039845147 
1581955200000,928.3483789348207 
1581969600000,938.4849108723137 
1581984000000,954.8593086174945 
1581998400000,973.8328171158786 
1582012800000,947.8417095838455 
1582027200000,953.0399310902521 
1582041600000,988.1279262584968 
1582056000000,978.5112164716446 
1582070400000,980.5905050742072 
1582084800000,957.1985082953775 
1582099200000,976.6918389444022 
1582113600000,974.6125503418397 
1582128000000,974.87246141716 
1582142400000,915.8726473194449 
1582156800000,904.9314306927603 
1582171200000,903.187649598233 
1582185600000,897.1560166016982 
1582200000000,897.1560166016982 
1582214400000,895.4122355071709 
1582228800000,900.8657907433749 
1582243200000,900.8657907433749 
1582257600000,899.1220096488476 
1582272000000,900.0398832228249 
1582286400000,898.2961021282975 
1582300800000,893.5246748336332 
1582315200000,893.5246748336332 
1582329600000,893.5246748336332 
1582344000000,891.7808937391059 
1582358400000,888.8989238324515 
1582372800000,887.1551427379242 
1582387200000,884.5784725175972 
1582401600000,890.6213808761404 
1582416000000,920.2409335787037 
1582430400000,910.5522948442203 
1582444800000,897.5418371150571 
1582459200000,904.7391116035303 
1582473600000,896.9882006159436 
1582488000000,905.5695663522004 
1582502400000,873.7354676531837 
1582516800000,865.7077384160403 
1582531200000,864.0468289187004 
1582545600000,854.358190184217 
1582560000000,837.1954587117038 
1582574400000,851.3131894390938 
1582588800000,834.4272762161372 
1582603200000,817.2645447436238 
1582617600000,821.1400002374171 
1582632000000,799.8249950215538 
1582646400000,788.4754467897305 
1582660800000,791.5204475348538 
1582675200000,761.6240765827339 
1582689600000,764.6690773278572 
1582704000000,764.1154408287439 
1582718400000,733.6654333775106 
1582732800000,752.7658925969206 
1582747200000,746.3990728571173 
1582761600000,738.0945253704173 
1582776000000,754.4268020942606 
1582790400000,759.6863488358372 
1582804800000,764.3922590783005 
1582819200000,767.7140780729806 
1582833600000,745.5686181084473 
1582848000000,760.5168035845072 
1582862400000,735.049524625294 
1582876800000,726.744977138594 
1582891200000,747.506345855344 
1582905600000,723.6999763934706 
1582920000000,741.4163443650973 
1582934400000,742.5236173633239 
1582948800000,743.9077086111072 
1582963200000,737.721928006514 
1582977600000,737.721928006514 
1582992000000,737.721928006514 
1583006400000,737.721928006514 
1583020800000,737.721928006514 
1583035200000,737.721928006514 
1583049600000,737.721928006514 
1583064000000,737.721928006514 
1583078400000,737.721928006514 
1583092800000,737.721928006514 
1583107200000,737.721928006514 
1583121600000,737.721928006514 
1583136000000,737.721928006514 
1583150400000,737.721928006514 
1583164800000,737.721928006514 
1583179200000,737.721928006514 
1583193600000,737.721928006514 
1583208000000,737.721928006514 
1583222400000,737.721928006514 
1583236800000,737.721928006514 
1583251200000,737.721928006514 
1583265600000,737.721928006514 
1583280000000,737.721928006514 
1583294400000,737.721928006514 
1583308800000,735.9781469119866 
1583323200000,735.9908086693956 
1583337600000,735.7720230074049 
1583352000000,744.9610208110162 
1583366400000,750.8682336847662 
1583380800000,757.2130178824979 
1583395200000,764.4329447281925 
1583409600000,762.245088108285 
1583424000000,762.6826594322665 
1583438400000,747.8052344168959 
1583452800000,739.928950585229 
1583467200000,748.0240200788866 
1583481600000,770.5589432639334 
1583496000000,761.8075167843035 
1583510400000,763.7765877422203 
1583524800000,767.9335153200444 
1583539200000,763.3390164182388 
1583553600000,757.8693748684701 
1583568000000,759.6196601643961 
1583582400000,762.4638737702759 
1583596800000,737.9598796273123 
1583611200000,737.5223083033308 
1583625600000,722.4260976259693 
1583640000000,722.64488328796 
1583654400000,717.8315987241638 
1583668800000,690.7021766373111 
1583683200000,691.796104947265 
1583697600000,656.7903990287457 
1583712000000,665.5418255083755 
1583726400000,660.0721839586068 
1583740800000,653.2898284368937 
1583755200000,637.9748320975416 
1583769600000,651.9771144649492 
1583784000000,664.8854685224032 
1583798400000,668.1672534522644 
1583812800000,664.4478971984217 
1583827200000,685.0137494255519 
1583841600000,667.5108964662921 
1583856000000,674.2932519880053 
1583870400000,688.295534355413 
1583884800000,696.1718181870799 
1583899200000,691.5773192852741 
1583913600000,682.1695358196721 
1583928000000,671.0114670581441 
1583942400000,658.321898662681 
1583956800000,674.2932519880053 
1583971200000,638.8499747455045 
1583985600000,616.7526228844392 
1584000000000,529.4571437501316 
1584014400000,547.1787823713821 
1584028800000,561.3998504007806 
1584043200000,482.6370120841121 
1584057600000,495.76415180355684 
1584072000000,495.76415180355684 
1584086400000,515.8924327067054 
1584100800000,505.82829225513115 
1584115200000,516.5487896926777 
1584129600000,527.2692871302243 
1584144000000,532.0825716940207 
1584158400000,522.6747882284185 
1584172800000,511.5167194668905 
1584187200000,517.4239323406407 
1584201600000,518.7366463125851 
1584216000000,506.26586357911265 
1584230400000,503.2028643112422 
1584244800000,502.54650732526994 
