0,1
1573300800000,998.2562189054727 
1573315200000,998.3949201647163 
1573329600000,996.651139070189 
1573344000000,993.7636202893434 
1573358400000,1001.439020047949 
1573372800000,999.6952389534217 
1573387200000,997.9780841600884 
1573401600000,1004.8341381224574 
1573416000000,998.528996772766 
1573430400000,998.528996772766 
1573444800000,996.7852156782387 
1573459200000,994.4819229254867 
1573473600000,990.0441240358102 
1573488000000,993.4925482637983 
1573502400000,987.3976589306099 
1573516800000,989.0015771761857 
1573531200000,994.3346053427257 
1573545600000,989.4384845062807 
1573560000000,989.4384845062807 
1573574400000,987.6947034117534 
1573588800000,989.2595407849263 
1573603200000,989.2595407849263 
1573617600000,987.515759690399 
1573632000000,988.3694424540341 
1573646400000,988.3694424540341 
1573660800000,986.6256613595068 
1573675200000,986.4062728393177 
1573689600000,986.4062728393177 
1573704000000,984.6624917447904 
1573718400000,983.8158675990364 
1573732800000,982.0720865045091 
1573747200000,979.4487822252095 
1573761600000,982.026914050916 
1573776000000,980.2831329563887 
1573790400000,980.4547078414377 
1573804800000,978.7109267469103 
1573819200000,973.3823167086573 
1573833600000,971.63853561413 
1573848000000,970.6300219113816 
1573862400000,969.5788671864088 
1573876800000,973.635751007464 
1573891200000,971.8919699129367 
1573905600000,972.8993873611305 
1573920000000,971.1556062666032 
1573934400000,969.3436129808656 
1573948800000,966.6329799335641 
1573963200000,964.8891988390367 
1573977600000,968.2600573595575 
1573992000000,966.1068596936814 
1574006400000,969.0854506580777 
1574020800000,967.3416695635503 
1574035200000,964.5025822213961 
1574049600000,961.6475206248707 
1574064000000,958.3901623236043 
1574078400000,951.991651978469 
1574092800000,951.991651978469 
1574107200000,951.991651978469 
1574121600000,951.991651978469 
1574136000000,951.991651978469 
1574150400000,950.2478708839417 
1574164800000,950.3483320466148 
1574179200000,950.3483320466148 
1574193600000,950.3483320466148 
1574208000000,948.6045509520875 
1574222400000,949.3087463758797 
1574236800000,949.3087463758797 
1574251200000,947.5649652813523 
1574265600000,945.1464705904916 
1574280000000,945.1464705904916 
1574294400000,945.1464705904916 
1574308800000,943.4026894959643 
1574323200000,933.6829583589183 
1574337600000,931.939177264391 
1574352000000,930.607960215308 
1574366400000,928.8641791207807 
1574380800000,925.6982272495131 
1574395200000,917.1021993415758 
1574409600000,873.5234500999981 
1574424000000,873.5234500999981 
1574438400000,873.5234500999981 
1574452800000,873.5234500999981 
1574467200000,873.5234500999981 
1574481600000,871.7796690054707 
1574496000000,868.8422675606066 
1574510400000,868.8422675606066 
1574524800000,868.8422675606066 
1574539200000,868.8422675606066 
1574553600000,868.8422675606066 
1574568000000,868.8422675606066 
1574582400000,867.0984864660793 
1574596800000,856.2920242096085 
1574611200000,856.2920242096085 
1574625600000,854.5482431150812 
1574640000000,848.1811855457847 
1574654400000,848.1811855457847 
1574668800000,848.1811855457847 
1574683200000,848.1811855457847 
1574697600000,848.1811855457847 
1574712000000,848.1811855457847 
1574726400000,848.1811855457847 
1574740800000,848.1811855457847 
1574755200000,848.1811855457847 
1574769600000,848.1811855457847 
1574784000000,846.4374044512574 
1574798400000,850.4944692891481 
1574812800000,850.4944692891481 
1574827200000,850.4944692891481 
1574841600000,850.4944692891481 
1574856000000,850.4944692891481 
1574870400000,850.4944692891481 
1574884800000,850.4944692891481 
1574899200000,850.4944692891481 
1574913600000,850.4944692891481 
1574928000000,850.4944692891481 
1574942400000,850.4944692891481 
1574956800000,850.4944692891481 
1574971200000,850.4944692891481 
1574985600000,850.4944692891481 
1575000000000,850.4944692891481 
1575014400000,850.4944692891481 
1575028800000,850.4944692891481 
1575043200000,850.4944692891481 
1575057600000,850.4944692891481 
1575072000000,848.7506881946208 
1575086400000,848.4454583335298 
1575100800000,840.7061423877683 
1575115200000,834.3526323389931 
1575129600000,830.2786258955036 
1575144000000,834.8376331060751 
1575158400000,814.0796002749622 
1575172800000,810.975595365637 
1575187200000,815.0981018858346 
1575201600000,824.1191161535612 
1575216000000,827.9991222902179 
1575230400000,833.4311308815371 
1575244800000,828.1446225203425 
1575259200000,818.929607945783 
1575273600000,821.8396125482755 
1575288000000,818.8811078690749 
1575302400000,815.7286028830413 
1575316800000,821.1121113976523 
1575331200000,822.9551143125643 
1575345600000,818.7841077156584 
1575360000000,811.3635959793025 
1575374400000,818.1051066417435 
1575388800000,816.5531041870807 
1575403200000,814.3221006585034 
1575417600000,800.7420791802051 
1575432000000,797.8805746544208 
1575446400000,805.155586160652 
1575460800000,822.664113852315 
1575475200000,825.5256183780994 
1575489600000,804.5735852401534 
1575504000000,801.9545810979102 
1575518400000,805.3495864674848 
1575532800000,810.296594291722 
1575547200000,812.382097590175 
1575561600000,816.0681034199987 
1575576000000,817.6686059513696 
1575590400000,813.9826001215457 
1575604800000,816.4076039569561 
1575619200000,810.8300951355124 
1575633600000,812.382097590175 
1575648000000,818.2991069485763 
1575662400000,820.2876100936128 
1575676800000,819.9481095566554 
1575691200000,820.7726108606948 
1575705600000,817.8626062582024 
1575720000000,818.444607178701 
1575734400000,816.5531041870807 
1575748800000,814.0796002749622 
1575763200000,812.0910971299257 
1575777600000,813.8370998914211 
1575792000000,817.9596064116189 
1575806400000,831.4426277365006 
1575820800000,829.5026246681723 
1575835200000,829.6966249750051 
1575849600000,828.726623440841 
1575864000000,824.070616076853 
1575878400000,823.100614542689 
1575892800000,815.8256030364578 
1575907200000,813.4490992777555 
1575921600000,814.4191008119196 
1575936000000,812.8670983572571 
1575950400000,813.1095987407981 
1575964800000,812.8185982805488 
1575979200000,803.3610833224483 
1575993600000,801.8575809444939 
1576008000000,805.155586160652 
1576022400000,803.1185829389074 
1576036800000,804.0400843963632 
1576051200000,804.9130857771111 
1576065600000,791.5270646056456 
1576080000000,791.575564682354 
1576094400000,793.7095680575151 
1576108800000,787.9380589292383 
1576123200000,786.8225571649494 
1576137600000,796.2315720463417 
1576152000000,795.7465712792597 
1576166400000,802.3910817882842 
1576180800000,800.9360794870379 
1576195200000,799.6265774159164 
1576209600000,798.8020761118768 
1576224000000,799.0445764954179 
1576238400000,800.3055784898312 
1576252800000,799.7235775693327 
1576267200000,800.7420791802051 
1576281600000,800.499578796664 
1576296000000,797.5410741174634 
1576310400000,793.4670676739739 
1576324800000,786.6770569348248 
1576339200000,789.0050606168189 
1576353600000,787.0650575484906 
1576368000000,782.1665498009617 
1576382400000,793.8065682109313 
1576396800000,791.1875640686882 
1576411200000,793.2245672904329 
1576425600000,791.575564682354 
1576440000000,790.1205623811077 
1576454400000,782.7970507981684 
1576468800000,783.2820515652504 
1576483200000,782.8455508748765 
1576497600000,781.6815490338795 
1576512000000,737.5949793061186 
1576526400000,741.3294852126506 
1576540800000,738.37098053345 
1576555200000,734.151473859836 
1576569600000,739.0984816840731 
1576584000000,715.1879438669267 
1576598400000,695.157412186437 
1576612800000,690.6954051292819 
1576627200000,699.4254189367592 
1576641600000,688.8039021376618 
1576656000000,688.7554020609535 
1576670400000,715.1879438669267 
1576684800000,723.2874566771974 
1576699200000,744.1424896617268 
1576713600000,725.6154603591914 
1576728000000,716.7399463215894 
1576742400000,710.8229369631881 
1576756800000,714.55744286972 
1576771200000,718.1464485461274 
1576785600000,720.377452074705 
1576800000000,713.3934410287231 
1576814400000,715.236443943635 
1576828800000,715.6244445573006 
1576843200000,715.0909437135103 
1576857600000,720.377452074705 
1576872000000,721.7354542225348 
1576886400000,717.0794468585468 
1576900800000,716.2549455545073 
1576915200000,717.5159475489207 
1576929600000,716.3034456312156 
1576944000000,715.2849440203431 
1576958400000,716.0124451709663 
1576972800000,716.3034456312156 
1576987200000,726.003460972857 
1577001600000,725.8579607427324 
1577016000000,728.8164654219332 
1577030400000,739.8259828346962 
1577044800000,740.213983448362 
1577059200000,747.5859951080095 
1577073600000,738.5649808402828 
1577088000000,744.5789903521007 
1577102400000,745.7914922698059 
1577116800000,723.1419564470729 
1577131200000,718.8254496200424 
1577145600000,718.2434486995439 
1577160000000,714.7029430998447 
1577174400000,721.2019533787445 
1577188800000,718.0009483160028 
1577203200000,718.2434486995439 
1577217600000,718.9224497734588 
1577232000000,708.7374336647351 
1577246400000,707.6704319771545 
1577260800000,701.0744215448383 
1577275200000,701.7534226187532 
1577289600000,706.9429308265314 
1577304000000,704.5664270678293 
1577318400000,702.0929231557107 
1577332800000,703.6449256103733 
1577347200000,704.8574275280786 
1577361600000,709.5134348920665 
1577376000000,723.6754572908632 
1577390400000,706.5064301361576 
1577404800000,709.8044353523157 
1577419200000,703.4509253035404 
1577433600000,691.8109068935706 
1577448000000,708.3009329743612 
1577462400000,705.8759291389508 
1577476800000,710.8714370398963 
1577491200000,713.7814416423888 
1577505600000,715.7699447874253 
1577520000000,714.2664424094708 
1577534400000,716.400445784632 
1577548800000,723.6754572908632 
1577563200000,720.377452074705 
1577577600000,719.0194499268752 
1577592000000,720.7654526883706 
1577606400000,719.3589504638326 
1577620800000,740.4564838319029 
1577635200000,752.1935023952892 
1577649600000,751.0295005542922 
1577664000000,750.3019994036691 
1577678400000,754.4245059238667 
1577692800000,742.9299877440216 
1577707200000,733.8119733228784 
1577721600000,733.4239727092129 
1577736000000,733.9089734762949 
1577750400000,734.2969740899606 
1577764800000,737.9829799197844 
1577779200000,736.6249777719546 
1577793600000,726.2944614331063 
1577808000000,720.619952458246 
1577822400000,722.8994560635317 
1577836800000,727.7494637343525 
1577851200000,729.3984663424316 
1577865600000,730.9989688738025 
1577880000000,736.721977925371 
1577894400000,735.8004764679151 
1577908800000,731.095969027219 
1577923200000,722.4629553731579 
1577937600000,724.5969587483191 
1577952000000,725.1304595921093 
1577966400000,725.760960589316 
1577980800000,717.8554480858782 
1577995200000,714.4604427163036 
1578009600000,712.4719395712671 
1578024000000,723.2389566004892 
1578038400000,739.72898268128 
1578052800000,738.37098053345 
1578067200000,745.5489918862647 
1578081600000,747.4889949545931 
1578096000000,744.7244905822251 
1578110400000,747.8769955682587 
1578124800000,748.3134962586325 
1578139200000,745.0639911191828 
1578153600000,747.3919948011767 
1578168000000,748.2649961819244 
1578182400000,758.7410127508973 
1578196800000,759.2260135179794 
1578211200000,754.5700061539914 
1578225600000,763.2030198080523 
1578240000000,768.0530274788731 
1578254400000,755.0065068443653 
1578268800000,775.4250391385207 
1578283200000,772.6120346894446 
1578297600000,782.7970507981684 
1578312000000,781.5360488037549 
1578326400000,782.4090501845026 
1578340800000,795.9503686015877 
1578355200000,794.2065875070604 
1578369600000,791.1802898516046 
1578384000000,789.5635373902003 
1578398400000,787.819756295673 
1578412800000,794.1170296908238 
1578427200000,792.3732485962964 
1578441600000,793.9165349263048 
1578456000000,788.53497910583 
1578470400000,786.7911980113026 
1578484800000,781.0154030729509 
1578499200000,769.5461531287874 
1578513600000,767.8023720342601 
1578528000000,766.08565313764 
1578542400000,766.08565313764 
1578556800000,766.08565313764 
1578571200000,766.08565313764 
1578585600000,764.3418720431125 
1578600000000,763.1230840603135 
1578614400000,758.0879880628114 
1578628800000,754.9354816350273 
1578643200000,763.8155487065043 
1578657600000,763.8155487065043 
1578672000000,762.071767611977 
1578686400000,762.1134841165622 
1578700800000,757.4678123021534 
1578715200000,753.0598547264258 
1578729600000,751.192955047294 
1578744000000,758.6169927713078 
1578758400000,756.8732116767804 
1578772800000,749.9309452795685 
1578787200000,748.1871641850412 
1578801600000,747.7416028676978 
1578816000000,743.6671422837715 
1578830400000,749.3299519088894 
1578844800000,746.7439815525215 
1578859200000,745.0002004579942 
1578873600000,738.9713303509452 
1578888000000,735.8837278336009 
1578902400000,735.6092742765037 
1578916800000,736.0209546121496 
1578931200000,738.0793562903791 
1578945600000,738.1560660595878 
1578960000000,738.1560660595878 
1578974400000,736.4122849650605 
1578988800000,738.3043641267445 
1579003200000,753.9683530903185 
1579017600000,782.5145655355633 
1579032000000,785.8525516488243 
1579046400000,785.8525516488243 
1579060800000,785.8525516488243 
1579075200000,784.1087705542969 
1579089600000,779.7886182392303 
1579104000000,784.1081391178311 
1579118400000,790.9362361629145 
1579132800000,790.9362361629145 
1579147200000,790.9362361629145 
1579161600000,790.9362361629145 
1579176000000,790.9362361629145 
1579190400000,789.1924550683872 
1579204800000,790.0163563633805 
1579219200000,788.2725752688532 
1579233600000,796.5022614340633 
1579248000000,794.7584803395359 
1579262400000,791.7210128875912 
1579276800000,791.7210128875912 
1579291200000,791.7210128875912 
1579305600000,789.9772317930639 
1579320000000,783.7062610653073 
1579334400000,783.7062610653073 
1579348800000,783.7062610653073 
1579363200000,783.7062610653073 
1579377600000,781.96247997078 
1579392000000,784.9050749535479 
1579406400000,783.1612938590206 
1579420800000,769.4348000767943 
1579435200000,769.4348000767943 
1579449600000,769.4348000767943 
1579464000000,767.691018982267 
1579478400000,764.9310613509142 
1579492800000,763.1872802563869 
1579507200000,758.9200802612024 
1579521600000,757.1762991666751 
1579536000000,758.3199200047922 
1579550400000,758.3199200047922 
1579564800000,758.3199200047922 
1579579200000,758.3199200047922 
1579593600000,758.3199200047922 
1579608000000,756.5761389102648 
1579622400000,751.4839789057173 
1579636800000,751.4839789057173 
1579651200000,751.4839789057173 
1579665600000,751.4839789057173 
1579680000000,751.4839789057173 
1579694400000,751.4839789057173 
1579708800000,749.74019781119 
1579723200000,749.3019639565853 
1579737600000,749.3019639565853 
1579752000000,749.3019639565853 
1579766400000,747.558182862058 
1579780800000,747.4426304009651 
1579795200000,747.4426304009651 
1579809600000,747.4426304009651 
1579824000000,747.4426304009651 
1579838400000,747.4426304009651 
1579852800000,745.6988493064378 
1579867200000,747.9853732005799 
1579881600000,747.9853732005799 
1579896000000,747.9853732005799 
1579910400000,747.9853732005799 
1579924800000,747.9853732005799 
1579939200000,746.2415921060526 
1579953600000,746.6778194868963 
1579968000000,748.9264354951847 
1579982400000,747.6459736015761 
1579996800000,749.0513586067563 
1580011200000,748.8952047172918 
1580025600000,755.7347450758358 
1580040000000,755.4536680747997 
1580054400000,764.7604398868823 
1580068800000,769.7885951276385 
1580083200000,769.3513642371379 
1580097600000,768.9453641245302 
1580112000000,771.8810572464623 
1580126400000,776.2221353735748 
1580140800000,780.2509057217582 
1580155200000,777.7524434903265 
1580169600000,786.559522856123 
1580184000000,784.0610606246913 
1580198400000,781.9685985058675 
1580212800000,784.4045991815133 
1580227200000,781.1253675027592 
1580241600000,796.303525558706 
1580256000000,798.3022953438514 
1580270400000,802.4247580257135 
1580284800000,796.1786024471345 
1580299200000,794.242294217775 
1580313600000,797.1155257839214 
1580328000000,788.5270618633754 
1580342400000,786.8718306350519 
1580356800000,795.3978329998121 
1580371200000,791.4002934295216 
1580385600000,798.3022953438514 
1580400000000,811.7939913935819 
1580414400000,822.162609654023 
1580428800000,818.2275316395182 
1580443200000,815.2606077396932 
1580457600000,811.2006066136169 
1580472000000,807.1406054875406 
1580486400000,806.9532208201832 
1580500800000,808.3586058253635 
1580515200000,818.6959933079116 
1580529600000,818.5086086405543 
1580544000000,811.4504528367601 
1580558400000,812.8558378419403 
1580572800000,816.0726079649085 
1580587200000,820.0076859794132 
1580601600000,809.951375497901 
1580616000000,831.1883044650696 
1580630400000,845.9604624084087 
1580644800000,849.5207710881988 
1580659200000,844.6175389590144 
1580673600000,836.4038443731829 
1580688000000,843.5244617327629 
1580702400000,840.4326147213665 
1580716800000,838.8398450488287 
1580731200000,831.7816892450345 
1580745600000,839.1209220498648 
1580760000000,839.683076051937 
1580774400000,834.0927668091088 
1580788800000,833.5618435849295 
1580803200000,829.6267655704248 
1580817600000,833.9366129196443 
1580832000000,832.3438432471066 
1580846400000,835.2483055911459 
1580860800000,837.3719984878627 
1580875200000,841.8067689486538 
1580889600000,861.4509282432846 
1580904000000,867.1036990418985 
1580918400000,877.9095481928401 
1580932800000,883.6560113251328 
1580947200000,890.4643209057838 
1580961600000,899.6774003841878 
1580976000000,904.3932478460149 
1580990400000,909.5775569762354 
1581004800000,907.6412487468759 
1581019200000,912.1072499855599 
1581033600000,923.4440223606807 
1581048000000,928.2535621561865 
1581062400000,934.062486844265 
1581076800000,937.9663340808768 
1581091200000,937.0606415219828 
1581105600000,944.5247974383847 
1581120000000,925.3490998121473 
1581134400000,934.343563845301 
1581148800000,952.2700303558227 
1581163200000,950.4586452380347 
1581177600000,949.6778757907123 
1581192000000,944.118797325777 
1581206400000,961.2332636110833 
1581220800000,965.2308031813739 
1581235200000,962.0764946141916 
1581249600000,955.8615698135054 
1581264000000,955.5804928124694 
1581278400000,961.3269559447621 
1581292800000,951.1144915737855 
1581307200000,947.6791060055671 
1581321600000,929.3778701603308 
1581336000000,947.0232596698163 
1581350400000,937.0918722998757 
1581364800000,943.6503356573836 
1581379200000,931.2517168339044 
1581393600000,929.4715624940094 
1581408000000,941.9951044290601 
1581422400000,963.5443411751576 
1581436800000,993.6508110639082 
1581451200000,989.8718869388679 
1581465600000,1012.108200798609 
1581480000000,1040.9342087937507 
1581494400000,1046.493287258686 
1581508800000,1043.1515940241463 
1581523200000,1080.4723736061555 
1581537600000,1078.3799114873316 
1581552000000,1089.248222194059 
1581566400000,1080.1912966051195 
1581580800000,1066.6371389996032 
1581595200000,1094.7448391032085 
1581609600000,1087.8740679667717 
1581624000000,1087.2494524089138 
1581638400000,1079.0669886009755 
1581652800000,1070.8220632372513 
1581667200000,1092.4649923170273 
1581681600000,1100.7723792365373 
1581696000000,1131.5659262389315 
1581710400000,1140.6540826057637 
1581724800000,1128.9737716738214 
1581739200000,1120.4790000869539 
1581753600000,1126.91254033289 
1581768000000,1102.583764354325 
1581782400000,1079.3792963799042 
1581796800000,1075.1006798085778 
1581811200000,1094.4949928800654 
1581825600000,1093.4019156538138 
1581840000000,1079.3480656020115 
1581854400000,1057.1429825201633 
1581868800000,1029.878513419666 
1581883200000,1059.3291369726658 
1581897600000,1027.754820522949 
1581912000000,1023.7572809526587 
1581926400000,1023.2888192842653 
1581940800000,1050.8031346079056 
1581955200000,1060.7969835336319 
1581969600000,1083.064528171266 
1581984000000,1087.0308369636637 
1581998400000,1087.9989910783434 
1582012800000,1084.2512977311958 
1582027200000,1104.2389955826486 
1582041600000,1137.874543373296 
1582056000000,1130.504079790573 
1582070400000,1122.8837699847068 
1582084800000,1112.8899210589802 
1582099200000,1131.722080128396 
1582113600000,1124.570231990923 
1582128000000,1112.952382614766 
1582142400000,1055.8000590707688 
1582156800000,1060.7345219778463 
1582171200000,1061.2342144241325 
1582185600000,1039.8723623453925 
1582200000000,1042.683132355753 
1582214400000,1046.3995949250075 
1582228800000,1051.5839040552278 
1582243200000,1065.0756001049585 
1582257600000,1060.9531374230965 
1582272000000,1066.106215775424 
1582286400000,1074.5385258065057 
1582300800000,1072.2899097982172 
1582315200000,1076.787141814794 
1582329600000,1068.0112932268905 
1582344000000,1055.3940589581612 
1582358400000,1065.3879078838875 
1582372800000,1063.6077535439927 
1582387200000,1063.2329842092777 
1582401600000,1065.825138774388 
1582416000000,1076.9120649263657 
1582430400000,1093.6205310990642 
1582444800000,1086.5623752952702 
1582459200000,1091.1220688676328 
1582473600000,1096.8060704441396 
1582488000000,1108.9548430444756 
1582502400000,1086.7809907405203 
1582516800000,1082.689758836551 
1582531200000,1096.4625318873177 
1582545600000,1083.5329898396594 
1582560000000,1067.8239085595333 
1582574400000,1077.099449593723 
1582588800000,1065.0443693270656 
1582603200000,1051.6775963889067 
1582617600000,1066.949446778532 
1582632000000,1031.2214368690607 
1582646400000,1027.0365126314127 
1582660800000,1017.0114329277934 
1582675200000,991.6520412787629 
1582689600000,988.5289634894734 
1582704000000,981.502038463572 
1582718400000,953.4567999157526 
1582732800000,964.6686491793018 
1582747200000,943.6907482839771 
1582761600000,941.9469671894498 
1582776000000,947.6730355314093 
1582790400000,948.9991236839929 
1582804800000,963.4523511593252 
1582819200000,976.6371660617644 
1582833600000,949.9003641963117 
1582848000000,960.0810440576888 
1582862400000,939.4192708308283 
1582876800000,927.6363856142179 
1582891200000,949.2995371880992 
1582905600000,934.0452070351505 
1582920000000,951.7028452209489 
1582934400000,962.0170421952622 
1582948800000,958.5122179806898 
1582963200000,945.5533807918948 
1582977600000,943.8095996973675 
1582992000000,944.5529930088483 
1583006400000,942.8092119143209 
1583020800000,949.665144742133 
1583035200000,949.665144742133 
1583049600000,947.9213636476056 
1583064000000,942.8100763369443 
1583078400000,942.8100763369443 
1583092800000,942.8100763369443 
1583107200000,942.8100763369443 
1583121600000,942.8100763369443 
1583136000000,941.066295242417 
1583150400000,943.1975665164546 
1583164800000,949.1244773106126 
1583179200000,949.1244773106126 
1583193600000,949.1244773106126 
1583208000000,949.1244773106126 
1583222400000,947.3806962160853 
1583236800000,939.2906496884642 
1583251200000,937.5468685939369 
1583265600000,937.2936834148844 
1583280000000,935.5499023203571 
1583294400000,935.7991316899421 
1583308800000,934.0553505954148 
1583323200000,930.4738808454407 
1583337600000,930.687443551978 
1583352000000,930.687443551978 
1583366400000,928.9436624574507 
1583380800000,929.0256827646533 
1583395200000,927.281901670126 
1583409600000,924.4142219962065 
1583424000000,926.9332195014091 
1583438400000,926.9332195014091 
1583452800000,925.1894384068818 
1583467200000,931.4594730100374 
1583481600000,931.4594730100374 
1583496000000,929.7156919155101 
1583510400000,932.1712547065085 
1583524800000,932.1712547065085 
1583539200000,930.4274736119812 
1583553600000,929.0668940964708 
1583568000000,929.0668940964708 
1583582400000,927.3231130019435 
1583596800000,917.7953020344875 
1583611200000,913.6869030234699 
1583625600000,911.9431219289426 
1583640000000,908.9638322754565 
1583654400000,910.515783208168 
1583668800000,860.4904880213817 
1583683200000,860.4904880213817 
1583697600000,860.4904880213817 
1583712000000,860.4904880213817 
1583726400000,860.4904880213817 
1583740800000,860.4904880213817 
1583755200000,858.7467069268544 
1583769600000,861.167872055823 
1583784000000,875.0558658477134 
1583798400000,875.0558658477134 
1583812800000,875.0558658477134 
1583827200000,875.0558658477134 
1583841600000,875.0558658477134 
1583856000000,873.3120847531861 
1583870400000,870.9220943034942 
1583884800000,870.9220943034942 
1583899200000,869.1783132089669 
1583913600000,866.3346168463622 
1583928000000,866.3346168463622 
1583942400000,864.5908357518349 
1583956800000,869.9241157578577 
1583971200000,868.1803346633304 
1583985600000,850.7541258582662 
1584000000000,749.5851045842894 
1584014400000,771.2029253583495 
1584028800000,769.4591442638222 
1584043200000,715.9997744462434 
1584057600000,715.9997744462434 
1584072000000,714.255993351716 
1584086400000,712.6092689169254 
1584100800000,700.1090234211138 
1584115200000,700.1090234211138 
1584129600000,700.1090234211138 
1584144000000,700.1090234211138 
1584158400000,700.1090234211138 
1584172800000,700.1090234211138 
1584187200000,700.1090234211138 
1584201600000,700.1090234211138 
1584216000000,700.1090234211138 
1584230400000,698.3652423265864 
1584244800000,702.1126953801687 
