,index,date,open,high,low,close,volume,std_close,std_high,std_low,std_open,avg_vol_3
0,0,1581645600000,1.0133,1.0456,1.0133,1.0334,23386.96,0.9883320581484315,1.0,0.9691086457536343,0.9691086457536343,0
1,1,1581649200000,1.0334,1.04,1.0333,1.0333,2851.66,0.9935576923076924,1.0,0.9935576923076924,0.9936538461538462,0
2,2,1581652800000,1.0333,1.04,1.02,1.0236,4443.6,0.9842307692307692,1.0,0.9807692307692307,0.9935576923076924,1
3,3,1581656400000,1.0261,1.0296,1.0152,1.0163,910.78,0.987082362082362,1.0,0.986013986013986,0.9966006216006216,1
4,4,1581660000000,1.0163,1.0196,1.0163,1.0196,597.38,1.0,1.0,0.9967634366418202,0.9967634366418202,1
5,5,1581663600000,1.017,1.017,1.0,1.0001,355.25,0.9833824975417896,1.0,0.9832841691248771,1.0,1
6,6,1581667200000,1.011,1.0131,1.0,1.0042,3494.42,0.9912150824202942,1.0,0.9870693909781859,0.9979271542789458,0
7,7,1581670800000,1.0065,1.013,1.0065,1.01,458.7,0.9970384995064167,1.0,0.993583415597236,0.993583415597236,1
8,8,1581674400000,1.0155,1.0281,1.0135,1.0239,576.58,0.9959147942807121,1.0,0.9857990467853323,0.9877443828421361,1
9,9,1581678000000,1.0183,1.0233,1.0123,1.0232,1643.46,0.9999022769471319,1.0,0.989250464184501,0.9951138473565913,0
10,10,1581681600000,1.0233,1.0367,1.01,1.0213,9398.1,0.985145172180959,1.0,0.9742452011189351,0.9870743705990163,0
11,11,1581685200000,1.0214,1.0312,1.0214,1.0305,235.69,0.999321179208689,1.0,0.9904965089216449,0.9904965089216449,1
12,12,1581688800000,1.0304,1.0412,1.0303,1.0399,3847.55,0.9987514406454093,1.0,0.9895313100268921,0.9896273530541684,1
13,13,1581692400000,1.0399,1.0556,1.0347,1.0556,3956.89,1.0,1.0,0.9802008336491094,0.9851269420234937,0
14,14,1581696000000,1.06,1.0758,1.0455,1.0574,8596.6,0.9828964491541177,1.0,0.971834913552705,0.9853132552519055,0
15,15,1581699600000,1.0577,1.0668,1.0512,1.0611,4497.39,0.9946569178852643,1.0,0.9853768278965129,0.9914698162729659,1
16,16,1581703200000,1.062,1.0732,1.062,1.0732,1268.29,1.0,1.0,0.9895639209839733,0.9895639209839733,1
17,17,1581706800000,1.0683,1.0684,1.0597,1.0597,836.67,0.9918569824035942,1.0,0.9918569824035942,0.9999064020965931,1
18,18,1581710400000,1.0657,1.0657,1.0606,1.0619,189.68,0.9964342685558787,1.0,0.9952144130618372,1.0,1
19,19,1581714000000,1.0628,1.0698,1.0628,1.0698,428.2,1.0,1.0,0.9934567208824078,0.9934567208824078,1
20,20,1581717600000,1.0639,1.0733,1.0619,1.0719,1645.48,0.9986956116649587,1.0,0.9893785521289482,0.9912419640361503,0
21,21,1581721200000,1.072,1.072,1.072,1.072,320.32,1.0,1.0,1.0,1.0,1
22,22,1581724800000,1.072,1.1127,1.072,1.0935,10833.3,0.9827446751145861,1.0,0.9634223061022738,0.9634223061022738,0
23,23,1581728400000,1.0909,1.0909,1.0717,1.0717,1929.67,0.9823998533321112,1.0,0.9823998533321112,1.0,1
24,24,1581732000000,1.0717,1.0717,1.0552,1.0644,2529.93,0.9931883922739572,1.0,0.9846039003452457,1.0,1
25,25,1581735600000,1.0637,1.075,1.0637,1.0711,510.71,0.9963720930232558,1.0,0.9894883720930234,0.9894883720930234,1
26,26,1581739200000,1.07,1.0701,1.0644,1.0644,531.08,0.9946733950098121,1.0,0.9946733950098121,0.9999065507896459,1
27,27,1581742800000,1.0694,1.0699,1.0602,1.0602,783.33,0.9909337321244975,1.0,0.9909337321244975,0.9995326666043554,0
28,28,1581746400000,1.0602,1.0602,1.0602,1.0602,5062.79,1.0,1.0,1.0,1.0,0
29,29,1581750000000,1.0601,1.0647,1.0601,1.0601,637.93,0.9956795341410727,1.0,0.9956795341410727,0.9956795341410727,1
30,30,1581753600000,1.0601,1.0639,1.0601,1.0602,559.59,0.9965222295328507,1.0,0.9964282357364413,0.9964282357364413,1
31,31,1581757200000,1.0602,1.0612,1.0544,1.0612,2637.09,1.0,1.0,0.9935921598190728,0.9990576705616284,0
32,32,1581760800000,1.0612,1.0644,1.0612,1.0624,128.75,0.9981210071401728,1.0,0.9969936114242764,0.9969936114242764,1
33,33,1581764400000,1.0639,1.0717,1.0602,1.0698,1319.0,0.9982271157973314,1.0,0.9892693850891107,0.9927218437995707,1
34,34,1581768000000,1.0666,1.075,1.0644,1.075,1040.73,1.0,1.0,0.990139534883721,0.9921860465116279,0
35,35,1581771600000,1.075,1.0846,1.075,1.0767,908.29,0.9927162087405494,1.0,0.9911488106214272,0.9911488106214272,1
36,36,1581775200000,1.0816,1.0967,1.0804,1.0807,2501.34,0.9854107777879092,1.0,0.9851372298714325,0.9862314215373392,0
37,37,1581778800000,1.0805,1.0828,1.0501,1.0501,2244.23,0.9698005171776876,1.0,0.9698005171776876,0.9978758773550056,0
38,38,1581782400000,1.05,1.05,1.0426,1.045,2118.94,0.9952380952380951,1.0,0.9929523809523809,1.0,1
39,39,1581786000000,1.0426,1.0426,0.95,0.95,11381.48,0.9111835795127565,1.0,0.9111835795127565,1.0,0
40,40,1581789600000,0.9464,0.9886,0.9384,0.9884,4004.89,0.9997976937082742,1.0,0.9492211207768562,0.9573133724458831,1
41,41,1581793200000,0.9879,0.9891,0.9674,0.9683,5898.98,0.9789707815185523,1.0,0.9780608634111819,0.9987867758568396,1
42,42,1581796800000,0.9623,0.9698,0.9573,0.965,1697.24,0.995050525881625,1.0,0.9871107444833986,0.9922664466900393,1
43,43,1581800400000,0.9697,0.9724,0.9637,0.9682,1321.43,0.9956807897984368,1.0,0.9910530645824763,0.9972233648704236,1
44,44,1581804000000,0.9688,0.9721,0.9688,0.9692,468.69,0.9970167678222405,1.0,0.99660528752186,0.99660528752186,1
45,45,1581807600000,0.9714,0.9714,0.9519,0.9606,9715.27,0.9888820259419394,1.0,0.9799258801729462,1.0,0
46,46,1581811200000,0.9605,0.9687,0.9365,0.9687,10721.24,1.0,1.0,0.9667595746877258,0.9915350469701663,0
47,47,1581814800000,0.9675,0.9845,0.9675,0.9845,531.67,1.0,1.0,0.9827323514474352,0.9827323514474352,1
48,48,1581818400000,0.9862,1.0042,0.9862,1.0029,542.53,0.9987054371639115,1.0,0.9820752838080063,0.9820752838080063,1
49,49,1581822000000,0.9994,0.9994,0.9925,0.9925,665.77,0.9930958575145088,1.0,0.9930958575145088,1.0,0
50,50,1581825600000,0.9868,0.9921,0.9868,0.9921,51.74,1.0,1.0,0.9946577965930854,0.9946577965930854,1
51,51,1581829200000,0.9925,0.9925,0.9754,0.9812,654.35,0.9886146095717884,1.0,0.9827707808564232,1.0,0
52,52,1581832800000,0.9856,0.9924,0.9856,0.9924,94.8,1.0,1.0,0.9931479242241033,0.9931479242241033,1
53,53,1581836400000,0.9788,0.9788,0.9788,0.9788,12.0,1.0,1.0,1.0,1.0,1
54,54,1581840000000,0.9715,0.9871,0.9715,0.9807,1250.03,0.9935163610576436,1.0,0.9841961300780063,0.9841961300780063,0
55,55,1581843600000,0.9924,0.9924,0.9759,0.9759,209.02,0.9833736396614269,1.0,0.9833736396614269,1.0,1
56,56,1581847200000,0.9719,0.9719,0.9535,0.9535,271.84,0.9810680111122544,1.0,0.9810680111122544,1.0,1
57,57,1581850800000,0.9625,0.9625,0.9562,0.9562,51.56,0.9934545454545455,1.0,0.9934545454545455,1.0,1
58,58,1581854400000,0.9461,0.9476,0.9324,0.9324,813.0,0.9839594765723935,1.0,0.9839594765723935,0.9984170536091178,0
59,59,1581858000000,0.9219,0.9219,0.9008,0.9068,933.47,0.9836207831652023,1.0,0.9771124850851503,1.0,0
60,60,1581861600000,0.9333,0.9395,0.9,0.9026,1605.77,0.9607237892496008,1.0,0.9579563597658329,0.9934007450771687,0
61,61,1581865200000,0.9,0.907,0.8799,0.8846,11463.77,0.975303197353914,1.0,0.9701212789415656,0.9922822491730982,0
62,62,1581868800000,0.9016,0.9016,0.8227,0.8411,2957.57,0.9328970718722271,1.0,0.9124889086069211,1.0,1
63,63,1581872400000,0.8394,0.8693,0.8376,0.8589,690.18,0.9880363510870817,1.0,0.963533877832739,0.9656045093753596,1
64,64,1581876000000,0.8658,0.8927,0.8611,0.8895,17393.11,0.9964153691049624,1.0,0.9646017699115044,0.9698666965385907,0
65,65,1581879600000,0.8846,0.8865,0.8589,0.8589,683.55,0.9688663282571912,1.0,0.9688663282571912,0.9978567399887198,1
66,66,1581883200000,0.8751,0.8764,0.8696,0.8742,268.91,0.9974897307165678,1.0,0.9922409858512096,0.99851665905979,1
67,67,1581886800000,0.8742,0.8742,0.8742,0.8742,0.0,1.0,1.0,1.0,1.0,1
68,68,1581890400000,0.8898,0.8907,0.8878,0.8906,314.96,0.9998877287526663,1.0,0.9967441338273269,0.998989558773998,0
69,69,1581894000000,0.8884,0.9122,0.8884,0.9122,1946.07,1.0,1.0,0.9739092304319228,0.9739092304319228,0
70,70,1581897600000,0.9052,0.9109,0.8972,0.8972,5285.21,0.9849599297398177,1.0,0.9849599297398177,0.9937424525194862,0
71,71,1581901200000,0.8816,0.8816,0.8802,0.8816,78.07,1.0,1.0,0.9984119782214156,1.0,1
72,72,1581904800000,0.8741,0.8762,0.8616,0.8653,874.65,0.9875599178269802,1.0,0.9833371376398083,0.9976032869207944,1
73,73,1581908400000,0.8646,0.8646,0.8398,0.8458,1148.92,0.9782558408512606,1.0,0.9713162155910247,1.0,0
74,74,1581912000000,0.8373,0.8451,0.8188,0.8311,2442.95,0.9834339131463732,1.0,0.968879422553544,0.9907703230386937,0
75,75,1581915600000,0.8376,0.8376,0.8376,0.8376,20.0,1.0,1.0,1.0,1.0,1
76,76,1581919200000,0.8484,0.8629,0.8484,0.851,734.7,0.9862092942403523,1.0,0.9831961988642949,0.9831961988642949,1
77,77,1581922800000,0.8369,0.8369,0.8369,0.8369,20.0,1.0,1.0,1.0,1.0,1
78,78,1581926400000,0.8408,0.8429,0.8261,0.8415,802.41,0.9983390675050422,1.0,0.9800688100605054,0.9975086012575631,0
79,79,1581930000000,0.8487,0.8487,0.8487,0.8487,20.0,1.0,1.0,1.0,1.0,1
80,80,1581933600000,0.8487,0.8487,0.8487,0.8487,0.0,1.0,1.0,1.0,1.0,1
81,81,1581937200000,0.817,0.8315,0.8127,0.8315,292.0,1.0,1.0,0.9773902585688514,0.9825616355983162,0
82,82,1581940800000,0.8301,0.8412,0.8301,0.8393,140.33,0.9977413219210652,1.0,0.9868045649072753,0.9868045649072753,1
83,83,1581944400000,0.8317,0.8317,0.8285,0.8295,101.53,0.997354815438259,1.0,0.9961524588192858,1.0,1
84,84,1581948000000,0.8282,0.8349,0.8282,0.8349,116.46,1.0,1.0,0.991975086836747,0.991975086836747,1
85,85,1581951600000,0.8385,0.8615,0.8343,0.8615,451.97,1.0,1.0,0.9684271619268717,0.9733023795705166,0
86,86,1581955200000,0.8472,0.8811,0.8472,0.8811,246.9,1.0,1.0,0.961525366019748,0.961525366019748,1
87,87,1581958800000,0.8811,0.8811,0.8531,0.8584,1461.84,0.9742367495176485,1.0,0.9682215412552491,1.0,0
88,88,1581962400000,0.8687,0.8687,0.8622,0.8622,45.43,0.9925175549671923,1.0,0.9925175549671923,1.0,1
89,89,1581966000000,0.8622,0.8622,0.8622,0.8622,0.0,1.0,1.0,1.0,1.0,1
90,90,1581969600000,0.87,0.87,0.8669,0.8669,314.0,0.9964367816091955,1.0,0.9964367816091955,1.0,0
91,91,1581973200000,0.8638,0.8638,0.8638,0.8638,12.06,1.0,1.0,1.0,1.0,1
92,92,1581976800000,0.8622,0.8622,0.8549,0.8607,1092.31,0.9982602644398052,1.0,0.9915332869403851,1.0,0
93,93,1581980400000,0.8821,0.8821,0.8821,0.8821,28.66,1.0,1.0,1.0,1.0,1
94,94,1581984000000,0.8853,0.8866,0.873,0.873,506.95,0.9846605007895329,1.0,0.9846605007895329,0.9985337243401758,1
95,95,1581987600000,0.8896,0.8947,0.8846,0.8947,3830.91,1.0,1.0,0.9887112998770538,0.9942997652844527,0
96,96,1581991200000,0.9011,0.9067,0.9003,0.9032,2143.82,0.9961398477997133,1.0,0.9929414359766185,0.9938237564795412,1
97,97,1581994800000,0.8929,0.898,0.8902,0.8902,245.0,0.9913140311804008,1.0,0.9913140311804008,0.9943207126948775,1
98,98,1581998400000,0.8992,0.9082,0.896,0.9059,237.59,0.9974675181678044,1.0,0.9865668354987889,0.9900902884827131,1
99,99,1582002000000,0.906,0.906,0.8975,0.9012,987.66,0.9947019867549669,1.0,0.9906181015452538,1.0,0
100,100,1582005600000,0.9017,0.9017,0.8872,0.889,365.14,0.9859154929577465,1.0,0.9839192636131752,1.0,1
101,101,1582009200000,0.8905,0.8905,0.8905,0.8905,49.67,1.0,1.0,1.0,1.0,1
102,102,1582012800000,0.9033,0.9139,0.9033,0.9121,168.05,0.9980304190830507,1.0,0.9884013568224094,0.9884013568224094,1
103,103,1582016400000,0.9121,0.9121,0.9121,0.9121,0.0,1.0,1.0,1.0,1.0,1
104,104,1582020000000,0.8775,0.8775,0.8775,0.8775,16.18,1.0,1.0,1.0,1.0,1
105,105,1582023600000,0.8779,0.8779,0.8779,0.8779,20.0,1.0,1.0,1.0,1.0,0
106,106,1582027200000,0.8676,0.8676,0.8595,0.8595,55.55,0.9906639004149378,1.0,0.9906639004149378,1.0,0
107,107,1582030800000,0.8549,0.8549,0.8415,0.8415,681.49,0.9843256521230553,1.0,0.9843256521230553,1.0,0
108,108,1582034400000,0.8415,0.8415,0.8415,0.8415,0.0,1.0,1.0,1.0,1.0,1
109,109,1582038000000,0.883,0.8932,0.8773,0.8874,1521.29,0.9935064935064934,1.0,0.9821988356471115,0.9885803851321093,0
110,110,1582041600000,0.8877,0.9064,0.8821,0.9064,517.2,1.0,1.0,0.9731906443071492,0.979368932038835,1
111,111,1582045200000,0.9071,0.9071,0.901,0.9025,358.53,0.9949288942784698,1.0,0.9932752728475361,1.0,1
112,112,1582048800000,0.9047,0.9275,0.9047,0.9275,886.11,1.0,1.0,0.9754177897574123,0.9754177897574123,0
113,113,1582052400000,0.9298,0.9333,0.9286,0.9326,549.92,0.999249973213329,1.0,0.9949641058609235,0.9962498660666452,1
114,114,1582056000000,0.9333,0.9467,0.9303,0.9467,3722.06,1.0,1.0,0.9826766663145664,0.9858455688179995,0
115,115,1582059600000,0.9462,0.9471,0.9178,0.9236,2044.48,0.9751874142118043,1.0,0.9690634568683348,0.9990497307570478,1
116,116,1582063200000,0.9236,0.9236,0.9236,0.9236,0.0,1.0,1.0,1.0,1.0,1
117,117,1582066800000,0.93,0.93,0.9236,0.9236,487.33,0.9931182795698924,1.0,0.9931182795698924,1.0,1
118,118,1582070400000,0.9236,0.9236,0.9189,0.9199,2656.54,0.9959939367691643,1.0,0.9949112169770464,1.0,0
119,119,1582074000000,0.918,0.9204,0.918,0.9202,103.6,0.9997827031725337,1.0,0.9973924380704042,0.9973924380704042,1
120,120,1582077600000,0.9202,0.9319,0.9202,0.9319,348.62,1.0,1.0,0.9874450048288443,0.9874450048288443,1
121,121,1582081200000,0.9319,0.9319,0.9282,0.9282,176.71,0.9960296169116859,1.0,0.9960296169116859,1.0,1
122,122,1582084800000,0.9304,0.931,0.9259,0.9259,287.19,0.9945220193340493,1.0,0.9945220193340493,0.9993555316863587,0
123,123,1582088400000,0.9259,0.9259,0.9259,0.9259,0.0,1.0,1.0,1.0,1.0,1
124,124,1582092000000,0.9245,0.9259,0.9245,0.9259,670.0,1.0,1.0,0.9984879576628146,0.9984879576628146,0
125,125,1582095600000,0.9135,0.9153,0.9135,0.9153,108.21,1.0,1.0,0.9980334316617502,0.9980334316617502,1
126,126,1582099200000,0.9153,0.9153,0.9153,0.9153,0.0,1.0,1.0,1.0,1.0,1
127,127,1582102800000,0.9262,0.9262,0.9231,0.9251,89.73,0.998812351543943,1.0,0.9966529907147484,1.0,0
128,128,1582106400000,0.9251,0.9251,0.9251,0.9251,0.0,1.0,1.0,1.0,1.0,1
129,129,1582110000000,0.929,0.929,0.929,0.929,531.74,1.0,1.0,1.0,1.0,0
130,130,1582113600000,0.9359,0.9359,0.898,0.898,2530.83,0.9595042205363822,1.0,0.9595042205363822,1.0,0
131,131,1582117200000,0.91,0.91,0.91,0.91,512.95,1.0,1.0,1.0,1.0,1
132,132,1582120800000,0.936,0.936,0.936,0.936,106.83,1.0,1.0,1.0,1.0,1
133,133,1582124400000,0.936,0.936,0.936,0.936,0.0,1.0,1.0,1.0,1.0,1
134,134,1582128000000,0.9357,0.9364,0.92,0.9364,228.25,1.0,1.0,0.9824861170439984,0.9992524562152926,0
135,135,1582131600000,0.9357,0.9357,0.9182,0.9182,396.25,0.9812974243881586,1.0,0.9812974243881586,1.0,0
136,136,1582135200000,0.9176,0.9184,0.9176,0.9184,16.29,1.0,1.0,0.9991289198606271,0.9991289198606271,1
137,137,1582138800000,0.9156,0.9163,0.904,0.904,950.7,0.9865764487613228,1.0,0.9865764487613228,0.9992360580595875,0
138,138,1582142400000,0.897,0.9,0.8832,0.8832,434.45,0.9813333333333333,1.0,0.9813333333333333,0.9966666666666667,1
139,139,1582146000000,0.8889,0.8923,0.8228,0.8544,5182.87,0.9575254959094476,1.0,0.9221113975120475,0.9961896223243304,0
140,140,1582149600000,0.8522,0.8698,0.8485,0.8601,4840.5,0.9888480110370199,1.0,0.9755116118647965,0.9797654633249022,0
141,141,1582153200000,0.8628,0.8641,0.8596,0.8604,1358.68,0.995718088184238,1.0,0.9947922694132624,0.9984955444971647,1
142,142,1582156800000,0.844,0.8634,0.844,0.8584,675.26,0.994208941394487,1.0,0.9775306926106092,0.9775306926106092,1
143,143,1582160400000,0.8522,0.8522,0.8426,0.8426,1124.4,0.9887350387233045,1.0,0.9887350387233045,1.0,0
144,144,1582164000000,0.8422,0.8483,0.8263,0.8294,2324.83,0.9777201461747023,1.0,0.9740657786160556,0.992809147707179,0
145,145,1582167600000,0.8378,0.85,0.8378,0.85,783.48,1.0,1.0,0.9856470588235294,0.9856470588235294,1
146,146,1582171200000,0.8426,0.8426,0.8426,0.8426,27.62,1.0,1.0,1.0,1.0,1
147,147,1582174800000,0.8394,0.8394,0.8315,0.8315,659.1,0.9905885156063855,1.0,0.9905885156063855,1.0,0
148,148,1582178400000,0.8409,0.8426,0.84,0.84,1623.33,0.9969143128412057,1.0,0.9969143128412057,0.9979824353192499,0
149,149,1582182000000,0.8483,0.8483,0.8437,0.8442,506.94,0.9951668041966284,1.0,0.9945773900742662,1.0,1
150,150,1582185600000,0.8442,0.8442,0.8442,0.8442,0.0,1.0,1.0,1.0,1.0,1
151,151,1582189200000,0.8261,0.8288,0.8261,0.8288,1231.66,1.0,1.0,0.996742277992278,0.996742277992278,0
152,152,1582192800000,0.8346,0.8346,0.8346,0.8346,21.76,1.0,1.0,1.0,1.0,1
153,153,1582196400000,0.8249,0.8313,0.8249,0.8313,84.91,1.0,1.0,0.9923012149645133,0.9923012149645133,1
154,154,1582200000000,0.828,0.828,0.8188,0.8188,707.59,0.9888888888888889,1.0,0.9888888888888889,1.0,0
155,155,1582203600000,0.8088,0.8088,0.8074,0.8074,26.55,0.9982690405539071,1.0,0.9982690405539071,1.0,1
156,156,1582207200000,0.818,0.8314,0.814,0.8314,1458.4,1.0,1.0,0.9790714457541495,0.9838826076497473,0
157,157,1582210800000,0.8314,0.8314,0.8314,0.8314,0.0,1.0,1.0,1.0,1.0,1
158,158,1582214400000,0.8143,0.8184,0.7964,0.8184,510.84,1.0,1.0,0.9731182795698925,0.9949902248289345,1
159,159,1582218000000,0.8228,0.8228,0.8124,0.8198,226.83,0.9963539134662129,1.0,0.9873602333495382,1.0,1
160,160,1582221600000,0.8135,0.8135,0.8121,0.8121,48.63,0.9982790411800861,1.0,0.9982790411800861,1.0,1
161,161,1582225200000,0.8121,0.8121,0.8121,0.8121,0.0,1.0,1.0,1.0,1.0,1
162,162,1582228800000,0.8121,0.8121,0.8121,0.8121,0.0,1.0,1.0,1.0,1.0,1
163,163,1582232400000,0.8194,0.8209,0.8194,0.8195,363.62,0.9982945547569742,1.0,0.9981727372396151,0.9981727372396151,0
164,164,1582236000000,0.8333,0.8369,0.8271,0.8315,176.09,0.9935476162026526,1.0,0.988290118293703,0.9956984108017685,1
165,165,1582239600000,0.8315,0.8315,0.8315,0.8315,44.5,1.0,1.0,1.0,1.0,1
166,166,1582243200000,0.823,0.8279,0.8223,0.8267,106.42,0.998550549583283,1.0,0.9932358980553208,0.9940814107984056,1
167,167,1582246800000,0.8449,0.8478,0.8366,0.8478,183.59,1.0,1.0,0.9867893371078085,0.9965793819297004,0
168,168,1582250400000,0.8479,0.8523,0.8465,0.8472,1339.89,0.9940161914818726,1.0,0.993194884430365,0.9948374985333803,0
169,169,1582254000000,0.8487,0.8487,0.8487,0.8487,36.85,1.0,1.0,1.0,1.0,1
170,170,1582257600000,0.8437,0.8442,0.8412,0.8435,1039.31,0.9991708126036485,1.0,0.9964463397299218,0.9994077232883204,0
171,171,1582261200000,0.8447,0.8448,0.8437,0.8448,149.94,1.0,1.0,0.9986979166666666,0.9998816287878788,1
172,172,1582264800000,0.8448,0.8448,0.8448,0.8448,0.0,1.0,1.0,1.0,1.0,1
173,173,1582268400000,0.8318,0.8318,0.8311,0.8311,328.09,0.9991584515508535,1.0,0.9991584515508535,1.0,0
174,174,1582272000000,0.8344,0.8344,0.8344,0.8344,21.92,1.0,1.0,1.0,1.0,1
175,175,1582275600000,0.829,0.829,0.829,0.829,17.0,1.0,1.0,1.0,1.0,1
176,176,1582279200000,0.8408,0.8466,0.8392,0.8466,66.94,1.0,1.0,0.9912591542641151,0.9931490668556578,0
177,177,1582282800000,0.8478,0.8665,0.8478,0.8595,572.39,0.9919215233698788,1.0,0.9784189267166762,0.9784189267166762,0
178,178,1582286400000,0.8584,0.8746,0.8584,0.872,134.91,0.9970272124399725,1.0,0.9814772467413675,0.9814772467413675,1
179,179,1582290000000,0.8608,0.8621,0.8574,0.8586,484.02,0.9959401461547385,1.0,0.9945481962649345,0.9984920542860457,0
180,180,1582293600000,0.8586,0.8586,0.8586,0.8586,0.0,1.0,1.0,1.0,1.0,1
181,181,1582297200000,0.8586,0.8586,0.8586,0.8586,0.0,1.0,1.0,1.0,1.0,1
182,182,1582300800000,0.86,0.8635,0.86,0.8635,177.49,1.0,1.0,0.9959467284308048,0.9959467284308048,0
183,183,1582304400000,0.8591,0.8608,0.8591,0.8608,300.46,1.0,1.0,0.998025092936803,0.998025092936803,0
184,184,1582308000000,0.8468,0.8468,0.8416,0.8416,1525.94,0.9938592347661785,1.0,0.9938592347661785,1.0,0
185,185,1582311600000,0.8499,0.85,0.8484,0.85,780.24,1.0,1.0,0.9981176470588236,0.9998823529411764,1
186,186,1582315200000,0.8416,0.8489,0.8416,0.8489,165.94,1.0,1.0,0.9914006361173283,0.9914006361173283,1
187,187,1582318800000,0.8465,0.8465,0.8438,0.8438,179.87,0.9968103957471943,1.0,0.9968103957471943,1.0,1
188,188,1582322400000,0.838,0.838,0.838,0.838,1167.59,1.0,1.0,1.0,1.0,0
189,189,1582326000000,0.8586,0.8586,0.8586,0.8586,153.13,1.0,1.0,1.0,1.0,1
190,190,1582329600000,0.8563,0.8591,0.8562,0.8578,447.79,0.9984867884995926,1.0,0.996624374345245,0.9967407752298917,1
191,191,1582333200000,0.8528,0.8536,0.8474,0.8489,215.98,0.994493908153702,1.0,0.9927366447985004,0.9990627928772259,1
192,192,1582336800000,0.8394,0.8442,0.8394,0.8428,324.92,0.9983416252072969,1.0,0.9943141435678751,0.9943141435678751,1
193,193,1582340400000,0.8432,0.8489,0.8402,0.8489,125.03,1.0,1.0,0.9897514430439391,0.9932854282012015,1
194,194,1582344000000,0.8399,0.84,0.8399,0.8399,2495.1,0.9998809523809524,1.0,0.9998809523809524,0.9998809523809524,0
195,195,1582347600000,0.8399,0.8399,0.8399,0.8399,0.0,1.0,1.0,1.0,1.0,1
196,196,1582351200000,0.829,0.829,0.8242,0.8242,392.13,0.9942098914354646,1.0,0.9942098914354646,1.0,1
197,197,1582354800000,0.8242,0.8242,0.8242,0.8242,0.0,1.0,1.0,1.0,1.0,1
198,198,1582358400000,0.8373,0.8373,0.8373,0.8373,60.12,1.0,1.0,1.0,1.0,1
199,199,1582362000000,0.8373,0.8373,0.8373,0.8373,12.47,1.0,1.0,1.0,1.0,1
200,200,1582365600000,0.8394,0.8466,0.8394,0.8466,137.85,1.0,1.0,0.9914953933380581,0.9914953933380581,0
201,201,1582369200000,0.8489,0.853,0.8489,0.853,4659.12,1.0,1.0,0.9951934349355217,0.9951934349355217,0
202,202,1582372800000,0.8584,0.8584,0.8551,0.8551,122.14,0.9961556383970176,1.0,0.9961556383970176,1.0,1
203,203,1582376400000,0.8489,0.8565,0.8452,0.8565,1022.28,1.0,1.0,0.9868067717454757,0.9911266783420899,1
204,204,1582380000000,0.8565,0.8565,0.8565,0.8565,0.0,1.0,1.0,1.0,1.0,1
205,205,1582383600000,0.8538,0.8538,0.8538,0.8538,234.24,1.0,1.0,1.0,1.0,1
206,206,1582387200000,0.841,0.8458,0.841,0.8458,109.13,1.0,1.0,0.9943248995034287,0.9943248995034287,1
207,207,1582390800000,0.8462,0.8462,0.845,0.845,2434.95,0.9985818955329709,1.0,0.9985818955329709,1.0,0
208,208,1582394400000,0.8434,0.845,0.8434,0.845,119.91,1.0,1.0,0.9981065088757397,0.9981065088757397,1
209,209,1582398000000,0.8482,0.8482,0.845,0.845,1030.21,0.9962273048809244,1.0,0.9962273048809244,1.0,1
210,210,1582401600000,0.8468,0.8468,0.8468,0.8468,84.24,1.0,1.0,1.0,1.0,1
211,211,1582405200000,0.8463,0.8468,0.8451,0.8468,138.09,1.0,1.0,0.9979924421350967,0.9994095418044403,1
212,212,1582408800000,0.8501,0.8501,0.8501,0.8501,1000.0,1.0,1.0,1.0,1.0,0
213,213,1582412400000,0.8498,0.8498,0.8498,0.8498,1765.12,1.0,1.0,1.0,1.0,0
214,214,1582416000000,0.8516,0.8592,0.8516,0.8543,104.21,0.9942970204841713,1.0,0.9911545623836128,0.9911545623836128,1
215,215,1582419600000,0.8592,0.86,0.8592,0.86,202.25,1.0,1.0,0.9990697674418605,0.9990697674418605,1
216,216,1582423200000,0.8524,0.8537,0.8524,0.8537,151.51,1.0,1.0,0.9984772168208973,0.9984772168208973,1
217,217,1582426800000,0.8549,0.8668,0.8549,0.8668,4287.76,1.0,1.0,0.9862713428703276,0.9862713428703276,0
218,218,1582430400000,0.8682,0.8769,0.8645,0.87,4378.62,0.9921313718782073,1.0,0.9858592769985175,0.9900786862812179,0
219,219,1582434000000,0.8726,0.8726,0.87,0.87,1870.25,0.9970203988081595,1.0,0.9970203988081595,1.0,1
220,220,1582437600000,0.8819,0.8833,0.8788,0.8788,237.64,0.9949054681308729,1.0,0.9949054681308729,0.9984150345296049,1
221,221,1582441200000,0.8788,0.8788,0.8788,0.8788,750.09,1.0,1.0,1.0,1.0,1
222,222,1582444800000,0.8699,0.8699,0.8691,0.8691,67.4,0.9990803540636854,1.0,0.9990803540636854,1.0,1
223,223,1582448400000,0.8814,0.8814,0.8814,0.8814,48.31,1.0,1.0,1.0,1.0,1
224,224,1582452000000,0.8743,0.8743,0.8743,0.8743,36.47,1.0,1.0,1.0,1.0,1
225,225,1582455600000,0.8739,0.8739,0.8739,0.8739,54.27,1.0,1.0,1.0,1.0,0
226,226,1582459200000,0.878,0.878,0.878,0.878,58.32,1.0,1.0,1.0,1.0,0
227,227,1582462800000,0.8797,0.8808,0.8789,0.8789,160.08,0.9978428701180745,1.0,0.9978428701180745,0.9987511353315168,0
228,228,1582466400000,0.8803,0.8839,0.8803,0.8839,76.34,1.0,1.0,0.9959271410793076,0.9959271410793076,1
229,229,1582470000000,0.8884,0.8884,0.8884,0.8884,17.05,1.0,1.0,1.0,1.0,1
230,230,1582473600000,0.8781,0.8907,0.8781,0.8907,767.03,1.0,1.0,0.9858538228359717,0.9858538228359717,0
231,231,1582477200000,0.8907,0.8986,0.8897,0.8897,281.0,0.9900957044291121,1.0,0.9900957044291121,0.9912085466280882,1
232,232,1582480800000,0.8844,0.8844,0.8844,0.8844,18.09,1.0,1.0,1.0,1.0,1
233,233,1582484400000,0.8893,0.8915,0.8853,0.8883,617.09,0.996410544026921,1.0,0.9930454290521593,0.9975322490185081,0
234,234,1582488000000,0.8849,0.8849,0.8849,0.8849,34.96,1.0,1.0,1.0,1.0,1
235,235,1582491600000,0.8838,0.8838,0.8838,0.8838,32.37,1.0,1.0,1.0,1.0,1
236,236,1582495200000,0.8838,0.8838,0.8838,0.8838,0.0,1.0,1.0,1.0,1.0,1
237,237,1582498800000,0.898,0.8996,0.8958,0.8958,336.23,0.9957759004001779,1.0,0.9957759004001779,0.9982214317474434,0
238,238,1582502400000,0.8963,0.8964,0.8963,0.8964,40.68,1.0,1.0,0.999888442659527,0.999888442659527,1
239,239,1582506000000,0.891,0.8913,0.8895,0.8895,149.61,0.9979804779535509,1.0,0.9979804779535509,0.9996634129922586,1
240,240,1582509600000,0.8835,0.8835,0.8629,0.8629,742.21,0.9766836445953594,1.0,0.9766836445953594,1.0,0
241,241,1582513200000,0.8573,0.8582,0.8523,0.8582,188.48,1.0,1.0,0.9931251456536938,0.9989512934048007,1
242,242,1582516800000,0.8547,0.8547,0.853,0.853,221.31,0.998010998010998,1.0,0.998010998010998,1.0,1
243,243,1582520400000,0.8579,0.8579,0.8564,0.8564,233.4,0.9982515444690524,1.0,0.9982515444690524,1.0,0
244,244,1582524000000,0.8586,0.8586,0.8541,0.8541,242.27,0.9947589098532494,1.0,0.9947589098532494,1.0,0
245,245,1582527600000,0.8513,0.8514,0.85,0.85,429.8,0.9983556495184401,1.0,0.9983556495184401,0.9998825463941742,0
246,246,1582531200000,0.8576,0.8576,0.8576,0.8576,42.05,1.0,1.0,1.0,1.0,1
247,247,1582534800000,0.8574,0.8574,0.8574,0.8574,17.46,1.0,1.0,1.0,1.0,1
248,248,1582538400000,0.8574,0.8574,0.8574,0.8574,0.0,1.0,1.0,1.0,1.0,1
249,249,1582542000000,0.8588,0.8619,0.8588,0.8619,304.04,1.0,1.0,0.996403295045829,0.996403295045829,0
250,250,1582545600000,0.8619,0.8619,0.8619,0.8619,0.0,1.0,1.0,1.0,1.0,1
251,251,1582549200000,0.8619,0.8619,0.8619,0.8619,0.0,1.0,1.0,1.0,1.0,1
252,252,1582552800000,0.8619,0.8619,0.8619,0.8619,0.0,1.0,1.0,1.0,1.0,1
253,253,1582556400000,0.85,0.8531,0.85,0.852,226.49,0.9987105849255656,1.0,0.9963661938811393,0.9963661938811393,0
254,254,1582560000000,0.852,0.852,0.852,0.852,0.0,1.0,1.0,1.0,1.0,1
255,255,1582563600000,0.8457,0.8517,0.8398,0.8398,320.3,0.9860279441117764,1.0,0.9860279441117764,0.9929552659387109,0
256,256,1582567200000,0.8344,0.8391,0.8344,0.8391,55.5,1.0,1.0,0.9943987605768085,0.9943987605768085,1
257,257,1582570800000,0.858,0.8624,0.858,0.8624,81.99,1.0,1.0,0.9948979591836734,0.9948979591836734,1
258,258,1582574400000,0.8624,0.8624,0.8624,0.8624,0.0,1.0,1.0,1.0,1.0,1
259,259,1582578000000,0.8624,0.8624,0.8624,0.8624,0.0,1.0,1.0,1.0,1.0,1
260,260,1582581600000,0.8624,0.8624,0.8624,0.8624,0.0,1.0,1.0,1.0,1.0,1
261,261,1582585200000,0.8624,0.8624,0.8624,0.8624,0.0,1.0,1.0,1.0,1.0,1
262,262,1582588800000,0.8507,0.8507,0.8507,0.8507,11.72,1.0,1.0,1.0,1.0,0
263,263,1582592400000,0.8493,0.8493,0.8387,0.8387,5561.62,0.9875191334039797,1.0,0.9875191334039797,1.0,0
264,264,1582596000000,0.8313,0.84,0.8313,0.8379,428.63,0.9975,1.0,0.9896428571428573,0.9896428571428573,1
265,265,1582599600000,0.8442,0.8442,0.8442,0.8442,84.02,1.0,1.0,1.0,1.0,1
266,266,1582603200000,0.8442,0.8442,0.8442,0.8442,0.0,1.0,1.0,1.0,1.0,1
267,267,1582606800000,0.8282,0.8315,0.8282,0.8315,165.26,1.0,1.0,0.996031268791341,0.996031268791341,0
268,268,1582610400000,0.8267,0.8267,0.8242,0.8242,61.97,0.9969759283899844,1.0,0.9969759283899844,1.0,1
269,269,1582614000000,0.8213,0.8213,0.8142,0.8142,1032.48,0.9913551686350908,1.0,0.9913551686350908,1.0,0
270,270,1582617600000,0.8142,0.8142,0.8142,0.8142,0.0,1.0,1.0,1.0,1.0,1
271,271,1582621200000,0.8142,0.8142,0.8142,0.8142,0.0,1.0,1.0,1.0,1.0,1
272,272,1582624800000,0.8229,0.8229,0.819,0.819,574.96,0.995260663507109,1.0,0.995260663507109,1.0,0
273,273,1582628400000,0.819,0.8282,0.819,0.8282,2575.52,1.0,1.0,0.9888915720840376,0.9888915720840376,0
274,274,1582632000000,0.8329,0.8329,0.8329,0.8329,20.27,1.0,1.0,1.0,1.0,1
275,275,1582635600000,0.8204,0.8204,0.8204,0.8204,24.08,1.0,1.0,1.0,1.0,1
276,276,1582639200000,0.8153,0.8153,0.8025,0.8033,1028.03,0.9852814914755305,1.0,0.9843002575738992,1.0,0
277,277,1582642800000,0.8025,0.807,0.7992,0.7998,728.02,0.9910780669144981,1.0,0.9903345724907063,0.9944237918215613,0
278,278,1582646400000,0.8005,0.8005,0.7769,0.7769,5070.84,0.9705184259837603,1.0,0.9705184259837603,1.0,0
279,279,1582650000000,0.7755,0.78,0.7755,0.78,45.34,1.0,1.0,0.9942307692307691,0.9942307692307691,1
280,280,1582653600000,0.7854,0.7854,0.7854,0.7854,240.52,1.0,1.0,1.0,1.0,1
281,281,1582657200000,0.7798,0.7798,0.7781,0.7781,107.85,0.9978199538343164,1.0,0.9978199538343164,1.0,1
282,282,1582660800000,0.7781,0.7781,0.7781,0.7781,0.0,1.0,1.0,1.0,1.0,1
283,283,1582664400000,0.7713,0.7713,0.769,0.769,630.45,0.9970180215221056,1.0,0.9970180215221056,1.0,0
284,284,1582668000000,0.7879,0.7879,0.7879,0.7879,16.89,1.0,1.0,1.0,1.0,1
285,285,1582671600000,0.7889,0.7889,0.7845,0.7845,463.38,0.9944226137660032,1.0,0.9944226137660032,1.0,0
286,286,1582675200000,0.782,0.782,0.7651,0.7681,6189.82,0.9822250639386189,1.0,0.978388746803069,1.0,0
287,287,1582678800000,0.7605,0.7605,0.746,0.746,998.2,0.9809335963182118,1.0,0.9809335963182118,1.0,1
288,288,1582682400000,0.7246,0.7383,0.722,0.7383,315.32,1.0,1.0,0.9779222538263579,0.9814438575104972,1
289,289,1582686000000,0.7344,0.7356,0.7344,0.7356,175.71,1.0,1.0,0.99836867862969,0.99836867862969,1
290,290,1582689600000,0.7356,0.7356,0.7356,0.7356,0.0,1.0,1.0,1.0,1.0,1
291,291,1582693200000,0.7356,0.7356,0.7356,0.7356,0.0,1.0,1.0,1.0,1.0,1
292,292,1582696800000,0.7356,0.7356,0.7356,0.7356,0.0,1.0,1.0,1.0,1.0,1
293,293,1582700400000,0.7356,0.7356,0.7356,0.7356,0.0,1.0,1.0,1.0,1.0,1
294,294,1582704000000,0.734,0.7356,0.7182,0.7182,851.79,0.9763458401305056,1.0,0.9763458401305056,0.9978249048395866,0
295,295,1582707600000,0.7182,0.7182,0.7182,0.7182,0.0,1.0,1.0,1.0,1.0,1
296,296,1582711200000,0.7182,0.7182,0.7182,0.7182,0.0,1.0,1.0,1.0,1.0,1
297,297,1582714800000,0.7228,0.7374,0.7205,0.7214,9890.01,0.978302142663412,1.0,0.9770816381882289,0.9802007051803634,0
298,298,1582718400000,0.7247,0.7247,0.7136,0.7136,2800.09,0.9846833172347178,1.0,0.9846833172347178,1.0,1
299,299,1582722000000,0.7303,0.7303,0.7303,0.7303,468.15,1.0,1.0,1.0,1.0,1
300,300,1582725600000,0.7303,0.7303,0.7303,0.7303,0.0,1.0,1.0,1.0,1.0,1
301,301,1582729200000,0.713,0.713,0.713,0.713,140.09,1.0,1.0,1.0,1.0,1
302,302,1582732800000,0.6712,0.684,0.6712,0.684,81.69,1.0,1.0,0.9812865497076023,0.9812865497076023,0
303,303,1582736400000,0.6812,0.684,0.6731,0.6759,2076.25,0.9881578947368419,1.0,0.9840643274853801,0.995906432748538,0
304,304,1582740000000,0.6855,0.7042,0.6855,0.7042,1670.06,1.0,1.0,0.9734450440215847,0.9734450440215847,0
305,305,1582743600000,0.6979,0.6979,0.6979,0.6979,178.16,1.0,1.0,1.0,1.0,1
306,306,1582747200000,0.6979,0.7001,0.6963,0.7001,570.17,1.0,1.0,0.9945722039708614,0.9968575917726039,1
307,307,1582750800000,0.6932,0.6932,0.6815,0.6815,2290.89,0.9831217541834968,1.0,0.9831217541834968,1.0,0
308,308,1582754400000,0.6807,0.6895,0.6807,0.6895,194.67,1.0,1.0,0.9872371283538796,0.9872371283538796,1
309,309,1582758000000,0.6912,0.693,0.6847,0.6847,108.7,0.988023088023088,1.0,0.988023088023088,0.9974025974025975,1
310,310,1582761600000,0.6689,0.6689,0.6689,0.6689,15.41,1.0,1.0,1.0,1.0,1
311,311,1582765200000,0.6565,0.6746,0.6502,0.6746,1395.74,1.0,1.0,0.9638304180254966,0.97316928550252,0
312,312,1582768800000,0.6776,0.6776,0.6658,0.6658,4966.52,0.9825855962219598,1.0,0.9825855962219598,1.0,0
313,313,1582772400000,0.668,0.668,0.6596,0.6596,39.55,0.9874251497005987,1.0,0.9874251497005987,1.0,1
314,314,1582776000000,0.6802,0.6809,0.6767,0.6793,447.9,0.9976501688941108,1.0,0.9938316933470407,0.9989719488911736,1
315,315,1582779600000,0.6791,0.68,0.6783,0.6783,338.07,0.9974999999999999,1.0,0.9974999999999999,0.9986764705882353,0
316,316,1582783200000,0.6895,0.6895,0.6801,0.6801,67.94,0.986366932559826,1.0,0.986366932559826,1.0,1
317,317,1582786800000,0.6801,0.6801,0.6801,0.6801,0.0,1.0,1.0,1.0,1.0,1
318,318,1582790400000,0.71,0.71,0.71,0.71,148.28,1.0,1.0,1.0,1.0,0
319,319,1582794000000,0.7041,0.705,0.7041,0.705,30.0,1.0,1.0,0.9987234042553191,0.9987234042553191,1
320,320,1582797600000,0.6952,0.6963,0.6952,0.6963,149.39,1.0,1.0,0.9984202211690364,0.9984202211690364,0
321,321,1582801200000,0.6963,0.6963,0.6963,0.6963,0.0,1.0,1.0,1.0,1.0,1
322,322,1582804800000,0.7056,0.7167,0.7056,0.7057,957.41,0.9846518766568997,1.0,0.9845123482628715,0.9845123482628715,0
323,323,1582808400000,0.712,0.7137,0.712,0.7137,51.43,1.0,1.0,0.9976180467983746,0.9976180467983746,1
324,324,1582812000000,0.7116,0.7137,0.7115,0.7115,280.49,0.9969174723273084,1.0,0.9969174723273084,0.9970575872215217,1
325,325,1582815600000,0.7166,0.7204,0.715,0.7204,168.81,1.0,1.0,0.992504164353137,0.9947251526929484,0
326,326,1582819200000,0.7172,0.7283,0.7172,0.7283,784.53,1.0,1.0,0.9847590278731292,0.9847590278731292,0
327,327,1582822800000,0.7242,0.7255,0.7157,0.7157,298.82,0.9864920744314266,1.0,0.9864920744314266,0.998208132322536,1
328,328,1582826400000,0.7198,0.7198,0.7195,0.7195,262.89,0.9995832175604334,1.0,0.9995832175604334,1.0,1
329,329,1582830000000,0.7116,0.7159,0.7116,0.7159,530.03,1.0,1.0,0.9939935745215812,0.9939935745215812,0
330,330,1582833600000,0.7161,0.7161,0.7161,0.7161,26.37,1.0,1.0,1.0,1.0,1
331,331,1582837200000,0.7137,0.7137,0.6916,0.6956,606.62,0.9746392041474009,1.0,0.9690346083788707,1.0,0
332,332,1582840800000,0.6916,0.7017,0.6916,0.7017,136.14,1.0,1.0,0.9856063844947983,0.9856063844947983,1
333,333,1582844400000,0.7029,0.7063,0.7029,0.7063,356.28,1.0,1.0,0.9951861815092736,0.9951861815092736,1
334,334,1582848000000,0.71,0.7197,0.7084,0.7197,1767.0,1.0,1.0,0.984299013477838,0.9865221620119493,0
335,335,1582851600000,0.7074,0.7074,0.7074,0.7074,15.49,1.0,1.0,1.0,1.0,1
336,336,1582855200000,0.7172,0.7172,0.7172,0.7172,50.0,1.0,1.0,1.0,1.0,1
337,337,1582858800000,0.7172,0.7172,0.7172,0.7172,0.0,1.0,1.0,1.0,1.0,1
338,338,1582862400000,0.7069,0.7086,0.7069,0.7086,100.0,1.0,1.0,0.9976009031893874,0.9976009031893874,0
339,339,1582866000000,0.7086,0.7086,0.7086,0.7086,0.0,1.0,1.0,1.0,1.0,1
340,340,1582869600000,0.6976,0.6976,0.6933,0.6951,2436.11,0.9964162844036698,1.0,0.9938360091743119,1.0,0
341,341,1582873200000,0.6954,0.6954,0.6821,0.6821,2433.09,0.9808743169398907,1.0,0.9808743169398907,1.0,0
342,342,1582876800000,0.6889,0.6896,0.6889,0.6896,157.22,1.0,1.0,0.9989849187935035,0.9989849187935035,1
343,343,1582880400000,0.6896,0.6896,0.6822,0.6829,656.83,0.990284222737819,1.0,0.9892691415313226,1.0,1
344,344,1582884000000,0.6829,0.6829,0.6829,0.6829,0.0,1.0,1.0,1.0,1.0,1
345,345,1582887600000,0.6821,0.6821,0.6702,0.6702,207.09,0.982553877730538,1.0,0.982553877730538,1.0,1
346,346,1582891200000,0.6692,0.6692,0.6559,0.66,642.82,0.986252241482367,1.0,0.9801255230125523,1.0,0
347,347,1582894800000,0.6773,0.6773,0.6773,0.6773,18.82,1.0,1.0,1.0,1.0,1
348,348,1582898400000,0.6773,0.6773,0.6773,0.6773,0.0,1.0,1.0,1.0,1.0,1
349,349,1582902000000,0.6944,0.701,0.6944,0.701,53.48,1.0,1.0,0.9905848787446506,0.9905848787446506,0
350,350,1582905600000,0.7006,0.7012,0.7006,0.7012,177.7,1.0,1.0,0.9991443240159725,0.9991443240159725,0
351,351,1582909200000,0.6834,0.6834,0.6834,0.6834,101.42,1.0,1.0,1.0,1.0,1
352,352,1582912800000,0.6834,0.6834,0.6794,0.6799,203.92,0.994878548434299,1.0,0.9941469124963418,1.0,0
353,353,1582916400000,0.6799,0.6799,0.6799,0.6799,0.0,1.0,1.0,1.0,1.0,1
354,354,1582920000000,0.6834,0.6834,0.6802,0.6834,496.17,1.0,1.0,0.9953175299970735,1.0,0
355,355,1582923600000,0.6834,0.6834,0.6834,0.6834,0.0,1.0,1.0,1.0,1.0,1
356,356,1582927200000,0.6957,0.7018,0.6957,0.7018,666.46,1.0,1.0,0.9913080649757766,0.9913080649757766,0
357,357,1582930800000,0.6961,0.6983,0.696,0.696,120.53,0.9967062866962623,1.0,0.9967062866962623,0.9968494916225118,1
358,358,1582934400000,0.7037,0.7131,0.7009,0.7009,3599.23,0.9828916000560931,1.0,0.9828916000560931,0.9868181180760062,0
359,359,1582938000000,0.701,0.701,0.691,0.691,7259.88,0.9857346647646219,1.0,0.9857346647646219,1.0,0
360,360,1582941600000,0.6964,0.6964,0.696,0.696,200.0,0.999425617461229,1.0,0.999425617461229,1.0,1
361,361,1582945200000,0.696,0.696,0.696,0.696,0.0,1.0,1.0,1.0,1.0,1
362,362,1582948800000,0.696,0.696,0.696,0.696,0.0,1.0,1.0,1.0,1.0,1
363,363,1582952400000,0.696,0.696,0.696,0.696,0.0,1.0,1.0,1.0,1.0,1
364,364,1582956000000,0.6998,0.6998,0.6998,0.6998,1578.29,1.0,1.0,1.0,1.0,0
365,365,1582959600000,0.6998,0.6998,0.6998,0.6998,0.0,1.0,1.0,1.0,1.0,1
366,366,1582963200000,0.6998,0.6998,0.6998,0.6998,0.0,1.0,1.0,1.0,1.0,1
367,367,1582966800000,0.6998,0.6998,0.6998,0.6998,0.0,1.0,1.0,1.0,1.0,1
368,368,1582970400000,0.6852,0.6852,0.6852,0.6852,17.22,1.0,1.0,1.0,1.0,0
369,369,1582974000000,0.6834,0.6834,0.6832,0.6832,381.95,0.9997073456248171,1.0,0.9997073456248171,1.0,0
370,370,1582977600000,0.6832,0.6832,0.6832,0.6832,0.0,1.0,1.0,1.0,1.0,1
