,index,date,open,high,low,close,volume,std_close,std_high,std_low,std_open,avg_vol_3
0,0,1579381200000,2.053,2.056,2.053,2.056,33.607,1.0,1.0,0.9985408560311283,0.9985408560311283,0
1,1,1579384800000,2.056,2.056,2.056,2.056,48.638,1.0,1.0,1.0,1.0,0
2,2,1579388400000,2.056,2.056,2.056,2.056,0.0,1.0,1.0,1.0,1.0,1
3,3,1579392000000,2.013,2.037,2.006,2.014,275.485,0.988708885616102,1.0,0.9847815414825724,0.9882179675994109,0
4,4,1579395600000,2.062,2.062,2.036,2.036,305.092,0.9873908826382154,1.0,0.9873908826382154,1.0,0
5,5,1579399200000,2.045,2.045,2.045,2.045,17.9,1.0,1.0,1.0,1.0,1
6,6,1579402800000,2.045,2.045,2.045,2.045,0.0,1.0,1.0,1.0,1.0,1
7,7,1579406400000,2.046,2.046,2.046,2.046,11.462,1.0,1.0,1.0,1.0,0
8,8,1579410000000,2.046,2.046,2.046,2.046,0.0,1.0,1.0,1.0,1.0,1
9,9,1579413600000,2.046,2.046,2.046,2.046,0.0,1.0,1.0,1.0,1.0,1
10,10,1579417200000,2.055,2.055,2.05,2.05,88.957,0.9975669099756689,1.0,0.9975669099756689,1.0,0
11,11,1579420800000,2.058,2.058,2.052,2.052,40.0,0.9970845481049564,1.0,0.9970845481049564,1.0,1
12,12,1579424400000,2.052,2.052,2.052,2.052,0.0,1.0,1.0,1.0,1.0,1
13,13,1579428000000,2.052,2.052,2.052,2.052,0.0,1.0,1.0,1.0,1.0,1
14,14,1579431600000,1.99,1.996,1.938,1.938,366.44,0.9709418837675351,1.0,0.9709418837675351,0.996993987975952,0
15,15,1579435200000,1.903,1.903,1.903,1.903,12.244,1.0,1.0,1.0,1.0,1
16,16,1579438800000,1.893,1.895,1.893,1.895,27.51,1.0,1.0,0.9989445910290238,0.9989445910290238,1
17,17,1579442400000,1.894,1.898,1.894,1.898,48.633,1.0,1.0,0.9978925184404637,0.9978925184404637,0
18,18,1579446000000,1.896,1.917,1.894,1.915,134.411,0.9989567031820553,1.0,0.9880020865936359,0.9890453834115805,0
19,19,1579449600000,1.922,1.934,1.922,1.934,53.714,1.0,1.0,0.9937952430196484,0.9937952430196484,1
20,20,1579453200000,1.934,1.934,1.934,1.934,0.0,1.0,1.0,1.0,1.0,1
21,21,1579456800000,1.934,1.934,1.934,1.934,0.0,1.0,1.0,1.0,1.0,1
22,22,1579460400000,1.934,1.934,1.934,1.934,0.0,1.0,1.0,1.0,1.0,0
23,23,1579464000000,1.912,1.934,1.912,1.932,88.207,0.9989658738366081,1.0,0.9886246122026887,0.9886246122026887,0
24,24,1579467600000,1.932,1.932,1.932,1.932,0.0,1.0,1.0,1.0,1.0,1
25,25,1579471200000,1.922,1.922,1.918,1.918,56.808,0.9979188345473465,1.0,0.9979188345473465,1.0,0
26,26,1579474800000,1.925,1.936,1.925,1.936,26.215,1.0,1.0,0.9943181818181819,0.9943181818181819,1
27,27,1579478400000,1.936,1.936,1.936,1.936,19.802,1.0,1.0,1.0,1.0,1
28,28,1579482000000,1.906,1.915,1.906,1.915,50.163,1.0,1.0,0.9953002610966056,0.9953002610966056,0
29,29,1579485600000,1.906,1.906,1.906,1.906,26.252,1.0,1.0,1.0,1.0,1
30,30,1579489200000,1.906,1.906,1.906,1.906,0.0,1.0,1.0,1.0,1.0,1
31,31,1579492800000,1.921,1.921,1.915,1.916,44.976,0.9973971889640811,1.0,0.9968766267568975,1.0,0
32,32,1579496400000,1.916,1.916,1.916,1.916,0.0,1.0,1.0,1.0,1.0,1
33,33,1579500000000,1.908,1.92,1.908,1.92,24.384,1.0,1.0,0.99375,0.99375,0
34,34,1579503600000,1.902,1.908,1.902,1.908,37.226,1.0,1.0,0.9968553459119497,0.9968553459119497,0
35,35,1579507200000,1.908,1.908,1.908,1.908,0.0,1.0,1.0,1.0,1.0,1
36,36,1579510800000,1.914,1.914,1.914,1.914,26.159,1.0,1.0,1.0,1.0,0
37,37,1579514400000,1.914,1.914,1.914,1.914,0.0,1.0,1.0,1.0,1.0,1
38,38,1579518000000,1.894,1.894,1.894,1.894,60.397,1.0,1.0,1.0,1.0,0
39,39,1579521600000,1.894,1.894,1.894,1.894,0.0,1.0,1.0,1.0,1.0,1
40,40,1579525200000,1.894,1.895,1.894,1.895,142.55,1.0,1.0,0.9994722955145118,0.9994722955145118,0
41,41,1579528800000,1.908,1.913,1.908,1.913,27.135,1.0,1.0,0.9973863042341871,0.9973863042341871,1
42,42,1579532400000,1.923,1.923,1.923,1.923,26.246,1.0,1.0,1.0,1.0,1
43,43,1579536000000,1.928,1.928,1.926,1.928,53.814,1.0,1.0,0.9989626556016598,1.0,0
44,44,1579539600000,1.928,1.928,1.928,1.928,0.0,1.0,1.0,1.0,1.0,1
45,45,1579543200000,1.928,1.928,1.928,1.928,0.0,1.0,1.0,1.0,1.0,1
46,46,1579546800000,1.928,1.928,1.928,1.928,0.0,1.0,1.0,1.0,1.0,0
47,47,1579550400000,1.928,1.928,1.922,1.922,104.849,0.9968879668049793,1.0,0.9968879668049793,1.0,0
48,48,1579554000000,1.926,1.927,1.926,1.926,63.381,0.9994810586403736,1.0,0.9994810586403736,0.9994810586403736,0
49,49,1579557600000,1.93,1.93,1.93,1.93,18.384,1.0,1.0,1.0,1.0,1
50,50,1579561200000,1.917,1.933,1.917,1.932,81.369,0.999482669425763,1.0,0.991722710812209,0.991722710812209,0
51,51,1579564800000,1.91,1.914,1.91,1.914,34.056,1.0,1.0,0.9979101358411703,0.9979101358411703,1
52,52,1579568400000,1.914,1.914,1.914,1.914,0.0,1.0,1.0,1.0,1.0,1
53,53,1579572000000,1.914,2.0,1.851,1.939,233.299,0.9695,1.0,0.9255,0.957,0
54,54,1579575600000,1.939,1.942,1.939,1.94,75.522,0.9989701338825953,1.0,0.9984552008238929,0.9984552008238929,1
55,55,1579579200000,1.947,1.954,1.947,1.954,36.326,1.0,1.0,0.996417604912999,0.996417604912999,1
56,56,1579582800000,1.954,1.954,1.954,1.954,0.0,1.0,1.0,1.0,1.0,1
57,57,1579586400000,1.954,1.954,1.954,1.954,0.0,1.0,1.0,1.0,1.0,1
58,58,1579590000000,1.954,1.954,1.954,1.954,0.0,1.0,1.0,1.0,1.0,0
59,59,1579593600000,1.932,1.932,1.932,1.932,36.792,1.0,1.0,1.0,1.0,0
60,60,1579597200000,1.932,1.932,1.932,1.932,0.0,1.0,1.0,1.0,1.0,1
61,61,1579600800000,1.941,1.941,1.941,1.941,25.9,1.0,1.0,1.0,1.0,0
62,62,1579604400000,1.954,1.954,1.954,1.954,25.9,1.0,1.0,1.0,1.0,0
63,63,1579608000000,1.938,1.941,1.938,1.941,20.826,1.0,1.0,0.9984544049459041,0.9984544049459041,1
64,64,1579611600000,1.944,1.944,1.944,1.944,25.881,1.0,1.0,1.0,1.0,0
65,65,1579615200000,1.944,1.944,1.944,1.944,0.0,1.0,1.0,1.0,1.0,1
66,66,1579618800000,1.945,1.946,1.945,1.946,92.598,1.0,1.0,0.999486125385406,0.999486125385406,0
67,67,1579622400000,1.946,1.946,1.946,1.946,0.0,1.0,1.0,1.0,1.0,1
68,68,1579626000000,1.938,1.944,1.938,1.94,125.934,0.9979423868312757,1.0,0.9969135802469136,0.9969135802469136,0
69,69,1579629600000,1.94,1.94,1.94,1.94,0.0,1.0,1.0,1.0,1.0,1
70,70,1579633200000,1.917,1.918,1.91,1.91,83.448,0.9958289885297185,1.0,0.9958289885297185,0.9994786235662149,0
71,71,1579636800000,1.924,1.931,1.924,1.926,149.192,0.9974106680476437,1.0,0.9963749352667012,0.9963749352667012,0
72,72,1579640400000,1.957,1.957,1.939,1.939,85.571,0.9908022483392949,1.0,0.9908022483392949,1.0,1
73,73,1579644000000,1.938,1.944,1.938,1.944,50.909,1.0,1.0,0.9969135802469136,0.9969135802469136,1
74,74,1579647600000,1.94,1.947,1.94,1.947,19.809,1.0,1.0,0.9964047252182845,0.9964047252182845,1
75,75,1579651200000,1.96,1.96,1.953,1.953,17.51,0.9964285714285714,1.0,0.9964285714285714,1.0,1
76,76,1579654800000,1.953,1.953,1.953,1.953,0.0,1.0,1.0,1.0,1.0,1
77,77,1579658400000,1.934,1.956,1.934,1.956,182.911,1.0,1.0,0.9887525562372188,0.9887525562372188,0
78,78,1579662000000,1.956,1.956,1.956,1.956,0.0,1.0,1.0,1.0,1.0,1
79,79,1579665600000,1.959,1.97,1.934,1.956,306.596,0.9928934010152284,1.0,0.9817258883248731,0.9944162436548224,0
80,80,1579669200000,1.956,1.956,1.956,1.956,0.0,1.0,1.0,1.0,1.0,1
81,81,1579672800000,1.969,1.978,1.969,1.978,32.856,1.0,1.0,0.9954499494438828,0.9954499494438828,1
82,82,1579676400000,2.0,2.008,2.0,2.005,113.46,0.9985059760956174,1.0,0.9960159362549801,0.9960159362549801,0
83,83,1579680000000,2.005,2.005,2.005,2.005,0.0,1.0,1.0,1.0,1.0,1
84,84,1579683600000,2.005,2.005,2.005,2.005,0.0,1.0,1.0,1.0,1.0,1
85,85,1579687200000,1.98,1.982,1.973,1.974,105.068,0.9959636730575177,1.0,0.9954591321897074,0.9989909182643795,0
86,86,1579690800000,1.974,1.974,1.974,1.974,0.0,1.0,1.0,1.0,1.0,1
87,87,1579694400000,1.961,1.961,1.956,1.956,78.419,0.9974502804691483,1.0,0.9974502804691483,1.0,0
88,88,1579698000000,1.956,1.957,1.956,1.957,60.483,1.0,1.0,0.9994890137966275,0.9994890137966275,0
89,89,1579701600000,1.958,1.958,1.95,1.95,264.843,0.9959141981613892,1.0,0.9959141981613892,1.0,0
90,90,1579705200000,1.95,1.95,1.95,1.95,0.0,1.0,1.0,1.0,1.0,1
91,91,1579708800000,1.971,1.995,1.971,1.986,71.067,0.9954887218045112,1.0,0.98796992481203,0.98796992481203,1
92,92,1579712400000,1.986,1.99,1.986,1.99,55.203,1.0,1.0,0.9979899497487437,0.9979899497487437,0
93,93,1579716000000,1.99,1.99,1.99,1.99,0.0,1.0,1.0,1.0,1.0,1
94,94,1579719600000,1.976,1.984,1.976,1.982,127.417,0.998991935483871,1.0,0.9959677419354839,0.9959677419354839,0
95,95,1579723200000,1.978,1.978,1.956,1.974,69.202,0.9979777553083923,1.0,0.9888776541961577,1.0,0
96,96,1579726800000,1.98,1.98,1.958,1.972,85.681,0.9959595959595959,1.0,0.9888888888888889,1.0,1
97,97,1579730400000,1.971,1.98,1.971,1.98,84.527,1.0,1.0,0.9954545454545455,0.9954545454545455,0
98,98,1579734000000,1.981,1.986,1.981,1.986,61.885,1.0,1.0,0.9974823766364552,0.9974823766364552,1
99,99,1579737600000,1.986,1.986,1.986,1.986,0.0,1.0,1.0,1.0,1.0,1
100,100,1579741200000,1.973,1.975,1.938,1.938,256.119,0.98126582278481,1.0,0.98126582278481,0.9989873417721519,0
101,101,1579744800000,1.929,1.93,1.929,1.93,25.341,1.0,1.0,0.9994818652849742,0.9994818652849742,1
102,102,1579748400000,1.916,1.936,1.916,1.936,259.203,1.0,1.0,0.9896694214876033,0.9896694214876033,0
103,103,1579752000000,1.938,1.938,1.932,1.932,79.745,0.9969040247678018,1.0,0.9969040247678018,1.0,1
104,104,1579755600000,1.91,1.918,1.896,1.918,58.549,1.0,1.0,0.9885297184567258,0.9958289885297185,1
105,105,1579759200000,1.918,1.918,1.918,1.918,0.0,1.0,1.0,1.0,1.0,1
106,106,1579762800000,1.918,1.921,1.918,1.921,91.97,1.0,1.0,0.9984383133784487,0.9984383133784487,0
107,107,1579766400000,1.921,1.921,1.921,1.921,0.0,1.0,1.0,1.0,1.0,1
108,108,1579770000000,1.921,1.921,1.921,1.921,0.0,1.0,1.0,1.0,1.0,1
109,109,1579773600000,1.921,1.921,1.921,1.921,0.0,1.0,1.0,1.0,1.0,1
110,110,1579777200000,1.888,1.888,1.888,1.888,100.0,1.0,1.0,1.0,1.0,0
111,111,1579780800000,1.908,1.908,1.908,1.908,23.336,1.0,1.0,1.0,1.0,1
112,112,1579784400000,1.893,1.893,1.87,1.876,247.297,0.9910195456946644,1.0,0.9878499735868992,1.0,0
113,113,1579788000000,1.856,1.856,1.856,1.856,112.51,1.0,1.0,1.0,1.0,1
114,114,1579791600000,1.89,1.89,1.89,1.89,26.652,1.0,1.0,1.0,1.0,1
115,115,1579795200000,1.87,1.87,1.869,1.869,56.235,0.9994652406417112,1.0,0.9994652406417112,1.0,1
116,116,1579798800000,1.869,1.869,1.869,1.869,0.0,1.0,1.0,1.0,1.0,1
117,117,1579802400000,1.869,1.869,1.869,1.869,0.0,1.0,1.0,1.0,1.0,1
118,118,1579806000000,1.841,1.852,1.841,1.851,90.804,0.9994600431965442,1.0,0.9940604751619869,0.9940604751619869,0
119,119,1579809600000,1.83,1.83,1.83,1.83,45.257,1.0,1.0,1.0,1.0,1
120,120,1579813200000,1.865,1.88,1.865,1.874,135.118,0.996808510638298,1.0,0.9920212765957447,0.9920212765957447,0
121,121,1579816800000,1.88,1.9,1.88,1.9,867.362,1.0,1.0,0.9894736842105263,0.9894736842105263,0
122,122,1579820400000,1.9,1.9,1.9,1.9,149.852,1.0,1.0,1.0,1.0,1
123,123,1579824000000,1.9,1.9,1.882,1.885,31.617,0.9921052631578948,1.0,0.9905263157894737,1.0,1
124,124,1579827600000,1.874,1.874,1.874,1.874,10.0,1.0,1.0,1.0,1.0,1
125,125,1579831200000,1.84,1.844,1.838,1.844,107.325,1.0,1.0,0.9967462039045553,0.9978308026030369,0
126,126,1579834800000,1.844,1.844,1.844,1.844,0.0,1.0,1.0,1.0,1.0,1
127,127,1579838400000,1.844,1.844,1.844,1.844,0.0,1.0,1.0,1.0,1.0,1
128,128,1579842000000,1.844,1.844,1.844,1.844,0.0,1.0,1.0,1.0,1.0,1
129,129,1579845600000,1.853,1.853,1.848,1.848,47.0,0.9973016729627632,1.0,0.9973016729627632,1.0,0
130,130,1579849200000,1.848,1.848,1.848,1.848,0.0,1.0,1.0,1.0,1.0,1
131,131,1579852800000,1.848,1.848,1.848,1.848,0.0,1.0,1.0,1.0,1.0,1
132,132,1579856400000,1.833,1.833,1.818,1.818,127.292,0.9918166939443536,1.0,0.9918166939443536,1.0,0
133,133,1579860000000,1.818,1.818,1.818,1.818,0.0,1.0,1.0,1.0,1.0,1
134,134,1579863600000,1.807,1.848,1.807,1.848,16.408,1.0,1.0,0.9778138528138527,0.9778138528138527,1
135,135,1579867200000,1.848,1.848,1.848,1.848,0.0,1.0,1.0,1.0,1.0,1
136,136,1579870800000,1.869,1.904,1.869,1.904,511.391,1.0,1.0,0.9816176470588236,0.9816176470588236,0
137,137,1579874400000,1.904,1.904,1.875,1.896,26.001,0.9957983193277311,1.0,0.9847689075630253,1.0,1
138,138,1579878000000,1.896,1.896,1.896,1.896,0.0,1.0,1.0,1.0,1.0,1
139,139,1579881600000,1.896,1.896,1.896,1.896,0.0,1.0,1.0,1.0,1.0,1
140,140,1579885200000,1.875,1.875,1.87,1.87,500.0,0.9973333333333334,1.0,0.9973333333333334,1.0,0
141,141,1579888800000,1.898,1.908,1.892,1.892,528.516,0.9916142557651991,1.0,0.9916142557651991,0.9947589098532494,0
142,142,1579892400000,1.892,1.892,1.892,1.892,0.0,1.0,1.0,1.0,1.0,1
143,143,1579896000000,1.905,1.907,1.902,1.902,62.767,0.9973780807551127,1.0,0.9973780807551127,0.9989512323020451,1
144,144,1579899600000,1.902,1.902,1.902,1.902,0.0,1.0,1.0,1.0,1.0,1
145,145,1579903200000,1.902,1.902,1.902,1.902,0.0,1.0,1.0,1.0,1.0,1
146,146,1579906800000,1.902,1.902,1.902,1.902,0.0,1.0,1.0,1.0,1.0,1
147,147,1579910400000,1.864,1.864,1.864,1.864,11.169,1.0,1.0,1.0,1.0,0
148,148,1579914000000,1.846,1.848,1.83,1.848,1603.743,1.0,1.0,0.9902597402597403,0.9989177489177489,0
149,149,1579917600000,1.848,1.848,1.848,1.848,0.0,1.0,1.0,1.0,1.0,1
150,150,1579921200000,1.87,1.872,1.87,1.87,33.49,0.9989316239316239,1.0,0.9989316239316239,0.9989316239316239,1
151,151,1579924800000,1.861,1.861,1.861,1.861,9.691,1.0,1.0,1.0,1.0,1
152,152,1579928400000,1.861,1.861,1.861,1.861,0.0,1.0,1.0,1.0,1.0,1
153,153,1579932000000,1.861,1.861,1.861,1.861,0.0,1.0,1.0,1.0,1.0,1
154,154,1579935600000,1.861,1.861,1.861,1.861,0.0,1.0,1.0,1.0,1.0,1
155,155,1579939200000,1.886,1.886,1.886,1.886,26.709,1.0,1.0,1.0,1.0,0
156,156,1579942800000,1.886,1.886,1.886,1.886,0.0,1.0,1.0,1.0,1.0,1
157,157,1579946400000,1.886,1.886,1.886,1.886,0.0,1.0,1.0,1.0,1.0,1
158,158,1579950000000,1.857,1.864,1.844,1.85,56.621,0.9924892703862661,1.0,0.9892703862660944,0.996244635193133,0
159,159,1579953600000,1.848,1.848,1.839,1.84,68.05,0.9956709956709957,1.0,0.9951298701298701,1.0,0
160,160,1579957200000,1.84,1.84,1.84,1.84,0.0,1.0,1.0,1.0,1.0,1
161,161,1579960800000,1.84,1.84,1.84,1.84,0.0,1.0,1.0,1.0,1.0,1
162,162,1579964400000,1.84,1.84,1.84,1.84,0.0,1.0,1.0,1.0,1.0,1
163,163,1579968000000,1.84,1.84,1.84,1.84,0.0,1.0,1.0,1.0,1.0,1
164,164,1579971600000,1.869,1.869,1.864,1.864,36.75,0.9973247726056715,1.0,0.9973247726056715,1.0,0
165,165,1579975200000,1.864,1.864,1.864,1.864,0.0,1.0,1.0,1.0,1.0,1
166,166,1579978800000,1.864,1.864,1.864,1.864,0.0,1.0,1.0,1.0,1.0,1
167,167,1579982400000,1.864,1.864,1.864,1.864,0.0,1.0,1.0,1.0,1.0,1
168,168,1579986000000,1.864,1.864,1.864,1.864,0.0,1.0,1.0,1.0,1.0,1
169,169,1579989600000,1.878,1.878,1.878,1.878,22.552,1.0,1.0,1.0,1.0,0
170,170,1579993200000,1.878,1.878,1.878,1.878,0.0,1.0,1.0,1.0,1.0,1
171,171,1579996800000,1.862,1.862,1.856,1.856,36.805,0.9967776584317938,1.0,0.9967776584317938,1.0,0
172,172,1580000400000,1.856,1.856,1.856,1.856,0.0,1.0,1.0,1.0,1.0,1
173,173,1580004000000,1.856,1.856,1.856,1.856,0.0,1.0,1.0,1.0,1.0,1
174,174,1580007600000,1.856,1.856,1.856,1.856,0.0,1.0,1.0,1.0,1.0,1
175,175,1580011200000,1.874,1.874,1.874,1.874,26.881,1.0,1.0,1.0,1.0,0
176,176,1580014800000,1.874,1.874,1.874,1.874,68.103,1.0,1.0,1.0,1.0,0
177,177,1580018400000,1.874,1.874,1.874,1.874,0.0,1.0,1.0,1.0,1.0,1
178,178,1580022000000,1.874,1.874,1.874,1.874,0.0,1.0,1.0,1.0,1.0,1
179,179,1580025600000,1.883,1.883,1.883,1.883,26.752,1.0,1.0,1.0,1.0,0
180,180,1580029200000,1.883,1.883,1.883,1.883,0.0,1.0,1.0,1.0,1.0,1
181,181,1580032800000,1.883,1.883,1.883,1.883,0.0,1.0,1.0,1.0,1.0,1
182,182,1580036400000,1.883,1.883,1.883,1.883,0.0,1.0,1.0,1.0,1.0,1
183,183,1580040000000,1.883,1.883,1.883,1.883,0.0,1.0,1.0,1.0,1.0,1
184,184,1580043600000,1.883,1.883,1.883,1.883,0.0,1.0,1.0,1.0,1.0,1
185,185,1580047200000,1.896,1.896,1.887,1.887,250.0,0.9952531645569621,1.0,0.9952531645569621,1.0,0
186,186,1580050800000,1.887,1.887,1.887,1.887,0.0,1.0,1.0,1.0,1.0,1
187,187,1580054400000,1.887,1.887,1.887,1.887,0.0,1.0,1.0,1.0,1.0,1
188,188,1580058000000,1.913,1.922,1.913,1.922,32.995,1.0,1.0,0.9953173777315297,0.9953173777315297,0
189,189,1580061600000,1.945,1.945,1.945,1.945,29.5,1.0,1.0,1.0,1.0,0
190,190,1580065200000,1.945,1.945,1.945,1.945,0.0,1.0,1.0,1.0,1.0,1
191,191,1580068800000,1.945,1.945,1.945,1.945,0.0,1.0,1.0,1.0,1.0,1
192,192,1580072400000,1.945,1.945,1.945,1.945,0.0,1.0,1.0,1.0,1.0,1
193,193,1580076000000,1.945,1.945,1.945,1.945,0.0,1.0,1.0,1.0,1.0,1
194,194,1580079600000,1.934,1.934,1.934,1.934,10.893,1.0,1.0,1.0,1.0,0
195,195,1580083200000,1.934,1.934,1.934,1.934,0.0,1.0,1.0,1.0,1.0,1
196,196,1580086800000,1.95,1.954,1.95,1.954,30.503,1.0,1.0,0.9979529170931423,0.9979529170931423,0
197,197,1580090400000,1.954,1.954,1.954,1.954,0.0,1.0,1.0,1.0,1.0,1
198,198,1580094000000,1.954,1.954,1.954,1.954,0.0,1.0,1.0,1.0,1.0,1
199,199,1580097600000,1.954,1.954,1.954,1.954,0.0,1.0,1.0,1.0,1.0,1
200,200,1580101200000,1.954,1.954,1.954,1.954,0.0,1.0,1.0,1.0,1.0,1
201,201,1580104800000,1.954,1.954,1.954,1.954,0.0,1.0,1.0,1.0,1.0,1
202,202,1580108400000,1.958,1.958,1.958,1.958,14.528,1.0,1.0,1.0,1.0,0
203,203,1580112000000,1.958,1.958,1.958,1.958,0.0,1.0,1.0,1.0,1.0,1
204,204,1580115600000,1.958,1.958,1.958,1.958,0.0,1.0,1.0,1.0,1.0,1
205,205,1580119200000,1.938,1.938,1.937,1.937,33.487,0.999484004127967,1.0,0.999484004127967,1.0,0
206,206,1580122800000,1.961,1.963,1.95,1.963,56.324,1.0,1.0,0.9933774834437086,0.9989811512990321,0
207,207,1580126400000,1.963,1.963,1.963,1.963,0.0,1.0,1.0,1.0,1.0,1
208,208,1580130000000,1.976,2.013,1.976,2.013,39.63,1.0,1.0,0.9816194734227521,0.9816194734227521,0
209,209,1580133600000,2.005,2.005,2.005,2.005,10.0,1.0,1.0,1.0,1.0,1
210,210,1580137200000,2.005,2.005,2.005,2.005,0.0,1.0,1.0,1.0,1.0,1
211,211,1580140800000,2.001,2.025,2.001,2.025,31.984,1.0,1.0,0.9881481481481481,0.9881481481481481,0
212,212,1580144400000,2.025,2.025,2.025,2.025,10.0,1.0,1.0,1.0,1.0,1
213,213,1580148000000,2.025,2.025,2.025,2.025,0.0,1.0,1.0,1.0,1.0,1
214,214,1580151600000,2.012,2.012,2.007,2.007,37.595,0.9975149105367794,1.0,0.9975149105367794,1.0,0
215,215,1580155200000,2.017,2.017,2.014,2.014,23.102,0.9985126425384233,1.0,0.9985126425384233,1.0,0
216,216,1580158800000,2.014,2.014,2.014,2.014,0.0,1.0,1.0,1.0,1.0,1
217,217,1580162400000,1.996,1.996,1.996,1.996,10.0,1.0,1.0,1.0,1.0,1
218,218,1580166000000,1.993,1.997,1.986,1.986,182.449,0.9944917376064095,1.0,0.9944917376064095,0.9979969954932398,0
219,219,1580169600000,2.015,2.015,2.015,2.015,5.459,1.0,1.0,1.0,1.0,1
220,220,1580173200000,2.018,2.029,2.018,2.029,39.545,1.0,1.0,0.9945786101527846,0.9945786101527846,1
221,221,1580176800000,2.029,2.029,2.029,2.029,0.0,1.0,1.0,1.0,1.0,1
222,222,1580180400000,2.029,2.029,2.029,2.029,0.0,1.0,1.0,1.0,1.0,1
223,223,1580184000000,2.032,2.037,2.032,2.037,15.018,1.0,1.0,0.997545409916544,0.997545409916544,0
224,224,1580187600000,2.016,2.019,2.016,2.019,43.004,1.0,1.0,0.9985141158989598,0.9985141158989598,0
225,225,1580191200000,2.019,2.019,2.019,2.019,0.0,1.0,1.0,1.0,1.0,1
226,226,1580194800000,2.019,2.019,2.019,2.019,0.0,1.0,1.0,1.0,1.0,1
227,227,1580198400000,2.018,2.018,2.014,2.014,22.239,0.998017839444995,1.0,0.998017839444995,1.0,0
228,228,1580202000000,1.997,2.002,1.997,2.002,447.659,1.0,1.0,0.9975024975024976,0.9975024975024976,0
229,229,1580205600000,2.012,2.017,2.009,2.009,61.195,0.9960337134357957,1.0,0.9960337134357957,0.9975210708973724,1
230,230,1580209200000,2.015,2.028,2.015,2.016,770.103,0.9940828402366864,1.0,0.9935897435897436,0.9935897435897436,0
231,231,1580212800000,2.016,2.016,2.013,2.013,41.951,0.9985119047619047,1.0,0.9985119047619047,1.0,1
232,232,1580216400000,2.028,2.033,2.028,2.033,41.719,1.0,1.0,0.9975405804230202,0.9975405804230202,1
233,233,1580220000000,2.04,2.058,2.04,2.056,167.901,0.9990281827016522,1.0,0.991253644314869,0.991253644314869,0
234,234,1580223600000,2.014,2.026,2.014,2.02,47.851,0.9970384995064167,1.0,0.9940769990128332,0.9940769990128332,1
235,235,1580227200000,2.02,2.02,2.016,2.016,10.0,0.998019801980198,1.0,0.998019801980198,1.0,1
236,236,1580230800000,1.995,1.995,1.99,1.99,10.0,0.9974937343358395,1.0,0.9974937343358395,1.0,1
237,237,1580234400000,2.016,2.016,2.016,2.016,5.429,1.0,1.0,1.0,1.0,1
238,238,1580238000000,2.016,2.016,2.016,2.016,0.0,1.0,1.0,1.0,1.0,1
239,239,1580241600000,2.016,2.016,2.016,2.016,0.0,1.0,1.0,1.0,1.0,1
240,240,1580245200000,2.031,2.031,2.025,2.025,57.686,0.9970457902511077,1.0,0.9970457902511077,1.0,0
241,241,1580248800000,2.042,2.042,2.042,2.042,23.995,1.0,1.0,1.0,1.0,1
242,242,1580252400000,2.042,2.042,2.034,2.034,10.0,0.9960822722820764,1.0,0.9960822722820764,1.0,1
243,243,1580256000000,2.064,2.064,2.064,2.064,4.894,1.0,1.0,1.0,1.0,1
244,244,1580259600000,2.064,2.064,2.064,2.064,0.0,1.0,1.0,1.0,1.0,1
245,245,1580263200000,2.064,2.064,2.064,2.064,0.0,1.0,1.0,1.0,1.0,1
246,246,1580266800000,2.064,2.064,2.064,2.064,0.0,1.0,1.0,1.0,1.0,1
247,247,1580270400000,2.061,2.061,2.054,2.054,36.233,0.9966035904900533,1.0,0.9966035904900533,1.0,0
248,248,1580274000000,2.054,2.054,2.054,2.054,0.0,1.0,1.0,1.0,1.0,1
249,249,1580277600000,2.078,2.097,2.078,2.097,223.206,1.0,1.0,0.9909394372913686,0.9909394372913686,0
250,250,1580281200000,2.097,2.097,2.097,2.097,0.0,1.0,1.0,1.0,1.0,1
251,251,1580284800000,2.099,2.099,2.099,2.099,52.838,1.0,1.0,1.0,1.0,1
252,252,1580288400000,2.099,2.099,2.099,2.099,0.0,1.0,1.0,1.0,1.0,1
253,253,1580292000000,2.057,2.057,2.057,2.057,20.0,1.0,1.0,1.0,1.0,1
254,254,1580295600000,2.07,2.07,2.056,2.056,45.856,0.9932367149758455,1.0,0.9932367149758455,1.0,0
255,255,1580299200000,2.054,2.059,2.04,2.04,44.728,0.9907722195240407,1.0,0.9907722195240407,0.9975716367168527,0
256,256,1580302800000,2.04,2.062,2.04,2.056,12.515,0.9970902036857421,1.0,0.9893307468477207,0.9893307468477207,1
257,257,1580306400000,2.073,2.073,2.064,2.073,47.3,1.0,1.0,0.995658465991317,1.0,0
258,258,1580310000000,2.073,2.073,2.073,2.073,0.0,1.0,1.0,1.0,1.0,1
259,259,1580313600000,2.084,2.084,2.084,2.084,9.681,1.0,1.0,1.0,1.0,1
260,260,1580317200000,2.084,2.084,2.084,2.084,0.0,1.0,1.0,1.0,1.0,1
261,261,1580320800000,2.093,2.136,2.093,2.136,1519.922,1.0,1.0,0.9798689138576778,0.9798689138576778,0
262,262,1580324400000,2.105,2.109,2.097,2.109,65.707,1.0,1.0,0.9943100995732574,0.9981033665244191,1
263,263,1580328000000,2.109,2.109,2.094,2.094,40.663,0.9928876244665717,1.0,0.9928876244665717,1.0,1
264,264,1580331600000,2.092,2.092,2.092,2.092,10.0,1.0,1.0,1.0,1.0,1
265,265,1580335200000,2.092,2.092,2.092,2.092,20.0,1.0,1.0,1.0,1.0,1
266,266,1580338800000,2.09,2.094,2.061,2.071,202.646,0.9890162368672398,1.0,0.9842406876790831,0.9980897803247374,0
267,267,1580342400000,2.061,2.061,2.005,2.027,1679.873,0.9835031538088308,1.0,0.972828723920427,1.0,0
268,268,1580346000000,2.027,2.027,2.027,2.027,0.0,1.0,1.0,1.0,1.0,1
269,269,1580349600000,2.048,2.048,2.042,2.042,45.58,0.9970703124999999,1.0,0.9970703124999999,1.0,1
270,270,1580353200000,2.042,2.042,2.042,2.042,0.0,1.0,1.0,1.0,1.0,1
271,271,1580356800000,2.042,2.042,2.042,2.042,0.0,1.0,1.0,1.0,1.0,1
272,272,1580360400000,2.062,2.062,2.062,2.062,23.762,1.0,1.0,1.0,1.0,0
273,273,1580364000000,2.066,2.074,2.066,2.074,100.0,1.0,1.0,0.996142719382835,0.996142719382835,0
274,274,1580367600000,2.069,2.069,2.069,2.069,16.417,1.0,1.0,1.0,1.0,1
275,275,1580371200000,2.069,2.069,2.069,2.069,0.0,1.0,1.0,1.0,1.0,1
276,276,1580374800000,2.069,2.069,2.069,2.069,0.0,1.0,1.0,1.0,1.0,1
277,277,1580378400000,2.085,2.085,2.084,2.085,169.417,1.0,1.0,0.9995203836930456,1.0,0
278,278,1580382000000,2.085,2.085,2.085,2.085,58.951,1.0,1.0,1.0,1.0,1
279,279,1580385600000,2.091,2.097,2.091,2.097,71.8,1.0,1.0,0.9971387696709586,0.9971387696709586,1
280,280,1580389200000,2.083,2.149,2.083,2.149,1944.359,1.0,1.0,0.9692880409492788,0.9692880409492788,0
281,281,1580392800000,2.101,2.101,2.08,2.085,103.293,0.9923845787720134,1.0,0.9900047596382675,1.0,1
282,282,1580396400000,2.074,2.087,2.074,2.084,27.266,0.9985625299472927,1.0,0.9937709631049352,0.9937709631049352,1
283,283,1580400000000,2.089,2.1,2.021,2.087,2212.208,0.9938095238095238,1.0,0.9623809523809523,0.9947619047619047,0
284,284,1580403600000,2.105,2.183,2.105,2.183,1829.113,1.0,1.0,0.9642693540998627,0.9642693540998627,0
285,285,1580407200000,2.192,2.2,2.15,2.157,263.489,0.9804545454545454,1.0,0.9772727272727272,0.9963636363636363,1
286,286,1580410800000,2.16,2.182,2.138,2.162,1799.413,0.9908340971585701,1.0,0.9798350137488543,0.9899175068744273,0
287,287,1580414400000,2.174,2.176,2.174,2.176,29.403,1.0,1.0,0.9990808823529411,0.9990808823529411,1
288,288,1580418000000,2.179,2.404,2.162,2.162,91.601,0.8993344425956739,1.0,0.8993344425956739,0.9064059900166389,1
289,289,1580421600000,2.189,2.189,2.18,2.18,17.016,0.9958885335769758,1.0,0.9958885335769758,1.0,1
290,290,1580425200000,2.18,2.185,2.174,2.179,237.149,0.9972540045766589,1.0,0.9949656750572082,0.9977116704805492,0
291,291,1580428800000,2.194,2.21,2.192,2.192,717.892,0.9918552036199096,1.0,0.9918552036199096,0.9927601809954751,0
292,292,1580432400000,2.192,2.192,2.192,2.192,0.0,1.0,1.0,1.0,1.0,1
293,293,1580436000000,2.144,2.162,2.144,2.162,36.216,1.0,1.0,0.9916743755781685,0.9916743755781685,1
294,294,1580439600000,2.162,2.162,2.162,2.162,0.0,1.0,1.0,1.0,1.0,1
295,295,1580443200000,2.174,2.196,2.147,2.147,635.723,0.977686703096539,1.0,0.977686703096539,0.9899817850637521,0
296,296,1580446800000,2.161,2.162,2.125,2.125,859.27,0.982886216466235,1.0,0.982886216466235,0.9995374653098983,0
297,297,1580450400000,2.125,2.125,2.125,2.125,0.0,1.0,1.0,1.0,1.0,1
298,298,1580454000000,2.14,2.14,2.131,2.138,53.919,0.9990654205607475,1.0,0.9957943925233643,1.0,1
299,299,1580457600000,2.121,2.143,2.116,2.143,507.168,1.0,1.0,0.9874008399440038,0.9897340177321513,0
300,300,1580461200000,2.145,2.165,2.145,2.148,151.98,0.9921478060046189,1.0,0.9907621247113164,0.9907621247113164,1
301,301,1580464800000,2.148,2.148,2.148,2.148,0.0,1.0,1.0,1.0,1.0,1
302,302,1580468400000,2.141,2.141,2.138,2.138,57.561,0.9985987856141989,1.0,0.9985987856141989,1.0,1
303,303,1580472000000,2.121,2.123,2.088,2.088,65.323,0.9835138954309938,1.0,0.9835138954309938,0.999057936881771,0
304,304,1580475600000,2.064,2.095,2.038,2.095,1717.032,1.0,1.0,0.9727923627684962,0.9852028639618138,0
305,305,1580479200000,2.095,2.095,2.095,2.095,0.0,1.0,1.0,1.0,1.0,1
306,306,1580482800000,2.106,2.106,2.106,2.106,10.0,1.0,1.0,1.0,1.0,1
307,307,1580486400000,2.106,2.106,2.102,2.102,15.823,0.9981006647673314,1.0,0.9981006647673314,1.0,0
308,308,1580490000000,2.102,2.102,2.102,2.102,0.0,1.0,1.0,1.0,1.0,1
309,309,1580493600000,2.102,2.102,2.102,2.102,0.0,1.0,1.0,1.0,1.0,1
310,310,1580497200000,2.102,2.102,2.102,2.102,0.0,1.0,1.0,1.0,1.0,0
311,311,1580500800000,2.135,2.174,2.135,2.174,1510.0,1.0,1.0,0.9820607175712971,0.9820607175712971,0
312,312,1580504400000,2.174,2.174,2.174,2.174,0.0,1.0,1.0,1.0,1.0,1
313,313,1580508000000,2.174,2.174,2.174,2.174,0.0,1.0,1.0,1.0,1.0,1
314,314,1580511600000,2.174,2.174,2.174,2.174,0.0,1.0,1.0,1.0,1.0,0
315,315,1580515200000,2.174,2.174,2.174,2.174,0.0,1.0,1.0,1.0,1.0,0
316,316,1580518800000,2.142,2.172,2.142,2.172,42.895,1.0,1.0,0.9861878453038673,0.9861878453038673,0
317,317,1580522400000,2.172,2.198,2.172,2.187,655.785,0.9949954504094631,1.0,0.9881710646041857,0.9881710646041857,0
318,318,1580526000000,2.189,2.198,2.181,2.186,91.974,0.9945404913557779,1.0,0.9922656960873522,0.9959053685168335,1
319,319,1580529600000,2.186,2.186,2.178,2.178,188.669,0.9963403476669717,1.0,0.9963403476669717,1.0,1
320,320,1580533200000,2.178,2.178,2.178,2.178,0.0,1.0,1.0,1.0,1.0,1
321,321,1580536800000,2.158,2.173,2.158,2.164,98.271,0.9958582604693972,1.0,0.9930971007823285,0.9930971007823285,0
322,322,1580540400000,2.174,2.18,2.174,2.18,25.705,1.0,1.0,0.9972477064220182,0.9972477064220182,1
323,323,1580544000000,2.18,2.18,2.18,2.18,0.0,1.0,1.0,1.0,1.0,1
324,324,1580547600000,2.18,2.18,2.18,2.18,0.0,1.0,1.0,1.0,1.0,1
325,325,1580551200000,2.18,2.18,2.18,2.18,0.0,1.0,1.0,1.0,1.0,0
326,326,1580554800000,2.18,2.18,2.18,2.18,0.0,1.0,1.0,1.0,1.0,0
327,327,1580558400000,2.18,2.18,2.18,2.18,0.0,1.0,1.0,1.0,1.0,0
328,328,1580562000000,2.18,2.18,2.18,2.18,0.0,1.0,1.0,1.0,1.0,0
329,329,1580565600000,2.164,2.169,2.145,2.152,202.446,0.9921622867680959,1.0,0.9889349930843707,0.9976947902259106,0
330,330,1580569200000,2.168,2.168,2.148,2.148,142.234,0.9907749077490775,1.0,0.9907749077490775,1.0,0
331,331,1580572800000,2.155,2.171,2.148,2.165,162.962,0.9972362966374944,1.0,0.9894058037770614,0.9926301243666513,1
332,332,1580576400000,2.174,2.18,2.174,2.18,46.087,1.0,1.0,0.9972477064220182,0.9972477064220182,1
333,333,1580580000000,2.186,2.187,2.175,2.175,125.096,0.9945130315500685,1.0,0.9945130315500685,0.9995427526291725,0
334,334,1580583600000,2.175,2.175,2.175,2.175,0.0,1.0,1.0,1.0,1.0,1
335,335,1580587200000,2.178,2.178,2.178,2.178,8.1,1.0,1.0,1.0,1.0,1
336,336,1580590800000,2.178,2.178,2.178,2.178,0.0,1.0,1.0,1.0,1.0,1
337,337,1580594400000,2.192,2.192,2.192,2.192,16.249,1.0,1.0,1.0,1.0,0
338,338,1580598000000,2.192,2.192,2.192,2.192,14.589,1.0,1.0,1.0,1.0,0
339,339,1580601600000,2.192,2.193,2.152,2.163,1021.404,0.9863201094391244,1.0,0.9813041495668035,0.9995440036479709,0
340,340,1580605200000,2.163,2.169,2.133,2.169,622.558,1.0,1.0,0.983402489626556,0.9972337482710926,0
341,341,1580608800000,2.177,2.201,2.166,2.169,131.239,0.9854611540208996,1.0,0.9840981372103589,0.9890958655156746,1
342,342,1580612400000,2.18,2.266,2.171,2.25,2235.918,0.9929390997352162,1.0,0.9580759046778463,0.9620476610767874,0
343,343,1580616000000,2.241,2.241,2.237,2.237,20.0,0.998215082552432,1.0,0.998215082552432,1.0,1
344,344,1580619600000,2.289,2.385,2.284,2.361,204.357,0.9899371069182392,1.0,0.9576519916142557,0.9597484276729561,1
345,345,1580623200000,2.319,2.347,2.316,2.347,160.264,1.0,1.0,0.9867916489135066,0.9880698764380059,0
346,346,1580626800000,2.356,2.356,2.356,2.356,33.476,1.0,1.0,1.0,1.0,1
347,347,1580630400000,2.316,2.349,2.316,2.349,26.574,1.0,1.0,0.9859514687100892,0.9859514687100892,1
348,348,1580634000000,2.354,2.354,2.328,2.331,120.113,0.9902293967714528,1.0,0.9889549702633814,1.0,0
349,349,1580637600000,2.331,2.331,2.331,2.331,0.0,1.0,1.0,1.0,1.0,1
350,350,1580641200000,2.332,2.335,2.32,2.327,103.924,0.9965738758029978,1.0,0.9935760171306209,0.9987152034261242,0
351,351,1580644800000,2.345,2.347,2.342,2.347,41.129,1.0,1.0,0.9978696207925011,0.9991478483170005,1
352,352,1580648400000,2.308,2.329,2.308,2.311,103.885,0.9922713610991841,1.0,0.9909832546157148,0.9909832546157148,0
353,353,1580652000000,2.284,2.295,2.266,2.294,280.199,0.9995642701525055,1.0,0.987363834422658,0.9952069716775599,0
354,354,1580655600000,2.314,2.315,2.301,2.301,64.956,0.993952483801296,1.0,0.993952483801296,0.9995680345572354,1
355,355,1580659200000,2.306,2.306,2.303,2.306,231.686,1.0,1.0,0.9986990459670424,1.0,0
356,356,1580662800000,2.306,2.306,2.306,2.306,27.157,1.0,1.0,1.0,1.0,1
357,357,1580666400000,2.312,2.312,2.306,2.306,23.582,0.9974048442906576,1.0,0.9974048442906576,1.0,1
358,358,1580670000000,2.318,2.325,2.3,2.325,95.879,1.0,1.0,0.9892473118279569,0.9969892473118279,0
359,359,1580673600000,2.325,2.325,2.325,2.325,44.367,1.0,1.0,1.0,1.0,1
360,360,1580677200000,2.327,2.327,2.321,2.321,87.383,0.9974215728405673,1.0,0.9974215728405673,1.0,0
361,361,1580680800000,2.307,2.309,2.307,2.309,31.719,1.0,1.0,0.9991338241663057,0.9991338241663057,1
362,362,1580684400000,2.273,2.276,2.264,2.264,111.151,0.9947275922671354,1.0,0.9947275922671354,0.998681898066784,0
363,363,1580688000000,2.264,2.288,2.264,2.288,313.904,1.0,1.0,0.9895104895104895,0.9895104895104895,0
364,364,1580691600000,2.288,2.337,2.288,2.337,227.317,1.0,1.0,0.9790329482242189,0.9790329482242189,0
365,365,1580695200000,2.312,2.321,2.294,2.294,97.486,0.9883670831538129,1.0,0.9883670831538129,0.9961223610512708,1
366,366,1580698800000,2.294,2.294,2.294,2.294,0.0,1.0,1.0,1.0,1.0,1
367,367,1580702400000,2.294,2.313,2.294,2.304,145.182,0.9961089494163423,1.0,0.991785559878945,0.991785559878945,0
368,368,1580706000000,2.362,2.383,2.347,2.349,143.831,0.9857322702475871,1.0,0.9848929920268569,0.9911875786823332,0
369,369,1580709600000,2.344,2.344,2.332,2.332,68.487,0.9948805460750854,1.0,0.9948805460750854,1.0,1
370,370,1580713200000,2.341,2.341,2.315,2.32,29.15,0.9910294745835112,1.0,0.9888936351986329,1.0,1
371,371,1580716800000,2.315,2.315,2.312,2.312,10.0,0.9987041036717063,1.0,0.9987041036717063,1.0,1
372,372,1580720400000,2.311,2.311,2.307,2.307,30.874,0.9982691475551709,1.0,0.9982691475551709,1.0,0
373,373,1580724000000,2.304,2.309,2.293,2.306,154.734,0.9987007362494585,1.0,0.9930705933304461,0.9978345604157642,0
374,374,1580727600000,2.3,2.306,2.299,2.3,95.977,0.9973980919340849,1.0,0.9969644405897657,0.9973980919340849,0
375,375,1580731200000,2.298,2.303,2.29,2.3,54.842,0.9986973512809378,1.0,0.9943551888840643,0.9978289188015632,1
376,376,1580734800000,2.299,2.299,2.27,2.27,531.901,0.9873858199217052,1.0,0.9873858199217052,1.0,0
377,377,1580738400000,2.277,2.277,2.254,2.263,61.227,0.9938515590689503,1.0,0.9898989898989898,1.0,1
378,378,1580742000000,2.283,2.283,2.249,2.249,79.134,0.9851073149364872,1.0,0.9851073149364872,1.0,1
379,379,1580745600000,2.25,2.267,2.25,2.258,276.216,0.996029995588884,1.0,0.9925011027790032,0.9925011027790032,0
380,380,1580749200000,2.254,2.254,2.254,2.254,44.115,1.0,1.0,1.0,1.0,1
381,381,1580752800000,2.257,2.262,2.237,2.255,141.272,0.9969053934571176,1.0,0.9889478337754201,0.997789566755084,1
382,382,1580756400000,2.263,2.263,2.258,2.26,65.976,0.9986743261157754,1.0,0.9977905435262926,1.0,1
383,383,1580760000000,2.275,2.294,2.275,2.294,35.024,1.0,1.0,0.9917175239755884,0.9917175239755884,1
384,384,1580763600000,2.294,2.294,2.294,2.294,0.0,1.0,1.0,1.0,1.0,1
385,385,1580767200000,2.294,2.294,2.294,2.294,0.0,1.0,1.0,1.0,1.0,1
386,386,1580770800000,2.272,2.273,2.267,2.27,137.703,0.9986801583809942,1.0,0.9973603167619884,0.9995600527936647,0
387,387,1580774400000,2.287,2.317,2.287,2.313,202.966,0.9982736296935693,1.0,0.9870522227017694,0.9870522227017694,0
388,388,1580778000000,2.313,2.313,2.313,2.313,0.0,1.0,1.0,1.0,1.0,1
389,389,1580781600000,2.313,2.313,2.313,2.313,0.0,1.0,1.0,1.0,1.0,1
390,390,1580785200000,2.313,2.313,2.313,2.313,0.0,1.0,1.0,1.0,1.0,0
391,391,1580788800000,2.222,2.222,2.205,2.221,1022.439,0.9995499549954996,1.0,0.9923492349234924,1.0,0
392,392,1580792400000,2.234,2.242,2.229,2.238,255.399,0.9982158786797503,1.0,0.9942016057091883,0.9964317573595004,1
393,393,1580796000000,2.25,2.25,2.25,2.25,22.02,1.0,1.0,1.0,1.0,1
394,394,1580799600000,2.25,2.25,2.25,2.25,0.0,1.0,1.0,1.0,1.0,1
395,395,1580803200000,2.25,2.25,2.25,2.25,0.0,1.0,1.0,1.0,1.0,1
396,396,1580806800000,2.25,2.25,2.25,2.25,0.0,1.0,1.0,1.0,1.0,0
397,397,1580810400000,2.25,2.25,2.25,2.25,0.0,1.0,1.0,1.0,1.0,0
398,398,1580814000000,2.218,2.218,2.214,2.215,272.855,0.9986474301172227,1.0,0.9981965734896303,1.0,0
399,399,1580817600000,2.215,2.217,2.188,2.199,1528.023,0.9918809201623815,1.0,0.9869192602616148,0.9990978800180423,0
400,400,1580821200000,2.186,2.188,2.168,2.183,51.885,0.9977148080438756,1.0,0.9908592321755028,0.9990859232175502,1
401,401,1580824800000,2.183,2.183,2.183,2.183,20.0,1.0,1.0,1.0,1.0,1
402,402,1580828400000,2.219,2.219,2.207,2.219,866.854,1.0,1.0,0.9945921586300135,1.0,0
403,403,1580832000000,2.219,2.25,2.219,2.236,1487.034,0.9937777777777779,1.0,0.9862222222222221,0.9862222222222221,0
404,404,1580835600000,2.236,2.245,2.233,2.245,231.48,1.0,1.0,0.9946547884187082,0.9959910913140312,1
405,405,1580839200000,2.246,2.261,2.245,2.261,79.265,1.0,1.0,0.9929234851835471,0.9933657673595754,1
406,406,1580842800000,2.261,2.261,2.261,2.261,0.0,1.0,1.0,1.0,1.0,1
407,407,1580846400000,2.267,2.267,2.258,2.26,59.153,0.9969122187913542,1.0,0.996029995588884,1.0,0
408,408,1580850000000,2.276,2.276,2.265,2.265,45.811,0.9951669595782076,1.0,0.9951669595782076,1.0,0
409,409,1580853600000,2.276,2.279,2.276,2.279,30.269,1.0,1.0,0.998683633172444,0.998683633172444,1
410,410,1580857200000,2.294,2.294,2.294,2.294,21.936,1.0,1.0,1.0,1.0,1
411,411,1580860800000,2.298,2.324,2.298,2.311,554.936,0.9944061962134252,1.0,0.9888123924268504,0.9888123924268504,0
412,412,1580864400000,2.325,2.326,2.316,2.316,121.14,0.995700773860705,1.0,0.995700773860705,0.9995700773860705,1
413,413,1580868000000,2.29,2.296,2.29,2.296,30.335,1.0,1.0,0.9973867595818816,0.9973867595818816,1
414,414,1580871600000,2.3,2.3,2.3,2.3,75.539,1.0,1.0,1.0,1.0,1
415,415,1580875200000,2.311,2.311,2.311,2.311,21.452,1.0,1.0,1.0,1.0,1
416,416,1580878800000,2.316,2.337,2.315,2.337,108.78,1.0,1.0,0.9905862216516901,0.9910141206675224,0
417,417,1580882400000,2.347,2.349,2.343,2.344,150.348,0.9978714346530437,1.0,0.9974457215836525,0.9991485738612175,0
418,418,1580886000000,2.323,2.325,2.315,2.322,126.214,0.9987096774193548,1.0,0.9956989247311827,0.9991397849462365,1
419,419,1580889600000,2.313,2.318,2.313,2.318,31.069,1.0,1.0,0.9978429680759275,0.9978429680759275,1
420,420,1580893200000,2.314,2.327,2.314,2.327,39.036,1.0,1.0,0.9944134078212291,0.9944134078212291,1
421,421,1580896800000,2.333,2.35,2.333,2.343,72.99,0.9970212765957446,1.0,0.9927659574468085,0.9927659574468085,0
422,422,1580900400000,2.345,2.38,2.332,2.37,225.119,0.9957983193277312,1.0,0.9798319327731092,0.985294117647059,0
423,423,1580904000000,2.38,2.391,2.377,2.388,57.56,0.9987452948557088,1.0,0.9941447093266415,0.9953994144709326,1
424,424,1580907600000,2.38,2.38,2.376,2.376,62.775,0.9983193277310924,1.0,0.9983193277310924,1.0,1
425,425,1580911200000,2.376,2.376,2.376,2.376,0.0,1.0,1.0,1.0,1.0,1
426,426,1580914800000,2.39,2.451,2.39,2.451,155.586,1.0,1.0,0.9751121991024072,0.9751121991024072,0
427,427,1580918400000,2.431,2.434,2.416,2.416,106.195,0.9926047658175842,1.0,0.9926047658175842,0.9987674609695973,0
428,428,1580922000000,2.436,2.45,2.436,2.443,285.634,0.9971428571428571,1.0,0.9942857142857142,0.9942857142857142,0
429,429,1580925600000,2.443,2.443,2.443,2.443,0.0,1.0,1.0,1.0,1.0,1
430,430,1580929200000,2.413,2.442,2.411,2.412,355.982,0.9877149877149877,1.0,0.9873054873054873,0.9881244881244879,0
431,431,1580932800000,2.424,2.424,2.424,2.424,25.215,1.0,1.0,1.0,1.0,1
432,432,1580936400000,2.435,2.439,2.435,2.439,118.722,1.0,1.0,0.998359983599836,0.998359983599836,1
433,433,1580940000000,2.439,2.439,2.439,2.439,0.0,1.0,1.0,1.0,1.0,1
434,434,1580943600000,2.444,2.444,2.442,2.442,27.78,0.9991816693944354,1.0,0.9991816693944354,1.0,1
435,435,1580947200000,2.439,2.439,2.439,2.439,61.5,1.0,1.0,1.0,1.0,0
436,436,1580950800000,2.439,2.439,2.439,2.439,0.0,1.0,1.0,1.0,1.0,1
437,437,1580954400000,2.418,2.42,2.41,2.416,162.905,0.9983471074380166,1.0,0.9958677685950414,0.9991735537190084,0
438,438,1580958000000,2.425,2.45,2.425,2.441,194.011,0.9963265306122447,1.0,0.9897959183673468,0.9897959183673468,0
439,439,1580961600000,2.471,2.488,2.463,2.477,86.388,0.9955787781350481,1.0,0.989951768488746,0.9931672025723473,1
440,440,1580965200000,2.459,2.459,2.45,2.45,500.0,0.9963399755998373,1.0,0.9963399755998373,1.0,0
441,441,1580968800000,2.472,2.481,2.472,2.48,127.166,0.9995969367190649,1.0,0.9963724304715841,0.9963724304715841,1
442,442,1580972400000,2.466,2.476,2.465,2.475,339.313,0.9995961227786754,1.0,0.995557350565428,0.9959612277867529,0
443,443,1580976000000,2.473,2.48,2.464,2.464,600.3,0.9935483870967742,1.0,0.9935483870967742,0.9971774193548386,0
444,444,1580979600000,2.467,2.467,2.434,2.451,649.579,0.9935143899473045,1.0,0.9866234292663154,1.0,0
445,445,1580983200000,2.451,2.474,2.444,2.473,1200.196,0.9995957962813257,1.0,0.9878738884397735,0.9907033144704931,0
446,446,1580986800000,2.466,2.489,2.46,2.489,796.255,1.0,1.0,0.9883487344314986,0.9907593411008438,1
447,447,1580990400000,2.488,2.495,2.477,2.494,1862.594,0.9995991983967937,1.0,0.9927855711422845,0.9971943887775551,0
448,448,1580994000000,2.493,2.494,2.393,2.413,1401.6,0.9675220529270246,1.0,0.9595028067361666,0.999599037690457,0
449,449,1580997600000,2.415,2.488,2.41,2.482,985.289,0.9975884244372991,1.0,0.9686495176848875,0.9706591639871383,1
450,450,1581001200000,2.472,2.49,2.453,2.49,523.789,1.0,1.0,0.9851405622489958,0.9927710843373493,1
451,451,1581004800000,2.487,2.547,2.487,2.53,790.18,0.9933254809579897,1.0,0.9764428739693757,0.9764428739693757,0
452,452,1581008400000,2.534,2.583,2.527,2.527,636.305,0.978319783197832,1.0,0.978319783197832,0.9810298102981029,1
453,453,1581012000000,2.535,2.535,2.48,2.507,2166.473,0.9889546351084813,1.0,0.9783037475345167,1.0,0
454,454,1581015600000,2.517,2.529,2.506,2.528,571.237,0.999604586793199,1.0,0.9909054962435745,0.9952550415183867,1
455,455,1581019200000,2.529,2.539,2.516,2.539,539.256,1.0,1.0,0.9909413154785348,0.9960614415124064,1
456,456,1581022800000,2.547,2.548,2.534,2.547,478.921,0.9996075353218211,1.0,0.9945054945054944,0.9996075353218211,1
457,457,1581026400000,2.544,2.544,2.515,2.515,541.437,0.9886006289308177,1.0,0.9886006289308177,1.0,0
458,458,1581030000000,2.506,2.541,2.504,2.54,4932.612,0.9996064541519087,1.0,0.9854388036206219,0.9862258953168044,0
459,459,1581033600000,2.58,2.6,2.565,2.582,4120.172,0.993076923076923,1.0,0.9865384615384615,0.9923076923076923,0
460,460,1581037200000,2.584,2.601,2.582,2.601,204.246,1.0,1.0,0.9926951172625913,0.9934640522875817,1
461,461,1581040800000,2.606,2.617,2.592,2.592,300.227,0.9904470768055025,1.0,0.9904470768055025,0.995796713794421,1
462,462,1581044400000,2.573,2.573,2.568,2.571,99.411,0.9992226972405753,1.0,0.9980567431014381,1.0,1
463,463,1581048000000,2.535,2.551,2.533,2.551,59.552,1.0,1.0,0.9929439435515484,0.9937279498235986,1
464,464,1581051600000,2.553,2.559,2.544,2.544,262.22,0.9941383352872215,1.0,0.9941383352872215,0.9976553341148885,0
465,465,1581055200000,2.533,2.534,2.526,2.534,90.151,1.0,1.0,0.9968429360694554,0.999605367008682,1
466,466,1581058800000,2.544,2.561,2.524,2.553,340.418,0.996876220226474,1.0,0.9855525185474424,0.9933619679812573,0
467,467,1581062400000,2.573,2.573,2.548,2.552,448.499,0.9918383210260396,1.0,0.9902837155071901,1.0,0
468,468,1581066000000,2.551,2.587,2.551,2.583,232.106,0.9984538074990337,1.0,0.9860842674913026,0.9860842674913026,1
469,469,1581069600000,2.589,2.632,2.588,2.627,418.729,0.9981003039513676,1.0,0.9832826747720365,0.9836626139817629,0
470,470,1581073200000,2.618,2.632,2.583,2.584,593.678,0.9817629179331306,1.0,0.9813829787234043,0.9946808510638298,0
471,471,1581076800000,2.567,2.583,2.541,2.541,373.471,0.9837398373983739,1.0,0.9837398373983739,0.9938056523422377,1
472,472,1581080400000,2.557,2.574,2.557,2.573,485.953,0.9996114996114996,1.0,0.9933954933954934,0.9933954933954934,0
473,473,1581084000000,2.588,2.613,2.576,2.605,372.98,0.9969383849980865,1.0,0.98584003061615,0.9904324531190203,1
474,474,1581087600000,2.572,2.572,2.542,2.556,232.88,0.9937791601866252,1.0,0.9883359253499221,1.0,1
475,475,1581091200000,2.557,2.557,2.523,2.537,66.683,0.9921783339851389,1.0,0.9867031677747361,1.0,1
476,476,1581094800000,2.554,2.554,2.554,2.554,23.937,1.0,1.0,1.0,1.0,1
477,477,1581098400000,2.554,2.554,2.554,2.554,0.0,1.0,1.0,1.0,1.0,1
478,478,1581102000000,2.542,2.55,2.535,2.545,237.171,0.9980392156862745,1.0,0.9941176470588237,0.9968627450980392,0
479,479,1581105600000,2.54,2.54,2.519,2.53,503.314,0.9960629921259841,1.0,0.991732283464567,1.0,0
480,480,1581109200000,2.521,2.522,2.519,2.519,350.504,0.998810467882633,1.0,0.998810467882633,0.999603489294211,1
481,481,1581112800000,2.518,2.518,2.518,2.518,19.804,1.0,1.0,1.0,1.0,1
482,482,1581116400000,2.538,2.576,2.537,2.576,223.067,1.0,1.0,0.9848602484472049,0.9852484472049688,0
483,483,1581120000000,2.56,2.56,2.538,2.538,146.143,0.9914062499999999,1.0,0.9914062499999999,1.0,0
484,484,1581123600000,2.515,2.552,2.515,2.552,606.762,1.0,1.0,0.9855015673981191,0.9855015673981191,0
485,485,1581127200000,2.496,2.496,2.479,2.479,45.399,0.9931891025641026,1.0,0.9931891025641026,1.0,1
486,486,1581130800000,2.454,2.46,2.454,2.46,165.633,1.0,1.0,0.9975609756097562,0.9975609756097562,1
487,487,1581134400000,2.492,2.496,2.492,2.496,41.584,1.0,1.0,0.9983974358974359,0.9983974358974359,1
488,488,1581138000000,2.496,2.496,2.496,2.496,0.0,1.0,1.0,1.0,1.0,1
489,489,1581141600000,2.513,2.547,2.513,2.547,98.171,1.0,1.0,0.9866509619159795,0.9866509619159795,0
490,490,1581145200000,2.546,2.546,2.546,2.546,10.0,1.0,1.0,1.0,1.0,1
491,491,1581148800000,2.56,2.628,2.56,2.623,194.418,0.9980974124809742,1.0,0.974124809741248,0.974124809741248,0
492,492,1581152400000,2.582,2.605,2.582,2.605,52.998,1.0,1.0,0.9911708253358925,0.9911708253358925,1
493,493,1581156000000,2.61,2.611,2.605,2.605,46.382,0.9977020298736116,1.0,0.9977020298736116,0.9996170049789351,1
494,494,1581159600000,2.593,2.593,2.584,2.589,37.799,0.9984573852680293,1.0,0.996529116853066,1.0,1
495,495,1581163200000,2.617,2.618,2.601,2.601,64.462,0.9935064935064936,1.0,0.9935064935064936,0.9996180290297938,0
496,496,1581166800000,2.601,2.601,2.601,2.601,0.0,1.0,1.0,1.0,1.0,1
497,497,1581170400000,2.601,2.601,2.601,2.601,0.0,1.0,1.0,1.0,1.0,1
498,498,1581174000000,2.601,2.601,2.601,2.601,0.0,1.0,1.0,1.0,1.0,0
499,499,1581177600000,2.584,2.594,2.584,2.594,81.917,1.0,1.0,0.9961449498843485,0.9961449498843485,0
500,500,1581181200000,2.577,2.583,2.577,2.583,53.045,1.0,1.0,0.997677119628339,0.997677119628339,0
501,501,1581184800000,2.593,2.593,2.585,2.585,25.229,0.9969147705360586,1.0,0.9969147705360586,1.0,1
502,502,1581188400000,2.592,2.597,2.592,2.596,101.334,0.9996149403157489,1.0,0.9980747015787448,0.9980747015787448,0
503,503,1581192000000,2.602,2.602,2.602,2.602,10.0,1.0,1.0,1.0,1.0,1
504,504,1581195600000,2.61,2.614,2.61,2.614,38.544,1.0,1.0,0.9984697781178271,0.9984697781178271,1
505,505,1581199200000,2.614,2.614,2.614,2.614,0.0,1.0,1.0,1.0,1.0,1
506,506,1581202800000,2.607,2.607,2.607,2.607,15.0,1.0,1.0,1.0,1.0,1
507,507,1581206400000,2.616,2.616,2.616,2.616,19.14,1.0,1.0,1.0,1.0,0
508,508,1581210000000,2.616,2.616,2.616,2.616,0.0,1.0,1.0,1.0,1.0,1
509,509,1581213600000,2.629,2.629,2.629,2.629,7.684,1.0,1.0,1.0,1.0,1
510,510,1581217200000,2.598,2.632,2.598,2.632,1479.49,1.0,1.0,0.9870820668693008,0.9870820668693008,0
511,511,1581220800000,2.632,2.654,2.632,2.654,586.223,1.0,1.0,0.9917106254709873,0.9917106254709873,1
512,512,1581224400000,2.655,2.723,2.642,2.701,223.006,0.9919206757253031,1.0,0.9702533969886155,0.9750275431509364,1
513,513,1581228000000,2.701,2.703,2.682,2.698,92.841,0.9981502034776175,1.0,0.9922308546059934,0.999260081391047,1
514,514,1581231600000,2.708,2.733,2.708,2.717,78.764,0.9941456275155507,1.0,0.9908525429930479,0.9908525429930479,1
515,515,1581235200000,2.701,2.701,2.685,2.685,14.004,0.9940762680488708,1.0,0.9940762680488708,1.0,1
516,516,1581238800000,2.658,2.665,2.654,2.654,44.292,0.9958724202626641,1.0,0.9958724202626641,0.997373358348968,1
517,517,1581242400000,2.644,2.644,2.644,2.644,15.429,1.0,1.0,1.0,1.0,1
518,518,1581246000000,2.668,2.668,2.668,2.668,14.35,1.0,1.0,1.0,1.0,1
519,519,1581249600000,2.682,2.694,2.682,2.691,116.35,0.9988864142538975,1.0,0.9955456570155902,0.9955456570155902,0
520,520,1581253200000,2.672,2.672,2.672,2.672,3.96,1.0,1.0,1.0,1.0,1
521,521,1581256800000,2.644,2.67,2.641,2.641,145.333,0.9891385767790263,1.0,0.9891385767790263,0.9902621722846443,0
522,522,1581260400000,2.64,2.642,2.601,2.642,78.306,1.0,1.0,0.9844814534443603,0.9992429977289933,0
523,523,1581264000000,2.64,2.646,2.64,2.646,60.933,1.0,1.0,0.997732426303855,0.997732426303855,1
524,524,1581267600000,2.675,2.675,2.651,2.654,139.546,0.9921495327102804,1.0,0.9910280373831776,1.0,0
525,525,1581271200000,2.674,2.674,2.651,2.651,46.384,0.9913986537023186,1.0,0.9913986537023186,1.0,1
526,526,1581274800000,2.68,2.68,2.645,2.645,1106.277,0.9869402985074627,1.0,0.9869402985074627,1.0,0
527,527,1581278400000,2.643,2.644,2.63,2.63,3054.855,0.9947049924357034,1.0,0.9947049924357034,0.9996217851739787,0
528,528,1581282000000,2.63,2.63,2.63,2.63,0.0,1.0,1.0,1.0,1.0,1
529,529,1581285600000,2.646,2.667,2.646,2.667,39.298,1.0,1.0,0.9921259842519685,0.9921259842519685,1
530,530,1581289200000,2.667,2.702,2.667,2.696,114.283,0.9977794226498891,1.0,0.9870466321243523,0.9870466321243523,0
531,531,1581292800000,2.705,2.705,2.705,2.705,49.491,1.0,1.0,1.0,1.0,1
532,532,1581296400000,2.684,2.684,2.684,2.684,10.0,1.0,1.0,1.0,1.0,1
533,533,1581300000000,2.684,2.684,2.668,2.674,50.0,0.9962742175856929,1.0,0.9940387481371088,1.0,0
534,534,1581303600000,2.681,2.681,2.623,2.649,142.013,0.9880641551659828,1.0,0.978366281238344,1.0,0
535,535,1581307200000,2.649,2.649,2.63,2.643,124.376,0.9977349943374858,1.0,0.9928274820687051,1.0,0
536,536,1581310800000,2.598,2.598,2.566,2.566,400.895,0.9876828329484219,1.0,0.9876828329484219,1.0,0
537,537,1581314400000,2.598,2.616,2.598,2.616,113.937,1.0,1.0,0.9931192660550457,0.9931192660550457,1
538,538,1581318000000,2.616,2.616,2.616,2.616,0.0,1.0,1.0,1.0,1.0,1
539,539,1581321600000,2.581,2.584,2.559,2.579,172.142,0.9980650154798762,1.0,0.9903250773993808,0.9988390092879257,0
540,540,1581325200000,2.52,2.52,2.488,2.516,428.119,0.9984126984126984,1.0,0.9873015873015872,1.0,0
541,541,1581328800000,2.548,2.548,2.548,2.548,39.246,1.0,1.0,1.0,1.0,1
542,542,1581332400000,2.507,2.542,2.507,2.542,59.576,1.0,1.0,0.9862313139260426,0.9862313139260426,1
543,543,1581336000000,2.535,2.535,2.535,2.535,10.0,1.0,1.0,1.0,1.0,1
544,544,1581339600000,2.573,2.58,2.553,2.553,88.675,0.9895348837209301,1.0,0.9895348837209301,0.9972868217054263,0
545,545,1581343200000,2.563,2.592,2.563,2.592,92.168,1.0,1.0,0.9888117283950617,0.9888117283950617,0
546,546,1581346800000,2.601,2.609,2.593,2.593,92.129,0.9938673821387505,1.0,0.9938673821387505,0.9969336910693752,0
547,547,1581350400000,2.609,2.611,2.595,2.611,50.0,1.0,1.0,0.9938720796629644,0.9992340099578705,1
548,548,1581354000000,2.586,2.599,2.586,2.599,55.524,1.0,1.0,0.9949980761831473,0.9949980761831473,1
549,549,1581357600000,2.599,2.599,2.599,2.599,0.0,1.0,1.0,1.0,1.0,1
550,550,1581361200000,2.586,2.596,2.586,2.589,30.0,0.9973035439137133,1.0,0.9961479198767333,0.9961479198767333,0
551,551,1581364800000,2.595,2.602,2.59,2.593,127.474,0.9965411222136819,1.0,0.9953881629515757,0.9973097617217527,0
552,552,1581368400000,2.593,2.593,2.593,2.593,0.0,1.0,1.0,1.0,1.0,1
553,553,1581372000000,2.593,2.593,2.593,2.593,0.0,1.0,1.0,1.0,1.0,1
554,554,1581375600000,2.593,2.593,2.593,2.593,0.0,1.0,1.0,1.0,1.0,0
555,555,1581379200000,2.578,2.582,2.549,2.553,196.757,0.9887683965917894,1.0,0.9872192099147947,0.9984508133230054,0
556,556,1581382800000,2.555,2.555,2.53,2.55,188.394,0.9980430528375732,1.0,0.9902152641878668,1.0,0
557,557,1581386400000,2.55,2.563,2.55,2.55,395.584,0.9949278189621535,1.0,0.9949278189621535,0.9949278189621535,0
558,558,1581390000000,2.55,2.55,2.54,2.542,233.327,0.9968627450980392,1.0,0.9960784313725491,1.0,1
559,559,1581393600000,2.548,2.56,2.548,2.56,31.823,1.0,1.0,0.9953125,0.9953125,1
560,560,1581397200000,2.56,2.592,2.56,2.584,119.094,0.9969135802469136,1.0,0.9876543209876543,0.9876543209876543,1
561,561,1581400800000,2.559,2.562,2.559,2.562,32.244,1.0,1.0,0.9988290398126465,0.9988290398126465,1
562,562,1581404400000,2.562,2.562,2.562,2.562,0.0,1.0,1.0,1.0,1.0,1
563,563,1581408000000,2.542,2.584,2.542,2.56,456.227,0.9907120743034056,1.0,0.9837461300309597,0.9837461300309597,0
564,564,1581411600000,2.56,2.571,2.56,2.571,5.015,1.0,1.0,0.9957215091404122,0.9957215091404122,1
565,565,1581415200000,2.579,2.582,2.558,2.582,399.319,1.0,1.0,0.9907048799380326,0.9988381099922542,0
566,566,1581418800000,2.582,2.582,2.582,2.582,0.0,1.0,1.0,1.0,1.0,1
567,567,1581422400000,2.599,2.599,2.599,2.599,19.463,1.0,1.0,1.0,1.0,1
568,568,1581426000000,2.604,2.608,2.604,2.608,104.0,1.0,1.0,0.9984662576687117,0.9984662576687117,0
569,569,1581429600000,2.615,2.619,2.6,2.612,751.102,0.9973272241313478,1.0,0.9927453226422298,0.9984726995036274,0
570,570,1581433200000,2.659,2.675,2.64,2.668,131.019,0.9973831775700935,1.0,0.9869158878504674,0.9940186915887851,1
571,571,1581436800000,2.682,2.697,2.674,2.69,392.679,0.9974045235446792,1.0,0.9914720059325176,0.9944382647385984,1
572,572,1581440400000,2.698,2.75,2.694,2.711,1564.804,0.9858181818181818,1.0,0.9796363636363636,0.9810909090909091,0
573,573,1581444000000,2.698,2.701,2.696,2.696,56.336,0.9981488337652722,1.0,0.9981488337652722,0.9988893002591632,1
574,574,1581447600000,2.696,2.696,2.696,2.696,0.0,1.0,1.0,1.0,1.0,1
575,575,1581451200000,2.728,2.744,2.728,2.732,38.855,0.9956268221574344,1.0,0.9941690962099126,0.9941690962099126,0
576,576,1581454800000,2.748,2.756,2.731,2.736,84.675,0.9927431059506533,1.0,0.9909288824383164,0.9970972423802614,0
577,577,1581458400000,2.73,2.734,2.726,2.734,351.064,1.0,1.0,0.9970738844184345,0.9985369422092173,0
578,578,1581462000000,2.734,2.734,2.72,2.722,375.837,0.9956108266276518,1.0,0.9948792977322605,1.0,0
579,579,1581465600000,2.727,2.784,2.705,2.755,754.358,0.9895833333333334,1.0,0.9716235632183909,0.9795258620689655,0
580,580,1581469200000,2.755,2.791,2.755,2.774,382.156,0.9939089931924042,1.0,0.9871013973486206,0.9871013973486206,1
581,581,1581472800000,2.747,2.758,2.747,2.758,33.155,1.0,1.0,0.9960116026105873,0.9960116026105873,1
582,582,1581476400000,2.784,2.792,2.774,2.774,33.207,0.9935530085959886,1.0,0.9935530085959886,0.997134670487106,1
583,583,1581480000000,2.777,2.777,2.768,2.768,20.606,0.9967590925459128,1.0,0.9967590925459128,1.0,1
584,584,1581483600000,2.772,2.806,2.771,2.805,284.155,0.9996436208125445,1.0,0.9875267284390591,0.9878831076265145,0
585,585,1581487200000,2.819,2.832,2.786,2.809,1223.21,0.9918785310734465,1.0,0.9837570621468927,0.995409604519774,0
586,586,1581490800000,2.807,2.831,2.804,2.807,47.803,0.9915224302366655,1.0,0.9904627340162486,0.9915224302366655,1
587,587,1581494400000,2.787,2.802,2.783,2.796,99.969,0.9978586723768735,1.0,0.9932191291934332,0.9946466809421841,1
588,588,1581498000000,2.797,2.797,2.79,2.796,75.594,0.9996424740793707,1.0,0.9974973185555952,1.0,0
589,589,1581501600000,2.818,2.855,2.818,2.855,110.005,1.0,1.0,0.9870402802101577,0.9870402802101577,0
590,590,1581505200000,2.848,2.867,2.848,2.867,139.86,1.0,1.0,0.9933728636205092,0.9933728636205092,0
591,591,1581508800000,2.867,2.867,2.867,2.867,0.0,1.0,1.0,1.0,1.0,1
592,592,1581512400000,2.867,2.867,2.867,2.867,0.0,1.0,1.0,1.0,1.0,1
593,593,1581516000000,2.888,2.906,2.876,2.884,302.546,0.9924294562973158,1.0,0.9896765313145216,0.9938059187887129,0
594,594,1581519600000,2.841,2.847,2.805,2.847,217.396,1.0,1.0,0.9852476290832456,0.9978925184404637,0
595,595,1581523200000,2.848,2.859,2.848,2.859,73.962,1.0,1.0,0.9961525008744315,0.9961525008744315,1
596,596,1581526800000,2.89,2.89,2.875,2.88,1498.239,0.9965397923875432,1.0,0.9948096885813148,1.0,0
597,597,1581530400000,2.88,2.89,2.86,2.89,535.089,1.0,1.0,0.9896193771626297,0.9965397923875432,1
598,598,1581534000000,2.879,2.882,2.849,2.865,791.985,0.9941013185287995,1.0,0.9885496183206107,0.9989590562109646,1
599,599,1581537600000,2.868,2.87,2.868,2.87,43.021,1.0,1.0,0.9993031358885016,0.9993031358885016,1
600,600,1581541200000,2.848,2.848,2.832,2.832,56.437,0.9943820224719101,1.0,0.9943820224719101,1.0,1
601,601,1581544800000,2.837,2.853,2.837,2.853,16.385,1.0,1.0,0.9943918682089029,0.9943918682089029,1
602,602,1581548400000,2.835,2.858,2.81,2.816,530.595,0.9853044086773967,1.0,0.9832050384884534,0.9919524142757172,0
603,603,1581552000000,2.818,2.85,2.816,2.85,1470.581,1.0,1.0,0.9880701754385964,0.9887719298245614,0
604,604,1581555600000,2.85,2.85,2.84,2.844,132.849,0.9978947368421052,1.0,0.9964912280701753,1.0,1
605,605,1581559200000,2.86,2.86,2.855,2.86,6244.665,1.0,1.0,0.9982517482517483,1.0,0
606,606,1581562800000,2.86,2.88,2.86,2.88,1647.514,1.0,1.0,0.9930555555555556,0.9930555555555556,1
607,607,1581566400000,2.88,2.961,2.877,2.961,920.413,1.0,1.0,0.9716312056737588,0.9726443768996961,1
608,608,1581570000000,2.96,2.961,2.954,2.961,507.993,1.0,1.0,0.9976359338061467,0.999662276258021,1
609,609,1581573600000,2.961,2.961,2.955,2.961,562.86,1.0,1.0,0.9979736575481257,1.0,1
610,610,1581577200000,2.954,2.969,2.902,2.902,1430.602,0.9774334792859549,1.0,0.9774334792859549,0.99494779386999,0
611,611,1581580800000,2.912,2.912,2.769,2.814,537.285,0.9663461538461539,1.0,0.9508928571428572,1.0,1
612,612,1581584400000,2.798,2.804,2.775,2.784,110.332,0.992867332382311,1.0,0.989657631954351,0.9978601997146934,1
613,613,1581588000000,2.841,2.841,2.831,2.837,76.848,0.9985920450545582,1.0,0.9964801126363956,1.0,1
614,614,1581591600000,2.785,2.834,2.785,2.81,1286.173,0.9915314043754411,1.0,0.9827099505998589,0.9827099505998589,0
615,615,1581595200000,2.81,2.889,2.81,2.859,134.707,0.9896157840083074,1.0,0.9726548978885429,0.9726548978885429,1
616,616,1581598800000,2.906,2.951,2.906,2.951,129.697,1.0,1.0,0.9847509318874957,0.9847509318874957,1
617,617,1581602400000,2.882,2.912,2.845,2.879,197.09,0.9886675824175825,1.0,0.9769917582417583,0.9896978021978022,0
618,618,1581606000000,2.888,2.902,2.877,2.877,72.152,0.9913852515506546,1.0,0.9913852515506546,0.9951757408683666,1
619,619,1581609600000,2.881,2.901,2.857,2.857,252.153,0.9848328162702518,1.0,0.9848328162702518,0.9931058255773871,0
620,620,1581613200000,2.856,2.856,2.836,2.837,89.344,0.9933473389355744,1.0,0.9929971988795518,1.0,1
621,621,1581616800000,2.837,2.837,2.837,2.837,0.0,1.0,1.0,1.0,1.0,1
622,622,1581620400000,2.853,2.853,2.82,2.853,220.019,1.0,1.0,0.9884332281808621,1.0,0
623,623,1581624000000,2.839,2.854,2.828,2.854,66.792,1.0,1.0,0.9908899789768745,0.9947442186405046,1
624,624,1581627600000,2.791,2.823,2.791,2.823,149.099,1.0,1.0,0.9886645412681544,0.9886645412681544,0
625,625,1581631200000,2.795,2.821,2.795,2.821,297.734,1.0,1.0,0.9907834101382488,0.9907834101382488,0
626,626,1581634800000,2.821,2.84,2.821,2.84,37.673,1.0,1.0,0.9933098591549296,0.9933098591549296,1
627,627,1581638400000,2.852,2.871,2.827,2.871,367.24,1.0,1.0,0.9846743295019157,0.9933820968303726,0
628,628,1581642000000,2.873,2.883,2.867,2.867,137.531,0.9944502254595907,1.0,0.9944502254595907,0.9965313909122443,1
629,629,1581645600000,2.869,2.876,2.867,2.867,102.205,0.9968706536856746,1.0,0.9968706536856746,0.9975660639777469,1
630,630,1581649200000,2.869,2.88,2.869,2.873,32.98,0.9975694444444445,1.0,0.9961805555555556,0.9961805555555556,1
631,631,1581652800000,2.865,2.888,2.85,2.881,651.886,0.9975761772853186,1.0,0.986842105263158,0.9920360110803326,0
632,632,1581656400000,2.86,2.86,2.844,2.85,170.202,0.9965034965034966,1.0,0.9944055944055944,1.0,1
633,633,1581660000000,2.821,2.838,2.82,2.834,121.682,0.9985905567300916,1.0,0.9936575052854122,0.9940098661028894,1
634,634,1581663600000,2.808,2.82,2.789,2.82,109.774,1.0,1.0,0.9890070921985816,0.9957446808510638,1
635,635,1581667200000,2.806,2.831,2.806,2.811,299.314,0.9929353585305546,1.0,0.9911691981631933,0.9911691981631933,0
636,636,1581670800000,2.833,2.862,2.822,2.849,177.418,0.9954577218728162,1.0,0.9860237596086653,0.9898672257162824,1
637,637,1581674400000,2.872,2.895,2.872,2.895,126.438,1.0,1.0,0.9920552677029361,0.9920552677029361,1
638,638,1581678000000,2.881,2.881,2.874,2.874,26.511,0.9975702880944117,1.0,0.9975702880944117,1.0,1
639,639,1581681600000,2.884,2.884,2.884,2.884,30.674,1.0,1.0,1.0,1.0,1
640,640,1581685200000,2.884,2.884,2.884,2.884,0.0,1.0,1.0,1.0,1.0,1
641,641,1581688800000,2.915,2.935,2.915,2.927,377.138,0.9972742759795571,1.0,0.9931856899488927,0.9931856899488927,0
642,642,1581692400000,2.923,2.94,2.923,2.94,67.77,1.0,1.0,0.9942176870748299,0.9942176870748299,1
643,643,1581696000000,2.951,3.022,2.951,3.022,526.546,1.0,1.0,0.9765056254136334,0.9765056254136334,0
644,644,1581699600000,3.022,3.022,3.022,3.022,0.0,1.0,1.0,1.0,1.0,1
645,645,1581703200000,3.02,3.026,3.02,3.026,114.703,1.0,1.0,0.9980171844018507,0.9980171844018507,1
646,646,1581706800000,3.009,3.014,3.009,3.014,36.402,1.0,1.0,0.9983410749834107,0.9983410749834107,1
647,647,1581710400000,3.027,3.027,3.004,3.018,124.6,0.9970267591674925,1.0,0.992401717872481,1.0,0
648,648,1581714000000,3.041,3.049,3.034,3.049,146.387,1.0,1.0,0.9950803542144965,0.9973761889143982,0
649,649,1581717600000,3.035,3.035,3.028,3.028,67.339,0.9976935749588138,1.0,0.9976935749588138,1.0,1
650,650,1581721200000,3.043,3.043,3.04,3.04,52.591,0.9990141307919815,1.0,0.9990141307919815,1.0,1
651,651,1581724800000,3.048,3.075,3.046,3.075,324.834,1.0,1.0,0.9905691056910568,0.9912195121951219,0
652,652,1581728400000,3.041,3.06,2.976,2.976,1478.491,0.9725490196078431,1.0,0.9725490196078431,0.9937908496732025,0
653,653,1581732000000,3.0,3.0,2.946,2.946,970.485,0.9820000000000001,1.0,0.9820000000000001,1.0,0
654,654,1581735600000,2.957,2.986,2.957,2.986,170.898,1.0,1.0,0.9902880107166777,0.9902880107166777,1
655,655,1581739200000,2.978,2.98,2.978,2.98,30.0,1.0,1.0,0.9993288590604028,0.9993288590604028,1
656,656,1581742800000,2.98,2.98,2.963,2.963,104.219,0.9942953020134229,1.0,0.9942953020134229,1.0,0
657,657,1581746400000,2.951,2.986,2.939,2.986,440.333,1.0,1.0,0.9842598794373744,0.9882786336235766,0
658,658,1581750000000,2.956,2.956,2.929,2.929,279.9,0.9908660351826792,1.0,0.9908660351826792,1.0,0
659,659,1581753600000,2.929,2.929,2.929,2.929,0.0,1.0,1.0,1.0,1.0,1
660,660,1581757200000,2.97,2.98,2.964,2.98,71.106,1.0,1.0,0.9946308724832215,0.9966442953020135,1
661,661,1581760800000,2.98,2.99,2.98,2.986,70.782,0.9986622073578595,1.0,0.9966555183946487,0.9966555183946487,0
662,662,1581764400000,2.967,2.967,2.949,2.962,382.708,0.9983147960903269,1.0,0.9939332659251768,1.0,0
663,663,1581768000000,2.962,2.962,2.962,2.962,0.0,1.0,1.0,1.0,1.0,1
664,664,1581771600000,2.986,2.998,2.984,2.998,58.868,1.0,1.0,0.9953302201467644,0.9959973315543695,1
665,665,1581775200000,3.009,3.044,3.009,3.04,113.39,0.9986859395532195,1.0,0.9885019710906702,0.9885019710906702,0
666,666,1581778800000,3.014,3.019,2.835,2.835,757.622,0.939052666445843,1.0,0.939052666445843,0.9983438224577673,0
667,667,1581782400000,2.875,2.915,2.706,2.719,1238.17,0.9327615780445968,1.0,0.9283018867924528,0.9862778730703259,0
668,668,1581786000000,2.75,2.75,2.626,2.626,294.699,0.9549090909090908,1.0,0.9549090909090908,1.0,1
669,669,1581789600000,2.632,2.669,2.6,2.668,458.01,0.9996253278381416,1.0,0.9741476208317722,0.9861371300112401,1
670,670,1581793200000,2.701,2.726,2.669,2.669,869.655,0.9790902421129861,1.0,0.9790902421129861,0.9908290535583273,0
671,671,1581796800000,2.665,2.691,2.662,2.691,32.428,1.0,1.0,0.989223337049424,0.9903381642512078,1
672,672,1581800400000,2.701,2.737,2.701,2.737,8.61,1.0,1.0,0.9868469126781148,0.9868469126781148,1
673,673,1581804000000,2.72,2.739,2.72,2.729,264.402,0.9963490324936108,1.0,0.9930631617378607,0.9930631617378607,0
674,674,1581807600000,2.717,2.739,2.665,2.682,346.099,0.9791894852135816,1.0,0.97298284045272,0.9919678714859439,0
675,675,1581811200000,2.63,2.731,2.63,2.731,139.929,1.0,1.0,0.9630172098132552,0.9630172098132552,1
676,676,1581814800000,2.737,2.753,2.737,2.744,48.829,0.996730839084635,1.0,0.9941881583726844,0.9941881583726844,1
677,677,1581818400000,2.772,2.808,2.772,2.808,53.024,1.0,1.0,0.9871794871794871,0.9871794871794871,1
678,678,1581822000000,2.808,2.808,2.808,2.808,0.0,1.0,1.0,1.0,1.0,1
679,679,1581825600000,2.786,2.786,2.784,2.784,49.741,0.9992821249102656,1.0,0.9992821249102656,1.0,0
680,680,1581829200000,2.772,2.772,2.744,2.747,72.228,0.990981240981241,1.0,0.9898989898989901,1.0,0
681,681,1581832800000,2.77,2.77,2.77,2.77,4.623,1.0,1.0,1.0,1.0,1
682,682,1581836400000,2.764,2.764,2.743,2.743,42.647,0.9924023154848046,1.0,0.9924023154848046,1.0,0
683,683,1581840000000,2.737,2.742,2.727,2.742,47.406,1.0,1.0,0.9945295404814004,0.9981765134938002,0
684,684,1581843600000,2.77,2.77,2.716,2.716,23.757,0.9805054151624549,1.0,0.9805054151624549,1.0,1
685,685,1581847200000,2.742,2.742,2.648,2.648,119.514,0.9657184536834428,1.0,0.9657184536834428,1.0,0
686,686,1581850800000,2.691,2.691,2.662,2.68,254.622,0.9959123002601264,1.0,0.989223337049424,1.0,0
687,687,1581854400000,2.651,2.651,2.576,2.582,146.742,0.9739720860052811,1.0,0.9717087891361751,1.0,1
688,688,1581858000000,2.585,2.611,2.504,2.611,601.499,1.0,1.0,0.9590195327460742,0.9900421294523171,0
689,689,1581861600000,2.628,2.63,2.536,2.536,195.8,0.9642585551330799,1.0,0.9642585551330799,0.9992395437262358,1
690,690,1581865200000,2.561,2.561,2.46,2.505,832.106,0.9781335415853182,1.0,0.9605622803592346,1.0,0
691,691,1581868800000,2.532,2.553,2.238,2.299,977.924,0.9005092048570309,1.0,0.8766157461809636,0.9917743830787309,0
692,692,1581872400000,2.35,2.426,2.35,2.426,247.312,1.0,1.0,0.9686727122835944,0.9686727122835944,1
693,693,1581876000000,2.428,2.492,2.428,2.476,430.976,0.9935794542536116,1.0,0.9743178170144462,0.9743178170144462,1
694,694,1581879600000,2.462,2.462,2.397,2.422,856.787,0.983753046303818,1.0,0.9735987002437041,1.0,0
695,695,1581883200000,2.437,2.437,2.416,2.416,88.927,0.9913828477636438,1.0,0.9913828477636438,1.0,1
696,696,1581886800000,2.412,2.445,2.411,2.411,784.907,0.9860940695296524,1.0,0.9860940695296524,0.9865030674846627,0
697,697,1581890400000,2.412,2.492,2.412,2.492,379.545,1.0,1.0,0.9678972712680578,0.9678972712680578,1
698,698,1581894000000,2.498,2.532,2.49,2.51,136.695,0.9913112164296998,1.0,0.9834123222748816,0.986571879936809,1
699,699,1581897600000,2.492,2.509,2.407,2.43,420.124,0.9685133519330411,1.0,0.9593463531287366,0.9932243921881228,0
700,700,1581901200000,2.459,2.463,2.44,2.44,99.67,0.9906617945594802,1.0,0.9906617945594802,0.998375964271214,1
701,701,1581904800000,2.397,2.408,2.395,2.408,97.081,1.0,1.0,0.9946013289036545,0.9954318936877076,1
702,702,1581908400000,2.408,2.41,2.35,2.35,130.057,0.975103734439834,1.0,0.975103734439834,0.9991701244813277,0
703,703,1581912000000,2.312,2.339,2.285,2.305,324.178,0.9854638734501925,1.0,0.9769132107738351,0.9884566053869174,0
704,704,1581915600000,2.325,2.378,2.325,2.368,119.396,0.9957947855340621,1.0,0.9777123633305299,0.9777123633305299,1
705,705,1581919200000,2.361,2.447,2.34,2.425,756.627,0.9910093992644053,1.0,0.9562729873314262,0.9648549243972211,0
706,706,1581922800000,2.444,2.446,2.389,2.396,576.085,0.9795584627964021,1.0,0.9766966475878984,0.999182338511856,0
707,707,1581926400000,2.407,2.458,2.375,2.458,624.313,1.0,1.0,0.9662327095199348,0.9792514239218877,1
708,708,1581930000000,2.463,2.475,2.439,2.442,122.77,0.9866666666666667,1.0,0.9854545454545455,0.9951515151515151,1
709,709,1581933600000,2.421,2.422,2.371,2.377,420.621,0.9814203137902558,1.0,0.9789430222956234,0.9995871180842277,0
710,710,1581937200000,2.362,2.416,2.306,2.416,462.865,1.0,1.0,0.9544701986754968,0.9776490066225166,0
711,711,1581940800000,2.386,2.416,2.38,2.408,144.712,0.9966887417218543,1.0,0.9850993377483444,0.9875827814569538,1
712,712,1581944400000,2.402,2.402,2.341,2.356,98.074,0.9808492922564529,1.0,0.9746044962531224,1.0,1
713,713,1581948000000,2.351,2.421,2.351,2.42,142.376,0.9995869475423379,1.0,0.9710863279636515,0.9710863279636515,0
714,714,1581951600000,2.429,2.47,2.403,2.47,113.374,1.0,1.0,0.9728744939271254,0.983400809716599,1
715,715,1581955200000,2.487,2.504,2.477,2.504,301.953,1.0,1.0,0.9892172523961661,0.9932108626198084,0
716,716,1581958800000,2.49,2.504,2.446,2.504,107.073,1.0,1.0,0.9768370607028755,0.9944089456869011,1
717,717,1581962400000,2.493,2.493,2.463,2.463,20.0,0.9879663056558364,1.0,0.9879663056558364,1.0,1
718,718,1581966000000,2.479,2.479,2.477,2.477,22.875,0.99919322307382,1.0,0.99919322307382,1.0,1
719,719,1581969600000,2.476,2.476,2.476,2.476,10.225,1.0,1.0,1.0,1.0,1
720,720,1581973200000,2.47,2.47,2.469,2.47,118.598,1.0,1.0,0.9995951417004048,1.0,0
721,721,1581976800000,2.456,2.456,2.453,2.453,28.869,0.9987785016286644,1.0,0.9987785016286644,1.0,1
722,722,1581980400000,2.456,2.504,2.456,2.504,23.974,1.0,1.0,0.9808306709265175,0.9808306709265175,1
723,723,1581984000000,2.499,2.499,2.483,2.491,97.368,0.9967987194877951,1.0,0.9935974389755903,1.0,0
724,724,1581987600000,2.528,2.589,2.528,2.589,222.346,1.0,1.0,0.9764387794515257,0.9764387794515257,0
725,725,1581991200000,2.589,2.589,2.589,2.589,0.0,1.0,1.0,1.0,1.0,1
726,726,1581994800000,2.546,2.596,2.537,2.594,88.136,0.9992295839753466,1.0,0.9772727272727272,0.9807395993836671,1
727,727,1581998400000,2.594,2.594,2.594,2.594,0.0,1.0,1.0,1.0,1.0,1
728,728,1582002000000,2.594,2.594,2.581,2.586,51.64,0.9969159599074788,1.0,0.994988434849653,1.0,0
729,729,1582005600000,2.582,2.582,2.582,2.582,12.262,1.0,1.0,1.0,1.0,1
730,730,1582009200000,2.546,2.581,2.54,2.574,68.67,0.9972878729174738,1.0,0.9841146842309183,0.9864393645873691,0
731,731,1582012800000,2.574,2.574,2.574,2.574,0.0,1.0,1.0,1.0,1.0,1
732,732,1582016400000,2.515,2.515,2.454,2.504,233.946,0.9956262425447315,1.0,0.9757455268389662,1.0,0
733,733,1582020000000,2.464,2.517,2.464,2.517,38.87,1.0,1.0,0.9789431863329361,0.9789431863329361,1
734,734,1582023600000,2.506,2.506,2.501,2.501,26.569,0.9980047885075819,1.0,0.9980047885075819,1.0,1
735,735,1582027200000,2.473,2.482,2.451,2.451,115.063,0.9875100725221595,1.0,0.9875100725221595,0.9963738920225623,0
736,736,1582030800000,2.475,2.475,2.416,2.464,287.476,0.9955555555555555,1.0,0.9761616161616161,1.0,0
737,737,1582034400000,2.489,2.525,2.467,2.512,159.715,0.9948514851485148,1.0,0.9770297029702971,0.9857425742574257,1
738,738,1582038000000,2.546,2.57,2.532,2.545,349.592,0.9902723735408561,1.0,0.9852140077821012,0.9906614785992218,0
739,739,1582041600000,2.538,2.602,2.537,2.591,496.292,0.9957724827056111,1.0,0.9750192159877018,0.9754035357417371,0
740,740,1582045200000,2.591,2.596,2.563,2.589,133.555,0.9973035439137133,1.0,0.9872881355932204,0.9980739599383668,1
741,741,1582048800000,2.593,2.608,2.589,2.608,30.0,1.0,1.0,0.9927147239263803,0.9942484662576687,1
742,742,1582052400000,2.605,2.605,2.598,2.601,25.554,0.9984644913627639,1.0,0.9973128598848368,1.0,1
743,743,1582056000000,2.621,2.638,2.616,2.632,121.094,0.9977255496588325,1.0,0.9916603487490524,0.9935557240333587,0
744,744,1582059600000,2.632,2.637,2.58,2.6,245.714,0.9859689040576413,1.0,0.9783845278725825,0.9981039059537353,0
745,745,1582063200000,2.607,2.635,2.607,2.635,73.608,1.0,1.0,0.9893738140417458,0.9893738140417458,1
746,746,1582066800000,2.653,2.67,2.639,2.639,166.533,0.9883895131086142,1.0,0.9883895131086142,0.9936329588014982,0
747,747,1582070400000,2.64,2.64,2.64,2.64,10.757,1.0,1.0,1.0,1.0,1
748,748,1582074000000,2.64,2.64,2.64,2.64,0.0,1.0,1.0,1.0,1.0,1
749,749,1582077600000,2.64,2.64,2.64,2.64,0.0,1.0,1.0,1.0,1.0,1
750,750,1582081200000,2.64,2.64,2.64,2.64,0.0,1.0,1.0,1.0,1.0,1
751,751,1582084800000,2.638,2.64,2.596,2.596,87.667,0.9833333333333333,1.0,0.9833333333333333,0.9992424242424242,0
752,752,1582088400000,2.597,2.622,2.597,2.622,484.932,1.0,1.0,0.9904652936689551,0.9904652936689551,0
753,753,1582092000000,2.631,2.631,2.618,2.618,42.391,0.9950589129608515,1.0,0.9950589129608515,1.0,1
754,754,1582095600000,2.618,2.618,2.618,2.618,126.625,1.0,1.0,1.0,1.0,1
755,755,1582099200000,2.607,2.64,2.607,2.64,124.4,1.0,1.0,0.9875,0.9875,0
756,756,1582102800000,2.633,2.719,2.633,2.688,822.726,0.9885987495402723,1.0,0.9683707245310776,0.9683707245310776,0
757,757,1582106400000,2.712,2.713,2.674,2.674,112.803,0.9856247696277184,1.0,0.9856247696277184,0.9996314043494288,1
758,758,1582110000000,2.674,2.674,2.674,2.674,0.0,1.0,1.0,1.0,1.0,1
759,759,1582113600000,2.821,2.821,2.743,2.743,11.528,0.9723502304147464,1.0,0.9723502304147464,1.0,1
760,760,1582117200000,2.675,2.74,2.675,2.739,43.624,0.9996350364963502,1.0,0.9762773722627736,0.9762773722627736,0
761,761,1582120800000,2.722,2.735,2.654,2.658,402.564,0.9718464351005485,1.0,0.9703839122486289,0.9952468007312615,0
762,762,1582124400000,2.632,2.721,2.632,2.716,146.439,0.9981624402793091,1.0,0.9672914369717016,0.9672914369717016,1
763,763,1582128000000,2.713,2.739,2.709,2.709,1900.992,0.9890470974808325,1.0,0.9890470974808325,0.9905074844833882,0
764,764,1582131600000,2.738,2.822,2.668,2.668,883.961,0.9454287739192063,1.0,0.9454287739192063,0.9702338766832034,1
765,765,1582135200000,2.656,2.659,2.656,2.659,46.767,1.0,1.0,0.9988717562993608,0.9988717562993608,1
766,766,1582138800000,2.666,2.666,2.636,2.642,248.529,0.9909977494373593,1.0,0.9887471867966993,1.0,1
767,767,1582142400000,2.64,2.64,2.602,2.609,2399.27,0.9882575757575757,1.0,0.9856060606060605,1.0,0
768,768,1582146000000,2.629,2.629,2.404,2.404,1308.516,0.9144161278052491,1.0,0.9144161278052491,1.0,1
769,769,1582149600000,2.61,2.61,2.405,2.494,2584.196,0.9555555555555557,1.0,0.921455938697318,1.0,0
770,770,1582153200000,2.486,2.498,2.426,2.442,363.713,0.977582065652522,1.0,0.9711769415532425,0.9951961569255404,1
771,771,1582156800000,2.433,2.462,2.428,2.46,71.704,0.9991876523151908,1.0,0.9861900893582453,0.9882209585702679,1
772,772,1582160400000,2.444,2.449,2.444,2.449,37.464,1.0,1.0,0.9979583503470805,0.9979583503470805,1
773,773,1582164000000,2.448,2.459,2.387,2.41,301.823,0.9800732004880033,1.0,0.9707198047986987,0.9955266368442456,0
774,774,1582167600000,2.414,2.422,2.414,2.422,52.189,1.0,1.0,0.9966969446738233,0.9966969446738233,1
775,775,1582171200000,2.419,2.424,2.419,2.424,75.0,1.0,1.0,0.997937293729373,0.997937293729373,1
776,776,1582174800000,2.394,2.408,2.394,2.408,25.167,1.0,1.0,0.994186046511628,0.994186046511628,1
777,777,1582178400000,2.408,2.408,2.408,2.408,0.0,1.0,1.0,1.0,1.0,1
778,778,1582182000000,2.428,2.443,2.428,2.443,46.235,1.0,1.0,0.9938600081866557,0.9938600081866557,0
779,779,1582185600000,2.404,2.408,2.404,2.405,53.684,0.9987541528239202,1.0,0.9983388704318937,0.9983388704318937,0
780,780,1582189200000,2.408,2.414,2.408,2.414,83.0,1.0,1.0,0.9975144987572493,0.9975144987572493,0
781,781,1582192800000,2.419,2.454,2.419,2.454,26.041,1.0,1.0,0.9857375713121433,0.9857375713121433,1
782,782,1582196400000,2.427,2.427,2.388,2.392,59.455,0.9855789039967037,1.0,0.9839307787391841,1.0,0
783,783,1582200000000,2.392,2.392,2.351,2.351,56.975,0.9828595317725752,1.0,0.9828595317725752,1.0,0
784,784,1582203600000,2.364,2.366,2.335,2.366,821.112,1.0,1.0,0.9868977176669483,0.9991546914623837,0
785,785,1582207200000,2.366,2.389,2.366,2.38,912.534,0.9962327333612391,1.0,0.9903725408120554,0.9903725408120554,0
786,786,1582210800000,2.38,2.389,2.372,2.372,355.373,0.9928840519045626,1.0,0.9928840519045626,0.9962327333612391,1
787,787,1582214400000,2.329,2.385,2.307,2.385,126.815,1.0,1.0,0.9672955974842767,0.9765199161425578,1
788,788,1582218000000,2.361,2.361,2.331,2.351,72.036,0.9957645065650147,1.0,0.9872935196950444,1.0,1
789,789,1582221600000,2.351,2.351,2.351,2.351,0.0,1.0,1.0,1.0,1.0,1
790,790,1582225200000,2.35,2.35,2.35,2.35,4.257,1.0,1.0,1.0,1.0,1
791,791,1582228800000,2.352,2.353,2.33,2.33,2035.784,0.9902252443688907,1.0,0.9902252443688907,0.9995750106247342,0
792,792,1582232400000,2.357,2.402,2.357,2.378,3170.9,0.9900083263946711,1.0,0.9812656119900084,0.9812656119900084,0
793,793,1582236000000,2.378,2.378,2.378,2.378,0.0,1.0,1.0,1.0,1.0,1
794,794,1582239600000,2.383,2.399,2.381,2.385,127.363,0.9941642350979574,1.0,0.9924968736973738,0.9933305543976657,1
795,795,1582243200000,2.377,2.377,2.363,2.376,203.019,0.9995793016407236,1.0,0.9941102229701305,1.0,0
796,796,1582246800000,2.376,2.376,2.376,2.376,0.0,1.0,1.0,1.0,1.0,1
797,797,1582250400000,2.376,2.376,2.376,2.376,0.0,1.0,1.0,1.0,1.0,1
798,798,1582254000000,2.434,2.434,2.434,2.434,20.263,1.0,1.0,1.0,1.0,0
799,799,1582257600000,2.434,2.434,2.434,2.434,8.075,1.0,1.0,1.0,1.0,1
800,800,1582261200000,2.43,2.43,2.413,2.413,97.52,0.9930041152263374,1.0,0.9930041152263374,1.0,0
801,801,1582264800000,2.413,2.413,2.413,2.413,0.0,1.0,1.0,1.0,1.0,1
802,802,1582268400000,2.411,2.411,2.411,2.411,20.161,1.0,1.0,1.0,1.0,1
803,803,1582272000000,2.405,2.405,2.392,2.392,32.997,0.9945945945945946,1.0,0.9945945945945946,1.0,0
804,804,1582275600000,2.392,2.392,2.392,2.392,0.0,1.0,1.0,1.0,1.0,1
805,805,1582279200000,2.425,2.436,2.425,2.436,32.323,1.0,1.0,0.9954844006568144,0.9954844006568144,0
806,806,1582282800000,2.438,2.438,2.438,2.438,47.472,1.0,1.0,1.0,1.0,0
807,807,1582286400000,2.442,2.442,2.442,2.442,6.237,1.0,1.0,1.0,1.0,1
808,808,1582290000000,2.442,2.442,2.442,2.442,0.0,1.0,1.0,1.0,1.0,1
809,809,1582293600000,2.445,2.448,2.44,2.448,326.453,1.0,1.0,0.9967320261437909,0.9987745098039216,0
810,810,1582297200000,2.438,2.438,2.438,2.438,16.672,1.0,1.0,1.0,1.0,1
811,811,1582300800000,2.438,2.457,2.434,2.446,653.448,0.9955229955229956,1.0,0.9906389906389907,0.9922669922669924,0
812,812,1582304400000,2.448,2.449,2.446,2.446,849.333,0.9987750102082484,1.0,0.9987750102082484,0.9995916700694162,0
813,813,1582308000000,2.446,2.446,2.43,2.436,32.417,0.9959116925592804,1.0,0.9934587080948487,1.0,1
814,814,1582311600000,2.432,2.437,2.4,2.4,621.257,0.9848173984407058,1.0,0.9848173984407058,0.997948297086582,0
815,815,1582315200000,2.4,2.423,2.397,2.423,489.386,1.0,1.0,0.9892695006190672,0.990507635163021,0
816,816,1582318800000,2.428,2.429,2.397,2.397,74.222,0.9868258542610128,1.0,0.9868258542610128,0.9995883079456567,1
817,817,1582322400000,2.397,2.397,2.397,2.397,74.572,1.0,1.0,1.0,1.0,1
818,818,1582326000000,2.397,2.435,2.397,2.422,421.373,0.9946611909650924,1.0,0.984394250513347,0.984394250513347,0
819,819,1582329600000,2.422,2.422,2.422,2.422,0.0,1.0,1.0,1.0,1.0,1
820,820,1582333200000,2.419,2.419,2.419,2.419,21.107,1.0,1.0,1.0,1.0,1
821,821,1582336800000,2.384,2.406,2.384,2.406,47.356,1.0,1.0,0.9908561928512052,0.9908561928512052,0
822,822,1582340400000,2.406,2.406,2.406,2.406,2157.346,1.0,1.0,1.0,1.0,0
823,823,1582344000000,2.406,2.406,2.406,2.406,0.0,1.0,1.0,1.0,1.0,1
824,824,1582347600000,2.406,2.406,2.406,2.406,0.0,1.0,1.0,1.0,1.0,1
825,825,1582351200000,2.356,2.361,2.346,2.361,897.119,1.0,1.0,0.9936467598475222,0.9978822532825072,0
826,826,1582354800000,2.378,2.378,2.378,2.378,29.199,1.0,1.0,1.0,1.0,1
827,827,1582358400000,2.378,2.378,2.378,2.378,0.0,1.0,1.0,1.0,1.0,1
828,828,1582362000000,2.378,2.378,2.378,2.378,0.0,1.0,1.0,1.0,1.0,1
829,829,1582365600000,2.378,2.378,2.378,2.378,0.0,1.0,1.0,1.0,1.0,0
830,830,1582369200000,2.393,2.393,2.393,2.393,8.47,1.0,1.0,1.0,1.0,0
831,831,1582372800000,2.403,2.409,2.403,2.409,150.0,1.0,1.0,0.9975093399750935,0.9975093399750935,0
832,832,1582376400000,2.398,2.398,2.396,2.396,525.627,0.9991659716430358,1.0,0.9991659716430358,1.0,0
833,833,1582380000000,2.396,2.396,2.396,2.396,311.735,1.0,1.0,1.0,1.0,1
834,834,1582383600000,2.346,2.361,2.346,2.361,32.318,1.0,1.0,0.9936467598475222,0.9936467598475222,1
835,835,1582387200000,2.386,2.386,2.367,2.38,100.535,0.997485331098072,1.0,0.9920368818105616,1.0,1
836,836,1582390800000,2.389,2.396,2.389,2.396,45.308,1.0,1.0,0.9970784641068446,0.9970784641068446,1
837,837,1582394400000,2.385,2.385,2.385,2.385,15.123,1.0,1.0,1.0,1.0,1
838,838,1582398000000,2.385,2.385,2.385,2.385,0.0,1.0,1.0,1.0,1.0,1
839,839,1582401600000,2.385,2.385,2.385,2.385,0.0,1.0,1.0,1.0,1.0,1
840,840,1582405200000,2.385,2.385,2.385,2.385,0.0,1.0,1.0,1.0,1.0,0
841,841,1582408800000,2.405,2.407,2.405,2.407,100.5,1.0,1.0,0.9991690901537182,0.9991690901537182,0
842,842,1582412400000,2.388,2.388,2.388,2.388,9.99,1.0,1.0,1.0,1.0,1
843,843,1582416000000,2.395,2.395,2.395,2.395,11.931,1.0,1.0,1.0,1.0,1
844,844,1582419600000,2.395,2.395,2.395,2.395,0.0,1.0,1.0,1.0,1.0,1
845,845,1582423200000,2.395,2.395,2.395,2.395,0.0,1.0,1.0,1.0,1.0,1
846,846,1582426800000,2.423,2.455,2.423,2.455,121.142,1.0,1.0,0.9869653767820774,0.9869653767820774,0
847,847,1582430400000,2.451,2.452,2.451,2.452,37.142,1.0,1.0,0.9995921696574226,0.9995921696574226,1
848,848,1582434000000,2.473,2.473,2.468,2.468,11.146,0.9979781641730692,1.0,0.9979781641730692,1.0,1
849,849,1582437600000,2.476,2.476,2.476,2.476,27.597,1.0,1.0,1.0,1.0,0
850,850,1582441200000,2.476,2.476,2.476,2.476,0.0,1.0,1.0,1.0,1.0,1
851,851,1582444800000,2.476,2.476,2.476,2.476,0.0,1.0,1.0,1.0,1.0,1
852,852,1582448400000,2.476,2.476,2.476,2.476,0.0,1.0,1.0,1.0,1.0,0
853,853,1582452000000,2.457,2.47,2.457,2.47,108.37,1.0,1.0,0.994736842105263,0.994736842105263,0
854,854,1582455600000,2.47,2.47,2.47,2.47,0.0,1.0,1.0,1.0,1.0,1
855,855,1582459200000,2.449,2.458,2.449,2.458,448.793,1.0,1.0,0.9963384865744507,0.9963384865744507,0
856,856,1582462800000,2.486,2.486,2.486,2.486,113.714,1.0,1.0,1.0,1.0,1
857,857,1582466400000,2.468,2.468,2.468,2.468,14.809,1.0,1.0,1.0,1.0,1
858,858,1582470000000,2.466,2.466,2.465,2.465,57.104,0.9995944849959447,1.0,0.9995944849959447,1.0,1
859,859,1582473600000,2.469,2.469,2.46,2.46,48.072,0.9963547995139733,1.0,0.9963547995139733,1.0,0
860,860,1582477200000,2.476,2.476,2.476,2.476,20.687,1.0,1.0,1.0,1.0,1
861,861,1582480800000,2.476,2.476,2.476,2.476,0.0,1.0,1.0,1.0,1.0,1
862,862,1582484400000,2.476,2.476,2.476,2.476,0.0,1.0,1.0,1.0,1.0,1
863,863,1582488000000,2.487,2.487,2.487,2.487,20.794,1.0,1.0,1.0,1.0,0
864,864,1582491600000,2.487,2.487,2.487,2.487,0.0,1.0,1.0,1.0,1.0,1
865,865,1582495200000,2.476,2.495,2.476,2.495,129.267,1.0,1.0,0.9923847695390781,0.9923847695390781,0
866,866,1582498800000,2.507,2.512,2.501,2.501,440.173,0.9956210191082802,1.0,0.9956210191082802,0.9980095541401275,0
867,867,1582502400000,2.501,2.501,2.491,2.491,108.074,0.996001599360256,1.0,0.996001599360256,1.0,1
868,868,1582506000000,2.489,2.489,2.47,2.47,30.002,0.9923664122137406,1.0,0.9923664122137406,1.0,1
869,869,1582509600000,2.47,2.479,2.406,2.436,830.143,0.9826542960871318,1.0,0.9705526421944333,0.9963695038321905,0
870,870,1582513200000,2.415,2.415,2.415,2.415,19.242,1.0,1.0,1.0,1.0,1
871,871,1582516800000,2.385,2.385,2.381,2.381,84.459,0.9983228511530399,1.0,0.9983228511530399,1.0,1
872,872,1582520400000,2.391,2.391,2.391,2.391,50.0,1.0,1.0,1.0,1.0,1
873,873,1582524000000,2.391,2.391,2.391,2.391,0.0,1.0,1.0,1.0,1.0,1
874,874,1582527600000,2.384,2.384,2.38,2.38,42.754,0.9983221476510067,1.0,0.9983221476510067,1.0,0
875,875,1582531200000,2.401,2.401,2.401,2.401,18.186,1.0,1.0,1.0,1.0,1
876,876,1582534800000,2.389,2.397,2.389,2.397,172.844,1.0,1.0,0.9966624947851481,0.9966624947851481,0
877,877,1582538400000,2.397,2.397,2.397,2.397,0.0,1.0,1.0,1.0,1.0,1
878,878,1582542000000,2.419,2.423,2.419,2.423,43.74,1.0,1.0,0.998349153941395,0.998349153941395,1
879,879,1582545600000,2.433,2.433,2.433,2.433,11.463,1.0,1.0,1.0,1.0,1
880,880,1582549200000,2.433,2.433,2.433,2.433,0.0,1.0,1.0,1.0,1.0,1
881,881,1582552800000,2.433,2.433,2.433,2.433,0.0,1.0,1.0,1.0,1.0,1
882,882,1582556400000,2.433,2.433,2.433,2.433,0.0,1.0,1.0,1.0,1.0,0
883,883,1582560000000,2.367,2.371,2.367,2.371,34.209,1.0,1.0,0.9983129481231547,0.9983129481231547,0
884,884,1582563600000,2.31,2.311,2.31,2.311,276.294,1.0,1.0,0.9995672868887928,0.9995672868887928,0
885,885,1582567200000,2.284,2.321,2.284,2.321,208.354,1.0,1.0,0.9840585954330029,0.9840585954330029,0
886,886,1582570800000,2.321,2.321,2.321,2.321,0.0,1.0,1.0,1.0,1.0,1
887,887,1582574400000,2.327,2.327,2.318,2.318,35.4,0.996132359260851,1.0,0.996132359260851,1.0,1
888,888,1582578000000,2.318,2.318,2.318,2.318,0.0,1.0,1.0,1.0,1.0,1
889,889,1582581600000,2.318,2.318,2.318,2.318,0.0,1.0,1.0,1.0,1.0,1
890,890,1582585200000,2.332,2.358,2.332,2.358,83.869,1.0,1.0,0.9889737065309583,0.9889737065309583,0
891,891,1582588800000,2.346,2.346,2.336,2.342,627.924,0.9982949701619779,1.0,0.9957374254049445,1.0,0
892,892,1582592400000,2.342,2.342,2.342,2.342,0.0,1.0,1.0,1.0,1.0,1
893,893,1582596000000,2.318,2.489,2.318,2.489,195.648,1.0,1.0,0.9312977099236642,0.9312977099236642,1
894,894,1582599600000,2.484,2.612,2.47,2.612,770.821,1.0,1.0,0.945635528330781,0.9509954058192955,0
895,895,1582603200000,2.615,2.615,2.507,2.507,208.795,0.9586998087954111,1.0,0.9586998087954111,1.0,1
896,896,1582606800000,2.5,2.514,2.479,2.479,112.448,0.9860779634049325,1.0,0.9860779634049325,0.9944311853619731,1
897,897,1582610400000,2.483,2.483,2.4,2.416,758.112,0.9730165122835279,1.0,0.9665726943213854,1.0,0
898,898,1582614000000,2.43,2.435,2.4,2.4,1862.371,0.9856262833675564,1.0,0.9856262833675564,0.997946611909651,0
899,899,1582617600000,2.4,2.4,2.4,2.4,0.0,1.0,1.0,1.0,1.0,1
900,900,1582621200000,2.461,2.467,2.461,2.467,28.967,1.0,1.0,0.9975678962302391,0.9975678962302391,1
901,901,1582624800000,2.455,2.465,2.455,2.461,215.443,0.9983772819472616,1.0,0.9959432048681542,0.9959432048681542,0
902,902,1582628400000,2.444,2.476,2.423,2.476,203.322,1.0,1.0,0.97859450726979,0.987075928917609,0
903,903,1582632000000,2.476,2.476,2.476,2.476,0.0,1.0,1.0,1.0,1.0,1
904,904,1582635600000,2.476,2.476,2.465,2.465,17.917,0.995557350565428,1.0,0.995557350565428,1.0,1
905,905,1582639200000,2.456,2.458,2.407,2.407,340.546,0.9792514239218877,1.0,0.9792514239218877,0.9991863303498778,0
906,906,1582642800000,2.4,2.417,2.4,2.4,969.11,0.992966487381051,1.0,0.992966487381051,0.992966487381051,0
907,907,1582646400000,2.392,2.394,2.358,2.36,102.042,0.985797827903091,1.0,0.9849624060150376,0.9991645781119465,1
908,908,1582650000000,2.356,2.388,2.348,2.388,97.518,1.0,1.0,0.983249581239531,0.9865996649916248,1
909,909,1582653600000,2.41,2.427,2.41,2.427,205.012,1.0,1.0,0.9929954676555418,0.9929954676555418,0
910,910,1582657200000,2.399,2.412,2.399,2.411,88.64,0.9995854063018242,1.0,0.9946102819237148,0.9946102819237148,1
911,911,1582660800000,2.414,2.43,2.414,2.43,936.062,1.0,1.0,0.9934156378600822,0.9934156378600822,0
912,912,1582664400000,2.384,2.408,2.384,2.408,243.224,1.0,1.0,0.9900332225913622,0.9900332225913622,1
913,913,1582668000000,2.425,2.425,2.425,2.425,29.878,1.0,1.0,1.0,1.0,1
914,914,1582671600000,2.418,2.418,2.387,2.387,184.509,0.9871794871794871,1.0,0.9871794871794871,1.0,0
915,915,1582675200000,2.391,2.404,2.388,2.404,213.104,1.0,1.0,0.9933444259567388,0.9945923460898503,0
916,916,1582678800000,2.343,2.343,2.282,2.301,692.202,0.9820742637644047,1.0,0.9739650021340163,1.0,0
917,917,1582682400000,2.259,2.259,2.159,2.239,662.572,0.9911465250110668,1.0,0.9557326250553342,1.0,0
918,918,1582686000000,2.197,2.21,2.19,2.21,250.193,1.0,1.0,0.9909502262443439,0.9941176470588236,1
919,919,1582689600000,2.2,2.218,2.2,2.218,299.813,1.0,1.0,0.9918845807033364,0.9918845807033364,1
920,920,1582693200000,2.214,2.214,2.214,2.214,10.372,1.0,1.0,1.0,1.0,1
921,921,1582696800000,2.219,2.219,2.219,2.219,45.454,1.0,1.0,1.0,1.0,1
922,922,1582700400000,2.218,2.218,2.197,2.197,42.7,0.9905320108205591,1.0,0.9905320108205591,1.0,0
923,923,1582704000000,2.189,2.189,2.189,2.189,15.907,1.0,1.0,1.0,1.0,1
924,924,1582707600000,2.19,2.19,2.178,2.189,103.832,0.9995433789954339,1.0,0.9945205479452055,1.0,0
925,925,1582711200000,2.197,2.201,2.197,2.201,65.72,1.0,1.0,0.9981826442526125,0.9981826442526125,0
926,926,1582714800000,2.183,2.183,2.183,2.183,15.611,1.0,1.0,1.0,1.0,1
927,927,1582718400000,2.183,2.183,2.183,2.183,0.0,1.0,1.0,1.0,1.0,1
928,928,1582722000000,2.182,2.182,2.15,2.15,48.069,0.9853345554537122,1.0,0.9853345554537122,1.0,0
929,929,1582725600000,2.143,2.16,2.131,2.16,344.53,1.0,1.0,0.9865740740740739,0.9921296296296295,0
930,930,1582729200000,2.155,2.155,2.139,2.142,79.841,0.9939675174013921,1.0,0.9925754060324826,1.0,1
931,931,1582732800000,2.111,2.111,2.062,2.078,87.788,0.9843675982946469,1.0,0.9767882520132637,1.0,1
932,932,1582736400000,2.062,2.079,2.054,2.054,62.327,0.9879749879749878,1.0,0.9879749879749878,0.9918229918229916,1
933,933,1582740000000,2.115,2.135,2.115,2.132,302.0,0.9985948477751758,1.0,0.9906323185011712,0.9906323185011712,0
934,934,1582743600000,2.133,2.133,2.107,2.133,56.357,1.0,1.0,0.9878105954055322,1.0,1
935,935,1582747200000,2.121,2.121,2.113,2.113,35.806,0.9962281942479962,1.0,0.9962281942479962,1.0,1
936,936,1582750800000,2.116,2.116,2.097,2.097,201.456,0.9910207939508506,1.0,0.9910207939508506,1.0,0
937,937,1582754400000,2.094,2.107,2.089,2.107,319.501,1.0,1.0,0.9914570479354531,0.993830090175605,0
938,938,1582758000000,2.106,2.106,2.106,2.106,203.641,1.0,1.0,1.0,1.0,1
939,939,1582761600000,2.106,2.106,2.043,2.047,420.786,0.9719848053181388,1.0,0.9700854700854702,1.0,0
940,940,1582765200000,2.0,2.084,2.0,2.084,164.25,1.0,1.0,0.9596928982725528,0.9596928982725528,1
941,941,1582768800000,2.057,2.06,2.057,2.06,21.112,1.0,1.0,0.9985436893203883,0.9985436893203883,1
942,942,1582772400000,2.07,2.07,2.064,2.064,41.458,0.9971014492753624,1.0,0.9971014492753624,1.0,1
943,943,1582776000000,2.067,2.085,2.067,2.085,67.066,1.0,1.0,0.9913669064748203,0.9913669064748203,0
944,944,1582779600000,2.108,2.108,2.108,2.108,14.495,1.0,1.0,1.0,1.0,1
945,945,1582783200000,2.108,2.126,2.108,2.115,137.602,0.9948259642521168,1.0,0.9915333960489182,0.9915333960489182,0
946,946,1582786800000,2.115,2.115,2.115,2.115,0.0,1.0,1.0,1.0,1.0,1
947,947,1582790400000,2.132,2.156,2.132,2.156,30.988,1.0,1.0,0.9888682745825603,0.9888682745825603,1
948,948,1582794000000,2.156,2.156,2.156,2.156,0.0,1.0,1.0,1.0,1.0,1
949,949,1582797600000,2.156,2.156,2.156,2.156,0.0,1.0,1.0,1.0,1.0,1
950,950,1582801200000,2.133,2.133,2.133,2.133,56.257,1.0,1.0,1.0,1.0,0
951,951,1582804800000,2.133,2.169,2.133,2.139,177.041,0.9861687413554633,1.0,0.983402489626556,0.983402489626556,0
952,952,1582808400000,2.139,2.139,2.139,2.139,0.0,1.0,1.0,1.0,1.0,1
953,953,1582812000000,2.139,2.139,2.139,2.139,0.0,1.0,1.0,1.0,1.0,1
954,954,1582815600000,2.173,2.18,2.173,2.18,78.236,1.0,1.0,0.9967889908256881,0.9967889908256881,0
955,955,1582819200000,2.18,2.208,2.18,2.208,97.565,1.0,1.0,0.9873188405797101,0.9873188405797101,0
956,956,1582822800000,2.203,2.203,2.203,2.203,5.0,1.0,1.0,1.0,1.0,1
957,957,1582826400000,2.192,2.193,2.192,2.193,34.044,1.0,1.0,0.9995440036479709,0.9995440036479709,1
958,958,1582830000000,2.16,2.186,2.16,2.186,451.12,1.0,1.0,0.9881061299176579,0.9881061299176579,0
959,959,1582833600000,2.186,2.186,2.186,2.186,0.0,1.0,1.0,1.0,1.0,1
960,960,1582837200000,2.115,2.115,2.115,2.115,26.4,1.0,1.0,1.0,1.0,1
961,961,1582840800000,2.096,2.096,2.096,2.096,52.8,1.0,1.0,1.0,1.0,0
962,962,1582844400000,2.096,2.096,2.096,2.096,0.0,1.0,1.0,1.0,1.0,1
963,963,1582848000000,2.132,2.132,2.132,2.132,22.985,1.0,1.0,1.0,1.0,1
964,964,1582851600000,2.161,2.161,2.161,2.161,34.0,1.0,1.0,1.0,1.0,0
965,965,1582855200000,2.157,2.157,2.154,2.154,46.22,0.9986091794158553,1.0,0.9986091794158553,1.0,0
966,966,1582858800000,2.154,2.154,2.154,2.154,0.0,1.0,1.0,1.0,1.0,1
967,967,1582862400000,2.122,2.122,2.122,2.122,11.765,1.0,1.0,1.0,1.0,1
968,968,1582866000000,2.1,2.104,2.094,2.104,166.108,1.0,1.0,0.9952471482889733,0.9980988593155894,0
969,969,1582869600000,2.089,2.089,2.067,2.067,546.945,0.9894686452848254,1.0,0.9894686452848254,1.0,0
970,970,1582873200000,2.057,2.064,2.05,2.054,178.621,0.9951550387596898,1.0,0.9932170542635658,0.9966085271317829,1
971,971,1582876800000,2.052,2.052,2.052,2.052,6.849,1.0,1.0,1.0,1.0,1
972,972,1582880400000,2.04,2.04,2.006,2.006,164.578,0.9833333333333332,1.0,0.9833333333333332,1.0,0
973,973,1582884000000,2.002,2.027,2.0,2.012,59.055,0.9925999013320177,1.0,0.9866798223976319,0.9876665022200294,1
974,974,1582887600000,2.068,2.068,2.068,2.068,11.743,1.0,1.0,1.0,1.0,1
975,975,1582891200000,2.068,2.068,2.068,2.068,0.0,1.0,1.0,1.0,1.0,1
976,976,1582894800000,2.068,2.072,2.068,2.072,29.465,1.0,1.0,0.9980694980694981,0.9980694980694981,0
977,977,1582898400000,2.072,2.072,2.072,2.072,0.0,1.0,1.0,1.0,1.0,1
978,978,1582902000000,2.072,2.072,2.072,2.072,0.0,1.0,1.0,1.0,1.0,1
979,979,1582905600000,2.072,2.072,2.072,2.072,0.0,1.0,1.0,1.0,1.0,0
980,980,1582909200000,2.026,2.026,2.026,2.026,94.207,1.0,1.0,1.0,1.0,0
981,981,1582912800000,2.03,2.03,2.03,2.03,9.429,1.0,1.0,1.0,1.0,1
982,982,1582916400000,2.013,2.013,2.0,2.0,196.269,0.9935419771485345,1.0,0.9935419771485345,1.0,0
983,983,1582920000000,2.023,2.032,2.023,2.032,266.045,1.0,1.0,0.9955708661417323,0.9955708661417323,0
984,984,1582923600000,2.032,2.032,2.032,2.032,0.0,1.0,1.0,1.0,1.0,1
985,985,1582927200000,2.057,2.096,2.057,2.096,38.225,1.0,1.0,0.9813931297709922,0.9813931297709922,1
986,986,1582930800000,2.096,2.096,2.096,2.096,5.664,1.0,1.0,1.0,1.0,1
987,987,1582934400000,2.096,2.096,2.096,2.096,0.0,1.0,1.0,1.0,1.0,1
988,988,1582938000000,2.096,2.096,2.096,2.096,0.0,1.0,1.0,1.0,1.0,1
989,989,1582941600000,2.08,2.082,2.08,2.082,30.0,1.0,1.0,0.9990393852065322,0.9990393852065322,0
990,990,1582945200000,2.082,2.082,2.082,2.082,0.0,1.0,1.0,1.0,1.0,1
991,991,1582948800000,2.082,2.082,2.082,2.082,0.0,1.0,1.0,1.0,1.0,1
992,992,1582952400000,2.115,2.115,2.115,2.115,26.4,1.0,1.0,1.0,1.0,0
993,993,1582956000000,2.115,2.115,2.115,2.115,0.0,1.0,1.0,1.0,1.0,1
994,994,1582959600000,2.115,2.115,2.115,2.115,0.0,1.0,1.0,1.0,1.0,1
995,995,1582963200000,2.115,2.115,2.115,2.115,0.0,1.0,1.0,1.0,1.0,0
996,996,1582966800000,2.057,2.057,2.057,2.057,25.11,1.0,1.0,1.0,1.0,0
997,997,1582970400000,2.057,2.057,2.057,2.057,1.29,1.0,1.0,1.0,1.0,1
998,998,1582974000000,2.043,2.043,2.043,2.043,24.473,1.0,1.0,1.0,1.0,0
999,999,1582977600000,2.043,2.043,2.043,2.043,0.0,1.0,1.0,1.0,1.0,1
