0,1
1574006400000,1000.0 
1574020800000,1000.0 
1574035200000,1000.0 
1574049600000,1000.0 
1574064000000,1000.0 
1574078400000,1000.0 
1574092800000,1000.0 
1574107200000,1000.0 
1574121600000,1000.0 
1574136000000,1000.0 
1574150400000,1000.0 
1574164800000,1000.0 
1574179200000,1000.0 
1574193600000,1000.0 
1574208000000,1000.0 
1574222400000,1000.0 
1574236800000,1000.0 
1574251200000,1000.0 
1574265600000,999.3024875621891 
1574280000000,998.7333264159391 
1574294400000,998.8421845370248 
1574308800000,998.1446720992137 
1574323200000,995.1770176167813 
1574337600000,987.1031497202217 
1574352000000,987.2388121227276 
1574366400000,986.5412996849166 
1574380800000,985.8388142035536 
1574395200000,983.5378477583413 
1574409600000,964.5615458099508 
1574424000000,966.1684931632103 
1574438400000,966.1684931632103 
1574452800000,965.4709807253994 
1574467200000,965.7008293649089 
1574481600000,965.003316927098 
1574496000000,964.1656167177212 
1574510400000,967.0300014705372 
1574524800000,967.0300014705372 
1574539200000,967.0300014705372 
1574553600000,966.3324890327262 
1574568000000,965.6405347631674 
1574582400000,965.6405347631674 
1574596800000,964.9430223253564 
1574611200000,965.6571919874469 
1574625600000,964.9596795496359 
1574640000000,961.4762550960193 
1574654400000,960.5205878076639 
1574668800000,960.5205878076639 
1574683200000,960.5205878076639 
1574697600000,959.8230753698529 
1574712000000,958.2111874396211 
1574726400000,960.0752941544467 
1574740800000,959.3777817166358 
1574755200000,958.4880283966531 
1574769600000,956.6529659264756 
1574784000000,955.5324226855712 
1574798400000,958.4251976950518 
1574812800000,957.7276852572409 
1574827200000,957.4570625353181 
1574841600000,957.4570625353181 
1574856000000,957.4570625353181 
1574870400000,957.4570625353181 
1574884800000,956.7595500975071 
1574899200000,955.6469712947377 
1574913600000,955.5612184020994 
1574928000000,954.8637059642883 
1574942400000,956.6741616970705 
1574956800000,956.7161663968914 
1574971200000,954.268196295943 
1574985600000,954.9369483364443 
1575000000000,955.4453913010472 
1575014400000,955.7022048455211 
1575028800000,958.4669382365737 
1575043200000,958.380802016688 
1575057600000,958.0947446938578 
1575072000000,958.5528086039288 
1575086400000,958.407786048535 
1575100800000,957.2579738540734 
1575115200000,956.1479066129234 
1575129600000,955.1661132177451 
1575144000000,955.6510282333977 
1575158400000,952.2408048982636 
1575172800000,952.6221703532821 
1575187200000,952.9655188964375 
1575201600000,952.2942412568964 
1575216000000,952.5925277961301 
1575230400000,953.8280774316815 
1575244800000,953.419196239755 
1575259200000,951.7263802517242 
1575273600000,952.3141801966847 
1575288000000,952.5740510452596 
1575302400000,952.2651304048054 
1575316800000,952.5771083493604 
1575331200000,953.0428819828163 
1575345600000,952.2459890226086 
1575360000000,951.9467719995181 
1575374400000,952.8917448192205 
1575388800000,952.6938176102549 
1575403200000,952.4755526827051 
1575417600000,950.3995102719422 
1575432000000,950.4969452243745 
1575446400000,951.0699903538917 
1575460800000,954.7820892374214 
1575475200000,954.8344621859321 
1575489600000,950.9478311161217 
1575504000000,951.2118226789195 
1575518400000,952.1197090706157 
1575532800000,953.494033727094 
1575547200000,952.9483714082195 
1575561600000,953.6418477340583 
1575576000000,954.1268956759762 
1575590400000,953.3230905499752 
1575604800000,953.4617326446369 
1575619200000,953.0543136416283 
1575633600000,953.261146910366 
1575648000000,954.2176843151458 
1575662400000,955.5307299633413 
1575676800000,955.7642814113955 
1575691200000,956.0375778127611 
1575705600000,955.4335608634394 
1575720000000,955.4335608634394 
1575734400000,955.363641647915 
1575748800000,955.1589351994212 
1575763200000,953.7200083780286 
1575777600000,954.3615105341524 
1575792000000,955.3052870174677 
1575806400000,955.7398229785884 
1575820800000,955.7774411116558 
1575835200000,955.4617412316736 
1575849600000,955.1399267434897 
1575864000000,954.8860375768513 
1575878400000,954.9502409629698 
1575892800000,953.8882930298423 
1575907200000,954.0561789028602 
1575921600000,953.0045992184226 
1575936000000,953.417069419511 
1575950400000,953.0448758767951 
1575964800000,953.0443441717341 
1575979200000,951.369606155778 
1575993600000,951.4102815929461 
1576008000000,951.4828593337758 
1576022400000,951.1726094306691 
1576036800000,950.9508884202227 
1576051200000,951.4102815929461 
1576065600000,950.3668104106893 
1576080000000,950.9621871527694 
1576094400000,950.9504896414269 
1576108800000,950.373988429013 
1576123200000,950.3186911026667 
1576137600000,950.9693651710932 
1576152000000,950.6224276187759 
1576166400000,951.0262576126227 
1576180800000,951.0703891326875 
1576195200000,951.1166474729964 
1576209600000,951.1166474729964 
1576224000000,951.4431143804643 
1576238400000,951.6631073494625 
1576252800000,951.6185770506019 
1576267200000,951.5783003922294 
1576281600000,951.6361233176156 
1576296000000,951.7513703895922 
1576310400000,950.4647770681827 
1576324800000,948.842279074472 
1576339200000,949.608598993671 
1576353600000,949.4843129356569 
1576368000000,949.0667915364888 
1576382400000,950.3310532453355 
1576396800000,949.7929677235805 
1576411200000,949.7444496367622 
1576425600000,949.7670471018557 
1576440000000,950.1082688247669 
1576454400000,949.4392509317352 
1576468800000,949.0697159143244 
1576483200000,949.5110311149733 
1576497600000,949.5832100770072 
1576512000000,946.9192347950183 
1576526400000,946.8517082522684 
1576540800000,946.4934719674044 
1576555200000,946.4934719674044 
1576569600000,947.4054790733235 
1576584000000,944.5988739087154 
1576598400000,943.1972993678597 
1576612800000,943.0590560519938 
1576627200000,944.5044962603839 
1576641600000,943.2351833534575 
1576656000000,943.6259865733092 
1576670400000,945.8532990739332 
1576684800000,947.5152761684247 
1576699200000,952.0828884951399 
1576713600000,950.5183463530807 
1576728000000,949.6347854679263 
1576742400000,950.6742688622256 
1576756800000,949.3919291813042 
1576771200000,950.6688188853501 
1576785600000,950.6688188853501 
1576800000000,950.6688188853501 
1576814400000,950.6688188853501 
1576828800000,950.6688188853501 
1576843200000,950.5183463530807 
1576857600000,950.7679818792308 
1576872000000,951.0932524503114 
1576886400000,950.582416812934 
1576900800000,950.6435628949515 
1576915200000,950.6435628949515 
1576929600000,950.6435628949515 
1576944000000,950.3898066545785 
1576958400000,950.4159931288339 
1576972800000,950.2944985223902 
1576987200000,950.8335145280018 
1577001600000,950.8335145280018 
1577016000000,950.8335145280018 
1577030400000,953.6043625272562 
1577044800000,954.6236411292366 
1577059200000,955.9934462926963 
1577073600000,955.2619530549944 
1577088000000,955.2619530549944 
1577102400000,956.1027116827364 
1577116800000,953.8347237449443 
1577131200000,952.8029500740298 
1577145600000,952.5389585112321 
1577160000000,952.7629392681879 
1577174400000,953.3133869326116 
1577188800000,951.8733967010969 
1577203200000,951.8733967010969 
1577217600000,951.8733967010969 
1577232000000,951.8733967010969 
1577246400000,951.8733967010969 
1577260800000,951.3314563176496 
1577275200000,950.6898212352605 
1577289600000,951.4005779755826 
1577304000000,950.9889053320858 
1577318400000,950.8248743207603 
1577332800000,950.8248743207603 
1577347200000,950.8248743207603 
1577361600000,950.8248743207603 
1577376000000,951.8293981072973 
1577390400000,950.8961227989373 
1577404800000,951.2415981623368 
1577419200000,950.7039114193776 
1577433600000,950.2744266563366 
1577448000000,950.9157958861952 
1577462400000,951.0278527278057 
1577476800000,951.2049105131262 
1577491200000,951.2049105131262 
1577505600000,951.2049105131262 
1577520000000,951.2049105131262 
1577534400000,951.2049105131262 
1577548800000,952.9814700482682 
1577563200000,952.4190590199714 
1577577600000,952.4190590199714 
1577592000000,952.2886583537556 
1577606400000,952.2886583537556 
1577620800000,953.534576237997 
1577635200000,953.7044560049937 
1577649600000,953.6120722506411 
1577664000000,952.9591384357052 
1577678400000,953.3930097654998 
1577692800000,952.3345179152689 
1577707200000,951.8187640060769 
1577721600000,951.4354046570795 
1577736000000,951.7069730169968 
1577750400000,951.7069730169968 
1577764800000,951.476213020513 
1577779200000,951.476213020513 
1577793600000,951.476213020513 
1577808000000,951.476213020513 
1577822400000,950.7620001972944 
1577836800000,951.1481509978621 
1577851200000,951.1481509978621 
1577865600000,951.1481509978621 
1577880000000,951.1481509978621 
1577894400000,951.3674793355339 
1577908800000,951.1893581400913 
1577923200000,950.2364097444735 
1577937600000,950.0784933413497 
1577952000000,950.0784933413497 
1577966400000,950.0823482030421 
1577980800000,947.8481235366249 
1577995200000,947.8481235366249 
1578009600000,947.6342451758285 
1578024000000,950.8999776606297 
1578038400000,952.1413760518524 
1578052800000,952.1413760518524 
1578067200000,953.2390811503336 
1578081600000,952.7460576325004 
1578096000000,952.7460576325004 
1578110400000,953.0867476503506 
1578124800000,952.7096358358203 
1578139200000,952.7096358358203 
1578153600000,952.7096358358203 
1578168000000,952.7096358358203 
1578182400000,954.2543719643564 
1578196800000,954.2543719643564 
1578211200000,954.2543719643564 
1578225600000,954.2543719643564 
1578240000000,954.1298200538118 
1578254400000,954.1298200538118 
1578268800000,955.493643535335 
1578283200000,955.604902819354 
1578297600000,955.4766289733823 
1578312000000,955.3898281221703 
1578326400000,955.487927705929 
1578340800000,958.0600509386261 
1578355200000,959.2539946531525 
1578369600000,959.6179467674225 
1578384000000,959.6179467674225 
1578398400000,958.8751547971739 
1578412800000,962.7468981252756 
1578427200000,964.1460799933567 
1578441600000,965.2300936865166 
1578456000000,965.7754901528607 
1578470400000,966.4365324699771 
1578484800000,965.6162444870844 
1578499200000,962.4188361026246 
1578513600000,963.0976905392853 
1578528000000,961.1838181721342 
1578542400000,961.1838181721342 
1578556800000,961.1838181721342 
1578571200000,960.1457969667528 
1578585600000,959.2741994454714 
1578600000000,959.2498739389296 
1578614400000,959.5330068839241 
1578628800000,957.893095549465 
1578643200000,958.8062989917714 
1578657600000,962.4088666327305 
1578672000000,962.4956674839424 
1578686400000,963.1383659764535 
1578700800000,963.8392861731467 
1578715200000,962.7090141396777 
1578729600000,962.7090141396777 
1578744000000,962.6279291178718 
1578758400000,963.5743641264921 
1578772800000,961.9162418936929 
1578787200000,962.8274514420206 
1578801600000,962.5915073211918 
1578816000000,963.2278253529706 
1578830400000,963.5303655326925 
1578844800000,963.1076600091794 
1578859200000,963.7922302752461 
1578873600000,962.8765012338998 
1578888000000,962.516802760118 
1578902400000,962.9276778460232 
1578916800000,962.9276778460232 
1578931200000,962.9484151409608 
1578945600000,962.9484151409608 
1578960000000,962.9484151409608 
1578974400000,962.9484151409608 
1578988800000,962.2509027031499 
1579003200000,964.4543088423034 
1579017600000,964.4543088423034 
1579032000000,964.4543088423034 
1579046400000,963.7567964044924 
1579060800000,962.3797249858086 
1579075200000,961.6822125479977 
1579089600000,960.7681326125821 
1579104000000,960.315413762226 
1579118400000,960.315413762226 
1579132800000,959.617901324415 
1579147200000,959.1795525988678 
1579161600000,959.1718797063429 
1579176000000,958.474367268532 
1579190400000,957.8608866179343 
1579204800000,959.0553324115456 
1579219200000,959.0553324115456 
1579233600000,959.0553324115456 
1579248000000,958.3578199737346 
1579262400000,956.5814706756986 
1579276800000,957.2558274530229 
1579291200000,958.2162698182922 
1579305600000,958.2162698182922 
1579320000000,958.2162698182922 
1579334400000,958.2162698182922 
1579348800000,957.5187573804812 
1579363200000,957.482251656648 
1579377600000,957.482251656648 
1579392000000,957.482251656648 
1579406400000,956.784739218837 
1579420800000,952.0426071717742 
1579435200000,950.4337959948791 
1579449600000,949.7903287778242 
1579464000000,949.7903287778242 
1579478400000,949.0928163400132 
1579492800000,949.2575944990253 
1579507200000,948.5600820612144 
1579521600000,948.8436977737878 
1579536000000,948.1461853359767 
1579550400000,947.0132908154267 
1579564800000,947.1540533426854 
1579579200000,946.4565409048744 
1579593600000,946.5394255179633 
1579608000000,946.5394255179633 
1579622400000,945.8419130801524 
1579636800000,948.2723642742823 
1579651200000,947.5748518364712 
1579665600000,946.9588827846222 
1579680000000,944.9357182213612 
1579694400000,943.7299812759027 
1579708800000,943.7299812759027 
1579723200000,943.7299812759027 
1579737600000,943.0324688380917 
1579752000000,941.9988759582059 
1579766400000,938.4928410132031 
1579780800000,936.4536578532599 
1579795200000,936.4536578532599 
1579809600000,936.4536578532599 
1579824000000,935.7561454154489 
1579838400000,935.5672960397792 
1579852800000,935.5672960397792 
1579867200000,935.5672960397792 
1579881600000,935.5672960397792 
1579896000000,934.8697836019683 
1579910400000,932.6324548846267 
1579924800000,932.9891864935487 
1579939200000,932.2916740557378 
1579953600000,931.7318144417134 
1579968000000,931.850371959067 
1579982400000,931.850371959067 
1579996800000,931.850371959067 
1580011200000,931.850371959067 
1580025600000,931.850371959067 
1580040000000,931.152859521256 
1580054400000,932.2721595949364 
1580068800000,931.5746471571254 
1580083200000,932.2668164390875 
1580097600000,931.5693040012766 
1580112000000,931.7922497761137 
1580126400000,931.7922497761137 
1580140800000,931.7922497761137 
1580155200000,931.0947373383028 
1580169600000,933.1062185941144 
1580184000000,932.4087061563034 
1580198400000,933.2234389314191 
1580212800000,932.5259264936082 
1580227200000,932.6371412185135 
1580241600000,932.6371412185135 
1580256000000,931.9396287807026 
1580270400000,932.0682639825967 
1580284800000,931.3707515447858 
1580299200000,931.2521237891337 
1580313600000,931.2521237891337 
1580328000000,930.5546113513228 
1580342400000,929.4491175123237 
1580356800000,930.0248525688771 
1580371200000,929.931008150956 
1580385600000,930.6887980899086 
1580400000000,930.6887980899086 
1580414400000,930.6887980899086 
1580428800000,929.9912856520976 
1580443200000,928.3362213371099 
1580457600000,927.0542637135534 
1580472000000,924.6504984273329 
1580486400000,925.0958881764632 
1580500800000,925.0958881764632 
1580515200000,925.0958881764632 
1580529600000,925.0958881764632 
1580544000000,924.3983757386522 
1580558400000,924.3966340389757 
1580572800000,924.3966340389757 
1580587200000,924.3966340389757 
1580601600000,923.6991216011647 
1580616000000,924.7136273612091 
1580630400000,924.7136273612091 
1580644800000,924.7136273612091 
1580659200000,924.7136273612091 
1580673600000,924.0161149233982 
1580688000000,924.1295719227094 
1580702400000,923.4320594848984 
1580716800000,922.3904165777677 
1580731200000,920.4598481354235 
1580745600000,920.6387789759767 
1580760000000,919.9412665381658 
1580774400000,919.0856284153799 
1580788800000,917.8958969370003 
1580803200000,914.6115712128048 
1580817600000,914.2634071539284 
1580832000000,913.5658947161173 
1580846400000,913.5414081731848 
1580860800000,913.5414081731848 
1580875200000,913.5414081731848 
1580889600000,913.5414081731848 
1580904000000,913.5414081731848 
1580918400000,913.5414081731848 
1580932800000,912.8438957353737 
1580947200000,912.8230046058737 
1580961600000,912.8230046058737 
1580976000000,912.8230046058737 
1580990400000,912.8230046058737 
1581004800000,912.1254921680627 
1581019200000,912.1987725828151 
1581033600000,911.5012601450042 
1581048000000,911.4476993409578 
1581062400000,911.4476993409578 
1581076800000,911.4476993409578 
1581091200000,910.7501869031469 
1581105600000,911.1117470625359 
1581120000000,910.4142346247249 
1581134400000,910.7180165575434 
1581148800000,910.7180165575434 
1581163200000,910.7180165575434 
1581177600000,910.7180165575434 
1581192000000,910.7180165575434 
1581206400000,910.7180165575434 
1581220800000,910.7180165575434 
1581235200000,910.0205041197324 
1581249600000,909.2714451124413 
1581264000000,908.289762689385 
1581278400000,907.5215706261129 
1581292800000,906.8240581883019 
1581307200000,905.0599605525898 
1581321600000,900.6165625862061 
1581336000000,902.2594286106234 
1581350400000,901.5619161728125 
1581364800000,901.6062946607209 
1581379200000,900.9087822229098 
1581393600000,900.8818964376147 
1581408000000,900.8818964376147 
1581422400000,900.8818964376147 
1581436800000,900.8818964376147 
1581451200000,900.1843839998037 
1581465600000,900.2412851876084 
1581480000000,900.2412851876084 
1581494400000,900.2412851876084 
1581508800000,900.2412851876084 
1581523200000,900.2412851876084 
1581537600000,900.2412851876084 
1581552000000,900.2412851876084 
1581566400000,900.2412851876084 
1581580800000,900.2412851876084 
1581595200000,900.2412851876084 
1581609600000,900.2412851876084 
1581624000000,900.2412851876084 
1581638400000,900.2412851876084 
1581652800000,900.2412851876084 
1581667200000,900.2412851876084 
1581681600000,900.2412851876084 
1581696000000,900.2412851876084 
1581710400000,900.2412851876084 
1581724800000,900.2412851876084 
1581739200000,900.2412851876084 
1581753600000,900.2412851876084 
1581768000000,900.2412851876084 
1581782400000,900.2412851876084 
1581796800000,900.2412851876084 
1581811200000,900.2412851876084 
1581825600000,900.2412851876084 
1581840000000,900.2412851876084 
1581854400000,900.2412851876084 
1581868800000,900.2412851876084 
1581883200000,900.2412851876084 
1581897600000,900.2412851876084 
1581912000000,900.2412851876084 
1581926400000,900.2412851876084 
1581940800000,900.2412851876084 
1581955200000,900.2412851876084 
1581969600000,900.2412851876084 
1581984000000,900.2412851876084 
1581998400000,900.2412851876084 
1582012800000,900.2412851876084 
1582027200000,900.2412851876084 
1582041600000,900.2412851876084 
1582056000000,900.2412851876084 
1582070400000,900.2412851876084 
1582084800000,900.2412851876084 
1582099200000,900.2412851876084 
1582113600000,900.2412851876084 
1582128000000,900.2412851876084 
1582142400000,900.2412851876084 
1582156800000,900.2412851876084 
1582171200000,900.2412851876084 
1582185600000,900.2412851876084 
1582200000000,900.2412851876084 
1582214400000,900.2412851876084 
1582228800000,900.2412851876084 
1582243200000,900.2412851876084 
1582257600000,900.2412851876084 
1582272000000,900.2412851876084 
1582286400000,900.2412851876084 
1582300800000,900.2412851876084 
1582315200000,900.2412851876084 
1582329600000,900.2412851876084 
1582344000000,900.2412851876084 
1582358400000,900.2412851876084 
1582372800000,900.2412851876084 
1582387200000,900.2412851876084 
1582401600000,899.5437727497974 
1582416000000,900.5946889771864 
1582430400000,900.5946889771864 
1582444800000,899.8971765393753 
1582459200000,899.0765646325319 
1582473600000,899.3729901979326 
1582488000000,899.3729901979326 
1582502400000,898.6754777601216 
1582516800000,897.4595090255771 
1582531200000,898.4760202343439 
1582545600000,897.778507796533 
1582560000000,896.3419368598086 
1582574400000,895.5768289942141 
1582588800000,894.8793165564032 
1582603200000,893.1463157676753 
1582617600000,895.2050865188769 
1582632000000,894.507574081066 
1582646400000,894.2416824414179 
1582660800000,893.544170003607 
1582675200000,891.0091947918323 
1582689600000,890.7887914900961 
1582704000000,890.7887914900961 
1582718400000,890.091279052285 
1582732800000,887.3487335391084 
1582747200000,886.3921401832799 
1582761600000,883.1403483014296 
1582776000000,886.3878628948441 
1582790400000,885.6903504570332 
1582804800000,885.6832160634236 
1582819200000,885.2923072110398 
1582833600000,881.4850493714416 
1582848000000,883.2102709168707 
1582862400000,882.5127584790598 
1582876800000,880.4657607906987 
1582891200000,882.0445899505473 
1582905600000,881.3470775127364 
1582920000000,883.6825567363628 
1582934400000,882.9850442985518 
1582948800000,882.3195025124134 
1582963200000,881.2863521444606 
1582977600000,879.5169640281285 
1582992000000,879.5169640281285 
1583006400000,878.8194515903176 
1583020800000,879.4753338458913 
1583035200000,878.7778214080804 
1583049600000,879.7262040049344 
1583064000000,879.0286915671234 
1583078400000,877.9469709753574 
1583092800000,877.3729496316921 
1583107200000,877.3729496316921 
1583121600000,876.6754371938812 
1583136000000,878.1018454846715 
1583150400000,878.1018454846715 
1583164800000,878.1018454846715 
1583179200000,878.1018454846715 
1583193600000,877.4043330468605 
1583208000000,876.5462740145181 
1583222400000,876.7347953546422 
1583236800000,876.7347953546422 
1583251200000,876.7347953546422 
1583265600000,876.7347953546422 
1583280000000,876.7347953546422 
1583294400000,876.7347953546422 
1583308800000,876.7347953546422 
1583323200000,876.7347953546422 
1583337600000,876.7347953546422 
1583352000000,876.7347953546422 
1583366400000,876.7347953546422 
1583380800000,876.7347953546422 
1583395200000,876.7347953546422 
1583409600000,876.7347953546422 
1583424000000,876.7347953546422 
1583438400000,876.7347953546422 
1583452800000,876.7347953546422 
1583467200000,876.7347953546422 
1583481600000,876.7347953546422 
1583496000000,876.7347953546422 
1583510400000,876.7347953546422 
1583524800000,876.7347953546422 
1583539200000,876.7347953546422 
1583553600000,876.7347953546422 
1583568000000,876.7347953546422 
1583582400000,876.7347953546422 
1583596800000,876.7347953546422 
1583611200000,876.7347953546422 
1583625600000,876.7347953546422 
1583640000000,876.7347953546422 
1583654400000,876.7347953546422 
1583668800000,876.7347953546422 
1583683200000,876.7347953546422 
1583697600000,876.7347953546422 
1583712000000,876.7347953546422 
1583726400000,876.7347953546422 
1583740800000,876.7347953546422 
1583755200000,876.7347953546422 
1583769600000,876.7347953546422 
1583784000000,876.7347953546422 
1583798400000,876.7347953546422 
1583812800000,876.7347953546422 
1583827200000,876.7347953546422 
1583841600000,876.7347953546422 
1583856000000,876.7347953546422 
1583870400000,876.7347953546422 
1583884800000,876.7347953546422 
1583899200000,876.7347953546422 
