0,1
1572897600000,999.3024875621891 
1572912000000,998.7423715446517 
1572926400000,996.7267628804007 
1572940800000,999.4548641737215 
1572955200000,1004.2500766456637 
1572969600000,1006.6988351602963 
1572984000000,1007.5552145384474 
1572998400000,1004.0036150855864 
1573012800000,1007.9734369847035 
1573027200000,998.1018163020831 
1573041600000,997.3705851404075 
1573056000000,987.3770925975077 
1573070400000,1003.4641781543706 
1573084800000,992.130095148399 
1573099200000,994.6894042142637 
1573113600000,980.0647809807521 
1573128000000,973.6055723859511 
1573142400000,974.458675407906 
1573156800000,978.236703076563 
1573171200000,982.8678337671752 
1573185600000,971.4118789009244 
1573200000000,956.5435119468542 
1573214400000,932.0472680307222 
1573228800000,944.1125821983692 
1573243200000,940.4564263899913 
1573257600000,948.1343535875849 
1573272000000,948.7437128889813 
1573286400000,951.7905093959629 
1573300800000,942.0407605736217 
1573315200000,941.9188887133425 
1573329600000,945.8187882422789 
1573344000000,943.0157354558557 
1573358400000,952.1561249768006 
1573372800000,951.6686375356836 
1573387200000,951.6686375356836 
1573401600000,963.6120798430514 
1573416000000,968.2432105336635 
1573430400000,975.6773940106985 
1573444800000,956.0560245057371 
1573459200000,951.7905093959629 
1573473600000,956.4216400865749 
1573488000000,966.6588763500331 
1573502400000,953.3748435795933 
1573516800000,951.4248938151251 
1573531200000,949.8405596314946 
1573545600000,948.7437128889813 
1573560000000,944.3563259189278 
1573574400000,954.8373059029445 
1573588800000,953.6185873001518 
1573603200000,950.449918932891 
1573617600000,951.7905093959629 
1573632000000,953.252971719314 
1573646400000,946.793763124513 
1573660800000,947.4031224259095 
1573675200000,946.1844038231167 
1573689600000,949.1093284698189 
1573704000000,936.556526861055 
1573718400000,933.0222429129562 
1573732800000,932.5347554718392 
1573747200000,934.7284489568659 
1573761600000,933.875345934911 
1573776000000,924.9787001345248 
1573790400000,928.5129840826235 
1573804800000,935.8252956993794 
1573819200000,922.6631347892189 
1573833600000,927.0505217592723 
1573848000000,925.7099312962005 
1573862400000,921.2006724658677 
1573876800000,923.2724940906152 
1573891200000,919.3725945616786 
1573905600000,923.7599815317321 
1573920000000,923.4467708508143 
1573934400000,922.7492584130034 
1573948800000,922.1982239489332 
1573963200000,919.9784602159434 
1573977600000,922.3618570146245 
1573992000000,918.5797705667412 
1574006400000,917.8822581289303 
1574020800000,916.8033977140236 
1574035200000,915.547458387222 
1574049600000,915.7772232077921 
1574064000000,907.4259136038072 
1574078400000,909.1665493892576 
1574092800000,890.1727625349017 
1574107200000,884.8892671875975 
1574121600000,883.2338136967745 
1574136000000,886.4804799005406 
1574150400000,869.5707600892596 
1574164800000,889.9977016212869 
1574179200000,897.4379783382504 
1574193600000,899.6024224740945 
1574208000000,894.5971454099553 
1574222400000,897.9790893722114 
1574236800000,884.8571467986575 
1574251200000,887.9685352439333 
1574265600000,879.1754809420671 
1574280000000,875.7935369798109 
1574294400000,882.5574249043233 
1574308800000,869.1649268137888 
1574323200000,849.9554851081738 
1574337600000,838.5921533949929 
1574352000000,834.1279873648148 
1574366400000,831.8282654704806 
1574380800000,832.7752097799123 
1574395200000,826.552432889361 
1574409600000,778.9346619007939 
1574424000000,772.3060517347718 
1574438400000,767.1654969121424 
1574452800000,759.9957757121592 
1574467200000,769.4652188064766 
1574481600000,767.9771634630839 
1574496000000,764.3246639838471 
1574510400000,775.0116069045768 
1574524800000,769.194663289496 
1574539200000,755.9374429574519 
1574553600000,749.44411054992 
1574568000000,746.3327221046443 
1574582400000,747.6854996895468 
1574596800000,712.6485602405727 
1574611200000,721.7121700594193 
1574625600000,711.0252271386898 
1574640000000,691.1393966406234 
1574654400000,670.7124551085961 
1574668800000,693.4391185349577 
1574683200000,729.1524467763829 
1574697600000,707.2374499009628 
1574712000000,692.2216187085454 
1574726400000,703.7202281802165 
1574740800000,701.9616173198432 
1574755200000,703.7202281802165 
1574769600000,699.3913399085286 
1574784000000,697.2268957726845 
1574798400000,698.3091178406066 
1574812800000,685.4577307840331 
1574827200000,685.3224530255428 
1574841600000,688.704396987799 
1574856000000,703.1791171462555 
1574870400000,718.1949483386729 
1574884800000,699.9324509424895 
1574899200000,687.3516194028965 
1574913600000,698.1738400821163 
1574928000000,696.0093959462723 
1574942400000,757.2902205423544 
1574956800000,742.4096671084271 
1574971200000,725.7705028141268 
1574985600000,748.4971662404884 
1575000000000,743.6271669348394 
1575014400000,746.0621665876638 
1575028800000,804.2316027384702 
1575043200000,787.8629939611502 
1575057600000,789.2157715460527 
1575072000000,792.4624377498187 
1575086400000,782.8577168970111 
1575100800000,768.2477189800643 
1575115200000,765.2716082932789 
1575129600000,758.1018870932958 
1575144000000,760.942720021591 
1575158400000,728.6113357424219 
1575172800000,734.4282793575026 
1575187200000,732.9402240141098 
1575201600000,734.4282793575026 
1575216000000,733.3460572895806 
1575230400000,735.1046681499538 
1575244800000,741.5980005574856 
1575259200000,722.3885588518705 
1575273600000,724.5530029877145 
1575288000000,726.8527248820487 
1575302400000,718.1949483386729 
1575316800000,716.5716152367899 
1575331200000,716.4363374782997 
1575345600000,711.701615931141 
1575360000000,702.6380061122945 
1575374400000,719.0066148896143 
1575388800000,715.6246709273581 
1575403200000,710.7546716217092 
1575417600000,698.4443955990968 
1575432000000,691.5452299160943 
1575446400000,696.0093959462723 
1575460800000,712.9191157575533 
1575475200000,717.112726270751 
1575489600000,700.4735619764505 
1575504000000,697.6327290481553 
1575518400000,702.5027283538042 
1575532800000,704.9377280066286 
1575547200000,696.2799514632528 
1575561600000,687.6221749198771 
1575576000000,693.9802295689187 
1575590400000,698.9855066330578 
1575604800000,701.0146730104115 
1575619200000,702.7732838707848 
1575633600000,710.6193938632191 
1575648000000,731.1816131537366 
1575662400000,724.6882807462048 
1575676800000,734.2930015990123 
1575691200000,721.5768923009291 
1575705600000,725.364669538656 
1575720000000,718.0596705801827 
1575734400000,719.953559199046 
1575748800000,727.5291136745 
1575763200000,717.3832817877314 
1575777600000,722.1180033348901 
1575792000000,719.1418926481047 
1575806400000,724.282447470734 
1575820800000,718.3302260971632 
1575835200000,718.4655038556533 
1575849600000,718.7360593726339 
1575864000000,711.16050489718 
1575878400000,710.3488383462386 
1575892800000,719.2771704065949 
1575907200000,718.3302260971632 
1575921600000,709.9430050707679 
1575936000000,710.0782828292581 
1575950400000,708.5902274858654 
1575964800000,700.0677287009797 
1575979200000,691.9510631915649 
1575993600000,688.9749525047795 
1576008000000,693.033285259487 
1576022400000,694.1155073274089 
1576036800000,694.2507850858991 
1576051200000,694.3860628443895 
1576065600000,687.7574526783673 
1576080000000,687.3516194028965 
1576094400000,689.1102302632698 
1576108800000,681.3993980293257 
1576123200000,679.6407871689524 
1576137600000,688.2985637123282 
1576152000000,688.5691192293087 
1576166400000,695.6035626708016 
1576180800000,689.5160635387405 
1576195200000,695.7388404292918 
1576209600000,697.0916180141943 
1576224000000,698.7149511160773 
1576238400000,698.3091178406066 
1576252800000,698.1738400821163 
1576267200000,702.7732838707848 
1576281600000,708.3196719688848 
1576296000000,706.6963388670019 
1576310400000,696.2799514632528 
1576324800000,685.8635640595038 
1576339200000,686.8105083689355 
1576353600000,686.1341195764843 
1576368000000,687.081063885916 
1576382400000,694.7918961198601 
1576396800000,690.1924523311917 
1576411200000,692.6274519840161 
1576425600000,699.7971731839993 
1576440000000,703.9907836971969 
1576454400000,693.3038407764674 
1576468800000,691.4099521576039 
1576483200000,682.8874533727184 
1576497600000,673.9591213123621 
1576512000000,634.4580158332099 
1576526400000,637.1635710030148 
1576540800000,626.4766280822853 
1576555200000,621.7419065351266 
1576569600000,618.101852609671 
1576584000000,617.4043401718601 
1576598400000,614.2669516253104 
1576612800000,613.5694391874995 
1576627200000,615.763580457779 
1576641600000,615.066068019968 
1576656000000,615.8325806198272 
1576670400000,615.8325806198272 
1576684800000,615.1350681820163 
1576699200000,615.1603887980056 
1576713600000,610.0514891162322 
1576728000000,604.9374684847669 
1576742400000,607.3416795348847 
1576756800000,602.1855192656701 
1576771200000,614.7100724202197 
1576785600000,605.9015954763606 
1576800000000,597.7812807937406 
1576814400000,599.9834000297054 
1576828800000,599.0199728639709 
1576843200000,604.6629034061305 
1576857600000,610.9939962095291 
1576872000000,610.4434664005379 
1576886400000,607.6908173555821 
1576900800000,606.0392279286084 
1576915200000,608.1037147123254 
1576929600000,604.1123735971393 
1576944000000,599.9834000297054 
1576958400000,600.94682719544 
1576972800000,602.5984166224135 
1576987200000,600.258664934201 
1577001600000,607.6908173555821 
1577016000000,609.8929365915468 
1577030400000,615.811132038202 
1577044800000,618.0132512741668 
1577059200000,627.2346255747691 
1577073600000,623.243284459583 
1577088000000,623.3809169118308 
1577102400000,624.7572414343088 
1577116800000,610.3058339482902 
1577131200000,605.9015954763606 
1577145600000,604.1123735971393 
1577160000000,593.1017774173156 
1577174400000,597.2307509847494 
1577188800000,593.1017774173156 
1577203200000,595.0286317487847 
1577217600000,588.5599064931383 
1577232000000,583.4675057599699 
1577246400000,584.9814627346956 
1577260800000,579.4761646447837 
1577275200000,576.8611480520757 
1577289600000,584.8438302824478 
1577304000000,575.209558625102 
1577318400000,562.8226379228004 
1577332800000,555.5281179536671 
1577347200000,546.1691112008169 
1577361600000,559.3818266166055 
1577376000000,572.7321744846417 
1577390400000,562.8226379228004 
1577404800000,560.2076213300923 
1577419200000,554.4270583356848 
1577433600000,539.425121040675 
1577448000000,554.7023232401805 
1577462400000,557.5926047373841 
1577476800000,558.5560319031188 
1577491200000,563.5108001840395 
1577505600000,584.1556680212088 
1577520000000,583.4675057599699 
1577534400000,589.6609661111207 
1577548800000,597.5060158892451 
1577563200000,589.1104363021295 
1577577600000,584.9814627346956 
1577592000000,612.5079531842549 
1577606400000,617.6003539174234 
1577620800000,630.4001719764684 
1577635200000,620.7659003191227 
1577649600000,629.0238474539905 
1577664000000,622.6927546505918 
1577678400000,622.4174897460962 
1577692800000,618.4261486309101 
1577707200000,604.9381683106261 
1577721600000,593.2394098695634 
1577736000000,590.8996581813508 
1577750400000,594.7533668442892 
1577764800000,598.0565456982363 
1577779200000,594.3404694875458 
1577793600000,586.082522352678 
1577808000000,582.6417110464831 
1577822400000,577.5493103133145 
1577836800000,583.4675057599699 
1577851200000,584.5685653779522 
1577865600000,586.4954197094213 
1577880000000,592.9641449650678 
1577894400000,589.523333658873 
1577908800000,588.0093766841471 
1577923200000,579.0632672880404 
1577937600000,575.6224559818454 
1577952000000,580.4395918105183 
1577966400000,578.5127374790492 
1577980800000,568.6032009172078 
1577995200000,563.786065088535 
1578009600000,568.8784658217035 
1578024000000,585.2567276391912 
1578038400000,604.8005358583783 
1578052800000,601.6349894566789 
1578067200000,614.572439967972 
1578081600000,620.0777380578837 
1578096000000,611.6821584707682 
1578110400000,615.3982346814586 
1578124800000,610.0305690437946 
1578139200000,613.6090128022373 
1578153600000,648.980553029921 
1578168000000,650.4945100046467 
1578182400000,686.8586554779414 
1578196800000,686.1611430401304 
1578211200000,686.9184651609924 
1578225600000,691.7949316001 
1578240000000,704.1635999660247 
1578254400000,694.6160740169483 
1578268800000,693.9185615791373 
1578283200000,692.9736725227935 
1578297600000,699.0589155554659 
1578312000000,704.1297327129328 
1578326400000,708.2102541463997 
1578340800000,717.6010089089683 
1578355200000,704.7187303091507 
1578369600000,689.4141429127861 
1578384000000,697.3416989742124 
1578398400000,689.5242478580836 
1578412800000,691.6162418187378 
1578427200000,695.029495122963 
1578441600000,697.6720138101051 
1578456000000,688.7535132410005 
1578470400000,695.4699149041534 
1578484800000,686.2210994991561 
1578499200000,665.7415796738048 
1578513600000,671.7973516651722 
1578528000000,673.7792406805288 
1578542400000,675.7611296958853 
1578556800000,659.5757027371401 
1578571200000,665.3011598926146 
1578585600000,649.446047769762 
1578600000000,647.3540538091079 
1578614400000,642.9498559972044 
1578628800000,650.5470972227379 
1578643200000,694.8092852323678 
1578657600000,700.9751621690327 
1578672000000,702.9570511843892 
1578686400000,715.9494347295046 
1578700800000,760.7621474656223 
1578715200000,752.9446963494937 
1578729600000,736.4289545548556 
1578744000000,783.003346415735 
1578758400000,812.841786591381 
1578772800000,795.0047854531718 
1578787200000,826.3846948629841 
1578801600000,813.1721014272738 
1578816000000,797.647304140314 
1578830400000,818.7874536374507 
1578844800000,800.1797178821585 
1578859200000,822.0906019963784 
1578873600000,807.4466442717992 
1578888000000,801.5009772257296 
1578902400000,808.2173788888823 
1578916800000,806.7860146000138 
1578931200000,841.7993872046463 
1578945600000,859.3060735069627 
1578960000000,927.1307198102761 
1578974400000,947.0597149091394 
1578988800000,1014.1136265953699 
1579003200000,1057.3848700973215 
1579017600000,1011.4711079082276 
1579032000000,1076.212815743209 
1579046400000,1337.381745989085 
1579060800000,1328.02282563879 
1579075200000,1376.3588966244306 
1579089600000,1320.5356893585542 
1579104000000,1427.8880110237014 
1579118400000,1562.1059393414596 
1579132800000,1354.1176976743182 
1579147200000,1405.7569170188865 
1579161600000,1510.0263002157012 
1579176000000,1450.4595248097066 
1579190400000,1463.8923281360123 
1579204800000,1500.226960084216 
1579219200000,1447.7069011772671 
1579233600000,1461.6902292300606 
1579248000000,1460.8217214215533 
1579262400000,1460.1242089837424 
1579276800000,1455.9091018401639 
1579291200000,1455.4154987754562 
1579305600000,1454.7179863376452 
1579320000000,1453.369678409301 
1579334400000,1452.6721659714901 
1579348800000,1453.3561032365246 
1579363200000,1445.240375808415 
1579377600000,1443.9118586297213 
1579392000000,1451.521954145484 
1579406400000,1460.7200599158969 
1579420800000,1424.7625744437319 
1579435200000,1413.0798629621852 
1579449600000,1426.1820667005875 
1579464000000,1467.6493043284297 
1579478400000,1430.1019581263754 
1579492800000,1462.5201889274056 
1579507200000,1443.2013429945998 
1579521600000,1596.20863047186 
1579536000000,1571.815862983559 
1579550400000,1519.5263945555992 
1579564800000,1541.7628953046028 
1579579200000,1547.9621621800825 
1579593600000,1563.3255626975758 
1579608000000,1545.266828755961 
1579622400000,1489.3386602054368 
1579636800000,1547.01879548164 
1579651200000,1510.7665609272037 
1579665600000,1546.8840288104338 
1579680000000,1521.6826612948964 
1579694400000,1492.8425936567946 
1579708800000,1498.098493833832 
1579723200000,1495.1336270672982 
1579737600000,1455.9165257463283 
1579752000000,1462.6548593066323 
1579766400000,1426.6721580946082 
1579780800000,1423.033457972044 
1579795200000,1387.9941234584626 
1579809600000,1428.8284248339055 
1579824000000,1360.2321891900096 
1579838400000,1364.140422654986 
1579852800000,1411.7130575907331 
1579867200000,1435.971058407828 
1579881600000,1431.7932916004393 
1579896000000,1401.4707905790708 
1579910400000,1382.4686899390133 
1579924800000,1381.3905565693647 
1579939200000,1387.7245901160504 
1579953600000,1372.226422927351 
1579968000000,1388.263656800875 
1579982400000,1421.8205579311893 
1579996800000,1448.7738921724058 
1580011200000,1480.8483599194533 
1580025600000,1546.4797287968156 
1580040000000,1506.049727434991 
1580054400000,1541.7628953046028 
1580068800000,1546.0754287831974 
1580083200000,1627.2049648492589 
1580097600000,1609.0114642364379 
1580112000000,1606.316130812316 
1580126400000,1645.263698790874 
1580140800000,1603.2164973745762 
1580155200000,1567.0990294913463 
1580169600000,1583.6753300496944 
1580184000000,1552.5442290010892 
1580198400000,1591.626563650853 
1580212800000,1574.6459630788868 
1580227200000,1572.7592296820017 
1580241600000,1608.7419308940257 
1580256000000,1626.9354315068467 
1580270400000,1641.2206986546914 
1580284800000,1640.0077986138367 
1580299200000,1612.2458643453838 
1580313600000,1721.2721013511045 
1580328000000,1690.6800669873237 
1580342400000,1723.83266810402 
1580356800000,1712.7818010651213 
1580371200000,1721.0025680086924 
1580385600000,1716.0162011740672 
1580400000000,1712.9165677363274 
1580414400000,1705.639167491199 
1580428800000,1691.219133672148 
1580443200000,1652.1367990223841 
1580457600000,1631.921798341472 
1580472000000,1605.3727641138737 
1580486400000,1595.4000304446233 
1580500800000,1610.3591309484987 
1580515200000,1645.8027654756984 
1580529600000,1636.3690984912726 
1580544000000,1612.9196977014142 
1580558400000,1612.3806310165899 
1580572800000,1624.3748647539312 
1580587200000,1616.6931644951844 
1580601600000,1584.2143967345187 
1580616000000,1614.267364413475 
1580630400000,1624.6443980963434 
1580644800000,1612.650164359002 
1580659200000,1613.1892310438263 
1580673600000,1603.7555640594005 
1580688000000,1598.7691972247756 
1580702400000,1607.1247308395527 
1580716800000,1600.7906972928668 
1580731200000,1582.866730022458 
1580745600000,1600.1168639368364 
1580760000000,1595.4000304446233 
1580774400000,1597.2867638415087 
1580788800000,1592.974230362914 
1580803200000,1540.1456952501296 
1580817600000,1549.0402955497311 
1580832000000,1531.921154839765 
1580846400000,1531.921154839765 
1580860800000,1531.223642401954 
1580875200000,1534.0918917349989 
1580889600000,1534.0918917349989 
1580904000000,1534.0918917349989 
1580918400000,1534.0918917349989 
1580932800000,1533.394379297188 
1580947200000,1534.6772202743978 
1580961600000,1532.8242456239311 
1580976000000,1528.591983506676 
1580990400000,1522.9100542202523 
1581004800000,1522.1307759594742 
1581019200000,1519.2689333684052 
1581033600000,1520.4122642764064 
1581048000000,1517.015266982391 
1581062400000,1517.5788896593886 
1581076800000,1518.2016310913582 
1581091200000,1510.509733677342 
1581105600000,1503.4627563443696 
1581120000000,1460.3590397555945 
1581134400000,1598.8040613717606 
1581148800000,1599.4251834674963 
1581163200000,1585.1393752655763 
1581177600000,1632.7173277989268 
1581192000000,1595.6984508930823 
1581206400000,1640.1707929477543 
1581220800000,1636.5682847924877 
1581235200000,1611.8476253822091 
1581249600000,1603.5245892993514 
1581264000000,1610.605381190738 
1581278400000,1621.1644568182437 
1581292800000,1593.2139625101397 
1581307200000,1596.5680218271123 
1581321600000,1579.921949661397 
1581336000000,1614.704787022593 
1581350400000,1614.704787022593 
1581364800000,1616.4439288906528 
1581379200000,1580.7915205954268 
1581393600000,1583.0275601400754 
1581408000000,1593.338186929287 
1581422400000,1628.6179219670714 
1581436800000,1654.2081523113798 
1581451200000,1645.512442971081 
1581465600000,1681.9101977811895 
1581480000000,1726.5067642550086 
1581494400000,1710.8544874424706 
1581508800000,1688.7425408342815 
1581523200000,1687.3760722236634 
1581537600000,1698.1835966894632 
1581552000000,1695.6991083065209 
1581566400000,1689.23943851087 
1581580800000,1628.24524870963 
1581595200000,1668.990858189888 
1581609600000,1663.1523104899732 
1581624000000,1650.7298685752603 
1581638400000,1645.2639941327866 
1581652800000,1621.1644568182437 
1581667200000,1656.5684162751752 
1581681600000,1653.33858137735 
1581696000000,1673.3387128600375 
1581710400000,1685.8853791938977 
1581724800000,1660.1709244304418 
1581739200000,1654.8292744071157 
1581753600000,1658.4317825623823 
1581768000000,1581.909540367751 
1581782400000,1509.6109284241222 
1581796800000,1539.0521157619917 
1581811200000,1547.8720495214377 
1581825600000,1542.9030727555528 
1581840000000,1546.132907653378 
1581854400000,1435.3247257741396 
1581868800000,1356.5664440348598 
1581883200000,1416.0699408063344 
1581897600000,1348.1191835328552 
1581912000000,1346.3800416647953 
1581926400000,1341.1626160606158 
1581940800000,1464.2690154354204 
1581955200000,1454.0826130653559 
1581969600000,1456.194428190857 
1581984000000,1461.4118537950364 
1581998400000,1456.8155502865925 
1582012800000,1411.2251884595964 
1582027200000,1430.3557490082542 
1582041600000,1474.2069689671907 
1582056000000,1469.4864410395999 
1582070400000,1462.7783224056548 
1582084800000,1441.0390490549073 
1582099200000,1458.5546921546525 
1582113600000,1448.368289784588 
1582128000000,1451.1012270058247 
1582142400000,1342.6533090903815 
1582156800000,1332.9638043969055 
1582171200000,1342.9017579286758 
1582185600000,1316.5661810694846 
1582200000000,1310.354960112128 
1582214400000,1298.4294158740038 
1582228800000,1333.0880288160527 
1582243200000,1350.8521207540919 
1582257600000,1329.361296241639 
1582272000000,1344.7651242158827 
1582286400000,1354.4546289093587 
1582300800000,1382.653572055757 
1582315200000,1377.0634731941361 
1582329600000,1388.616344174819 
1582344000000,1355.0757510050944 
1582358400000,1347.870734694561 
1582372800000,1334.0818241692295 
1582387200000,1323.0258508651352 
1582401600000,1338.5539032585264 
1582416000000,1335.1998439415538 
1582430400000,1378.0572685473132 
1582444800000,1387.5129828839542 
1582459200000,1386.8154704461433 
1582473600000,1385.9973938981348 
1582488000000,1386.8960049529721 
1582502400000,1378.6742706800949 
1582516800000,1377.976758242284 
1582531200000,1377.2410600661779 
1582545600000,1374.0419016537458 
1582560000000,1371.1867713773827 
1582574400000,1373.8397130236476 
1582588800000,1369.5293454231407 
1582603200000,1349.4344295585406 
1582617600000,1354.309933604858 
1582632000000,1329.762229344446 
1582646400000,1314.4175618126687 
1582660800000,1326.453616170237 
1582675200000,1253.133168422795 
1582689600000,1250.8737720543074 
1582704000000,1232.365757563384 
1582718400000,1191.8056407002966 
1582732800000,1176.579189062374 
1582747200000,1182.2234771695348 
1582761600000,1167.2595505598522 
1582776000000,1204.538104569939 
1582790400000,1202.3066418298986 
1582804800000,1244.3106463483061 
1582819200000,1271.0881992287912 
1582833600000,1234.5972203034246 
1582848000000,1251.9238721672675 
1582862400000,1220.945918834942 
1582876800000,1202.5691668581385 
1582891200000,1266.6252737487102 
1582905600000,1212.1513303889003 
1582920000000,1253.892809879068 
1582934400000,1243.260546235346 
1582948800000,1260.5871980991892 
1582963200000,1258.3557353591486 
1582977600000,1228.0340945974233 
1582992000000,1221.4709688914222 
1583006400000,1198.500028920418 
1583020800000,1233.5471201904643 
1583035200000,1225.4088443150229 
1583049600000,1209.39481759238 
1583064000000,1209.1322925641398 
1583078400000,1179.7294894012546 
1583092800000,1194.4308909826973 
1583107200000,1188.392815333176 
1583121600000,1196.1373036662574 
1583136000000,1246.6733716024667 
1583150400000,1254.5491224496682 
1583164800000,1272.5320868841113 
1583179200000,1261.3747731839094 
1583193600000,1256.6493226755883 
1583208000000,1229.7405072809836 
1583222400000,1241.2916085235456 
1583236800000,1231.1843949363038 
1583251200000,1228.0340945974233 
1583265600000,1241.9479210941456 
1583280000000,1247.4609466871868 
1583294400000,1247.4609466871868 
1583308800000,1236.0411079587448 
1583323200000,1210.31365519122 
1583337600000,1213.9890055865808 
1583352000000,1217.4018309537014 
1583366400000,1245.3607464612664 
1583380800000,1255.3366975343883 
1583395200000,1273.1883994547115 
1583409600000,1269.3817865452306 
1583424000000,1273.3196619688315 
1583438400000,1256.1242726191085 
1583452800000,1259.1433104438688 
1583467200000,1272.2695618558712 
1583481600000,1303.772565244677 
1583496000000,1272.4008243699914 
1583510400000,1294.4529267421551 
1583524800000,1309.810640894198 
1583539200000,1304.5921683828426 
1583553600000,1303.8946559450317 
1583568000000,1303.9650581391613 
1583582400000,1303.9650581391613 
1583596800000,1303.2675457013504 
1583611200000,1302.9314087716532 
1583625600000,1295.9889026523765 
1583640000000,1293.9591079432585 
1583654400000,1294.5906710823583 
1583668800000,1256.7741607528567 
