0,1
1573300800000,999.3024875621891 
1573315200000,999.3273162319076 
1573329600000,1002.0322019739685 
1573344000000,999.628758296169 
1573358400000,1009.6326946952335 
1573372800000,1002.9839170718299 
1573387200000,1002.2864046340189 
1573401600000,1004.0785261397937 
1573416000000,1004.0785261397937 
1573430400000,1004.0785261397937 
1573444800000,1004.0785261397937 
1573459200000,1004.0785261397937 
1573473600000,1004.0785261397937 
1573488000000,1004.0785261397937 
1573502400000,1004.0785261397937 
1573516800000,1004.0785261397937 
1573531200000,1004.0785261397937 
1573545600000,1004.0785261397937 
1573560000000,1004.0785261397937 
1573574400000,1003.3810137019827 
1573588800000,1002.2782948479712 
1573603200000,1001.2975744984722 
1573617600000,1001.2975744984722 
1573632000000,1000.6000620606612 
1573646400000,998.6845495302822 
1573660800000,999.1308811318158 
1573675200000,998.3843407152578 
1573689600000,997.1318407699438 
1573704000000,997.1318407699438 
1573718400000,997.1318407699438 
1573732800000,997.1318407699438 
1573747200000,997.1318407699438 
1573761600000,997.1318407699438 
1573776000000,997.1318407699438 
1573790400000,997.1318407699438 
1573804800000,997.1318407699438 
1573819200000,997.1318407699438 
1573833600000,997.1318407699438 
1573848000000,997.1318407699438 
1573862400000,997.1318407699438 
1573876800000,996.4343283321327 
1573891200000,996.9941551100183 
1573905600000,996.9941551100183 
1573920000000,996.2966426722073 
1573934400000,995.9422422604728 
1573948800000,995.4502433145694 
1573963200000,992.3914915946766 
1573977600000,1002.2025166415709 
1573992000000,1002.2025166415709 
1574006400000,1002.2025166415709 
1574020800000,1002.2025166415709 
1574035200000,1002.2025166415709 
1574049600000,1002.2025166415709 
1574064000000,1002.2025166415709 
1574078400000,1002.2025166415709 
1574092800000,1002.2025166415709 
1574107200000,1002.2025166415709 
1574121600000,1002.2025166415709 
1574136000000,1002.2025166415709 
1574150400000,1002.2025166415709 
1574164800000,1002.2025166415709 
1574179200000,1002.2025166415709 
1574193600000,1002.2025166415709 
1574208000000,1001.5050042037599 
1574222400000,1000.7179305710235 
1574236800000,998.3717498375811 
1574251200000,997.3507244275361 
1574265600000,994.4927088552074 
1574280000000,995.6669343749318 
1574294400000,994.9694219371208 
1574308800000,992.9803505424554 
1574323200000,992.9803505424554 
1574337600000,992.9803505424554 
1574352000000,992.9803505424554 
1574366400000,992.9803505424554 
1574380800000,992.9803505424554 
1574395200000,992.9803505424554 
1574409600000,992.9803505424554 
1574424000000,992.9803505424554 
1574438400000,992.9803505424554 
1574452800000,992.9803505424554 
1574467200000,992.9803505424554 
1574481600000,992.9803505424554 
1574496000000,992.2828381046445 
1574510400000,992.5479154518725 
1574524800000,991.0590296057552 
1574539200000,992.3602034352018 
1574553600000,982.518573045957 
1574568000000,982.4467471164414 
1574582400000,985.7622547827425 
1574596800000,942.7580003952388 
1574611200000,950.0119247534627 
1574625600000,950.0119247534627 
1574640000000,950.0119247534627 
1574654400000,950.0119247534627 
1574668800000,950.0119247534627 
1574683200000,950.0119247534627 
1574697600000,950.0119247534627 
1574712000000,950.0119247534627 
1574726400000,950.0119247534627 
1574740800000,950.0119247534627 
1574755200000,950.0119247534627 
1574769600000,950.0119247534627 
1574784000000,949.3144123156517 
1574798400000,949.621112228157 
1574812800000,944.5957963549356 
1574827200000,944.5957963549356 
1574841600000,943.8982839171246 
1574856000000,945.6507247367845 
1574870400000,947.7983809755299 
1574884800000,945.3327387581769 
1574899200000,944.0269671499519 
1574913600000,943.3294547121409 
1574928000000,942.031225723417 
1574942400000,941.3337132856061 
1574956800000,941.0722532899866 
1574971200000,941.0722532899866 
1574985600000,941.0722532899866 
1575000000000,941.0722532899866 
1575014400000,941.0722532899866 
1575028800000,941.0722532899866 
1575043200000,941.0722532899866 
1575057600000,941.0722532899866 
1575072000000,941.0722532899866 
1575086400000,940.3747408521756 
1575100800000,938.8070188778056 
1575115200000,938.1095064399947 
1575129600000,935.7202010776376 
1575144000000,937.1293850118086 
1575158400000,928.2214547423009 
1575172800000,928.2021338071875 
1575187200000,931.4669677343403 
1575201600000,931.4669677343403 
1575216000000,931.4669677343403 
1575230400000,930.7694552965293 
1575244800000,929.9015992494651 
1575259200000,929.9015992494651 
1575273600000,929.9015992494651 
1575288000000,929.9015992494651 
1575302400000,929.9015992494651 
1575316800000,929.9015992494651 
1575331200000,929.9015992494651 
1575345600000,929.9015992494651 
1575360000000,929.9015992494651 
1575374400000,929.2040868116542 
1575388800000,928.4855083501357 
1575403200000,928.4855083501357 
1575417600000,927.7879959123247 
1575432000000,927.0001908360725 
1575446400000,929.8256904858871 
1575460800000,937.6164562607278 
1575475200000,935.495572476005 
1575489600000,920.5681304087943 
1575504000000,920.5681304087943 
1575518400000,919.8706179709834 
1575532800000,920.5906745728499 
1575547200000,920.5906745728499 
1575561600000,920.5906745728499 
1575576000000,920.5906745728499 
1575590400000,920.5906745728499 
1575604800000,920.5906745728499 
1575619200000,920.5906745728499 
1575633600000,920.5906745728499 
1575648000000,920.5906745728499 
1575662400000,920.5906745728499 
1575676800000,920.5906745728499 
1575691200000,920.5906745728499 
1575705600000,919.893162135039 
1575720000000,919.2174131459511 
1575734400000,916.6919708983719 
1575748800000,915.3396332645214 
1575763200000,912.892291325752 
1575777600000,915.7019221307967 
1575792000000,920.792562106961 
1575806400000,923.6206872949496 
1575820800000,917.2980445906337 
1575835200000,917.2980445906337 
1575849600000,917.2980445906337 
1575864000000,917.2980445906337 
1575878400000,917.2980445906337 
1575892800000,917.2980445906337 
1575907200000,917.2980445906337 
1575921600000,917.2980445906337 
1575936000000,917.2980445906337 
1575950400000,917.2980445906337 
1575964800000,917.2980445906337 
1575979200000,917.2980445906337 
1575993600000,917.2980445906337 
1576008000000,917.2980445906337 
1576022400000,916.6005321528228 
1576036800000,916.8528040810706 
1576051200000,916.1552916432597 
1576065600000,914.0820648488545 
1576080000000,913.3845524110435 
1576094400000,913.4382349241931 
1576108800000,909.552202613775 
1576123200000,909.552202613775 
1576137600000,908.854690175964 
1576152000000,907.67766189547 
1576166400000,907.67766189547 
1576180800000,907.67766189547 
1576195200000,907.67766189547 
1576209600000,907.67766189547 
1576224000000,907.67766189547 
1576238400000,907.67766189547 
1576252800000,907.67766189547 
1576267200000,907.67766189547 
1576281600000,906.9801494576591 
1576296000000,906.5573871986521 
1576310400000,905.8598747608412 
1576324800000,905.2750930023575 
1576339200000,904.5775805645466 
1576353600000,903.5819505101629 
1576368000000,902.9303712340505 
1576382400000,906.1618051468768 
1576396800000,902.2493912306879 
1576411200000,902.2493912306879 
1576425600000,901.551878792877 
1576440000000,901.2386531108432 
1576454400000,901.2386531108432 
1576468800000,901.2386531108432 
1576483200000,901.2386531108432 
1576497600000,901.2386531108432 
1576512000000,901.2386531108432 
1576526400000,901.2386531108432 
1576540800000,901.2386531108432 
1576555200000,901.2386531108432 
1576569600000,901.2386531108432 
1576584000000,901.2386531108432 
1576598400000,901.2386531108432 
1576612800000,901.2386531108432 
1576627200000,900.5411406730323 
1576641600000,897.9887216761392 
1576656000000,898.682227361177 
1576670400000,916.2962037212847 
1576684800000,920.982985541187 
1576699200000,931.9010735009451 
1576713600000,924.3876879331601 
1576728000000,906.9905323135708 
1576742400000,910.6901782663658 
1576756800000,910.6901782663658 
1576771200000,910.6901782663658 
1576785600000,910.6901782663658 
1576800000000,910.6901782663658 
1576814400000,910.6901782663658 
1576828800000,910.6901782663658 
1576843200000,910.6901782663658 
1576857600000,910.6901782663658 
1576872000000,910.6901782663658 
1576886400000,910.6901782663658 
1576900800000,910.6901782663658 
1576915200000,909.9926658285549 
1576929600000,909.8685880284207 
1576944000000,909.1710755906097 
1576958400000,908.3490876632453 
1576972800000,907.6515752254343 
1576987200000,910.3843196562746 
1577001600000,908.3572642206987 
1577016000000,908.6166338336337 
1577030400000,916.3141547734605 
1577044800000,916.3141547734605 
1577059200000,916.3141547734605 
1577073600000,915.6166423356494 
1577088000000,916.4413846036907 
1577102400000,916.4413846036907 
1577116800000,916.4413846036907 
1577131200000,916.4413846036907 
1577145600000,916.4413846036907 
1577160000000,916.4413846036907 
1577174400000,916.4413846036907 
1577188800000,916.4413846036907 
1577203200000,916.4413846036907 
1577217600000,916.4413846036907 
1577232000000,916.4413846036907 
1577246400000,915.7438721658798 
1577260800000,913.9103174277807 
1577275200000,913.9083021176466 
1577289600000,913.6582256330717 
1577304000000,913.4578613854047 
1577318400000,905.7654452066117 
1577332800000,905.7654452066117 
1577347200000,905.7654452066117 
1577361600000,905.7654452066117 
1577376000000,905.7654452066117 
1577390400000,905.7654452066117 
1577404800000,905.7654452066117 
1577419200000,905.7654452066117 
1577433600000,905.7654452066117 
1577448000000,905.7654452066117 
1577462400000,905.7654452066117 
1577476800000,905.7654452066117 
1577491200000,905.7654452066117 
1577505600000,905.0679327688008 
1577520000000,904.5610467362874 
1577534400000,904.5610467362874 
1577548800000,903.8635342984765 
1577563200000,902.7746423399442 
1577577600000,899.8164873505468 
1577592000000,899.6750941620109 
1577606400000,900.1846367468394 
1577620800000,901.0455128974912 
1577635200000,900.3480004596802 
1577649600000,899.0546647430538 
1577664000000,897.6485157308545 
1577678400000,897.6485157308545 
1577692800000,897.6485157308545 
1577707200000,897.6485157308545 
1577721600000,897.6485157308545 
1577736000000,897.6485157308545 
1577750400000,897.6485157308545 
1577764800000,897.6485157308545 
1577779200000,897.6485157308545 
1577793600000,897.6485157308545 
1577808000000,897.6485157308545 
1577822400000,897.6485157308545 
1577836800000,896.9510032930434 
1577851200000,896.0137835857499 
1577865600000,896.0362612512531 
1577880000000,896.4898084689585 
1577894400000,895.1217569493722 
1577908800000,890.9534824478549 
1577923200000,885.0813619825266 
1577937600000,884.2158415334349 
1577952000000,887.4369635246144 
1577966400000,886.7394510868035 
1577980800000,883.2198268501638 
1577995200000,883.2198268501638 
1578009600000,883.2198268501638 
1578024000000,883.2198268501638 
1578038400000,883.2198268501638 
1578052800000,883.2198268501638 
1578067200000,883.2198268501638 
1578081600000,883.2198268501638 
1578096000000,883.2198268501638 
1578110400000,883.2198268501638 
1578124800000,883.2198268501638 
1578139200000,883.2198268501638 
1578153600000,882.5223144123529 
1578168000000,883.0706545554755 
1578182400000,882.3731421176645 
1578196800000,881.8145349672833 
1578211200000,880.5617886621532 
1578225600000,886.8095496191856 
1578240000000,885.4489283628375 
1578254400000,885.4489283628375 
1578268800000,885.4489283628375 
1578283200000,884.7514159250265 
1578297600000,885.8292660158761 
1578312000000,885.8292660158761 
1578326400000,885.8292660158761 
1578340800000,885.8292660158761 
1578355200000,885.8292660158761 
1578369600000,885.8292660158761 
1578384000000,885.8292660158761 
1578398400000,885.8292660158761 
1578412800000,885.8292660158761 
1578427200000,885.8292660158761 
1578441600000,885.1317535780652 
1578456000000,884.578985148628 
1578470400000,883.881472710817 
1578484800000,881.2841016141392 
1578499200000,871.5640234172653 
1578513600000,875.6370316770287 
1578528000000,873.4735605041559 
1578542400000,873.4735605041559 
1578556800000,872.7760480663449 
1578571200000,873.0854981445381 
1578585600000,873.0854981445381 
1578600000000,873.0854981445381 
1578614400000,873.0854981445381 
1578628800000,873.0854981445381 
1578643200000,873.0854981445381 
1578657600000,873.0854981445381 
1578672000000,873.0854981445381 
1578686400000,873.0854981445381 
1578700800000,873.0854981445381 
1578715200000,873.0854981445381 
1578729600000,873.0854981445381 
1578744000000,873.0854981445381 
1578758400000,872.3879857067271 
1578772800000,868.2921642674752 
1578787200000,872.8118835791546 
1578801600000,873.119202582475 
1578816000000,864.6276294009731 
1578830400000,863.9301169631622 
1578844800000,861.7087101546755 
1578859200000,865.8547017911827 
1578873600000,857.1605782579497 
1578888000000,857.1605782579497 
1578902400000,857.1605782579497 
1578916800000,857.1605782579497 
1578931200000,857.1605782579497 
1578945600000,857.1605782579497 
1578960000000,857.1605782579497 
1578974400000,857.1605782579497 
1578988800000,857.1605782579497 
1579003200000,857.1605782579497 
1579017600000,857.1605782579497 
1579032000000,857.1605782579497 
1579046400000,856.4630658201388 
1579060800000,853.5894183865644 
1579075200000,855.8241187813204 
1579089600000,855.8241187813204 
1579104000000,855.1266063435095 
1579118400000,855.4005268386627 
1579132800000,846.2095412685819 
1579147200000,846.8761869599937 
1579161600000,851.2159556475935 
1579176000000,851.2159556475935 
1579190400000,851.2159556475935 
1579204800000,851.2159556475935 
1579219200000,851.2159556475935 
1579233600000,851.2159556475935 
1579248000000,851.2159556475935 
1579262400000,851.2159556475935 
1579276800000,851.2159556475935 
1579291200000,851.2159556475935 
1579305600000,851.2159556475935 
1579320000000,851.2159556475935 
1579334400000,850.5184432097826 
1579348800000,849.0104151870396 
1579363200000,848.3129027492287 
1579377600000,847.9968340526308 
1579392000000,847.2993216148199 
1579406400000,846.4387972380144 
1579420800000,834.1905701681677 
1579435200000,830.2453934712087 
1579449600000,827.7952326418 
1579464000000,827.7952326418 
1579478400000,827.7952326418 
1579492800000,827.0977202039891 
1579507200000,826.60265082971 
1579521600000,826.60265082971 
1579536000000,826.60265082971 
1579550400000,826.60265082971 
1579564800000,826.60265082971 
1579579200000,826.60265082971 
1579593600000,826.60265082971 
1579608000000,826.60265082971 
1579622400000,826.60265082971 
1579636800000,825.9051383918991 
1579651200000,825.0848394694103 
1579665600000,825.0848394694103 
1579680000000,824.3873270315994 
1579694400000,823.1761208015209 
1579708800000,823.2683159351749 
1579723200000,822.8796768362329 
1579737600000,812.9078081957953 
1579752000000,812.2102957579843 
1579766400000,811.0792765138473 
1579780800000,810.3817640760362 
1579795200000,807.090200888894 
1579809600000,807.090200888894 
1579824000000,807.090200888894 
1579838400000,807.090200888894 
1579852800000,807.090200888894 
1579867200000,807.090200888894 
1579881600000,807.090200888894 
1579896000000,807.090200888894 
1579910400000,807.090200888894 
1579924800000,807.090200888894 
1579939200000,807.090200888894 
1579953600000,807.090200888894 
1579968000000,806.3926884510829 
1579982400000,804.5130413921507 
1579996800000,805.6365545385329 
1580011200000,803.1570831809922 
1580025600000,809.2969777040189 
1580040000000,806.4688032877935 
1580054400000,823.6476367524086 
1580068800000,826.5592460747733 
1580083200000,828.4301922591948 
1580097600000,828.4301922591948 
1580112000000,828.4301922591948 
1580126400000,828.4301922591948 
1580140800000,828.4301922591948 
1580155200000,828.4301922591948 
1580169600000,828.4301922591948 
1580184000000,828.4301922591948 
1580198400000,828.4301922591948 
1580212800000,828.4301922591948 
1580227200000,828.4301922591948 
1580241600000,828.4301922591948 
1580256000000,828.4301922591948 
1580270400000,828.4301922591948 
1580284800000,827.7326798213838 
1580299200000,826.1872982635645 
1580313600000,825.4897858257534 
1580328000000,823.9353457043993 
1580342400000,820.3248649781162 
1580356800000,833.469723849212 
1580371200000,832.0599725451482 
1580385600000,832.0599725451482 
1580400000000,832.0599725451482 
1580414400000,831.3624601073373 
1580428800000,831.952389670936 
1580443200000,831.952389670936 
1580457600000,831.952389670936 
1580472000000,831.952389670936 
1580486400000,831.952389670936 
1580500800000,831.952389670936 
1580515200000,831.952389670936 
1580529600000,831.952389670936 
1580544000000,831.952389670936 
1580558400000,831.952389670936 
1580572800000,831.952389670936 
1580587200000,831.952389670936 
1580601600000,831.254877233125 
1580616000000,833.7657175457143 
1580630400000,835.8405998504975 
1580644800000,836.4591965197092 
1580659200000,832.7845948656134 
1580673600000,832.7845948656134 
1580688000000,832.7845948656134 
1580702400000,832.7845948656134 
1580716800000,832.7845948656134 
1580731200000,832.7845948656134 
1580745600000,832.7845948656134 
1580760000000,832.7845948656134 
1580774400000,832.7845948656134 
1580788800000,832.7845948656134 
1580803200000,832.7845948656134 
1580817600000,832.7845948656134 
1580832000000,832.7845948656134 
1580846400000,832.7845948656134 
1580860800000,832.7845948656134 
1580875200000,832.7845948656134 
1580889600000,832.0870824278024 
1580904000000,831.7786858631397 
1580918400000,830.3599371473744 
1580932800000,833.4926580926858 
1580947200000,841.3743777751114 
1580961600000,834.8638163402825 
1580976000000,834.1663039024716 
1580990400000,831.9787154375225 
1581004800000,829.8712285149709 
1581019200000,829.8712285149709 
1581033600000,829.8712285149709 
1581048000000,829.8712285149709 
1581062400000,829.8712285149709 
1581076800000,829.8712285149709 
1581091200000,829.8712285149709 
1581105600000,829.8712285149709 
1581120000000,829.8712285149709 
1581134400000,829.8712285149709 
1581148800000,829.8712285149709 
1581163200000,829.8712285149709 
1581177600000,829.17371607716 
1581192000000,827.7961867988867 
1581206400000,827.0986743610757 
1581220800000,826.7730619283302 
1581235200000,824.0019071066614 
1581249600000,820.0694549379757 
1581264000000,819.9391477932948 
1581278400000,824.2156998035541 
1581292800000,812.5785885188081 
1581307200000,812.5785885188081 
1581321600000,811.8810760809972 
1581336000000,814.1878090098799 
1581350400000,814.1878090098799 
1581364800000,814.1878090098799 
1581379200000,814.1878090098799 
1581393600000,814.1878090098799 
1581408000000,814.1878090098799 
1581422400000,814.1878090098799 
1581436800000,814.1878090098799 
1581451200000,814.1878090098799 
1581465600000,814.1878090098799 
1581480000000,814.1878090098799 
1581494400000,814.1878090098799 
1581508800000,814.1878090098799 
1581523200000,813.4902965720689 
1581537600000,811.9449236194248 
1581552000000,814.9940282043112 
1581566400000,807.9044812348434 
1581580800000,795.4340049542611 
1581595200000,795.4340049542611 
1581609600000,795.4340049542611 
1581624000000,795.4340049542611 
1581638400000,795.4340049542611 
1581652800000,795.4340049542611 
1581667200000,795.4340049542611 
1581681600000,795.4340049542611 
1581696000000,795.4340049542611 
1581710400000,795.4340049542611 
1581724800000,795.4340049542611 
1581739200000,795.4340049542611 
1581753600000,795.4340049542611 
1581768000000,795.4340049542611 
1581782400000,795.4340049542611 
1581796800000,794.7364925164502 
1581811200000,797.6695112901864 
1581825600000,795.0358285630202 
1581840000000,790.9468509943158 
1581854400000,772.5935987213657 
1581868800000,752.4645062068641 
1581883200000,752.4645062068641 
1581897600000,751.7669937690532 
1581912000000,751.8474413972413 
1581926400000,751.8474413972413 
1581940800000,751.8474413972413 
1581955200000,751.8474413972413 
1581969600000,751.8474413972413 
1581984000000,751.8474413972413 
1581998400000,751.8474413972413 
1582012800000,751.8474413972413 
1582027200000,751.8474413972413 
1582041600000,751.8474413972413 
1582056000000,751.8474413972413 
1582070400000,751.8474413972413 
1582084800000,751.8474413972413 
1582099200000,751.1499289594303 
1582113600000,749.6747545432345 
1582128000000,746.9550368189393 
1582142400000,723.2644745609938 
1582156800000,723.9359878499133 
1582171200000,722.104929916726 
1582185600000,707.9243148252341 
1582200000000,707.448640629439 
1582214400000,697.2098486997885 
1582228800000,697.2098486997885 
1582243200000,697.2098486997885 
1582257600000,697.2098486997885 
1582272000000,697.2098486997885 
1582286400000,697.2098486997885 
1582300800000,697.2098486997885 
1582315200000,697.2098486997885 
1582329600000,697.2098486997885 
1582344000000,697.2098486997885 
1582358400000,697.2098486997885 
1582372800000,697.2098486997885 
1582387200000,696.5123362619776 
1582401600000,695.7862427380895 
1582416000000,695.0887303002785 
1582430400000,698.4238599326447 
1582444800000,696.2322873835317 
1582459200000,697.651023981444 
1582473600000,696.8001933124199 
1582488000000,704.3251033763976 
1582502400000,677.4877578171398 
1582516800000,676.7902453793288 
1582531200000,678.2513091535209 
1582545600000,677.55379671571 
1582560000000,677.1680809218615 
1582574400000,677.1680809218615 
1582588800000,677.1680809218615 
1582603200000,677.1680809218615 
1582617600000,677.1680809218615 
1582632000000,677.1680809218615 
1582646400000,677.1680809218615 
1582660800000,677.1680809218615 
1582675200000,677.1680809218615 
1582689600000,677.1680809218615 
1582704000000,677.1680809218615 
1582718400000,676.4705684840505 
1582732800000,675.1880263243579 
1582747200000,668.1788819915507 
1582761600000,667.529513981851 
1582776000000,672.4495394569187 
1582790400000,669.6031694447772 
1582804800000,669.6031694447772 
1582819200000,669.6031694447772 
1582833600000,669.6031694447772 
1582848000000,669.6031694447772 
1582862400000,669.6031694447772 
1582876800000,669.6031694447772 
1582891200000,669.6031694447772 
1582905600000,669.6031694447772 
1582920000000,669.6031694447772 
1582934400000,669.6031694447772 
1582948800000,669.6031694447772 
1582963200000,669.6031694447772 
1582977600000,668.9056570069663 
1582992000000,670.225311918475 
1583006400000,670.225311918475 
1583020800000,669.527799480664 
1583035200000,667.5267610049204 
1583049600000,669.6554775874058 
1583064000000,665.0817364991742 
1583078400000,654.3633491229775 
1583092800000,656.0950905505152 
1583107200000,655.3975781127043 
1583121600000,655.3367989920503 
1583136000000,660.3816718870626 
1583150400000,660.3816718870626 
1583164800000,660.3816718870626 
1583179200000,660.3816718870626 
1583193600000,660.3816718870626 
1583208000000,660.3816718870626 
1583222400000,660.3816718870626 
1583236800000,660.3816718870626 
1583251200000,660.3816718870626 
1583265600000,660.3816718870626 
1583280000000,660.3816718870626 
1583294400000,660.3816718870626 
1583308800000,659.6841594492516 
1583323200000,658.2743768324538 
1583337600000,657.9093471326466 
1583352000000,660.2060865386145 
1583366400000,662.4299321128467 
1583380800000,665.7879255570797 
1583395200000,679.9457016750514 
1583409600000,676.7775279983025 
1583424000000,676.7280252846033 
1583438400000,676.7280252846033 
1583452800000,676.7280252846033 
1583467200000,676.7280252846033 
1583481600000,676.7280252846033 
1583496000000,676.7280252846033 
1583510400000,676.7280252846033 
1583524800000,676.7280252846033 
1583539200000,676.7280252846033 
1583553600000,676.7280252846033 
1583568000000,676.7280252846033 
1583582400000,676.7280252846033 
1583596800000,676.7280252846033 
1583611200000,676.7280252846033 
1583625600000,676.7280252846033 
1583640000000,676.0305128467924 
1583654400000,675.637289361771 
1583668800000,657.3179212586008 
1583683200000,654.7395399513985 
1583697600000,636.3273102171605 
1583712000000,634.5942782922593 
1583726400000,634.5942782922593 
1583740800000,634.5942782922593 
1583755200000,633.8967658544484 
1583769600000,634.7847258890544 
1583784000000,634.7847258890544 
1583798400000,634.7847258890544 
1583812800000,634.7847258890544 
1583827200000,634.7847258890544 
1583841600000,634.7847258890544 
1583856000000,634.7847258890544 
1583870400000,634.7847258890544 
1583884800000,634.7847258890544 
1583899200000,634.0872134512433 
1583913600000,632.1432270612382 
1583928000000,631.4457146234273 
1583942400000,631.3581307713918 
1583956800000,634.1412983772663 
1583971200000,617.8234023282625 
1583985600000,591.7981013523774 
1584000000000,491.2607116819457 
1584014400000,491.2607116819457 
1584028800000,491.2607116819457 
1584043200000,491.2607116819457 
1584057600000,491.2607116819457 
1584072000000,491.2607116819457 
1584086400000,491.2607116819457 
1584100800000,491.2607116819457 
1584115200000,491.2607116819457 
1584129600000,491.2607116819457 
1584144000000,491.2607116819457 
1584158400000,491.2607116819457 
1584172800000,491.2607116819457 
1584187200000,491.2607116819457 
1584201600000,491.2607116819457 
1584216000000,491.2607116819457 
1584230400000,490.56319924413475 
1584244800000,492.2953987119122 
