date,current_balance
1568584800000.0,999.3024875621891 
1568588400000.0,998.0527970579951 
1568592000000.0,998.0197471103338 
1568595600000.0,1009.6955223030677 
1568599200000.0,1015.2458722874931 
1568602800000.0,1018.4860585073195 
1568606400000.0,1011.1565626712313 
1568610000000.0,1012.7151659991341 
1568613600000.0,1012.446015037388 
1568617200000.0,1005.4762110321082 
1568620800000.0,1011.9653388990928 
1568624400000.0,1002.1114780640421 
1568628000000.0,995.862688266205 
1568631600000.0,993.4593075747293 
1568635200000.0,991.7769410906963 
1568638800000.0,951.6404835430507 
1568642400000.0,948.2757505749845 
1568646000000.0,950.1984551281652 
1568649600000.0,949.71777898987 
1568653200000.0,962.2153585855441 
1568656800000.0,973.0305716971851 
1568660400000.0,967.5027961067908 
1568664000000.0,966.5414438302005 
1568667600000.0,1025.4242707713572 
1568671200000.0,1031.4327225000468 
1568674800000.0,1030.4713702234565 
1568678400000.0,1028.3083276011282 
1568682000000.0,1026.8662991862427 
1568685600000.0,1022.7805520107338 
1568689200000.0,1017.4931144894871 
1568692800000.0,1015.8107480054541 
1568696400000.0,1009.3216201384695 
1568700000000.0,1023.7419042873241 
1568703600000.0,1020.6175093884057 
1568707200000.0,1040.5655691276547 
1568710800000.0,1029.5100179468661 
1568714400000.0,1024.2225804256193 
1568718000000.0,1030.4713702234565 
1568721600000.0,1028.5486656702758 
1568725200000.0,1073.7322226700205 
1568728800000.0,1074.9339130157584 
1568732400000.0,1091.5172397869412 
1568736000000.0,1098.2467057230735 
1568739600000.0,1182.6053679938734 
1568743200000.0,1187.1717913076775 
1568746800000.0,1162.1766321163293 
1568750400000.0,1182.3650299247258 
1568754000000.0,1203.274441940565 
1568757600000.0,1184.047396408759 
1568761200000.0,1190.5365242757437 
1568764800000.0,1134.5377541643577 
1568768400000.0,1196.544976004433 
1568772000000.0,1213.8493169830588 
1568775600000.0,1221.2997971266336 
1568779200000.0,1202.0727515948274 
1568782800000.0,1220.8191209883385 
1568786400000.0,1206.6391749086313 
1568790000000.0,1223.943515887257 
1568793600000.0,1244.6125898339487 
1568797200000.0,1214.3299931213537 
1568800800000.0,1209.2828936692547 
1568804400000.0,1224.1838539564046 
1568808000000.0,1199.9097089724992 
1568811600000.0,1216.493035743682 
1568815200000.0,1255.4278029455897 
1568818800000.0,1264.0799734349025 
1568822400000.0,1252.0630699775236 
1568826000000.0,1266.4833541263783 
1568829600000.0,1256.8698313604752 
1568833200000.0,1239.5654903818495 
1568836800000.0,1230.192305685094 
1568840400000.0,1221.5401351957812 
1568844000000.0,1235.7200812754884 
1568847600000.0,1239.805828450997 
1568851200000.0,1214.8106692596489 
1568854800000.0,1178.5196208183647 
1568858400000.0,1141.0268820313424 
1568862000000.0,1143.4302627228183 
1568865600000.0,1068.6851232179213 
1568869200000.0,1063.6380237658223 
1568872800000.0,1081.9037170210381 
1568876400000.0,1077.5776317763818 
1568880000000.0,1084.7877738508091 
1568883600000.0,1102.57279096773 
1568887200000.0,1096.5643392390405 
1568890800000.0,1088.3928448880229 
1568894400000.0,1071.8095181168399 
1568898000000.0,1096.0836631007453 
1568901600000.0,1104.735833590058 
1568905200000.0,1087.9121687497277 
1568908800000.0,1121.5594984303887 
1568912400000.0,1210.0039078766974 
1568916000000.0,1212.6476266373209 
1568919600000.0,1220.3384448500433 
1568923200000.0,1237.8831238978164 
1568926800000.0,1210.4845840149926 
1568930400000.0,1222.261149403224 
1568934000000.0,1222.9821636106667 
1568937600000.0,1231.3939960308319 
1568941200000.0,1199.9097089724992 
1568944800000.0,1178.2792827492171 
1568948400000.0,1178.2792827492171 
1568952000000.0,1193.1802430363668 
1568955600000.0,1181.163339578988 
1568959200000.0,1166.2623792918382 
1568962800000.0,1178.2792827492171 
1568966400000.0,1173.9531975045606 
1568970000000.0,1172.5111690896751 
1568973600000.0,1170.5884645364945 
1568977200000.0,1170.1077883981993 
1568980800000.0,1184.047396408759 
1568984400000.0,1192.6995668980717 
1568988000000.0,1179.2406350258075 
1568991600000.0,1160.9749417705914 
1568995200000.0,1163.3783224620672 
1568998800000.0,1129.250316643111 
1569002400000.0,1133.5764018877676 
1569006000000.0,1146.0739814834415 
1569009600000.0,1146.0739814834415 
1569013200000.0,1141.26722010049 
1569016800000.0,1139.3445155473094 
1569020400000.0,1134.0570780260628 
1569024000000.0,1174.4338736428558 
1569027600000.0,1175.3952259194461 
1569031200000.0,1186.4507771002347 
1569034800000.0,1180.6826634406927 
1569038400000.0,1176.3565781960365 
1569042000000.0,1161.4556179088866 
1569045600000.0,1178.7599588875123 
1569049200000.0,1166.7430554301334 
1569052800000.0,1161.4556179088866 
1569056400000.0,1154.2454758344593 
1569060000000.0,1135.499106440948 
1569063600000.0,1132.134373472882 
1569067200000.0,1154.7261519727545 
1569070800000.0,1140.3058678238997 
1569074400000.0,1145.5933053451463 
1569078000000.0,1142.7092485153755 
1569081600000.0,1165.3010270152479 
1569085200000.0,1149.4387144515076 
1569088800000.0,1134.5377541643577 
1569092400000.0,1142.7092485153755 
1569096000000.0,1153.7647996961641 
1569099600000.0,1140.7865439621949 
1569103200000.0,1136.4604587175384 
1569106800000.0,1139.3445155473094 
1569110400000.0,1137.4218109941287 
1569114000000.0,1118.1947654623225 
1569117600000.0,1079.74067439871 
1569121200000.0,1080.7020266753002 
1569124800000.0,1052.8228106541812 
1569128400000.0,1049.9387538244102 
1569132000000.0,1064.8397141115602 
1569135600000.0,1062.4363334200843 
1569139200000.0,1086.9508164731374 
1569142800000.0,1083.105407366776 
1569146400000.0,1085.989464196547 
1569150000000.0,1065.8010663881505 
1569153600000.0,1067.243094803036 
1569157200000.0,1080.221350537005 
1569160800000.0,1067.7237709413312 
1569164400000.0,1063.8783618349698 
1569168000000.0,1062.4363334200843 
1569171600000.0,1023.9822423564717 
1569175200000.0,1014.8493957288638 
1569178800000.0,1008.6006059310267 
1569182400000.0,1004.7551968246655 
1569186000000.0,1019.6561571118153 
1569189600000.0,1042.728611749983 
1569193200000.0,1048.0160492712296 
1569196800000.0,1052.8228106541812 
1569200400000.0,1029.7503560160137 
1569204000000.0,1022.0595378032912 
1569207600000.0,1023.9822423564717 
1569211200000.0,1019.6561571118153 
1569214800000.0,1029.7503560160137 
1569218400000.0,1017.2527764203395 
1569222000000.0,1021.578861664996 
1569225600000.0,1020.8578474575532 
1569229200000.0,1030.4713702234565 
1569232800000.0,1039.1235407127692 
1569236400000.0,1027.827651462833 
1569240000000.0,1029.9906940851613 
1569243600000.0,1023.261228149029 
1569247200000.0,1020.1368332501105 
1569250800000.0,1026.6259611170951 
1569254400000.0,1031.6730605691944 
1569258000000.0,1031.1923844308992 
1569261600000.0,1012.3185844995951 
1569265200000.0,1011.1945719007803 
1569268800000.0,1012.5486666085228 
1569272400000.0,1020.0354253504952 
1569276000000.0,1036.9294559052023 
1569279600000.0,1042.9107615536616 
1569283200000.0,1050.6377558284353 
1569286800000.0,1037.9143194567137 
1569290400000.0,1041.1230609260438 
1569294000000.0,1045.8934451796597 
1569297600000.0,1050.3297861113297 
1569301200000.0,1044.2802302954162 
1569304800000.0,1045.086837737538 
1569308400000.0,1065.6553275116435 
1569312000000.0,1059.60577169573 
1569315600000.0,1087.4337284489318 
1569319200000.0,1075.7379205381658 
1569322800000.0,1087.4337284489318 
1569326400000.0,1079.367654027714 
1569330000000.0,1112.4385591547073 
1569333600000.0,1133.8136563709347 
1569337200000.0,1185.83983638779 
1569340800000.0,1190.6794810405206 
1569344400000.0,1233.0263717519144 
1569348000000.0,1231.8164605887318 
1569351600000.0,1701.2619919036124 
1569355200000.0,1787.5689882106437 
1569358800000.0,1795.2317589108006 
1569362400000.0,1729.896556098936 
1569366000000.0,1708.9247626037695 
1569369600000.0,1804.1044407741404 
1569373200000.0,1669.8043016608626 
1569376800000.0,1539.9405034792549 
1569380400000.0,1627.4574109494688 
1569384000000.0,1624.2309811809816 
1569387600000.0,1672.627427708289 
1569391200000.0,1666.1745681713146 
1569394800000.0,1691.9860063192118 
1569398400000.0,1796.4416700739835 
1569402000000.0,1836.3687384590119 
1569405600000.0,1717.797444467109 
1569409200000.0,1728.6866449357533 
1569412800000.0,1785.1491658842783 
1569416400000.0,1794.425151468679 
1569420000000.0,1723.0403928409007 
1569423600000.0,1737.9626305201539 
1569427200000.0,1771.436839368208 
1569430800000.0,1658.1084937500968 
1569434400000.0,1660.528316076462 
1569438000000.0,1709.7313700458913 
1569441600000.0,1662.1415309607057 
1569445200000.0,1609.7120472227896 
1569448800000.0,1579.8675718642833 
1569452400000.0,1625.0375886231034 
1569456000000.0,1615.358299317642 
1569459600000.0,1647.6225970025134 
1569463200000.0,1691.17939887709 
1569466800000.0,1679.8868946873852 
1569470400000.0,1674.6439463135935 
1569474000000.0,1675.0472500346543 
1569477600000.0,1656.0919751447923 
1569481200000.0,1656.4952788658532 
1569484800000.0,1651.2523304920617 
1569488400000.0,1632.2970556021996 
1569492000000.0,1605.6790100121805 
1569495600000.0,1609.3087435017287 
1569499200000.0,1645.2027746761482 
1569502800000.0,1630.683840717956 
1569506400000.0,1717.3941407460482 
1569510000000.0,1757.3212091310768 
1569513600000.0,1899.6874226655723 
1569517200000.0,1903.7204598761812 
1569520800000.0,1925.0955570924086 
1569524400000.0,1808.5407817058103 
1569528000000.0,1771.436839368208 
1569531600000.0,1799.2647961214097 
1569535200000.0,1776.6797877419997 
1569538800000.0,1730.2998598199968 
1569542400000.0,1756.111297967894 
1569546000000.0,1812.5738189164192 
1569549600000.0,1783.132647278974 
1569553200000.0,1803.7011370530795 
1569556800000.0,1779.502913789426 
1569560400000.0,1796.8449737950443 
1569564000000.0,1810.1539965900538 
1569567600000.0,1785.5524696053392 
1569571200000.0,1730.7031635410576 
1569574800000.0,1747.6419198256153 
1569578400000.0,1762.9674612259291 
1569582000000.0,1761.3542463416857 
1569585600000.0,1783.132647278974 
1569589200000.0,1785.5524696053392 
1569592800000.0,1789.1822030948874 
1569596400000.0,1807.3308705426275 
1569600000000.0,1819.8332858955152 
1569603600000.0,1758.5311202942594 
1569607200000.0,1738.3659342412147 
1569610800000.0,1737.5593267990928 
1569614400000.0,1741.592364009702 
1569618000000.0,1670.2076053819237 
1569621600000.0,1546.3933630162292 
1569625200000.0,1613.7450844333985 
1569628800000.0,1591.9666834961101 
1569632400000.0,1569.784978837761 
1569636000000.0,1586.7237351223187 
1569639600000.0,1578.2543569800398 
1569643200000.0,1582.2873941906487 
1569646800000.0,1579.0609644221615 
1569650400000.0,1597.2096318699018 
1569654000000.0,1613.7450844333985 
1569657600000.0,1575.0279272115527 
1569661200000.0,1598.0162393120236 
1569664800000.0,1569.3816751167 
1569668400000.0,1589.9501648908058 
1569672000000.0,1629.4739295547733 
1569675600000.0,1654.0754565394877 
1569679200000.0,1622.6177662967382 
1569682800000.0,1663.3514421238883 
1569686400000.0,1671.0142128240454 
1569690000000.0,1613.7450844333985 
1569693600000.0,1579.0609644221615 
1569697200000.0,1582.6906979117095 
1569700800000.0,1584.707216517014 
1569704400000.0,1583.4973053538315 
1569708000000.0,1591.9666834961101 
1569711600000.0,1596.40302442778 
1569715200000.0,1583.0940016327704 
1569718800000.0,1588.740253727623 
1569722400000.0,1594.7898095435364 
1569726000000.0,1627.054107228408 
1569729600000.0,1640.3631300234174 
1569733200000.0,1648.0259007235745 
1569736800000.0,1644.3961672340263 
1569740400000.0,1672.627427708289 
1569744000000.0,1667.7877830555583 
1569747600000.0,1667.3844793344974 
1569751200000.0,1664.1580495660103 
1569754800000.0,1671.8208202661672 
1569758400000.0,1691.9860063192118 
1569762000000.0,1768.2104095997208 
1569765600000.0,1767.403802157599 
1569769200000.0,1779.502913789426 
1569772800000.0,1756.111297967894 
1569776400000.0,1700.0520807404298 
1569780000000.0,1738.7692379622756 
1569783600000.0,1757.7245128521377 
1569787200000.0,1762.1608537838074 
1569790800000.0,1726.6701263304487 
1569794400000.0,1706.504940277404 
1569798000000.0,1668.59439049768 
1569801600000.0,1698.0355621351252 
1569805200000.0,1708.1181551616476 
1569808800000.0,1702.0685993457341 
1569812400000.0,1728.2833412146924 
1569816000000.0,1733.122985867423 
1569819600000.0,1785.5524696053392 
1569823200000.0,1783.132647278974 
1569826800000.0,1799.2647961214097 
1569830400000.0,1773.4533579735125 
1569834000000.0,1737.5593267990928 
1569837600000.0,1560.1056895322995 
1569841200000.0,1553.2495262742643 
1569844800000.0,1547.6032741794118 
1569848400000.0,1578.2543569800398 
1569852000000.0,1501.223346257409 
1569855600000.0,1451.616988566919 
1569859200000.0,1425.402246697961 
1569862800000.0,1439.5178769350923 
1569866400000.0,1445.5674327510058 
1569870000000.0,1437.098054608727 
1569873600000.0,1436.7683551645234 
1569877200000.0,1434.1850417486385 
1569880800000.0,1435.7552341577461 
1569884400000.0,1433.5825166918721 
1569888000000.0,1448.463790135945 
1569891600000.0,1435.3355333660252 
1569895200000.0,1468.4009859276566 
1569898800000.0,1486.1334895540022 
1569902400000.0,1462.8935323079672 
1569906000000.0,1471.1746214246996 
1569909600000.0,1463.2343904286904 
1569913200000.0,1450.5082398198942 
1569916800000.0,1452.2826459751636 
1569920400000.0,1435.8092882107853 
1569924000000.0,1402.9969731020417 
1569927600000.0,1397.8160812427666 
1569931200000.0,1429.4770870494488 
1569934800000.0,1379.1073050842724 
1569938400000.0,1389.7569161283382 
1569942000000.0,1366.4429027615993 
1569945600000.0,1379.1073050842724 
1569949200000.0,1394.0743260110676 
1569952800000.0,1319.8148760281217 
1569956400000.0,1315.4974661453923 
1569960000000.0,1318.6635667260607 
1569963600000.0,1335.9332062569783 
1569967200000.0,1331.903623699764 
1569970800000.0,1348.0219539286206 
1569974400000.0,1327.87404114255 
1569978000000.0,1327.87404114255 
1569981600000.0,1327.5862138170346 
1569985200000.0,1312.0435382392088 
1569988800000.0,1316.073120796423 
1569992400000.0,1307.7261283564794 
1569996000000.0,1284.6999423152558 
1569999600000.0,1307.7261283564794 
1570003200000.0,1307.438301030964 
1570006800000.0,1327.87404114255 
1570010400000.0,1324.1322859108511 
1570014000000.0,1335.9332062569783 
1570017600000.0,1341.689752767284 
1570021200000.0,1318.9513940515758 
1570024800000.0,1332.1914510252793 
1570028400000.0,1327.2983864915195 
1570032000000.0,1325.5714225384277 
1570035600000.0,1338.523652186616 
1570039200000.0,1331.615796374249 
1570042800000.0,1330.4644870721877 
1570046400000.0,1351.475881834804 
1570050000000.0,1331.615796374249 
1570053600000.0,1353.202845787896 
1570057200000.0,1359.8228742747476 
1570060800000.0,1394.9378079876135 
1570064400000.0,1374.2142405505122 
1570068000000.0,1375.077722527058 
1570071600000.0,1380.2586143863334 
1570075200000.0,1368.4576940402064 
1570078800000.0,1372.1994492719052 
1570082400000.0,1342.2654074183147 
1570086000000.0,1330.752314397703 
1570089600000.0,1333.9184149783712 
1570093200000.0,1349.461090556197 
1570096800000.0,1341.1140981162534 
1570100400000.0,1308.30178300751 
1570104000000.0,1313.4826748667854 
1570107600000.0,1321.2540126556983 
1570111200000.0,1316.3609481219382 
1570114800000.0,1244.1162894175993 
1570118400000.0,1236.3449516286864 
1570122000000.0,1281.821669060103 
1570125600000.0,1269.1572667374298 
1570129200000.0,1263.1128929016088 
1570132800000.0,1251.3119725554818 
1570136400000.0,1261.9615835995476 
1570140000000.0,1288.4416975469549 
1570143600000.0,1309.453092309571 
1570147200000.0,1309.453092309571 
1570150800000.0,1269.1572667374298 
1570154400000.0,1276.065122549797 
1570158000000.0,1272.035539992583 
1570161600000.0,1270.8842306905217 
1570165200000.0,1248.4336993003287 
1570168800000.0,1275.7772952242817 
1570172400000.0,1279.5190504559805 
1570176000000.0,1301.6817545206582 
1570179600000.0,1277.7920865028887 
1570183200000.0,1308.5896103330253 
1570186800000.0,1308.30178300751 
1570190400000.0,1323.2688039343052 
1570194000000.0,1313.1948475412698 
1570197600000.0,1333.3427603273406 
1570201200000.0,1339.9627888141924 
1570204800000.0,1330.1766597466724 
1570208400000.0,1388.0299521752463 
1570212000000.0,1370.4724853188136 
1570215600000.0,1369.6090033422677 
1570219200000.0,1375.6533771780887 
1570222800000.0,1362.1254928788699 
1570226400000.0,1356.6567736940794 
1570230000000.0,1357.5202556706254 
1570233600000.0,1332.1914510252793 
1570237200000.0,1327.5862138170346 
1570240800000.0,1320.6783580046676 
1570244400000.0,1334.2062423038865 
1570248000000.0,1335.6453789314628 
1570251600000.0,1339.3871341631618 
1570255200000.0,1329.888832421157 
1570258800000.0,1338.523652186616 
1570262400000.0,1324.7079405618817 
1570266000000.0,1306.2869917289029 
1570269600000.0,1299.6669632420512 
1570273200000.0,1303.1208911482347 
1570276800000.0,1302.8330638227194 
1570280400000.0,1284.6999423152558 
1570284000000.0,1310.6044016116323 
1570287600000.0,1299.6669632420512 
1570291200000.0,1348.8854359051666 
1570294800000.0,1333.9184149783712 
1570298400000.0,1319.8148760281217 
1570302000000.0,1318.3757394005452 
1570305600000.0,1327.2983864915195 
1570309200000.0,1324.4201132363664 
1570312800000.0,1346.582817301044 
1570316400000.0,1346.582817301044 
1570320000000.0,1356.0811190430488 
1570323600000.0,1358.6715649726864 
1570327200000.0,1332.4792783507946 
1570330800000.0,1333.3427603273406 
1570334400000.0,1328.4496957935805 
1570338000000.0,1346.2949899755288 
1570341600000.0,1341.1140981162534 
1570345200000.0,1306.8626463799335 
1570348800000.0,1302.545236497204 
1570352400000.0,1270.0207487139758 
1570356000000.0,1287.2903882448934 
1570359600000.0,1280.6703597580417 
1570363200000.0,1303.40871847375 
1570366800000.0,1299.3791359165357 
1570370400000.0,1272.6111946436135 
1570374000000.0,1272.6111946436135 
1570377600000.0,1314.0583295178158 
1570381200000.0,1298.51565393999 
1570384800000.0,1281.2460144090724 
1570388400000.0,1207.2743917516418 
1570392000000.0,1230.5884051183807 
1570395600000.0,1244.9797713941452 
1570399200000.0,1256.2050370892416 
1570402800000.0,1222.8170673294676 
1570406400000.0,1238.935397558324 
1570410000000.0,1230.01275046735 
1570413600000.0,1230.876232443896 
1570417200000.0,1229.1492684908042 
1570420800000.0,1298.2278266144747 
1570424400000.0,1284.9877696407711 
1570428000000.0,1284.1242876642254 
1570431600000.0,1276.065122549797 
1570435200000.0,1309.7409196350864 
1570438800000.0,1320.3905306791523 
1570442400000.0,1362.9889748554158 
1570446000000.0,1376.2290318291193 
1570449600000.0,1374.789895201543 
1570453200000.0,1415.0857207736842 
1570456800000.0,1438.9753887914535 
1570460400000.0,1437.8240794893923 
1570464000000.0,1453.9424097182489 
1570467600000.0,1522.4453131908886 
1570471200000.0,1524.7479317950113 
1570474800000.0,1497.116508545543 
1570478400000.0,1499.4191271496652 
1570482000000.0,1479.8468690146253 
1570485600000.0,1475.817286457411 
1570489200000.0,1512.0835294723381 
1570492800000.0,1495.6773719179664 
1570496400000.0,1496.540853894512 
1570500000000.0,1580.5864329449782 
1570503600000.0,1548.6375998127805 
1570507200000.0,1532.8070969094392 
1570510800000.0,1522.733140516404 
1570514400000.0,1525.8992410970723 
1570518000000.0,1522.733140516404 
1570521600000.0,1497.404335871058 
1570525200000.0,1487.9060341290533 
1570528800000.0,1488.1938614545688 
1570532400000.0,1489.3451707566298 
1570536000000.0,1496.540853894512 
1570539600000.0,1502.009573079303 
1570543200000.0,1480.710350991171 
1570546800000.0,1463.152884134738 
1570550400000.0,1459.4111289030393 
1570554000000.0,1454.5180643692793 
1570557600000.0,1472.9390132022581 
1570561200000.0,1475.529459131896 
1570564800000.0,1464.3041934367993 
1570568400000.0,1438.9753887914535 
1570572000000.0,1459.4111289030393 
1570575600000.0,1495.1017172669358 
1570579200000.0,1494.8138899414205 
1570582800000.0,1500.8582637772415 
1570586400000.0,1487.9060341290533 
1570590000000.0,1487.9060341290533 
1570593600000.0,1458.5476469264934 
1570597200000.0,1466.0311573898912 
1570600800000.0,1484.4521062228698 
1570604400000.0,1489.9208254076607 
1570608000000.0,1518.4157306336747 
1570611600000.0,1538.8514707452605 
1570615200000.0,1542.305398651444 
1570618800000.0,1566.4828939947288 
1570622400000.0,1560.4385201589075 
1570626000000.0,1537.1245067921686 
1570629600000.0,1632.6831788632464 
1570633200000.0,1689.6729893152747 
1570636800000.0,1672.9790044353877 
1570640400000.0,1686.219061409091 
1570644000000.0,1696.868672453157 
1570647600000.0,1684.7799247815144 
1570651200000.0,1693.1269172214581 
1570654800000.0,1700.6104276848555 
1570658400000.0,1676.432932341571 
1570662000000.0,1702.9130462889782 
1570665600000.0,1708.3817654737686 
1570669200000.0,1693.990399198004 
1570672800000.0,1678.1598962946628 
1570676400000.0,1678.1598962946628 
1570680000000.0,1679.5990329222393 
1570683600000.0,1688.2338526876981 
1570687200000.0,1671.6837814705686 
1570690800000.0,1678.8794646084511 
1570694400000.0,1676.7207596670862 
1570698000000.0,1614.1183163675098 
1570701600000.0,1581.7377422470393 
1570705200000.0,1580.298605619463 
1570708800000.0,1586.0551521297687 
1570712400000.0,1555.8332829506628 
1570716000000.0,1593.9704035814393 
1570719600000.0,1604.7639282882628 
1570723200000.0,1607.6422015434157 
1570726800000.0,1596.8486768365922 
1570730400000.0,1567.174148402529 
1570734000000.0,1565.1839295221923 
1570737600000.0,1562.6068854625428 
1570741200000.0,1562.1274130576755 
1570744800000.0,1561.7213471357018 
1570748400000.0,1561.9358319081662 
1570752000000.0,1565.6184826128704 
1570755600000.0,1580.4972872415767 
1570759200000.0,1568.3005468610572 
1570762800000.0,1567.635614062364 
1570766400000.0,1564.6652021624725 
1570770000000.0,1555.9246692807017 
1570773600000.0,1545.6328158017102 
1570777200000.0,1546.152140213891 
1570780800000.0,1547.80448680512 
1570784400000.0,1547.9314688294462 
1570788000000.0,1546.960120977828 
1570791600000.0,1542.1634886810727 
1570795200000.0,1557.0425365568758 
1570798800000.0,1548.2447179689175 
1570802400000.0,1538.8458652700776 
1570806000000.0,1554.0581742231625 
1570809600000.0,1546.9119797437754 
1570813200000.0,1561.5101532706717 
1570816800000.0,1572.188094653639 
1570820400000.0,1576.3213377300613 
1570824000000.0,1565.7132155428096 
1570827600000.0,1570.2576420720732 
1570831200000.0,1587.9304119080982 
1570834800000.0,1579.8514314116296 
1570838400000.0,1588.9402844701567 
1570842000000.0,1565.7132155428096 
1570845600000.0,1544.0009554585504 
1570849200000.0,1545.010828020609 
1570852800000.0,1546.0207005826676 
1570856400000.0,1534.9121024000233 
1570860000000.0,1511.180097191647 
1570863600000.0,1511.180097191647 
1570867200000.0,1517.7442688450278 
1570870800000.0,1521.783759093262 
1570874400000.0,1519.2590776881157 
1570878000000.0,1540.4664014913456 
1570881600000.0,1533.9022298379648 
1570885200000.0,1511.6850334726764 
1570888800000.0,1522.7936316553205 
1570892400000.0,1504.6159255382663 
1570896000000.0,1516.734396282969 
1570899600000.0,1513.7047785967934 
1570903200000.0,1531.3775484328185 
1570906800000.0,1560.6638527325167 
1570910400000.0,1563.1885341376633 
1570914000000.0,1552.5848722360483 
1570917600000.0,1554.0996810791362 
1570921200000.0,1551.5749996739896 
1570924800000.0,1566.723088104868 
1570928400000.0,1540.9713377723747 
1570932000000.0,1515.2195874398813 
1570935600000.0,1518.7541414070863 
1570939200000.0,1514.2097148778228 
1570942800000.0,1524.3084404984083 
1570946400000.0,1522.7936316553205 
1570950000000.0,1532.387420994877 
1570953600000.0,1513.1998423157643 
1570957200000.0,1497.5468176038564 
1570960800000.0,1502.5961804141493 
1570964400000.0,1501.5863078520906 
1570968000000.0,1483.9135380160658 
1570971600000.0,1462.706214212836 
1570975200000.0,1460.1815328076893 
1570978800000.0,1465.2308956179822 
1570982400000.0,1458.1617876835724 
1570986000000.0,1463.211150493865 
1570989600000.0,1467.2506407420994 
1570993200000.0,1460.1815328076893 
1570996800000.0,1461.6963416507772 
1571000400000.0,1528.852867027672 
1571004000000.0,1525.318313060467 
1571007600000.0,1500.0714990090028 
1571011200000.0,1512.694906034735 
1571014800000.0,1510.1702246295886 
1571018400000.0,1475.8345575195972 
1571022000000.0,1457.1519151215136 
1571025600000.0,1466.74570446107 
1571029200000.0,1469.7753221472458 
1571032800000.0,1443.518635533723 
1571036400000.0,1437.4594001613716 
1571040000000.0,1457.1519151215136 
1571043600000.0,1446.0433169388696 
1571047200000.0,1448.567998344016 
1571050800000.0,1439.4791452854888 
1571054400000.0,1457.1519151215136 
1571058000000.0,1467.7555770231288 
1571061600000.0,1450.0828071871038 
1571065200000.0,1460.6864690887187 
1571068800000.0,1469.2703858662167 
1571072400000.0,1408.6780321427025 
1571076000000.0,1404.6385418944683 
1571079600000.0,1398.0743702410875 
1571083200000.0,1405.1434781754976 
1571086800000.0,1403.1237330513804 
1571090400000.0,1414.2323312340247 
1571094000000.0,1398.0743702410875 
1571097600000.0,1378.8867915619749 
1571101200000.0,1383.4312180912384 
1571104800000.0,1394.0348799928533 
1571108400000.0,1387.4707083394726 
1571112000000.0,1408.6780321427025 
1571115600000.0,1410.6977772668197 
1571119200000.0,1405.6484144565268 
1571122800000.0,1425.3409294166688 
1571126400000.0,1440.9939541285767 
1571130000000.0,1456.6469788404845 
1571133600000.0,1457.1519151215136 
1571137200000.0,1429.3804196649032 
1571140800000.0,1429.3804196649032 
1571144400000.0,1422.8162480115225 
1571148000000.0,1422.8162480115225 
1571151600000.0,1457.1519151215136 
1571155200000.0,1432.914973632108 
1571158800000.0,1519.2590776881157 
1571162400000.0,1523.8035042173792 
1571166000000.0,1515.2195874398813 
1571169600000.0,1519.7640139691448 
1571173200000.0,1538.4466563672283 
1571176800000.0,1535.921974962082 
1571180400000.0,1527.8429944656134 
1571184000000.0,1505.625798100325 
1571187600000.0,1484.4184742970951 
1571191200000.0,1484.9234105781243 
1571194800000.0,1500.0714990090028 
1571198400000.0,1493.5073273556222 
1571202000000.0,1497.041881322827 
1571205600000.0,1499.0616264469443 
1571209200000.0,1519.2590776881157 
1571212800000.0,1528.3479307466428 
1571216400000.0,1520.7738865312035 
1571220000000.0,1520.7738865312035 
1571223600000.0,1518.7541414070863 
1571227200000.0,1568.7428332289853 
1571230800000.0,1640.4437851351436 
1571234400000.0,1639.433912573085 
1571238000000.0,1667.7103443107248 
1571241600000.0,1668.7202168727833 
1571245200000.0,1657.10668240911 
1571248800000.0,1654.0770647229342 
1571252400000.0,1658.1165549711684 
1571256000000.0,1657.6116186901393 
1571259600000.0,1639.433912573085 
1571263200000.0,1639.433912573085 
1571266800000.0,1629.3351869524993 
1571270400000.0,1632.364804638675 
1571274000000.0,1649.0277019126413 
1571277600000.0,1659.1264275332271 
1571281200000.0,1644.9882116644071 
1571284800000.0,1660.641236376315 
1571288400000.0,1689.422604394984 
1571292000000.0,1649.0277019126413 
1571295600000.0,1656.6017461280805 
1571299200000.0,1651.5523833177879 
1571302800000.0,1566.723088104868 
1571306400000.0,1558.1391713273704 
1571310000000.0,1554.0996810791362 
1571313600000.0,1555.614489922224 
1571317200000.0,1555.1095536411947 
1571320800000.0,1554.0996810791362 
1571324400000.0,1552.079935955019 
1571328000000.0,1528.852867027672 
1571331600000.0,1527.338058184584 
1571335200000.0,1531.3775484328185 
1571338800000.0,1531.3775484328185 
1571342400000.0,1541.309954583236 
1571346000000.0,1540.6124421454251 
1571349600000.0,1539.7459950937564 
1571353200000.0,1540.442587927313 
1571356800000.0,1544.3873443372495 
1571360400000.0,1540.323446095025 
1571364000000.0,1542.5270208692277 
1571367600000.0,1532.7174874224997 
1571371200000.0,1527.3138484316044 
1571374800000.0,1526.6163359937934 
1571378400000.0,1482.967861270357 
1571382000000.0,1476.917227666162 
1571385600000.0,1463.7218057707123 
1571389200000.0,1399.171164554574 
1571392800000.0,1428.0134708627647 
1571396400000.0,1439.0527892663688 
1571400000000.0,1461.4561119089772 
1571403600000.0,1461.7807977443772 
1571407200000.0,1461.7807977443772 
1571410800000.0,1449.1180501637725 
1571414400000.0,1460.1573685673766 
1571418000000.0,1462.1054835797775 
1571421600000.0,1478.6644611851834 
1571425200000.0,1490.0284654241877 
1571428800000.0,1514.0552172437967 
1571432400000.0,1502.6912130047924 
1571436000000.0,1495.5481246259899 
1571439600000.0,1509.8343013835952 
1571443200000.0,1491.3272087657883 
1571446800000.0,1470.8720011355806 
1571450400000.0,1466.326399439979 
1571454000000.0,1470.8720011355806 
1571457600000.0,1506.9121288649942 
1571461200000.0,1504.9640138525933 
1571464800000.0,1492.3012662719887 
1571468400000.0,1495.2234387905896 
1571472000000.0,1501.3924696631918 
1571475600000.0,1522.4970489641998 
1571479200000.0,1511.7824163959958 
1571482800000.0,1502.6912130047924 
1571486400000.0,1508.2108722065946 
1571490000000.0,1524.7698498120008 
1571493600000.0,1519.899562280999 
1571497200000.0,1515.6786464207973 
1571500800000.0,1507.8861863711943 
1571504400000.0,1472.8201161479815 
1571508000000.0,1500.0937263215915 
1571511600000.0,1481.2619478683844 
1571515200000.0,1463.4042269213778 
1571518800000.0,1469.5732577939802 
1571522400000.0,1479.6385186913838 
1571526000000.0,1467.6251427815794 
1571529600000.0,1479.963204526784 
1571533200000.0,1458.533939390376 
1571536800000.0,1435.1565592415673 
1571540400000.0,1427.3640991919644 
1571544000000.0,1435.4812450769675 
1571547600000.0,1439.7021609371689 
1571551200000.0,1446.8452493159716 
1571554800000.0,1454.6377093655744 
1571558400000.0,1429.312214204365 
1571562000000.0,1448.1439926575722 
1571565600000.0,1460.4820544027768 
1571569200000.0,1458.533939390376 
1571572800000.0,1456.9105102133753 
1571576400000.0,1462.7548552505775 
1571580000000.0,1470.5473153001803 
1571583600000.0,1510.1589872189952 
1571587200000.0,1516.6527039269977 
1571590800000.0,1548.4719157962095 
1571594400000.0,1567.3036942494166 
1571598000000.0,1559.1865483644135 
1571601600000.0,1577.6936409822204 
1571605200000.0,1568.277751755617 
1571608800000.0,1567.9530659202167 
1571612400000.0,1566.6543225786163 
1571616000000.0,1572.1739817804184 
1571619600000.0,1550.7447166440104 
1571623200000.0,1552.0434599856108 
1571626800000.0,1562.758092553815 
1571630400000.0,1551.0694024794104 
1571634000000.0,1540.6794557466067 
1571637600000.0,1542.3028849236073 
1571641200000.0,1545.5497432776085 
1571644800000.0,1527.3673364952017 
1571648400000.0,1533.2116815324039 
1571652000000.0,1529.9648231784026 
1571655600000.0,1634.5136621772415 
1571659200000.0,1625.097772950638 
1571662800000.0,1623.7990296090377 
1571666400000.0,1623.4743437736374 
1571670000000.0,1633.5396046710414 
1571673600000.0,1555.290318339612 
1571677200000.0,1557.8878050228132 
1571680800000.0,1577.3689551468203 
1571684400000.0,1594.5773044230268 
1571688000000.0,1601.3957069664293 
1571691600000.0,1607.8894236744316 
1571695200000.0,1618.2793704072355 
1571698800000.0,1607.2400520036315 
1571702400000.0,1611.785653699233 
1571706000000.0,1609.5128528514322 
1571709600000.0,1602.3697644726296 
1571713200000.0,1633.5396046710414 
1571716800000.0,1640.682693049844 
1571720400000.0,1634.1889763418415 
1571724000000.0,1630.9421179878402 
1571727600000.0,1609.8375386868324 
1571731200000.0,1611.460967863833 
1571734800000.0,1628.3446313046393 
1571738400000.0,1622.175600432037 
1571742000000.0,1584.512043525623 
1571745600000.0,1612.4350253700334 
1571749200000.0,1591.6551319044256 
1571752800000.0,1591.3304460690256 
1571756400000.0,1568.9271234264172 
1571760000000.0,1606.9153661682312 
1571763600000.0,1590.3563885628253 
1571767200000.0,1599.7722777894287 
1571770800000.0,1591.0057602336253 
1571774400000.0,1575.0961542990196 
1571778000000.0,1570.5505526034178 
1571781600000.0,1571.8492959450184 
1571785200000.0,1532.5623098616036 
1571788800000.0,1519.2501906101986 
1571792400000.0,1520.8736197871992 
1571796000000.0,1518.2761331039983 
1571799600000.0,1517.302075597798 
1571803200000.0,1413.4026082697592 
1571806800000.0,1423.1431833317629 
1571810400000.0,1418.272895800761 
1571814000000.0,1420.870382483962 
1571817600000.0,1412.753236598959 
1571821200000.0,1422.4938116609626 
1571824800000.0,1432.8837583937664 
1571828400000.0,1437.4293600893682 
1571832000000.0,1411.4544932573583 
1571835600000.0,1241.319115507695 
1571839200000.0,1204.9543019428816 
1571842800000.0,1197.1618418932785 
1571846400000.0,1155.602054962063 
1571850000000.0,1119.5619272326496 
1571853600000.0,1138.7183915212568 
1571857200000.0,1146.5108515708596 
1571860800000.0,1144.2380507230587 
1571864400000.0,1139.3677631920568 
1571868000000.0,1127.3543872822524 
1571871600000.0,1124.7569005990515 
1571875200000.0,1170.8622892258688 
1571878800000.0,1158.8489133160642 
1571882400000.0,1145.8614799000593 
1571886000000.0,1140.9911923690574 
1571889600000.0,1132.8740464840544 
1571893200000.0,1141.3158782044577 
1571896800000.0,1139.692449027457 
1571900400000.0,1110.146038006046 
1571904000000.0,1140.6665065336574 
1571907600000.0,1158.8489133160642 
1571911200000.0,1164.043886682466 
1571914800000.0,1159.1735991514643 
1571918400000.0,1158.5242274806642 
1571922000000.0,1180.9275501232723 
1571925600000.0,1199.1099569056792 
1571929200000.0,1226.0588812438893 
1571932800000.0,1210.4739611446835 
1571936400000.0,1247.1634605448971 
1571940000000.0,1234.8253987996925 
1571943600000.0,1231.9032262810913 
1571947200000.0,1244.5659738616962 
1571950800000.0,1218.2664211942863 
1571954400000.0,1195.538412716278 
1571958000000.0,1219.2404787004868 
1571961600000.0,1200.0840144118797 
1571965200000.0,1206.9024169552822 
1571968800000.0,1217.292363688086 
1571972400000.0,1223.7860803960884 
1571976000000.0,1224.4354520668887 
1571979600000.0,1211.4480186508838 
1571983200000.0,1224.1107662314885 
1571986800000.0,1229.6304254332906 
1571990400000.0,1262.423694808703 
1571994000000.0,1252.033748075899 
1571997600000.0,1254.3065489237 
1572001200000.0,1301.3859950567173 
1572004800000.0,1309.5031409417204 
1572008400000.0,1328.6596052303275 
1572012000000.0,1349.7641845313353 
1572015600000.0,1361.7775604411397 
1572019200000.0,1562.1087208830147 
1572022800000.0,1655.9429273136495 
1572026400000.0,1666.6575598818536 
1572030000000.0,1704.6458026236678 
1572033600000.0,1687.7621391828616 
1572037200000.0,1697.178028409465 
1572040800000.0,1683.2165374872598 
1572044400000.0,1689.3855683598622 
1572048000000.0,1717.9579218750728 
1572051600000.0,1792.3109781817004 
1572055200000.0,1792.3109781817004 
1572058800000.0,1872.6707224432305 
1572062400000.0,1858.059859850225 
1572066000000.0,1897.8338746867398 
1572069600000.0,1876.729295385732 
1572073200000.0,1889.7167288017367 
1572076800000.0,1814.2272720712087 
1572080400000.0,1705.457517212168 
1572084000000.0,1660.8132148446514 
1572087600000.0,1689.223225442162 
1572091200000.0,1687.5997962651613 
1572094800000.0,1688.4115108536616 
1572098400000.0,1625.9094875391384 
1572102000000.0,1643.7672084861451 
1572105600000.0,1661.6249294331517 
1572109200000.0,1606.4283374151312 
1572112800000.0,1566.6543225786163 
1572116400000.0,1531.7505952731033 
1572120000000.0,1549.60831622011 
1572123600000.0,1601.7203928018293 
1572127200000.0,1611.460967863833 
1572130800000.0,1594.5773044230268 
1572134400000.0,1661.787272350852 
1572138000000.0,1647.1764097578464 
1572141600000.0,1620.2274854196362 
1572145200000.0,1627.6952596338392 
1572148800000.0,1591.6551319044256 
1572152400000.0,1606.9153661682312 
1572156000000.0,1657.8910423260504 
1572159600000.0,1657.2416706552501 
1572163200000.0,1623.4743437736374 
1572166800000.0,1678.346249956258 
1572170400000.0,1674.1253340960566 
1572174000000.0,1729.321926114077 
1572177600000.0,1657.8910423260504 
1572181200000.0,1666.6575598818536 
1572184800000.0,1721.5294660644743 
1572188400000.0,1847.8322560351212 
1572192000000.0,1868.2874636653287 
1572195600000.0,1936.7961749347544 
1572199200000.0,1915.1291525034621 
1572202800000.0,1913.1736546654588 
1572206400000.0,1911.5285757939264 
1572210000000.0,1912.2151573787557 
1572213600000.0,1909.7346580349838 
1572217200000.0,1908.6530455939271 
1572220800000.0,1906.626072313761 
1572224400000.0,1896.6396776998938 
1572228000000.0,1894.5575690992166 
1572231600000.0,1892.225457969918 
1572235200000.0,1887.2799105832926 
1572238800000.0,1886.8151474424749 
1572242400000.0,1885.4014243910653 
1572246000000.0,1887.7817794307878 
1572249600000.0,1887.4641612436963 
1572253200000.0,1887.9539185993099 
1572256800000.0,1889.1788846780073 
1572260400000.0,1885.5877726957049 
1572264000000.0,1884.890260257894 
1572267600000.0,1896.7599072193595 
1572271200000.0,1893.7953873110932 
1572274800000.0,1906.9796178469642 
1572278400000.0,1889.4575279742921 
1572282000000.0,1903.1391156566551 
1572285600000.0,1904.3028702780966 
1572289200000.0,1892.3300092644508 
1572292800000.0,1871.2374996256524 
1572296400000.0,1861.2416752869822 
1572300000000.0,1861.2185394271432 
1572303600000.0,1861.5104313319084 
1572307200000.0,1855.8392868338428 
1572310800000.0,1852.6167419008502 
1572314400000.0,1853.9618380903316 
1572318000000.0,1854.0462111450954 
1572321600000.0,1854.5252111406494 
1572325200000.0,1848.6283055974434 
1572328800000.0,1847.898544662404 
1572332400000.0,1848.6197531562755 
1572336000000.0,1848.6057465915535 
1572339600000.0,1848.503260023892 
1572343200000.0,1847.564718284851 
1572346800000.0,1843.6932760407608 
1572350400000.0,1843.5757702583599 
1572354000000.0,1845.8305243516704 
1572357600000.0,1843.1511051636855 
1572361200000.0,1840.4530536219336 
1572364800000.0,1839.9309523561635 
1572368400000.0,1840.3541652785127 
1572372000000.0,1840.0440033089426 
1572375600000.0,1839.4448759112418 
1572379200000.0,1838.4649452411984 
1572382800000.0,1833.2240547396914 
1572386400000.0,1832.08493924226 
1572390000000.0,1828.3198630687234 
1572393600000.0,1830.837169746399 
1572397200000.0,1828.3746046905621 
1572400800000.0,1822.695475221388 
1572404400000.0,1819.428111453145 
1572408000000.0,1819.5860509829977 
1572411600000.0,1815.7830901772702 
1572415200000.0,1816.7557619152233 
1572418800000.0,1816.4096066847912 
1572422400000.0,1818.5559015369263 
1572426000000.0,1818.3911393056035 
1572429600000.0,1815.6209712778177 
1572433200000.0,1808.1742030050168 
1572436800000.0,1808.0577415133796 
1572440400000.0,1807.0708660635132 
1572444000000.0,1809.2391004346227 
1572447600000.0,1805.438022515047 
1572451200000.0,1803.6283417471918 
1572454800000.0,1811.0032075087704 
1572458400000.0,1802.44508792458 
1572462000000.0,1793.8377076625666 
1572465600000.0,1789.8951193259531 
1572469200000.0,1794.029690184666 
1572472800000.0,1800.866989724371 
1572476400000.0,1780.402386388229 
1572480000000.0,1795.081612260674 
1572483600000.0,1781.2396423741818 
1572487200000.0,1817.5472866258142 
1572490800000.0,1803.797532024691 
1572494400000.0,1798.2069423778973 
1572498000000.0,1801.610020396845 
1572501600000.0,1770.4207659091144 
1572505200000.0,1788.8847965686398 
1572508800000.0,1811.1255607721591 
1572512400000.0,1802.732819563284 
1572516000000.0,1910.5795440973307 
1572519600000.0,1890.43696519603 
1572523200000.0,1873.2318457178358 
1572526800000.0,1781.3313294806521 
1572530400000.0,1777.5545959366582 
1572534000000.0,1798.1168118984026 
1572537600000.0,1838.4019697010037 
1572541200000.0,1824.9735837668034 
1572544800000.0,1804.8310048655028 
1572548400000.0,1823.714672585472 
1572552000000.0,1825.393220827247 
1572555600000.0,1845.5357997285475 
1572559200000.0,1849.732170332985 
1572562800000.0,1853.928540937423 
1572566400000.0,1829.4292144312417 
1572570000000.0,1828.2252802848202 
1572573600000.0,1825.872986424066 
1572577200000.0,1825.741668597556 
1572580800000.0,1813.9318379991637 
1572584400000.0,1818.2754616982754 
1572588000000.0,1815.7140051453384 
1572591600000.0,1813.5734172570394 
1572595200000.0,1811.7488848986739 
1572598800000.0,1814.2020505825546 
1572602400000.0,1805.6925671124945 
1572606000000.0,1813.6153104421041 
1572609600000.0,1809.747413103245 
1572613200000.0,1808.4318937183675 
1572616800000.0,1810.0414578849163 
1572620400000.0,1809.599281479144 
1572624000000.0,1807.2147847177014 
1572627600000.0,1806.8712148705117 
1572631200000.0,1807.7482055844175 
1572634800000.0,1810.9859696006697 
1572638400000.0,1810.9679437375037 
1572642000000.0,1807.020696004663 
1572645600000.0,1807.2099141158515 
1572649200000.0,1804.1081413579698 
1572652800000.0,1805.3314312254902 
1572656400000.0,1808.5118777695966 
1572660000000.0,1803.8225579482755 
1572663600000.0,1807.83529745152 
1572667200000.0,1806.7537712214687 
1572670800000.0,1805.1752954734611 
1572674400000.0,1805.1298131638587 
1572678000000.0,1802.894782532725 
1572681600000.0,1803.6904156394207 
1572685200000.0,1796.926165786554 
1572688800000.0,1795.8874368847685 
1572692400000.0,1794.5992704112002 
1572696000000.0,1792.5346404647398 
1572699600000.0,1789.231002156577 
1572703200000.0,1782.2912284978813 
1572706800000.0,1787.5938883021556 
1572710400000.0,1777.1880326023843 
1572714000000.0,1769.0209625857947 
1572717600000.0,1777.64020524263 
1572721200000.0,1778.2027145782538 
1572724800000.0,1776.1033715961353 
1572728400000.0,1791.3588901243 
1572732000000.0,1796.2740075074064 
1572735600000.0,1792.5380231652912 
1572739200000.0,1793.1489794588579 
1572742800000.0,1775.6339264961541 
1572746400000.0,1768.2066216223498 
1572750000000.0,1738.7923824789746 
1572753600000.0,1745.9471974057415 
1572757200000.0,1765.8216833134275 
1572760800000.0,1772.1815188038868 
1572764400000.0,1777.746374858039 
1572768000000.0,1783.311230912191 
1572771600000.0,1806.3656345651066 
1572775200000.0,1807.9555934377215 
1572778800000.0,1848.4995446894009 
1572782400000.0,1842.934688635249 
1572786000000.0,1842.1397091989413 
1572789600000.0,1849.2945241257082 
1572793200000.0,1872.348927778624 
1572796800000.0,1849.2945241257082 
1572800400000.0,1853.2694213072455 
1572804000000.0,1874.7338660875464 
1572807600000.0,1873.9388866512388 
1572811200000.0,1873.6468137259446 
1572814800000.0,1873.6308251755459 
1572818400000.0,1873.6125185166866 
1572822000000.0,1881.1922394755425 
1572825600000.0,1877.997355278517 
1572829200000.0,1872.5141336978445 
1572832800000.0,1873.251206725649 
1572836400000.0,1872.219259292345 
1572840000000.0,1868.847917646746 
1572843600000.0,1851.3930513892626 
1572847200000.0,1851.6521082970555 
1572850800000.0,1867.8136729838252 
1572854400000.0,1872.2881087062162 
1572858000000.0,1865.9901684966915 
1572861600000.0,1879.3644305370121 
1572865200000.0,1915.9728388543913 
1572868800000.0,1967.201203326034 
1572872400000.0,1943.868590725962 
1572876000000.0,1955.8210700805066 
1572879600000.0,2000.2159933973867 
1572883200000.0,1997.6547478214127 
1572886800000.0,1994.2397537201143 
1572890400000.0,2002.7772389733605 
1572894000000.0,1975.4572861629727 
1572897600000.0,1983.1410228908942 
1572901200000.0,2012.1684727519312 
1572904800000.0,2000.2159933973867 
1572908400000.0,1989.1172625681666 
1572912000000.0,2009.6072271759574 
1572915600000.0,2003.630987498685 
1572919200000.0,2036.927179986345 
1572922800000.0,2041.1959226129682 
1572926400000.0,2024.120952106476 
1572930000000.0,2024.9747006318005 
1572933600000.0,2031.8046888343974 
1572937200000.0,1975.4572861629727 
1572940800000.0,1966.066052384402 
1572944400000.0,1969.4810464857005 
1572948000000.0,2035.2196829356958 
1572951600000.0,2018.1447124292035 
1572955200000.0,2030.097191783748 
1572958800000.0,2057.417144594136 
1572962400000.0,2027.5359462077743 
1572966000000.0,2101.812067911016 
1572969600000.0,2139.377003025299 
1572973200000.0,2141.938248601273 
1572976800000.0,2153.8907279558175 
1572980400000.0,2147.0607397532203 
1572984000000.0,2153.8907279558175 
1572987600000.0,2141.084500075948 
1572991200000.0,2141.084500075948 
1572994800000.0,2111.2033016895866 
1572998400000.0,2117.179541366859 
1573002000000.0,2082.1758518285496 
1573005600000.0,2108.642056113613 
1573009200000.0,2107.7883075882883 
1573012800000.0,2119.740786942833 
1573016400000.0,2171.8194469876344 
1573020000000.0,2193.1631601207496 
1573023600000.0,2218.775615880488 
1573027200000.0,2203.408142424645 
1573030800000.0,2229.8743467097083 
1573034400000.0,2177.7956866649065 
1573038000000.0,2152.1832309051683 
1573041600000.0,2175.2344410889327 
1573045200000.0,2155.5982250064667 
1573048800000.0,2124.8632780947805 
1573052400000.0,2135.9620089240007 
1573056000000.0,2169.2582014116606 
1573059600000.0,2135.9620089240007 
1573063200000.0,2126.5707751454297 
1573066800000.0,2129.985769246728 
1573070400000.0,2118.033289892184 
1573074000000.0,2122.3020325188068 
1573077600000.0,2176.0881896142573 
1573081200000.0,2186.333171918153 
1573084800000.0,2210.238130627242 
1573088400000.0,2205.1156394752943 
1573092000000.0,2133.4007633480264 
1573095600000.0,2107.7883075882883 
1573099200000.0,2107.7883075882883 
1573102800000.0,2091.5670856071206 
1573106400000.0,2098.3970738097173 
1573110000000.0,2090.713337081796 
1573113600000.0,2075.345863625953 
1573117200000.0,2049.7334078662143 
1573120800000.0,1984.8485199415436 
1573124400000.0,1960.9435612324542 
1573128000000.0,1948.9910818779097 
1573131600000.0,1948.9910818779097 
1573135200000.0,1960.9435612324542 
1573138800000.0,1969.4810464857005 
1573142400000.0,1932.769859896742 
1573146000000.0,1959.236064181805 
1573149600000.0,1943.868590725962 
1573153200000.0,1952.406075979208 
1573156800000.0,1951.5523274538834 
1573160400000.0,1948.137333352585 
1573164000000.0,1966.9198009097265 
1573167600000.0,1981.433525840245 
1573171200000.0,1959.236064181805 
1573174800000.0,1960.0898127071296 
1573178400000.0,1984.8485199415436 
1573182000000.0,1999.3622448720619 
1573185600000.0,1992.5322566694651 
1573189200000.0,1965.2123038590773 
1573192800000.0,1951.5523274538834 
1573196400000.0,1931.0623628460928 
1573200000000.0,1886.6674395292127 
1573203600000.0,1849.9562529402542 
1573207200000.0,1877.276205750642 
1573210800000.0,1868.7387204973957 
1573214400000.0,1864.4699778707727 
1573218000000.0,1851.6637499909034 
1573221600000.0,1758.6051607305203 
1573225200000.0,1741.530190224028 
1573228800000.0,1769.7038915597404 
1573232400000.0,1751.7751725279234 
1573236000000.0,1753.4826695785725 
1573239600000.0,1782.5101194396095 
1573243200000.0,1796.1700958448034 
1573246800000.0,1795.3163473194788 
1573250400000.0,1836.2962765350603 
1573254000000.0,1805.5613296233741 
1573257600000.0,1784.2176164902587 
1573261200000.0,1812.732817236101 
1573264800000.0,1815.1233131070098 
1573268400000.0,1812.732817236101 
1573272000000.0,1825.0267960007757 
1573275600000.0,1822.9777995399963 
1573279200000.0,1841.0772682768782 
1573282800000.0,1868.3972210872657 
1573286400000.0,1843.1262647376573 
1573290000000.0,1835.271778304671 
1573293600000.0,1848.590255299735 
1573297200000.0,1868.7387204973957 
1573300800000.0,1829.6819453173396 
1573304400000.0,1828.520983938857 
1573308000000.0,1826.6156849589831 
1573311600000.0,1830.3902814055991 
1573315200000.0,1830.994102810809 
1573318800000.0,1834.0071009235717 
1573322400000.0,1825.537594906726 
1573326000000.0,1824.5162525585706 
1573329600000.0,1825.299180669231 
1573333200000.0,1818.3571019158621 
1573336800000.0,1810.717249757429 
1573340400000.0,1806.4520515644317 
1573344000000.0,1804.6411970446093 
1573347600000.0,1813.6031587574514 
1573351200000.0,1812.2552363238628 
1573354800000.0,1816.4375973367473 
1573358400000.0,1815.7400848989364 
1573362000000.0,1803.5839720429763 
1573365600000.0,1701.035772749568 
1573369200000.0,1714.848387348272 
1573372800000.0,1715.2669514270206 
1573376400000.0,1738.2879757581939 
1573380000000.0,1730.3352582619702 
1573383600000.0,1714.4298232695235 
1573387200000.0,1741.217924309434 
1573390800000.0,1733.2652068132106 
1573394400000.0,1760.4718719318698 
1573398000000.0,1745.4035650969201 
1573401600000.0,1748.752077726909 
1573405200000.0,1643.2739298822605 
1573408800000.0,1647.4595706697467 
1573412400000.0,1645.3667502760036 
1573416000000.0,1654.575160008473 
1573419600000.0,1656.2494163234674 
1573423200000.0,1649.786602264973 
1573426800000.0,1649.299417438708 
1573430400000.0,1645.415300580266 
1573434000000.0,1648.914774437071 
1573437600000.0,1649.4478276611446 
1573441200000.0,1645.8971421467495 
1573444800000.0,1636.2438491645257 
1573448400000.0,1624.7661526361003 
1573452000000.0,1620.1821636876944 
1573455600000.0,1594.7556448255978 
1573459200000.0,1595.841027404504 
1573462800000.0,1583.3234087584933 
1573466400000.0,1555.0951288471488 
1573470000000.0,1574.988447547278 
1573473600000.0,1580.0148157973445 
1573477200000.0,1570.432332408088 
1573480800000.0,1571.1635605490892 
1573484400000.0,1590.175492215118 
1573488000000.0,1571.1635605490892 
1573491600000.0,1575.5509293950959 
1573495200000.0,1572.6260168310914 
1573498800000.0,1591.6379484971203 
1573502400000.0,1596.756545484128 
1573506000000.0,1573.3572449720925 
1573509600000.0,1587.9818077921148 
1573513200000.0,1571.1635605490892 
1573516800000.0,1560.9263665750739 
1573520400000.0,1571.4560518054898 
1573524000000.0,1573.2109993438926 
1573527600000.0,1581.4007545231048 
1573531200000.0,1569.116121754286 
1573534800000.0,1576.135911907897 
1573538400000.0,1577.013385677098 
1573542000000.0,1590.760474727919 
1573545600000.0,1579.6783527228667 
1573549200000.0,1579.820017891002 
1573552800000.0,1579.2657629103453 
1573556400000.0,1579.497899152273 
1573560000000.0,1577.2772368587455 
1573563600000.0,1577.1745886643012 
1573567200000.0,1597.7424246279318 
1573570800000.0,1591.9096821040444 
1573574400000.0,1578.7546877910568 
1573578000000.0,1574.6618756922164 
1573581600000.0,1565.0058047120017 
1573585200000.0,1563.0107398153186 
1573588800000.0,1559.1969511113828 
1573592400000.0,1546.2135222215036 
1573596000000.0,1558.7651642566918 
1573599600000.0,1555.5694538799266 
1573603200000.0,1538.1705862730942 
1573606800000.0,1559.1202431874435 
1573610400000.0,1564.8015060794703 
1573614000000.0,1567.2870585947321 
1573617600000.0,1570.837847902249 
1573621200000.0,1569.0624532484906 
1573624800000.0,1565.5116639409737 
1573628400000.0,1563.0261114257119 
1573632000000.0,1562.3159535642087 
1573635600000.0,1539.9459809268526 
1573639200000.0,1533.5545601733224 
1573642800000.0,1521.4818765277653 
1573646400000.0,1537.8155073423427 
1573650000000.0,1557.344848533685 
1573653600000.0,1564.4464271487186 
1573657200000.0,1568.3522953869872 
1573660800000.0,1566.5769007332287 
1573664400000.0,1559.1202431874435 
1573668000000.0,1535.6145907117289 
1573671600000.0,1534.4830640099447 
1573675200000.0,1534.1259589336087 
1573678800000.0,1531.755649296993 
1573682400000.0,1530.811332373787 
1573686000000.0,1529.8671038691616 
1573689600000.0,1530.8037415536212 
1573693200000.0,1528.7685602420433 
1573696800000.0,1528.7872822999566 
1573700400000.0,1528.2323235692547 
1573704000000.0,1527.6677660863145 
1573707600000.0,1515.5161470209957 
1573711200000.0,1514.1805404367421 
1573714800000.0,1513.2867706270135 
1573718400000.0,1508.7584577977273 
1573722000000.0,1502.1268314068045 
1573725600000.0,1503.8390121037557 
1573729200000.0,1503.5291546652043 
1573732800000.0,1502.7294311461787 
1573736400000.0,1501.418336916975 
1573740000000.0,1509.474885943525 
1573743600000.0,1505.5289877549899 
1573747200000.0,1505.977489963872 
1573750800000.0,1505.4873295129296 
1573754400000.0,1504.613401609227 
1573758000000.0,1502.5472864387725 
1573761600000.0,1501.441434388582 
1573765200000.0,1502.433381435117 
1573768800000.0,1503.3926846232298 
1573772400000.0,1502.4961672102945 
1573776000000.0,1501.6974314891038 
1573779600000.0,1497.7591247239445 
1573783200000.0,1493.8227368018645 
1573786800000.0,1485.791562941558 
1573790400000.0,1485.0020250505422 
1573794000000.0,1483.9569056692826 
1573797600000.0,1483.1723391700425 
1573801200000.0,1478.4238592389688 
1573804800000.0,1479.8251431838278 
1573808400000.0,1465.3376602956123 
1573812000000.0,1471.5077200237806 
1573815600000.0,1465.714057018853 
1573819200000.0,1474.395210991528 
1573822800000.0,1463.139248733657 
1573826400000.0,1486.6117450179968 
1573830000000.0,1560.4949518696403 
1573833600000.0,1555.0396750570646 
1573837200000.0,1556.052100472476 
1573840800000.0,1563.3872999562143 
1573844400000.0,1552.3845007306068 
1573848000000.0,1553.6070339778964 
1573851600000.0,1555.440833848831 
1573855200000.0,1553.6070339778964 
1573858800000.0,1525.4887692902328 
1573862400000.0,1549.3281676123825 
1573866000000.0,1547.4943677414478 
1573869600000.0,1532.2127021503263 
1573873200000.0,1543.8267679995786 
1573876800000.0,1548.7169009887375 
1573880400000.0,1539.5479016340646 
1573884000000.0,1538.9366350104196 
1573887600000.0,1545.6605678705132 
1573891200000.0,1535.2690352685506 
1573894800000.0,1527.3225691611674 
1573898400000.0,1514.4859700646252 
1573902000000.0,1530.9901689030364 
1573905600000.0,1532.2127021503263 
1573909200000.0,1535.2690352685506 
1573912800000.0,1523.6549694192981 
1573916400000.0,1520.5986363010738 
1573920000000.0,1515.708503311915 
1573923600000.0,1513.8747034409803 
1573927200000.0,1519.3761030537842 
1573930800000.0,1515.708503311915 
1573934400000.0,1516.3197699355596 
1573938000000.0,1526.1000359138775 
1573941600000.0,1504.0944374626624 
1573945200000.0,1517.5423031828495 
1573948800000.0,1511.429636946401 
1573952400000.0,1501.0381043444381 
1573956000000.0,1508.9845704518214 
1573959600000.0,1513.8747034409803 
1573963200000.0,1524.2662360429429 
1573966800000.0,1537.71410176313 
1573970400000.0,1526.7113025375224 
1573974000000.0,1535.8803018921953 
1573977600000.0,1551.7732341069618 
1573981200000.0,1492.48037161341 
1573984800000.0,1490.0353051188306 
1573988400000.0,1488.812771871541 
1573992000000.0,1480.2550391405127 
1573995600000.0,1456.415640818363 
1573999200000.0,1477.1987060222884 
1574002800000.0,1481.4775723878024 
1574006400000.0,1478.421239269578 
1574010000000.0,1470.4747731621949 
1574013600000.0,1460.694507183877 
1574017200000.0,1458.8607073129424 
1574020800000.0,1459.4719739365873 
1574024400000.0,1474.1423729040641 
1574028000000.0,1455.1931075710734 
1574031600000.0,1472.9198396567745 
1574035200000.0,1486.3677053769613 
1574038800000.0,1491.2578383661203 
1574042400000.0,1498.5930378498588 
1574046000000.0,1515.708503311915 
1574049600000.0,1513.2634368173353 
1574053200000.0,1512.0409035700457 
1574056800000.0,1505.928237333597 
1574060400000.0,1523.6549694192981 
1574064000000.0,1523.0437027956532 
1574067600000.0,1515.708503311915 
1574071200000.0,1518.1535698064943 
1574074800000.0,1534.6577686449057 
1574078400000.0,1538.9366350104196 
1574082000000.0,1554.2183006015414 
1574085600000.0,1538.9366350104196 
1574089200000.0,1543.8267679995786 
1574092800000.0,1580.5027654182704 
1574096400000.0,1578.6689655473358 
1574100000000.0,1617.1787628369623 
1574103600000.0,1717.4264891147202 
1574107200000.0,1698.4772237817294 
1574110800000.0,1695.420890663505 
1574114400000.0,1683.1955581906077 
1574118000000.0,1689.9194910507013 
1574121600000.0,1708.257489760047 
1574125200000.0,1717.4264891147202 
1574128800000.0,1704.589890018178 
1574132400000.0,1708.868756383692 
1574136000000.0,1735.1532212004213 
1574139600000.0,1739.4320875659353 
1574143200000.0,1743.0996873078045 
1574146800000.0,1746.1560204260288 
1574150400000.0,1765.7165523826643 
1574154000000.0,1740.0433541895802 
