time,open,high,low,close,vwap,vol
1561377600,173.990,176.500,173.990,176.500,175.509,191.13803946,66
1561392000,176.108,178.500,174.176,174.297,176.265,289.56364761,105
1561406400,174.297,177.522,174.297,175.906,176.087,136.64261332,65
1561420800,175.906,176.750,175.825,176.750,176.156,46.86623888,28
1561435200,176.750,177.797,175.936,175.936,176.177,15.92371641,18
1561449600,175.936,180.326,175.936,177.442,178.293,326.97720984,130
1561464000,178.768,178.768,175.485,176.299,176.367,555.51206498,217
1561478400,176.299,176.395,174.057,174.350,175.064,260.32510899,182
1561492800,174.350,178.999,174.003,177.210,176.174,696.00205134,291
1561507200,177.327,179.900,175.631,179.203,178.159,289.73422921,118
1561521600,179.899,183.114,175.594,175.938,178.918,1445.55265363,406
1561536000,174.848,177.625,174.101,177.273,175.535,163.72525719,51
1561550400,177.707,183.126,176.783,183.126,180.686,359.60551051,170
1561564800,183.126,187.264,181.924,184.295,184.415,1208.79029826,449
1561579200,183.661,187.650,161.000,173.745,175.298,1689.26290668,621
1561593600,172.656,175.000,166.405,170.755,171.610,543.33548484,239
1561608000,170.755,171.982,163.588,167.641,167.646,285.39106141,191
1561622400,167.641,167.778,153.432,166.153,161.054,1289.26715838,435
1561636800,166.254,168.268,160.361,162.220,163.544,350.94569562,181
1561651200,163.400,163.400,145.923,151.910,150.750,1092.06146800,427
1561665600,153.717,156.405,150.367,155.099,152.661,1020.58746809,371
1561680000,155.129,159.016,151.731,155.958,156.116,425.38966051,198
1561694400,155.955,157.686,152.659,155.212,154.845,123.40939012,83
1561708800,155.212,163.716,155.212,163.513,160.596,401.75342851,117
1561723200,162.800,166.002,160.752,166.001,163.785,507.89356988,155
1561737600,166.156,170.714,164.743,169.878,168.095,360.98892698,124
1561752000,170.200,171.115,167.158,169.686,168.195,155.67896842,60
1561766400,169.686,170.227,162.174,163.939,164.834,206.59756094,127
1561780800,162.990,166.679,162.642,165.841,165.142,61.63788643,67
1561795200,165.841,167.343,161.920,167.343,164.740,107.28988883,66
1561809600,167.660,168.971,166.000,166.075,166.870,100.81195970,66
1561824000,167.096,169.000,163.753,166.460,167.322,119.74914617,62
1561838400,168.045,170.000,167.554,169.467,169.060,96.36273827,71
1561852800,169.467,171.300,169.467,170.984,170.313,86.47778904,26
1561867200,170.697,171.296,165.000,165.976,166.530,118.67890281,65
1561881600,165.547,166.670,163.280,163.851,165.050,110.44247895,114
1561896000,163.851,164.546,156.010,157.399,159.891,194.96828855,97
1561910400,157.248,162.402,153.375,162.402,158.124,199.02534690,93
1561924800,162.419,163.126,155.766,155.767,160.179,194.65270564,99
1561939200,155.260,160.900,154.552,160.181,158.965,206.69347271,101
1561953600,158.788,158.788,154.247,155.648,156.194,68.80248309,71
1561968000,155.834,158.396,155.552,158.396,156.612,199.35816667,69
1561982400,159.188,159.188,145.950,149.785,151.485,795.15664967,259
1561996800,151.143,152.100,147.373,148.891,150.061,215.72974915,73
1562011200,149.185,154.470,149.185,154.470,152.223,259.64941413,76
1562025600,153.491,154.051,150.568,150.995,152.341,80.82531888,57
1562040000,151.833,151.833,146.030,147.715,147.949,312.75634426,101
1562054400,147.800,150.750,144.703,147.189,148.643,664.45103418,171
1562068800,147.188,153.779,147.188,153.342,151.294,579.02821122,151
1562083200,152.896,154.097,151.429,152.450,152.855,286.22594600,47
1562097600,152.392,153.633,151.451,152.023,152.831,26.29047351,12
1562112000,152.419,156.661,152.419,154.828,154.289,209.50944068,109
1562126400,155.513,157.834,154.219,157.434,156.268,157.37303435,42
1562140800,156.402,156.427,153.463,156.427,154.966,34.44067847,19
1562155200,154.856,157.449,154.643,155.983,156.053,567.07061038,77
1562169600,155.001,157.259,153.008,156.431,154.830,139.03917940,36
1562184000,155.766,158.374,154.447,157.694,156.562,393.50478117,131
1562198400,158.322,160.569,157.630,158.537,159.147,342.84275874,139
1562212800,158.537,158.593,157.493,158.034,157.505,74.26081051,12
1562227200,158.108,159.399,157.237,158.763,158.351,35.30630032,41
1562241600,160.022,160.628,159.001,160.318,160.024,169.21643438,65
1562256000,160.318,162.503,160.173,162.503,161.291,60.27170172,44
1562270400,162.503,162.503,153.146,153.942,156.820,186.05070038,97
1562284800,154.448,154.963,153.476,153.918,154.345,107.07340404,74
1562299200,153.332,154.637,150.821,152.163,152.517,206.22987604,119
1562313600,152.100,155.731,151.733,154.701,153.415,163.07715106,69
1562328000,154.701,155.070,153.100,153.977,154.253,15.61965431,17
1562342400,153.729,155.937,152.998,154.284,154.474,39.46073824,61
1562356800,154.288,154.367,151.845,154.199,153.358,494.73166699,164
1562371200,154.721,157.321,154.721,156.926,155.440,68.58673251,36
1562385600,157.574,158.404,156.243,156.521,157.354,145.36946235,129
1562400000,156.521,156.521,155.337,155.450,155.417,20.64174115,7
1562414400,155.840,158.299,155.189,158.283,156.734,64.69094819,62
1562428800,157.375,158.297,156.090,156.492,157.309,29.97412450,24
1562443200,156.670,157.238,153.328,154.106,154.405,57.06878608,53
1562457600,153.751,154.897,153.751,154.670,154.366,29.44290422,14
1562472000,155.253,155.637,154.201,154.505,154.594,19.85335299,69
1562486400,154.505,156.268,154.505,156.006,155.629,78.12387947,44
1562500800,156.748,157.593,155.876,155.876,156.718,30.39325191,33
1562515200,155.876,159.169,155.876,159.108,157.823,37.36662350,41
1562529600,158.618,159.685,156.665,157.999,157.657,190.91535214,101
1562544000,157.999,158.743,157.327,157.989,157.933,19.41468133,16
1562558400,157.989,158.130,156.962,156.962,157.279,14.38803132,15
1562572800,158.051,160.716,157.180,158.750,159.564,69.61567058,72
1562587200,158.750,159.381,156.810,156.810,157.545,15.57581654,12
1562601600,156.810,159.597,156.810,159.132,158.044,81.48386406,41
1562616000,159.300,160.000,157.767,159.198,159.349,218.02526998,57
1562630400,159.998,162.381,159.652,160.492,160.571,101.81619937,61
1562644800,160.492,161.585,158.000,158.000,159.123,131.72675485,51
1562659200,159.061,159.956,156.010,156.622,158.146,112.28515882,83
1562673600,156.622,157.637,154.601,155.500,155.335,218.95797981,60
1562688000,155.334,156.500,152.041,154.500,154.874,580.24153915,271
1562702400,154.500,156.166,153.008,156.166,154.393,865.09951906,179
1562716800,156.032,157.773,155.573,155.573,156.643,97.99171817,37
1562731200,155.801,156.994,153.917,153.917,155.043,100.84555705,52
1562745600,153.917,155.048,153.492,154.159,153.786,40.24011186,20
1562760000,153.746,154.176,143.018,147.245,147.200,523.03392379,269
1562774400,146.222,150.687,144.922,150.687,147.631,237.69467506,151
1562788800,150.723,151.586,147.053,149.918,149.091,151.91522445,95
1562803200,150.505,150.506,144.412,145.275,147.421,64.86106890,39
1562817600,144.697,144.697,135.000,141.540,137.731,401.33629432,377
1562832000,141.540,142.680,138.689,142.680,139.825,259.67952360,65
1562846400,142.711,143.878,139.788,139.788,141.756,117.26074243,76
1562860800,139.870,145.020,139.705,145.020,142.313,541.83144235,138
1562875200,143.965,144.903,138.938,142.621,141.176,98.21181076,106
1562889600,142.621,144.862,142.621,144.243,144.066,46.32990522,27
1562904000,143.943,148.520,143.943,147.832,146.080,100.04442904,99
1562918400,148.062,148.220,146.920,147.986,147.322,47.60980053,29
1562932800,147.986,147.986,142.893,143.379,144.197,252.75871586,55
1562947200,143.334,144.019,141.995,142.871,142.987,15.46012143,36
1562961600,142.235,143.528,141.560,142.962,142.843,181.69877403,75
1562976000,142.962,142.962,141.367,142.602,141.900,3.48607172,15
1562990400,142.589,144.591,141.570,141.570,142.777,91.09030161,56
1563004800,142.600,142.691,137.747,137.853,140.212,59.34586110,65
1563019200,138.988,141.422,138.985,139.488,140.316,47.93416504,36
1563033600,139.488,144.168,136.311,140.961,140.466,482.02018719,195
1563048000,140.745,143.308,136.608,140.136,138.125,779.95856465,321
1563062400,140.380,140.380,138.951,140.227,140.262,1.50727191,8
1563076800,140.227,140.981,139.170,139.170,139.476,3.24861689,5
1563091200,139.170,139.170,128.440,128.533,132.602,452.50235525,203
1563105600,128.412,129.854,124.781,125.000,126.840,227.73140902,110
1563120000,125.000,126.924,124.225,124.813,125.049,222.91851538,58
1563134400,124.813,127.810,124.813,127.810,127.809,2.00000000,2
1563148800,126.906,126.906,116.659,120.890,120.100,312.49510358,168
1563163200,120.072,121.189,118.906,120.170,120.423,726.98317173,123
1563177600,120.170,120.710,119.175,120.710,119.612,29.46418317,39
1563192000,120.233,122.200,117.373,122.200,119.723,187.82305528,99
1563206400,122.498,124.737,120.285,122.014,122.406,866.07711633,198
1563220800,122.014,122.632,120.185,121.646,121.572,128.05831002,66
1563235200,121.404,122.830,120.006,120.006,121.825,117.54491216,27
1563249600,120.007,121.117,118.400,120.449,120.006,68.22369916,39
1563264000,120.583,120.583,115.606,115.606,118.603,186.63883153,97
1563278400,116.422,116.820,112.973,113.583,113.829,185.02511686,99
1563292800,113.103,113.103,91.694,102.896,104.466,3202.07663032,760
1563307200,102.883,104.901,99.271,100.094,102.991,398.28153824,145
1563321600,100.094,102.954,96.085,98.459,99.623,188.34915700,95
1563336000,98.459,100.527,97.800,100.527,99.015,95.52502555,46
1563350400,100.527,100.900,95.908,96.079,97.541,279.72890940,133
1563364800,95.709,158.720,95.708,105.258,112.445,1804.43495289,331
1563379200,105.076,107.529,103.419,103.956,105.559,277.39266463,123
1563393600,103.162,105.887,102.183,102.381,103.664,504.63559549,134
1563408000,102.788,104.504,101.676,102.390,103.522,259.07222884,78
1563422400,102.390,105.013,102.390,103.003,104.255,111.57771296,34
1563436800,103.003,104.165,101.972,104.117,103.076,118.36269240,83
1563451200,103.806,109.484,99.900,109.477,103.934,855.14566636,333
1563465600,109.015,112.039,108.286,109.166,110.687,195.22584833,90
1563480000,110.264,111.262,109.589,110.747,110.190,183.91613058,93
1563494400,110.618,110.618,109.054,109.054,110.029,9.54098042,14
1563508800,109.899,109.947,108.530,109.944,109.651,60.30054860,27
1563523200,109.944,110.720,107.118,108.038,108.199,92.56177960,73
1563537600,106.978,112.044,106.770,110.707,110.129,488.79274215,208
1563552000,110.707,113.134,110.370,112.516,112.337,34.73828796,23
1563566400,112.225,113.854,111.946,112.791,112.484,93.03614267,142
1563580800,112.325,116.598,112.325,116.399,114.412,232.13011951,76
1563595200,116.723,117.991,116.182,117.771,117.383,55.34919814,27
1563609600,117.771,117.771,116.117,116.763,117.073,5.02035845,16
1563624000,116.857,118.083,116.175,117.200,117.213,197.30120204,56
1563638400,117.200,120.677,117.200,120.337,120.015,173.24906911,98
1563652800,120.337,120.337,116.211,116.480,117.176,85.04590331,53
1563667200,116.076,117.929,115.915,116.604,117.022,137.68309914,78
1563681600,117.158,118.183,116.892,118.183,117.556,21.89940652,33
1563696000,118.328,118.488,117.139,117.139,118.165,24.73771013,19
1563710400,116.703,117.181,116.004,116.665,116.410,45.28887773,23
1563724800,116.665,117.179,115.860,117.005,116.395,21.19569247,44
1563739200,117.005,119.000,117.005,118.088,118.026,147.82236753,36
1563753600,118.088,119.000,117.313,118.185,118.423,84.49967960,20
1563768000,118.312,118.312,117.625,118.121,118.309,35.41911936,8
1563782400,118.512,118.875,116.844,116.844,118.139,154.12602067,18
1563796800,116.844,117.191,112.019,112.400,113.040,151.67521500,96
1563811200,112.982,116.422,112.244,112.244,114.348,536.22971298,107
1563825600,112.774,114.722,112.774,114.117,112.993,348.48396744,111
1563840000,114.287,114.313,113.487,113.862,114.099,37.82058999,20
1563854400,113.862,113.862,110.371,110.371,111.749,176.95055137,91
1563868800,110.371,110.927,109.063,110.362,109.878,46.65996104,55
1563883200,110.557,110.569,109.340,109.832,109.845,81.78428336,40
1563897600,109.832,111.696,109.500,111.175,110.641,105.83267694,44
1563912000,111.523,112.133,108.496,109.213,109.485,224.44388624,43
1563926400,108.605,108.605,106.633,106.634,107.691,100.80757083,91
1563940800,106.634,108.431,106.634,108.239,107.902,130.28740669,48
1563955200,108.252,108.733,107.235,107.261,108.209,25.18474891,24
1563969600,107.441,110.548,107.268,110.548,108.172,73.19199224,65
1563984000,110.548,110.548,107.680,108.590,108.639,166.80886568,104
1563998400,109.373,109.590,108.184,109.532,109.266,165.55961654,96
1564012800,108.687,113.344,108.687,113.344,110.878,141.07106470,85
1564027200,113.030,113.172,111.790,113.122,112.243,75.42596048,56
1564041600,113.122,113.593,112.732,113.593,113.353,6.03471956,13
1564056000,113.593,115.431,113.132,114.719,114.622,224.78701975,88
1564070400,115.869,116.325,114.445,114.476,115.354,130.07880926,76
1564084800,113.979,115.844,113.556,114.390,115.146,127.68787794,82
1564099200,114.506,114.522,112.315,112.373,113.062,323.71668433,146
1564113600,112.713,112.714,111.994,112.262,112.311,1.50171289,8
1564128000,112.262,113.556,111.744,113.389,112.145,177.20130014,41
1564142400,113.409,114.096,112.909,113.325,113.474,39.95341458,18
1564156800,113.684,115.323,113.318,115.323,114.654,398.69787738,79
1564171200,115.107,115.252,114.598,115.228,115.086,52.41195916,29
1564185600,115.228,117.494,115.126,116.246,116.264,69.63648395,62
1564200000,116.385,116.387,116.020,116.020,116.113,47.79752421,13
1564214400,116.020,116.020,109.261,109.261,111.925,363.94560581,161
1564228800,109.261,110.331,108.032,110.331,109.004,74.94656650,57
1564243200,109.672,110.414,109.672,110.027,109.948,15.35729700,17
1564257600,110.027,111.028,109.585,110.908,110.485,164.21837938,53
1564272000,109.947,110.662,109.595,110.540,110.307,27.57179707,16
1564286400,110.540,111.578,110.540,111.511,111.115,22.18487290,19
1564300800,111.511,111.511,110.682,111.112,111.090,3.67180526,12
1564315200,111.112,111.112,110.279,110.301,110.438,5.57410719,12
1564329600,110.828,110.828,109.059,109.059,110.108,16.95255739,10
1564344000,109.041,109.041,102.414,108.217,105.144,628.09803722,265
1564358400,107.363,109.638,106.714,108.051,108.601,121.18179543,51
1564372800,108.051,108.378,107.247,107.802,107.840,11.08548446,8
1564387200,107.802,107.802,105.000,106.274,105.889,25.89311806,36
1564401600,105.851,106.186,104.917,105.778,105.544,71.11121430,73
1564416000,104.776,107.771,104.007,104.721,105.929,119.71090933,122
1564430400,105.170,105.721,104.935,105.721,105.216,70.54978188,27
1564444800,105.715,105.721,104.170,104.170,104.671,16.37677200,6
1564459200,104.170,105.021,103.883,104.594,104.262,57.70972110,24
1564473600,104.594,107.760,104.368,106.069,106.383,455.58431008,52
1564488000,106.069,107.560,105.822,106.982,106.846,128.98703787,53
1564502400,107.263,107.263,105.976,105.976,106.462,150.03772071,80
1564516800,105.976,106.207,104.900,104.974,105.505,10.24653226,12
1564531200,104.974,106.052,104.649,105.213,105.232,75.84085758,40
1564545600,105.340,106.123,104.889,105.341,105.515,114.91131981,34
1564560000,105.341,106.111,105.175,105.570,105.986,51.47677023,22
1564574400,105.546,108.180,105.546,107.646,107.690,223.39697327,41
1564588800,107.906,107.906,105.000,106.372,105.266,2272.06875738,230
1564603200,106.403,108.404,105.966,108.404,107.560,290.88927818,104
1564617600,107.381,107.381,107.381,107.381,107.381,3.09718015,1
1564632000,106.173,106.173,104.931,105.456,105.276,138.15733788,38
1564646400,105.153,105.234,104.777,105.099,105.124,24.37338722,9
1564660800,105.100,106.352,105.100,106.352,106.043,8.26357230,10
1564675200,106.352,107.057,105.323,105.865,106.072,291.74940200,85
1564689600,107.259,107.525,106.731,107.068,106.928,243.00607300,50
1564704000,107.282,109.139,106.293,106.417,107.640,256.07869083,134
1564718400,106.417,108.225,106.196,107.676,107.462,1173.73873755,237
1564732800,108.433,108.433,106.578,106.578,106.998,106.81802313,31
1564747200,107.108,107.108,106.230,106.230,106.620,31.35794582,34
1564761600,106.402,106.402,104.358,104.650,105.026,148.35504843,74
1564776000,105.001,105.500,104.547,104.954,105.018,117.83732130,30
1564790400,104.978,107.692,104.978,107.277,106.116,613.24900023,163
1564804800,107.032,107.855,107.032,107.855,107.497,25.60244341,14
1564819200,107.606,107.627,107.017,107.019,107.440,276.73050098,36
1564833600,106.968,107.867,106.968,107.410,107.284,76.28635017,44
1564848000,107.231,108.000,106.853,106.853,107.168,108.72478802,32
1564862400,106.853,107.317,106.042,106.396,106.929,253.00839999,46
1564876800,106.850,107.335,106.309,106.309,106.905,107.76342548,31
1564891200,105.049,105.049,103.417,104.269,104.119,50.38755475,58
1564905600,104.295,104.600,104.295,104.600,104.500,14.28485149,8
1564920000,104.121,106.434,104.121,106.434,105.555,34.35572286,11
1564934400,107.083,107.183,106.297,107.183,106.734,224.77030465,59
1564948800,106.900,107.210,105.660,106.224,106.436,223.21385538,50
1564963200,107.068,108.647,106.909,108.087,107.748,627.85686006,123
1564977600,108.779,108.779,107.676,107.676,108.311,1071.57554588,159
1564992000,107.676,113.243,107.676,111.983,111.160,436.19169337,178
1565006400,110.671,111.359,110.081,110.473,110.689,74.40786801,69
1565020800,110.490,112.301,109.119,112.300,111.776,369.19362889,77
1565035200,112.300,112.400,110.478,110.647,111.463,363.84877941,117
1565049600,110.000,110.000,108.291,108.657,109.133,110.96856356,60
1565064000,108.279,111.250,108.243,110.947,110.389,901.62688720,165
1565078400,110.957,111.040,105.572,105.763,109.955,575.35025442,168
1565092800,106.647,106.649,105.099,105.500,105.585,209.17938992,83
1565107200,105.500,105.600,104.440,104.792,104.809,281.93652915,108
1565121600,104.502,106.000,103.934,106.000,105.237,1454.57306796,249
1565136000,106.438,107.804,105.810,107.500,107.252,318.36614891,56
1565150400,106.897,107.640,106.616,106.833,107.491,133.08707068,33
1565164800,106.561,107.830,106.561,107.634,107.189,380.56518999,20
1565179200,107.830,110.252,105.616,106.007,108.023,636.24980102,151
1565193600,106.007,108.028,105.800,107.000,107.151,233.50969630,63
1565208000,107.785,108.249,106.660,107.504,107.802,431.62092055,108
1565222400,106.812,107.339,106.006,107.110,106.652,178.33956748,110
1565236800,106.396,107.222,105.200,105.341,106.001,1491.31909795,242
1565251200,105.348,106.038,105.204,105.912,105.408,257.63193960,103
1565265600,105.912,106.013,104.379,105.200,104.823,16.13383254,22
1565280000,105.281,105.419,103.545,103.545,104.128,1545.90270192,342
1565294400,103.793,105.959,103.793,105.369,104.238,294.92689853,81
1565308800,105.419,105.496,103.584,104.823,104.808,131.34037447,35
1565323200,104.496,104.545,103.782,104.545,104.099,137.22789418,17
1565337600,104.545,104.545,102.853,103.181,103.528,403.64444049,69
1565352000,103.009,103.644,103.009,103.586,103.203,23.07598511,18
1565366400,103.484,103.484,102.321,102.608,102.843,67.54647477,73
1565380800,102.684,103.095,102.684,102.982,102.757,30.46050503,13
1565395200,103.586,104.077,103.246,103.750,103.544,275.57988742,78
1565409600,103.479,103.479,102.557,102.557,103.057,422.90457934,143
1565424000,102.557,102.723,98.760,99.078,99.993,376.28714561,177
1565438400,99.093,99.634,97.585,97.983,99.014,179.18311264,67
1565452800,97.983,98.655,97.297,98.655,97.932,46.68074445,35
1565467200,98.655,99.166,98.655,99.016,98.918,72.33565275,68
1565481600,98.747,99.947,98.747,99.654,99.582,639.96541779,153
1565496000,100.436,107.474,99.922,104.389,103.197,836.43287850,287
1565510400,104.389,104.407,102.241,102.741,102.909,152.12047373,53
1565524800,103.529,104.992,102.870,104.318,104.023,112.38551611,44
1565539200,104.554,120.000,104.554,106.083,109.718,878.26413877,159
1565553600,106.083,107.500,105.425,106.606,106.539,1073.70072998,153
1565568000,106.328,106.403,105.209,105.518,105.674,108.36009453,30
1565582400,104.824,104.824,102.383,102.827,102.824,507.96672829,92
1565596800,102.763,103.089,102.460,102.508,102.780,194.25894034,28
1565611200,102.668,104.429,102.668,104.418,103.494,89.43792662,42
1565625600,104.408,105.959,104.398,105.680,105.383,298.15551108,108
1565640000,105.685,105.757,104.430,104.430,105.674,439.08945837,99
1565654400,104.430,108.058,102.951,107.630,104.903,383.48531228,154
1565668800,107.930,107.930,104.715,105.245,106.022,683.62917139,175
1565683200,104.896,105.719,103.288,103.288,104.850,17.07009623,19
1565697600,103.857,104.415,100.056,100.791,101.131,444.73978248,174
1565712000,101.418,101.710,100.554,101.242,101.378,111.07730499,56
1565726400,101.480,102.208,100.213,100.652,100.966,158.25442959,61
1565740800,101.291,101.402,99.734,101.402,100.378,735.65326466,289
1565755200,101.402,102.268,100.873,101.147,101.607,171.27134607,38
1565769600,100.804,101.077,99.700,99.700,100.846,38.07775372,15
1565784000,99.700,100.129,99.529,99.860,99.958,118.47308800,27
1565798400,100.306,100.306,95.892,96.394,97.766,656.49116120,257
1565812800,96.394,96.846,95.157,95.481,96.055,401.75437053,114
1565827200,96.009,96.518,93.215,93.473,95.100,519.71001558,149
1565841600,93.177,93.425,89.000,92.399,91.221,1179.67745775,241
1565856000,92.431,102.965,92.431,94.926,95.227,828.13303096,181
1565870400,94.926,95.254,93.010,94.974,93.713,48.76674334,42
1565884800,94.974,95.169,92.633,94.509,93.427,321.10547557,44
1565899200,94.509,95.383,94.181,94.395,94.819,210.55614367,76
1565913600,94.395,94.691,93.805,93.805,94.114,58.23604541,12
1565928000,94.129,94.129,91.372,92.097,92.122,425.32903610,130
1565942400,91.466,93.194,91.375,93.194,92.366,359.25466919,68
1565956800,93.194,93.993,92.407,93.989,93.356,581.15683724,97
1565971200,94.401,95.030,93.856,94.515,94.758,541.79571786,151
1565985600,94.470,94.470,93.349,93.648,93.628,230.95191257,93
1566000000,93.648,93.648,92.676,92.676,93.164,8.57824988,14
1566014400,92.676,92.712,92.051,92.439,92.363,75.78621401,20
1566028800,92.442,93.467,92.336,92.336,92.583,48.09628328,22
1566043200,92.050,92.793,91.973,92.793,92.205,35.51828999,24
1566057600,92.792,92.927,90.919,91.218,91.688,11.94442367,19
1566072000,91.218,91.763,90.919,91.763,91.250,112.74335401,100
1566086400,91.745,91.745,90.911,91.261,91.671,60.92772219,39
1566100800,91.261,91.805,91.261,91.805,91.750,16.63384019,12
1566115200,92.132,95.644,92.132,95.209,92.916,195.46999809,71
1566129600,95.209,96.317,94.473,94.473,95.934,150.94797403,55
1566144000,95.268,95.700,95.268,95.700,95.460,6.38029256,11
1566158400,95.700,95.917,94.918,94.918,95.315,17.57397574,14
1566172800,94.636,95.227,94.036,94.627,94.391,45.04857665,26
1566187200,94.627,96.100,93.841,95.808,94.314,703.71675511,150
1566201600,95.820,96.566,95.560,96.555,95.943,164.95611808,76
1566216000,96.029,96.815,95.862,96.461,96.348,143.69799395,31
1566230400,96.935,97.039,95.924,95.924,96.584,141.04504879,43
1566244800,96.010,96.619,95.540,96.619,96.584,76.77306698,32
1566259200,96.737,97.261,95.508,95.526,96.605,147.86362582,42
1566273600,95.526,95.526,95.032,95.224,95.262,7.93341605,23
1566288000,95.224,95.330,94.059,95.209,94.556,33.91025304,26
1566302400,95.207,95.207,94.107,94.809,94.695,7.53008885,21
1566316800,94.303,94.352,93.661,93.824,94.104,58.30655078,25
1566331200,93.824,94.093,93.074,93.359,93.515,181.57626832,104
1566345600,93.484,93.484,90.754,90.821,92.370,182.44603149,113
1566360000,90.753,90.829,89.870,90.829,90.580,183.62350398,204
1566374400,90.037,90.697,88.323,89.133,89.314,936.21993598,249
1566388800,89.133,89.133,86.429,87.529,86.952,517.09913262,137
1566403200,87.877,89.687,87.873,89.370,89.174,201.68486389,58
1566417600,89.770,89.841,89.093,89.325,89.197,379.86353851,234
1566432000,89.851,90.000,87.942,88.741,89.057,155.40981964,53
1566446400,88.897,89.331,88.720,89.331,89.122,3.87657346,17
1566460800,89.088,89.377,88.566,89.240,89.242,5.97675932,11
1566475200,89.258,90.723,89.254,90.135,89.712,65.95385912,36
1566489600,90.359,92.306,90.359,91.150,91.731,38.18831430,45
1566504000,91.150,91.772,90.919,91.677,91.314,110.34138913,69
1566518400,91.677,91.677,90.172,91.027,90.742,7.22102143,11
1566532800,91.452,96.383,91.452,94.800,94.717,395.76655634,164
1566547200,95.104,96.580,92.831,93.533,94.256,131.67853917,81
1566561600,93.533,94.647,93.263,94.070,94.259,19.20003196,33
1566576000,93.919,94.394,93.875,93.875,94.050,5.17781898,22
1566590400,93.813,93.879,93.042,93.743,93.310,547.34880110,320
1566604800,93.743,93.801,92.421,92.421,93.376,9.93991903,31
1566619200,92.421,92.421,91.393,91.405,91.816,6.04501000,7
1566633600,91.405,91.405,90.138,90.497,90.729,15.54753662,29
1566648000,90.490,91.038,90.321,91.038,90.870,85.08179027,275
1566662400,91.059,92.874,90.994,92.307,91.467,25.41902415,43
1566676800,92.307,92.332,91.459,92.124,91.870,27.43966324,27
1566691200,92.124,92.167,92.124,92.167,92.167,0.30000000,1
1566705600,91.641,92.400,91.641,92.400,92.067,47.47652769,93
1566720000,92.400,93.060,92.400,92.920,92.962,6.06839435,7
1566734400,92.920,93.384,91.451,91.451,92.142,34.52521320,43
1566748800,91.451,91.887,91.278,91.546,91.556,8.32214274,12
1566763200,91.546,91.710,90.268,90.812,90.423,328.45095754,103
1566777600,91.053,93.765,91.053,91.931,92.342,104.53259352,76
1566792000,91.931,92.212,91.705,91.705,91.848,1.21382823,3
1566806400,91.590,91.590,91.361,91.361,91.481,0.31962102,2
1566820800,92.420,92.420,91.118,91.339,91.414,8.96557271,18
1566835200,91.339,92.100,91.183,91.519,91.900,61.03629253,21
1566849600,91.510,92.100,91.150,92.100,92.053,114.72772655,34
1566864000,92.100,92.100,90.600,90.640,91.155,115.93531807,66
1566878400,90.640,91.128,90.389,90.389,90.845,127.66057123,23
1566892800,90.389,90.723,90.300,90.300,90.334,6.23961941,11
1566907200,90.179,91.385,89.945,90.870,90.791,779.98953171,112
1566921600,90.929,91.180,90.538,90.538,90.882,43.49297277,17
1566936000,90.782,90.873,90.264,90.441,90.773,26.16593794,9
1566950400,90.441,90.441,89.620,89.620,90.127,6.48402268,10
1566964800,89.397,89.860,88.617,89.860,89.787,203.83970786,56
1566979200,89.860,89.860,88.881,88.952,89.715,2.50373000,6
1566993600,88.952,90.383,88.952,89.639,89.185,59.77341265,24
1567008000,89.639,89.855,84.407,85.004,87.000,1080.23881073,329
1567022400,84.623,85.004,84.112,84.222,84.308,200.27611169,69
1567036800,84.222,84.471,81.677,81.677,83.389,233.42692607,219
1567051200,81.675,81.860,78.359,78.600,79.654,343.08560427,201
1567065600,78.600,80.503,78.600,79.932,80.119,4.81025515,13
1567080000,79.932,80.079,78.000,79.082,78.870,162.87217979,88
1567094400,79.456,80.699,78.858,79.899,80.042,434.58528828,105
1567108800,79.899,80.247,79.419,79.980,80.018,7.96655600,9
1567123200,79.980,80.046,78.704,79.237,79.050,46.13230421,24
1567137600,79.237,80.259,79.237,80.131,80.204,111.06758750,51
1567152000,79.960,81.073,79.873,81.073,80.632,487.69916893,150
1567166400,81.073,81.749,80.890,81.477,81.132,61.71836789,27
1567180800,81.477,81.901,78.752,80.141,80.868,972.10625192,157
1567195200,80.981,81.438,79.790,79.790,80.376,189.55988608,71
1567209600,80.073,80.073,79.322,79.322,79.711,230.08619316,39
1567224000,79.322,80.129,79.322,79.848,79.882,4.28815734,6
1567238400,79.848,79.848,78.365,78.476,78.573,158.79477547,39
1567252800,78.476,82.000,78.476,79.105,80.278,322.17876427,117
1567267200,79.179,79.594,78.827,78.853,79.138,16.72982041,13
1567281600,79.191,80.476,78.558,80.000,80.299,55.26921405,34
1567296000,80.000,80.392,80.000,80.392,80.173,2.65054348,7
1567310400,80.203,80.203,79.550,79.600,79.604,59.34398430,55
1567324800,79.600,79.774,79.008,79.008,79.507,141.02922314,30
1567339200,79.008,79.254,79.008,79.254,79.254,0.07148576,1
1567353600,79.254,79.254,78.234,78.993,78.601,292.12918602,77
1567368000,78.993,80.511,78.993,79.777,79.733,266.11609887,156
1567382400,79.777,79.992,79.114,79.881,79.501,304.79055906,90
1567396800,79.881,81.874,79.881,80.503,80.517,315.67231052,99
1567411200,80.503,85.000,79.884,79.884,81.101,716.79570142,70
1567425600,79.783,80.790,79.783,79.907,80.167,68.07468379,39
1567440000,79.907,81.957,79.907,81.737,81.327,181.38167613,49
1567454400,82.124,83.387,81.340,81.340,82.388,488.36754552,262
1567468800,81.340,81.661,80.119,81.077,80.547,123.61615518,45
1567483200,81.308,81.474,80.499,80.499,80.770,25.18767083,15
1567497600,80.499,81.296,80.499,81.159,81.098,10.83427055,11
1567512000,80.857,83.300,80.857,82.430,82.003,63.15839495,30
1567526400,82.430,83.406,82.430,82.859,82.909,260.43361137,89
1567540800,82.859,83.258,82.125,82.678,82.769,164.88725177,69
1567555200,82.678,82.678,81.253,81.989,82.060,26.07791611,24
1567569600,81.996,81.998,80.501,80.501,81.451,40.02733416,29
1567584000,80.529,81.890,80.000,80.616,81.338,722.44499330,75
1567598400,80.616,82.421,80.616,81.805,81.784,30.81343501,52
1567612800,81.794,82.418,81.794,82.304,81.976,9.96499471,12
1567627200,82.304,82.304,80.506,80.900,80.806,343.70042232,101
1567641600,80.900,81.493,80.900,81.493,81.273,3.83442946,11
1567656000,81.493,81.518,80.952,81.142,81.138,72.11949446,28
1567670400,81.142,81.178,80.848,80.962,80.948,88.85762335,41
1567684800,80.962,80.962,80.169,80.169,80.423,57.51054325,23
1567699200,80.169,80.527,80.125,80.145,80.292,176.97811621,73
1567713600,80.195,80.792,80.000,80.002,80.012,436.72307663,23
1567728000,80.002,82.272,78.689,80.912,80.298,1242.82470327,290
1567742400,80.739,81.200,80.739,81.000,80.890,16.31157117,12
1567756800,81.000,83.000,81.000,82.922,82.770,51.75593173,35
1567771200,82.922,83.352,82.528,82.735,82.880,156.83651240,44
1567785600,82.735,82.735,78.585,79.464,79.900,93.01235979,80
1567800000,79.464,80.215,77.804,79.786,79.685,375.64722618,99
1567814400,79.786,80.407,79.786,80.085,80.320,59.84636654,15
1567828800,80.085,80.661,79.952,80.661,80.620,266.22095679,61
1567843200,80.661,81.408,80.661,81.408,81.328,12.98665749,15
1567857600,81.408,83.000,81.408,83.000,81.724,157.00691177,33
1567872000,83.000,84.884,82.500,84.494,84.369,719.44406904,114
1567886400,84.494,84.494,83.771,83.771,83.922,235.53830279,80
1567900800,83.771,86.705,83.771,86.499,85.778,755.95363240,211
1567915200,86.499,86.968,86.436,86.968,86.476,39.27982872,16
1567929600,86.968,87.000,84.610,85.326,85.774,117.40986130,59
1567944000,85.326,86.282,85.326,86.282,85.922,1112.59807308,165
1567958400,86.282,87.000,86.282,87.000,86.932,107.52305254,58
1567972800,87.000,87.525,86.780,87.523,87.277,126.79892592,70
1567987200,87.523,88.737,87.523,88.123,87.912,221.28741775,78
1568001600,88.123,88.296,86.930,86.930,87.652,196.48686355,69
1568016000,86.930,88.843,86.509,88.572,87.460,27.74314005,28
1568030400,87.385,87.879,86.443,86.443,87.154,122.41958816,40
1568044800,86.450,86.809,85.982,86.269,86.271,121.51497544,42
1568059200,86.120,86.709,85.662,86.255,86.100,14.17946138,32
1568073600,86.255,86.709,85.955,85.962,86.102,34.86678391,11
1568088000,85.570,85.639,85.061,85.597,85.528,138.42458823,64
1568102400,85.597,86.383,85.002,85.002,85.713,519.19109506,51
1568116800,85.002,85.669,84.600,84.600,84.763,22.57890051,25
1568131200,84.600,84.770,82.437,82.442,83.107,97.81107235,62
1568145600,82.443,82.902,81.855,82.389,82.111,523.57861898,130
1568160000,83.317,84.086,82.872,84.057,83.506,76.16835780,42
1568174400,84.057,84.174,83.477,84.174,83.828,110.49172006,20
1568188800,84.174,84.485,82.953,84.153,83.700,398.26007747,49
1568203200,84.344,84.344,83.120,83.120,84.102,171.57653295,33
1568217600,82.700,83.634,81.685,82.220,81.948,66.47407734,30
1568232000,82.297,82.494,81.679,81.697,82.311,132.12225905,18
1568246400,82.220,82.221,82.073,82.073,82.177,16.86506892,8
1568260800,81.752,81.752,81.199,81.199,81.249,3.23328029,8
1568275200,81.792,82.361,81.792,82.119,82.107,421.85467642,29
1568289600,82.119,84.625,82.059,84.622,83.153,190.27381571,70
1568304000,84.605,97.426,84.193,85.531,90.787,993.56269544,398
1568318400,85.521,85.726,84.116,85.401,85.312,312.60274261,90
1568332800,85.600,85.674,84.970,85.532,85.411,163.37535839,59
1568347200,85.532,87.086,84.970,87.084,85.719,41.75444163,28
1568361600,86.630,89.316,86.455,89.077,87.573,137.07688832,53
1568376000,89.733,94.524,89.733,91.720,91.962,628.96970302,204
1568390400,91.720,91.725,90.177,90.177,90.680,619.69721754,111
1568404800,90.500,93.604,90.317,93.333,91.965,326.84055500,94
1568419200,93.450,94.814,90.273,92.027,92.227,729.28742324,257
1568433600,92.154,92.292,89.901,92.205,90.790,311.54209184,58
1568448000,92.655,92.728,91.661,92.101,92.197,36.58048555,30
1568462400,91.548,92.292,90.108,92.275,91.532,106.83269750,52
1568476800,91.425,92.273,91.425,91.554,91.954,17.78136655,18
1568491200,92.132,92.132,91.655,91.901,91.909,26.82770000,12
1568505600,91.691,91.837,91.400,91.400,91.508,19.43045177,30
1568520000,91.130,91.402,89.557,89.557,90.839,30.74184181,33
1568534400,89.316,90.034,88.888,90.007,89.648,13.46720167,39
1568548800,90.007,90.007,89.456,89.456,89.556,38.45472854,54
1568563200,89.456,89.510,89.044,89.438,89.259,17.65447073,38
1568577600,89.002,89.569,89.000,89.000,89.107,21.30218149,22
1568592000,89.052,90.348,89.000,90.034,90.035,180.94551124,52
1568606400,90.065,90.804,89.970,90.092,90.257,52.38291721,20
1568620800,89.966,90.804,89.713,90.482,90.497,9.33948568,16
1568635200,90.151,90.151,87.874,88.561,88.621,319.58991334,101
1568649600,88.561,91.991,88.000,89.322,89.627,870.99796446,181
1568664000,89.322,94.423,89.322,92.674,92.402,285.27097305,119
1568678400,92.674,92.674,91.569,91.736,92.213,34.94956351,33
1568692800,91.736,92.149,91.653,92.113,92.128,12.46713635,8
1568707200,91.956,91.956,90.696,91.098,91.367,75.67117588,53
1568721600,91.172,92.974,90.862,92.815,91.925,136.07390553,82
1568736000,92.815,99.400,92.384,95.780,96.138,627.08791626,342
1568750400,96.200,97.000,93.705,94.609,95.111,1215.39748510,250
1568764800,94.015,98.700,93.761,95.214,95.715,220.00783954,161
1568779200,95.214,97.955,94.653,97.216,96.222,197.11596997,74
1568793600,97.216,98.613,95.200,95.215,96.332,617.37037334,60
1568808000,94.855,97.726,94.682,96.459,96.429,241.10200786,112
1568822400,96.459,97.387,96.010,97.064,96.837,72.00260071,42
1568836800,97.064,98.272,96.435,97.657,97.285,341.31320945,86
1568851200,97.800,97.967,64.100,91.539,87.904,3876.85402922,729
1568865600,91.480,92.689,90.400,92.446,91.771,157.92842467,115
1568880000,92.272,96.200,91.559,95.656,94.304,307.68420515,116
1568894400,96.200,98.740,95.804,98.740,96.881,193.75921036,129
1568908800,98.947,104.000,95.186,100.076,101.032,1063.55381593,506
1568923200,100.320,101.460,97.847,100.453,99.432,474.97314993,177
1568937600,100.187,100.188,98.182,99.216,99.254,139.63549236,65
1568952000,99.216,99.422,96.738,96.806,98.499,110.54875421,40
1568966400,96.840,98.090,96.840,97.423,97.680,306.07456579,73
1568980800,97.415,97.911,96.466,96.506,97.240,52.98061453,25
1568995200,96.507,96.644,95.278,95.607,95.938,122.97660469,108
1569009600,96.254,96.692,95.809,96.692,96.375,92.32487425,23
1569024000,96.512,96.512,95.545,96.015,95.899,32.47262741,19
1569038400,95.844,96.020,95.010,95.890,95.258,41.27196859,31
1569052800,95.890,95.890,94.777,94.866,95.000,280.52963996,64
1569067200,94.953,94.953,93.800,94.163,94.071,37.83587151,45
1569081600,93.930,93.930,93.116,93.484,93.542,54.56288478,54
1569096000,93.498,93.499,92.637,92.866,92.998,88.16192411,51
1569110400,92.866,92.866,90.550,92.259,91.319,92.09977742,54
1569124800,92.167,92.652,92.101,92.109,92.351,29.16665815,14
1569139200,93.413,93.490,92.862,92.862,93.310,5.36065730,15
1569153600,92.862,92.890,91.475,91.535,92.158,45.07865924,47
1569168000,91.544,91.787,91.031,91.031,91.176,116.71429437,51
1569182400,91.318,91.394,90.707,90.833,90.863,356.95974442,99
1569196800,90.632,90.632,89.237,89.246,89.913,122.92793721,68
1569211200,89.189,89.703,88.034,88.231,88.767,197.28812880,94
1569225600,88.231,90.062,88.231,89.569,89.357,212.88924898,55
1569240000,89.179,90.198,88.002,90.198,89.290,74.69579073,47
1569254400,90.089,90.309,88.690,88.956,89.146,94.08700400,49
1569268800,88.709,88.841,86.675,86.932,87.862,123.35811918,69
1569283200,86.781,87.491,86.522,87.491,87.453,65.31463686,17
1569297600,87.491,87.600,87.191,87.600,87.327,67.47961000,10
1569312000,87.600,87.949,87.208,87.550,87.685,69.03307576,27
1569326400,87.550,87.550,83.191,83.776,84.390,365.71680123,114
1569340800,83.776,86.660,69.690,71.163,75.782,786.07231981,547
1569355200,71.163,80.687,68.170,72.002,73.014,886.01766608,437
1569369600,73.259,77.275,73.259,73.478,74.697,430.22788110,211
1569384000,73.645,74.452,71.562,71.564,73.089,154.66603640,86
1569398400,71.279,71.733,69.230,69.877,70.934,282.47737370,148
1569412800,69.766,71.863,69.749,70.145,71.204,911.64513625,257
1569427200,70.000,71.780,70.000,71.379,71.205,172.95853758,59
1569441600,71.379,74.478,71.379,73.650,72.991,704.30094926,84
1569456000,73.650,73.650,71.815,71.993,72.411,495.05207096,82
1569470400,71.993,72.977,71.817,72.091,72.540,26.73094048,23
1569484800,72.112,103.880,71.500,72.700,76.097,1149.74114049,188
1569499200,72.700,73.113,66.000,67.312,69.802,874.96734125,225
1569513600,67.074,69.049,66.000,68.648,67.816,1076.92700223,180
1569528000,69.189,69.636,68.420,69.636,69.189,199.77087461,43
1569542400,69.636,69.636,67.504,68.677,67.678,48.00428790,27
1569556800,68.677,68.677,67.785,68.312,67.975,73.23585313,30
1569571200,68.677,68.797,67.267,67.267,68.460,119.96916531,33
1569585600,67.267,68.758,67.267,67.319,68.010,234.28131340,87
1569600000,68.339,70.000,68.339,69.675,69.909,750.69634047,179
1569614400,69.500,72.479,69.300,71.633,70.324,472.19587811,116
1569628800,71.633,71.633,71.143,71.338,71.210,0.20012181,4
1569643200,71.338,71.626,71.001,71.626,71.276,80.90481848,31
1569657600,71.731,72.218,71.285,71.475,71.514,203.77694259,72
1569672000,71.117,71.141,70.234,70.338,70.765,198.23732505,42
1569686400,70.563,71.432,70.563,71.365,71.089,156.73306223,51
1569700800,71.365,72.677,70.788,71.850,71.406,147.31630302,56
1569715200,71.145,71.503,70.511,70.511,70.996,30.92313483,26
1569729600,70.674,70.674,69.269,69.269,70.010,28.65692509,20
1569744000,69.269,69.290,69.002,69.002,69.225,60.58857319,14
1569758400,69.002,69.002,67.830,68.098,68.442,61.68241442,45
1569772800,68.231,69.257,67.706,67.706,68.322,269.59170050,68
1569787200,67.706,69.179,67.591,69.000,68.885,74.71030966,73
1569801600,69.000,69.167,68.679,68.850,68.825,102.42363096,16
1569816000,68.850,68.850,66.619,66.704,66.932,1187.71505782,218
1569830400,66.704,69.456,66.704,69.223,68.136,360.39010357,148
1569844800,69.223,71.744,69.187,71.536,70.284,105.19238481,40
1569859200,71.600,71.600,70.225,70.500,70.780,271.54697812,87
1569873600,70.500,70.590,69.390,70.590,69.956,32.55446213,14
1569888000,71.000,72.543,70.462,72.000,71.560,392.04735699,144
1569902400,72.000,72.359,70.930,71.313,71.167,41.15961958,23
1569916800,71.313,71.315,70.376,71.066,71.256,74.64720410,23
1569931200,71.814,71.814,70.925,71.049,71.004,24.33641758,16
1569945600,71.049,71.049,69.396,69.617,70.277,317.02902315,61
1569960000,69.617,70.957,69.617,69.951,70.308,307.07495923,39
1569974400,70.408,70.409,69.693,70.080,70.129,9.05800000,11
1569988800,70.080,70.080,69.285,69.285,69.508,3.18679365,6
1570003200,69.285,70.230,69.285,70.230,70.161,2.24173225,6
1570017600,70.230,70.230,69.434,69.959,69.719,21.22223187,9
1570032000,69.958,70.383,69.502,70.333,69.955,63.96875618,39
1570046400,70.333,70.717,69.450,70.717,70.281,139.71561598,63
1570060800,70.760,70.765,70.176,70.300,70.535,214.02444499,66
1570075200,70.300,70.700,70.016,70.016,70.630,43.32815833,14
1570089600,70.016,70.016,69.111,69.186,69.290,233.73214210,46
1570104000,69.186,69.514,67.955,68.380,68.202,619.05418650,199
1570118400,68.380,69.414,68.131,68.135,68.865,55.50807696,29
1570132800,68.730,69.790,68.502,69.639,69.174,329.43377056,106
1570147200,69.105,69.633,68.416,69.081,69.120,143.42739116,33
1570161600,69.081,69.152,68.011,68.899,68.717,438.63775818,51
1570176000,68.899,69.128,68.445,69.128,69.121,14.53896951,3
1570190400,69.128,69.800,69.039,69.800,69.403,744.00934592,50
1570204800,69.800,70.441,69.800,69.922,70.173,136.84079999,23
1570219200,70.026,70.114,69.650,69.826,69.815,29.60239067,22
1570233600,69.826,69.826,69.500,69.620,69.578,108.80656000,13
1570248000,69.620,69.778,69.452,69.626,69.648,0.21786902,3
1570262400,69.626,69.626,69.266,69.400,69.349,25.97931070,11
1570276800,69.400,69.400,68.490,68.490,68.690,98.00002998,14
1570291200,68.490,69.317,68.490,69.317,68.885,75.19476862,17
1570305600,69.317,69.795,69.317,69.795,69.530,2.35345744,8
1570320000,69.795,69.795,69.304,69.304,69.479,138.08498320,13
1570334400,69.304,70.293,69.304,69.678,70.218,38.43486802,9
1570348800,69.800,70.650,69.442,70.650,69.852,131.52926924,33
1570363200,70.650,71.034,68.937,70.577,70.025,1190.20121953,230
1570377600,70.577,70.577,68.002,68.600,68.643,267.18953618,73
1570392000,68.600,69.099,68.600,69.099,68.860,2.91181522,6
1570406400,69.099,69.371,68.574,68.611,68.807,114.06045355,29
1570420800,69.000,69.214,68.500,68.943,68.770,76.24680085,20
1570435200,68.943,70.204,68.943,69.953,69.875,23.66094440,24
1570449600,69.953,71.532,69.953,71.532,71.290,103.92494851,39
1570464000,71.490,72.000,71.197,71.300,71.625,213.74299123,67
1570478400,71.300,71.480,70.705,71.000,71.108,97.55645220,25
1570492800,71.000,72.021,70.835,72.021,71.287,252.60587635,55
1570507200,71.878,73.998,71.878,73.417,72.923,2165.22616728,473
1570521600,72.934,73.250,72.000,72.620,72.993,969.14935648,189
1570536000,72.620,73.736,72.010,72.182,72.711,398.37095203,194
1570550400,72.032,72.133,70.306,70.654,70.931,556.19591145,188
1570564800,70.415,71.275,70.273,70.323,70.721,378.17106873,186
1570579200,70.323,70.962,70.323,70.722,70.678,244.50624596,62
1570593600,70.722,70.722,70.378,70.536,70.500,132.77689001,25
1570608000,70.611,71.045,70.609,71.045,70.996,5.50967548,5
1570622400,71.045,74.013,71.045,73.343,73.104,1087.70619210,269
1570636800,73.343,73.732,72.873,73.516,73.219,388.01639050,81
1570651200,73.953,74.970,73.250,74.000,73.604,515.20424358,177
1570665600,74.000,74.589,73.002,73.201,73.838,166.03512712,99
1570680000,73.200,73.632,73.000,73.495,73.238,739.09331131,214
1570694400,73.495,73.495,71.494,71.797,72.406,320.61317032,137
1570708800,71.797,72.012,70.838,71.790,71.443,450.00752011,158
1570723200,71.790,72.469,71.413,71.922,71.787,1154.45678038,186
1570737600,71.922,72.933,71.922,72.595,72.441,324.19617124,66
1570752000,72.595,72.728,72.063,72.210,72.456,606.62660498,80
1570766400,72.210,73.907,70.500,70.585,72.091,466.08950708,141
1570780800,70.585,72.082,70.000,71.358,70.827,116.27028378,82
1570795200,71.358,71.723,70.856,71.723,71.222,104.90818707,41
1570809600,71.723,71.723,70.116,70.285,70.475,527.55855609,146
1570824000,70.285,70.376,69.524,69.586,70.230,211.92449085,49
1570838400,69.694,70.250,69.694,70.250,69.974,268.21931471,60
1570852800,70.250,70.250,70.069,70.069,70.086,109.16372632,21
1570867200,70.069,70.156,69.933,69.933,69.986,1.96577630,5
1570881600,69.933,73.274,69.933,72.090,71.529,558.18671157,185
1570896000,72.090,72.090,71.182,71.182,71.536,73.11091881,23
1570910400,71.186,71.343,70.648,70.648,71.073,771.37608524,169
1570924800,70.487,71.623,70.419,71.315,71.070,278.76976345,105
1570939200,71.317,71.330,71.000,71.000,71.298,269.12112602,35
1570953600,71.000,71.514,70.822,71.031,71.072,6.97048951,10
1570968000,71.031,71.580,71.031,71.580,71.361,20.45774385,7
1570982400,71.345,71.770,71.342,71.485,71.493,582.14910185,92
1570996800,71.487,71.487,70.017,70.292,70.350,810.90777479,199
1571011200,70.154,71.200,70.150,70.759,70.789,603.23093453,147
1571025600,70.759,71.264,70.505,70.505,70.973,752.05192136,127
1571040000,70.505,71.113,70.505,70.505,70.955,97.15630769,40
1571054400,70.505,70.767,70.505,70.545,70.715,20.11269779,10
1571068800,70.303,71.088,70.200,70.890,70.789,575.46581978,118
1571083200,70.890,71.083,70.215,71.083,70.941,96.92640850,31
1571097600,71.083,73.000,70.758,71.380,71.485,1235.36295174,257
1571112000,71.316,72.145,71.018,71.991,71.463,1147.31128743,228
1571126400,71.991,72.886,71.111,72.886,72.379,476.04656502,48
1571140800,72.886,73.347,72.179,72.648,72.683,410.78367948,77
1571155200,72.476,72.476,70.922,71.293,71.620,147.73520411,53
1571169600,71.293,71.589,70.822,71.225,71.263,117.99519706,34
1571184000,71.299,71.438,70.496,70.957,70.813,292.37176981,76
1571198400,70.957,71.532,70.547,70.547,71.115,496.92961012,64
1571212800,70.547,70.689,70.482,70.496,70.552,15.61650000,10
1571227200,70.279,70.279,67.730,68.144,68.907,264.19694597,105
1571241600,67.858,68.389,66.772,67.530,67.723,639.66337247,136
1571256000,67.596,68.252,66.968,68.202,67.576,132.90838285,59
1571270400,68.202,68.202,67.299,67.410,67.437,115.41119736,41
1571284800,67.410,67.674,67.409,67.409,67.558,77.50101658,23
1571299200,67.409,69.089,67.409,68.800,68.403,66.01004821,21
1571313600,68.800,69.529,68.800,69.529,68.876,51.43243698,21
1571328000,69.529,70.117,69.251,69.251,69.772,786.14407900,137
1571342400,69.251,69.251,68.383,68.775,68.689,119.34733891,44
1571356800,68.775,68.950,68.564,68.714,68.879,52.25024028,19
1571371200,68.714,68.714,67.355,67.501,67.604,55.88809760,41
1571385600,67.501,67.744,67.128,67.744,67.181,786.34078578,126
1571400000,67.744,68.366,67.620,67.860,67.861,13.75611796,20
1571414400,67.940,68.415,67.940,68.319,68.331,68.64944143,23
1571428800,68.319,68.938,67.646,67.646,68.336,1007.30654897,126
1571443200,67.646,68.081,67.646,68.036,67.787,47.13191777,19
1571457600,68.036,68.036,67.500,67.500,67.630,115.57371163,15
1571472000,67.500,68.300,67.500,67.773,68.095,10.88290000,8
1571486400,67.773,68.706,67.500,67.934,67.624,880.35737833,67
1571500800,67.934,67.934,67.475,67.475,67.572,3.03045000,3
1571515200,67.475,67.475,67.098,67.224,67.255,7.01047284,8
1571529600,67.224,67.395,67.031,67.031,67.124,20.32613860,13
1571544000,67.031,67.450,67.031,67.450,67.424,13.24995085,2
1571558400,67.450,67.874,67.450,67.813,67.851,73.05483438,34
1571572800,67.813,68.479,67.813,68.479,68.445,180.98996029,29
1571587200,68.479,69.567,68.479,69.521,69.174,10.51278968,15
1571601600,69.700,70.107,69.260,69.260,69.520,38.07650077,18
1571616000,69.260,69.554,69.000,69.383,69.058,77.24469400,12
1571630400,69.383,69.797,69.383,69.631,69.541,34.12882216,12
1571644800,69.631,69.695,69.000,69.000,69.076,38.54015991,17
1571659200,69.000,69.321,68.300,68.516,68.973,82.22522213,27
1571673600,68.080,68.750,68.080,68.476,68.231,14.96185522,17
1571688000,68.476,69.073,68.476,68.856,68.848,8.28422925,9
1571702400,68.856,69.092,68.475,69.092,68.630,72.14592164,17
1571716800,69.092,69.203,68.850,69.014,68.901,35.26916999,4
1571731200,69.014,95.000,69.014,69.198,80.065,934.14133037,103
