time,open,high,low,close,vwap,vol
1561377600,0.46509,0.46582,0.45925,0.46164,0.46236,1484002.54906889,658
1561392000,0.46199,0.46595,0.45723,0.45951,0.46155,5923473.72354003,1752
1561406400,0.45984,0.47426,0.45787,0.47236,0.46499,2036364.82864584,925
1561420800,0.47213,0.47510,0.46500,0.46699,0.47040,2677669.41443804,976
1561435200,0.46658,0.47163,0.46585,0.46941,0.46926,2331492.96115182,824
1561449600,0.46919,0.47138,0.46500,0.46600,0.46852,2224527.85184225,940
1561464000,0.46600,0.46678,0.45486,0.46448,0.46131,4051938.10514074,1436
1561478400,0.46357,0.47383,0.45570,0.46635,0.46503,3885064.16202654,1558
1561492800,0.46709,0.47122,0.45548,0.46612,0.46362,3976420.95462667,1304
1561507200,0.46637,0.48000,0.46011,0.47780,0.46927,6727032.88212777,1877
1561521600,0.47779,0.47824,0.46591,0.46743,0.47177,8519724.73098276,2650
1561536000,0.46760,0.48174,0.46703,0.48033,0.47441,3728382.19198526,1942
1561550400,0.48078,0.49500,0.48001,0.48799,0.48710,8046791.10306855,2868
1561564800,0.48871,0.49500,0.47903,0.48016,0.48581,7490293.62195389,3282
1561579200,0.48036,0.48980,0.39000,0.46268,0.45854,17711060.03192237,7430
1561593600,0.46197,0.46734,0.45238,0.45966,0.45881,7016176.07423426,2250
1561608000,0.45957,0.46009,0.40287,0.43111,0.43017,16558688.00894590,4812
1561622400,0.43200,0.43321,0.40750,0.42714,0.42085,9509468.44144431,3652
1561636800,0.42793,0.42854,0.41110,0.42317,0.41924,6249192.00524374,2391
1561651200,0.42345,0.42514,0.38709,0.40618,0.40070,15396370.45708208,4806
1561665600,0.40603,0.41131,0.39374,0.40413,0.40281,8448511.01839982,2223
1561680000,0.40423,0.41123,0.39650,0.40182,0.40384,3809451.94473957,1371
1561694400,0.40222,0.40970,0.39773,0.40336,0.40444,3880147.54497344,1014
1561708800,0.40311,0.41731,0.40311,0.41100,0.41097,3568078.53359550,1187
1561723200,0.41123,0.41600,0.40528,0.41233,0.41022,2139822.87985389,1113
1561737600,0.41227,0.41961,0.40817,0.41882,0.41426,2608058.88968754,1213
1561752000,0.41927,0.42517,0.41286,0.42469,0.41775,2771137.55858415,918
1561766400,0.42446,0.42446,0.40371,0.40446,0.40879,4401306.80180752,1436
1561780800,0.40456,0.41136,0.40020,0.41011,0.40594,2203699.02596956,804
1561795200,0.41035,0.41764,0.40544,0.41574,0.41121,2471502.66316748,645
1561809600,0.41583,0.41732,0.41106,0.41481,0.41427,1684772.40032766,737
1561824000,0.41508,0.42695,0.40898,0.42600,0.42043,4647082.26087478,1401
1561838400,0.42569,0.42743,0.41901,0.42477,0.42365,3603480.76097082,999
1561852800,0.42511,0.42698,0.42319,0.42421,0.42493,1266856.93776773,500
1561867200,0.42427,0.42496,0.41212,0.41425,0.41910,1484335.06100811,640
1561881600,0.41386,0.41771,0.40634,0.40982,0.41101,1557293.68837753,533
1561896000,0.40901,0.41149,0.39343,0.40183,0.40180,3772252.89314884,1186
1561910400,0.40002,0.40604,0.39592,0.40294,0.40259,2263655.11072365,910
1561924800,0.40340,0.40567,0.39116,0.39216,0.39855,3571953.70062639,980
1561939200,0.39224,0.41891,0.38916,0.41047,0.40760,4306421.48457401,1226
1561953600,0.41064,0.41341,0.40257,0.40600,0.40832,2035081.16333667,616
1561968000,0.40690,0.40950,0.40201,0.40451,0.40635,1337693.37794050,595
1561982400,0.40460,0.40543,0.38500,0.39351,0.39358,6166733.97137818,1764
1561996800,0.39410,0.39677,0.38733,0.39160,0.39367,2843509.59788598,981
1562011200,0.39257,0.40945,0.39190,0.40500,0.39956,2181854.45016945,853
1562025600,0.40487,0.40880,0.39734,0.40436,0.40079,1664955.74486363,554
1562040000,0.40492,0.40691,0.38375,0.38921,0.39031,6556459.06645019,1369
1562054400,0.38770,0.39622,0.38132,0.38727,0.38851,4523200.77986565,1203
1562068800,0.38724,0.40081,0.38489,0.40007,0.39172,3914921.46493549,1324
1562083200,0.40056,0.40056,0.39414,0.39603,0.39720,2273158.52387605,883
1562097600,0.39572,0.39857,0.39256,0.39776,0.39617,1157961.87585603,494
1562112000,0.39799,0.40541,0.39784,0.40376,0.40268,3338849.67352423,938
1562126400,0.40370,0.40682,0.39927,0.39993,0.40364,2543959.40543467,612
1562140800,0.39982,0.40111,0.39504,0.39662,0.39831,1556795.81247831,605
1562155200,0.39691,0.40168,0.39678,0.40100,0.39958,1405532.21911126,474
1562169600,0.40101,0.40151,0.39600,0.39857,0.39785,1732850.76851391,770
1562184000,0.39855,0.40673,0.39766,0.40591,0.40317,2294233.37830413,799
1562198400,0.40594,0.40633,0.40080,0.40164,0.40377,963887.32615703,483
1562212800,0.40164,0.40320,0.39834,0.39997,0.40016,563806.58307856,271
1562227200,0.39933,0.39997,0.39156,0.39355,0.39508,1199462.03099102,447
1562241600,0.39357,0.39705,0.39304,0.39523,0.39573,826701.50955451,529
1562256000,0.39534,0.39614,0.39323,0.39592,0.39495,602673.00660576,317
1562270400,0.39610,0.39610,0.38574,0.38708,0.39088,2667861.52569235,846
1562284800,0.38701,0.38776,0.38232,0.38280,0.38462,2505962.30648444,793
1562299200,0.38267,0.38482,0.37402,0.37720,0.37849,3957763.24308359,1084
1562313600,0.37750,0.38528,0.37630,0.38369,0.38053,1025676.26356753,440
1562328000,0.38381,0.38381,0.38024,0.38157,0.38202,1061081.71446736,468
1562342400,0.38184,0.38413,0.37821,0.38252,0.38101,1853661.13849537,587
1562356800,0.38244,0.38300,0.37400,0.37940,0.37893,5007158.01550258,862
1562371200,0.37955,0.38600,0.37955,0.38600,0.38353,1782806.11108056,520
1562385600,0.38599,0.38724,0.38384,0.38461,0.38562,1155091.63631670,318
1562400000,0.38471,0.38521,0.38162,0.38262,0.38298,701671.50587065,187
1562414400,0.38262,0.41083,0.38175,0.40246,0.40008,5348791.53068431,1349
1562428800,0.40380,0.40606,0.39827,0.39932,0.40109,2439304.28516212,594
1562443200,0.39932,0.39932,0.38747,0.38923,0.39331,1134355.58229939,421
1562457600,0.38923,0.39027,0.38651,0.38967,0.38838,1569202.43521458,360
1562472000,0.39028,0.39828,0.39028,0.39485,0.39482,1752048.15799198,384
1562486400,0.39564,0.40126,0.39142,0.39836,0.39566,727310.71041190,216
1562500800,0.39776,0.39881,0.39000,0.39121,0.39425,1034542.06864173,369
1562515200,0.39064,0.39925,0.38884,0.39600,0.39549,1996026.43715270,482
1562529600,0.39644,0.40052,0.39488,0.39899,0.39720,1508618.35751787,517
1562544000,0.39877,0.39916,0.39332,0.39454,0.39618,651074.09885715,191
1562558400,0.39456,0.39697,0.39352,0.39560,0.39508,495457.92258729,188
1562572800,0.39513,0.40000,0.39379,0.39720,0.39804,2218183.84440185,692
1562587200,0.39750,0.40470,0.39640,0.39972,0.39976,1241684.85518402,608
1562601600,0.40054,0.40148,0.39608,0.40130,0.39925,3147709.84246658,866
1562616000,0.40093,0.40468,0.39907,0.40276,0.40157,886878.70356955,461
1562630400,0.40217,0.40791,0.40184,0.40690,0.40516,2236759.18619169,816
1562644800,0.40697,0.40702,0.39810,0.39850,0.40329,1982000.01261885,630
1562659200,0.39850,0.40242,0.39416,0.39642,0.39741,1617998.61234123,718
1562673600,0.39629,0.39871,0.39263,0.39450,0.39616,1223603.90040769,518
1562688000,0.39441,0.39590,0.39226,0.39292,0.39444,1117580.16411390,494
1562702400,0.39288,0.39556,0.39000,0.39426,0.39271,1006832.98211725,456
1562716800,0.39333,0.39690,0.39298,0.39403,0.39497,1624531.94277894,552
1562731200,0.39403,0.39537,0.39259,0.39304,0.39398,1045464.96255462,425
1562745600,0.39396,0.39488,0.39280,0.39331,0.39400,618512.21121334,226
1562760000,0.39311,0.39369,0.34600,0.35418,0.36311,16747925.98421336,4836
1562774400,0.35364,0.36407,0.35198,0.35865,0.35743,5518880.42445764,2268
1562788800,0.35865,0.36172,0.35151,0.36114,0.35611,2965072.22210047,1532
1562803200,0.36113,0.36254,0.34867,0.35078,0.35614,1881514.84012275,858
1562817600,0.35078,0.35085,0.31801,0.33379,0.33118,10236395.77455630,3629
1562832000,0.33371,0.33608,0.30303,0.33598,0.32700,3740036.34741206,1315
1562846400,0.33573,0.33957,0.32244,0.32588,0.33075,3510127.22061911,1744
1562860800,0.32599,0.33163,0.32402,0.32789,0.32818,4241315.25617232,1287
1562875200,0.32935,0.33001,0.31840,0.32936,0.32376,4197479.27943115,1482
1562889600,0.32913,0.33120,0.32199,0.32200,0.32531,2327388.08794230,893
1562904000,0.32199,0.33853,0.31922,0.33571,0.32332,6246680.67091375,2450
1562918400,0.33614,0.35041,0.33467,0.34718,0.34437,2110859.84985796,1013
1562932800,0.34675,0.34760,0.33823,0.34098,0.34257,1731746.71499532,746
1562947200,0.34098,0.34945,0.33928,0.34354,0.34601,2049913.86822008,739
1562961600,0.34321,0.34637,0.34078,0.34480,0.34331,958346.04522377,420
1562976000,0.34480,0.34523,0.33701,0.33830,0.34055,1152764.79032878,483
1562990400,0.33744,0.34089,0.33252,0.33332,0.33760,833870.86295535,352
1563004800,0.33293,0.33728,0.32880,0.33106,0.33203,1811449.93499231,601
1563019200,0.33106,0.33715,0.33022,0.33554,0.33443,827760.89191974,295
1563033600,0.33553,0.33709,0.32600,0.33000,0.33070,1380653.88379748,432
1563048000,0.33000,0.33366,0.32401,0.33203,0.32796,3819348.16279957,1094
1563062400,0.33227,0.33555,0.33082,0.33180,0.33211,710811.18398251,258
1563076800,0.33226,0.33255,0.32825,0.32928,0.32991,549673.78437465,181
1563091200,0.32928,0.33032,0.31128,0.31643,0.31930,3084771.33983246,1250
1563105600,0.31610,0.31735,0.30000,0.30460,0.31096,5732307.68896458,1684
1563120000,0.30463,0.31713,0.30264,0.31209,0.31157,2411751.33553202,2551
1563134400,0.31300,0.31750,0.31060,0.31506,0.31406,189431.27335474,98
1563148800,0.31506,0.31717,0.29566,0.31247,0.30545,7576735.09834379,1667
1563163200,0.31256,0.31601,0.30788,0.31360,0.31216,1610408.09513968,681
1563177600,0.31360,0.31568,0.30758,0.31390,0.31204,1001630.55042299,384
1563192000,0.31382,0.32089,0.30727,0.31967,0.31561,2560243.34431756,1153
1563206400,0.31972,0.32362,0.31121,0.31519,0.31718,2951465.87433628,786
1563220800,0.31534,0.31772,0.31249,0.31378,0.31531,2638454.46953923,594
1563235200,0.31329,0.32032,0.31149,0.31352,0.31453,4629222.21766632,736
1563249600,0.31240,0.31449,0.30764,0.31204,0.31180,743467.36868078,285
1563264000,0.31204,0.31398,0.31071,0.31251,0.31260,643866.96169720,349
1563278400,0.31209,0.31224,0.30547,0.30977,0.30840,1550605.46334491,776
1563292800,0.30937,0.31000,0.28350,0.30917,0.29524,8685424.15569182,3195
1563307200,0.30896,0.30896,0.29292,0.29510,0.29955,3556086.60746044,1288
1563321600,0.29780,0.29877,0.29344,0.29817,0.29641,851000.98905867,454
1563336000,0.29817,0.30414,0.29741,0.30097,0.30073,1120007.05300922,664
1563350400,0.30093,0.30200,0.29615,0.29968,0.29933,2088160.46003218,718
1563364800,0.29872,0.31565,0.29808,0.31445,0.31092,4148859.83448651,1408
1563379200,0.31445,0.32487,0.31335,0.31392,0.31908,3317837.94048377,1309
1563393600,0.31473,0.32000,0.30838,0.31029,0.31492,2037761.58967470,673
1563408000,0.31100,0.31466,0.30819,0.31231,0.31170,1467246.12270394,547
1563422400,0.31242,0.31835,0.31091,0.31402,0.31466,1290795.78413793,557
1563436800,0.31433,0.31949,0.31185,0.31662,0.31543,1071599.37099381,404
1563451200,0.31613,0.32650,0.30372,0.32559,0.31607,5101100.37889547,1818
1563465600,0.32560,0.32734,0.31934,0.32065,0.32306,3092454.47502497,1057
1563480000,0.32090,0.32567,0.32090,0.32098,0.32203,1735362.33745464,478
1563494400,0.32117,0.32284,0.31747,0.31956,0.32030,1239034.57738003,370
1563508800,0.31956,0.32287,0.31709,0.32023,0.31983,3321914.10559740,591
1563523200,0.31961,0.32173,0.31258,0.31381,0.31546,2108978.23646417,599
1563537600,0.31385,0.31911,0.31000,0.31546,0.31421,3184868.94392978,889
1563552000,0.31601,0.31990,0.31387,0.31633,0.31732,1149585.09650852,411
1563566400,0.31633,0.32119,0.31586,0.32022,0.31955,1272766.82383333,456
1563580800,0.31988,0.33342,0.31916,0.32849,0.32565,3267865.72561277,728
1563595200,0.32881,0.33250,0.32735,0.32783,0.33009,1872055.55880708,396
1563609600,0.32783,0.32909,0.32487,0.32744,0.32687,798044.36627008,334
1563624000,0.32794,0.33194,0.32683,0.33115,0.32884,1504147.41741984,377
1563638400,0.33200,0.33899,0.33011,0.33646,0.33605,1851691.34647340,622
1563652800,0.33684,0.34189,0.33240,0.33349,0.33714,1851628.48282932,708
1563667200,0.33308,0.33552,0.32729,0.32887,0.33223,1588125.53129046,680
1563681600,0.32806,0.33163,0.32729,0.32966,0.33017,1190227.76977140,383
1563696000,0.32966,0.33268,0.32684,0.32975,0.32953,1215555.15071422,308
1563710400,0.32813,0.32937,0.32227,0.32493,0.32565,10135951.62941978,1431
1563724800,0.32457,0.32981,0.32142,0.32510,0.32492,2262053.39308862,645
1563739200,0.32486,0.33147,0.32486,0.33127,0.32923,959789.78719619,375
1563753600,0.33237,0.33242,0.32791,0.33036,0.33029,680978.90399085,308
1563768000,0.33011,0.33095,0.32819,0.32833,0.33000,471017.77503339,203
1563782400,0.32844,0.32858,0.32177,0.32557,0.32496,1154079.09250959,405
1563796800,0.32559,0.32588,0.31560,0.31600,0.32006,1850691.57742821,551
1563811200,0.31570,0.32321,0.31551,0.31677,0.31867,2143920.05587893,435
1563825600,0.31702,0.32246,0.31680,0.32086,0.32012,1183073.76306834,349
1563840000,0.32063,0.32063,0.31645,0.31803,0.31818,610420.42126590,184
1563854400,0.31803,0.31863,0.31160,0.31340,0.31474,1791063.12865668,525
1563868800,0.31312,0.31365,0.30819,0.31303,0.31139,1098342.22850250,625
1563883200,0.31301,0.31301,0.30746,0.30845,0.31019,1696056.48693257,432
1563897600,0.30800,0.31510,0.30580,0.31405,0.31121,1875086.62516882,538
1563912000,0.31436,0.31643,0.30632,0.30784,0.31160,1241965.01364541,424
1563926400,0.30784,0.30784,0.30276,0.30562,0.30559,1446843.64124161,528
1563940800,0.30511,0.30717,0.30406,0.30619,0.30574,611148.05403838,192
1563955200,0.30622,0.31021,0.30549,0.30762,0.30770,1016139.08762477,348
1563969600,0.30800,0.31850,0.30800,0.31779,0.31398,1600109.17821470,669
1563984000,0.31779,0.31779,0.30929,0.31314,0.31208,2815711.78765432,662
1563998400,0.31325,0.31815,0.31225,0.31611,0.31525,1312408.26128394,599
1564012800,0.31545,0.32386,0.31545,0.31919,0.32046,2108422.49108357,594
1564027200,0.31919,0.31964,0.31682,0.31727,0.31760,2791411.00231330,512
1564041600,0.31733,0.32033,0.31689,0.32006,0.31853,1083404.83475734,279
1564056000,0.32000,0.32126,0.31463,0.31612,0.31711,1379434.37692734,451
1564070400,0.31618,0.31715,0.31156,0.31278,0.31466,2745447.64626387,689
1564084800,0.31298,0.31493,0.31194,0.31300,0.31341,943395.15893583,309
1564099200,0.31300,0.31339,0.30768,0.30990,0.31004,1353118.28459627,460
1564113600,0.30990,0.31367,0.30912,0.31295,0.31060,1024421.70571891,227
1564128000,0.31308,0.31797,0.31214,0.31666,0.31442,1670247.63697904,320
1564142400,0.31665,0.31707,0.31486,0.31649,0.31614,755696.12874497,295
1564156800,0.31649,0.32552,0.31643,0.32375,0.32242,2523290.21824189,865
1564171200,0.32408,0.32485,0.32075,0.32391,0.32253,1081759.63919782,503
1564185600,0.32300,0.32799,0.32239,0.32358,0.32560,3547791.96776623,732
1564200000,0.32359,0.32366,0.31868,0.31995,0.31944,2889673.45489139,472
1564214400,0.31995,0.32037,0.30560,0.30867,0.31172,2133522.28236799,721
1564228800,0.30867,0.31039,0.30560,0.30870,0.30777,1241985.35495698,447
1564243200,0.30863,0.31009,0.30780,0.30917,0.30898,622921.92685901,272
1564257600,0.30917,0.31120,0.30886,0.30967,0.30990,824437.57280077,441
1564272000,0.30979,0.31038,0.30802,0.30959,0.30975,991308.72852846,314
1564286400,0.30992,0.31200,0.30989,0.31061,0.31117,691918.06790585,248
1564300800,0.31022,0.31095,0.30560,0.31071,0.30813,1082453.82965342,326
1564315200,0.31071,0.31071,0.30774,0.30881,0.30887,823940.60179460,248
1564329600,0.30871,0.30929,0.30677,0.30878,0.30789,521202.76984428,216
1564344000,0.30878,0.31432,0.29918,0.31162,0.30741,2313354.71818940,1059
1564358400,0.31176,0.31425,0.31029,0.31137,0.31212,669334.87295594,215
1564372800,0.31194,0.31197,0.30956,0.31100,0.31087,707326.86832525,252
1564387200,0.31061,0.31067,0.30648,0.30679,0.30732,2098143.41209394,397
1564401600,0.30679,0.30985,0.30668,0.30789,0.30888,413300.59164652,183
1564416000,0.30765,0.31112,0.30540,0.30885,0.30857,1472449.90507639,410
1564430400,0.30870,0.31052,0.30870,0.31017,0.30965,388716.64949082,174
1564444800,0.31017,0.31023,0.30638,0.30768,0.30825,240550.99621099,159
1564459200,0.30768,0.31088,0.30720,0.30973,0.30877,363001.77586281,139
1564473600,0.30969,0.31986,0.30907,0.31796,0.31544,2887771.30787670,543
1564488000,0.31791,0.32129,0.31543,0.31881,0.31897,1047104.73930600,470
1564502400,0.31895,0.32200,0.31872,0.31921,0.31981,1549548.99379821,913
1564516800,0.31937,0.31942,0.31683,0.31867,0.31814,545417.17759368,304
1564531200,0.31870,0.32149,0.31741,0.31856,0.31962,1443009.56852996,291
1564545600,0.31848,0.32065,0.31736,0.31985,0.31929,307829.56530803,181
1564560000,0.31947,0.32080,0.31862,0.32045,0.31988,391711.59203854,115
1564574400,0.32045,0.32400,0.31920,0.32000,0.32153,1359596.59792441,591
1564588800,0.32000,0.32042,0.31403,0.31585,0.31603,3115232.26162861,601
1564603200,0.31603,0.32000,0.31589,0.31997,0.31736,419728.33628573,244
1564617600,0.31981,0.31981,0.31529,0.31583,0.31753,448747.90441100,160
1564632000,0.31583,0.31633,0.31339,0.31486,0.31440,562869.53519932,181
1564646400,0.31464,0.31464,0.31179,0.31251,0.31288,394852.63896526,161
1564660800,0.31266,0.31425,0.31216,0.31350,0.31297,1226609.19226222,245
1564675200,0.31312,0.31494,0.31284,0.31361,0.31428,1483972.97195496,379
1564689600,0.31365,0.31791,0.31286,0.31656,0.31573,1413234.88718933,398
1564704000,0.31672,0.31693,0.31333,0.31519,0.31510,579994.27618374,183
1564718400,0.31519,0.31798,0.31447,0.31687,0.31564,1203026.01071601,258
1564732800,0.31687,0.31687,0.31501,0.31567,0.31600,304722.04279564,117
1564747200,0.31566,0.31566,0.31334,0.31354,0.31474,490450.03551870,256
1564761600,0.31324,0.31354,0.30943,0.31050,0.31115,1588543.26723751,535
1564776000,0.31050,0.31267,0.30971,0.31144,0.31091,303181.47147630,160
1564790400,0.31174,0.31595,0.31127,0.31429,0.31403,797684.31050271,236
1564804800,0.31430,0.31548,0.31300,0.31504,0.31434,731818.91758622,189
1564819200,0.31522,0.31575,0.31401,0.31575,0.31476,787614.51633944,243
1564833600,0.31562,0.31798,0.31524,0.31622,0.31643,716964.83838571,320
1564848000,0.31565,0.31724,0.31565,0.31606,0.31659,324320.96411173,118
1564862400,0.31576,0.31650,0.31485,0.31598,0.31552,408502.20837774,103
1564876800,0.31598,0.31688,0.31368,0.31401,0.31558,578517.20972972,121
1564891200,0.31419,0.31419,0.31230,0.31351,0.31315,466869.82853037,128
1564905600,0.31351,0.31665,0.31285,0.31616,0.31509,190890.63167367,113
1564920000,0.31616,0.32299,0.31541,0.31957,0.31987,1542481.42877237,634
1564934400,0.31960,0.32345,0.31893,0.32290,0.32178,869618.48771308,580
1564948800,0.32299,0.32302,0.31938,0.31938,0.32118,1280763.37817796,378
1564963200,0.31994,0.32320,0.31960,0.32280,0.32124,1313478.48988287,478
1564977600,0.32280,0.32355,0.32029,0.32029,0.32203,1241397.68955645,344
1564992000,0.32030,0.33171,0.32012,0.32762,0.32548,2570573.56965120,748
1565006400,0.32806,0.32829,0.32372,0.32580,0.32631,769090.98267949,488
1565020800,0.32580,0.32830,0.32375,0.32432,0.32579,1194026.12955248,673
1565035200,0.32432,0.32439,0.32100,0.32144,0.32242,908558.25953770,399
1565049600,0.32155,0.32155,0.31720,0.31850,0.31919,1127826.30971950,390
1565064000,0.31831,0.32391,0.31759,0.32248,0.32028,1080228.08733138,327
1565078400,0.32248,0.32470,0.31450,0.31666,0.31751,3293559.61727313,747
1565092800,0.31666,0.31666,0.31380,0.31530,0.31527,1182802.08913666,408
1565107200,0.31500,0.31530,0.31116,0.31195,0.31310,1128287.00611397,436
1565121600,0.31217,0.31250,0.30646,0.31103,0.30952,1885553.78843465,560
1565136000,0.31089,0.31246,0.31088,0.31198,0.31168,503336.69451848,396
1565150400,0.31265,0.31580,0.31038,0.31075,0.31315,837810.78970466,275
1565164800,0.31044,0.31215,0.30815,0.31215,0.30977,2294060.30907848,446
1565179200,0.31218,0.31346,0.30872,0.30936,0.31118,1324534.81650697,457
1565193600,0.30960,0.31084,0.30727,0.30864,0.30907,1252292.70606919,387
1565208000,0.30904,0.31325,0.30654,0.31098,0.30976,1496234.33553125,441
1565222400,0.31091,0.31144,0.30762,0.30853,0.30951,1374344.78328550,337
1565236800,0.30879,0.30890,0.30586,0.30684,0.30724,1489311.60389852,388
1565251200,0.30704,0.30874,0.30498,0.30611,0.30676,721362.22595975,302
1565265600,0.30611,0.30901,0.30500,0.30500,0.30642,418544.73515135,237
1565280000,0.30500,0.30695,0.30389,0.30475,0.30517,1905888.23429133,605
1565294400,0.30448,0.30830,0.30370,0.30800,0.30662,562838.83540716,362
1565308800,0.30815,0.30836,0.30493,0.30694,0.30664,1264946.36111093,214
1565323200,0.30694,0.30712,0.30091,0.30163,0.30405,1814613.96665293,484
1565337600,0.30163,0.30347,0.29543,0.29663,0.29858,1540160.41441908,562
1565352000,0.29675,0.29901,0.29580,0.29588,0.29756,1579262.45200238,648
1565366400,0.29589,0.29589,0.28940,0.29374,0.29296,2691137.20507665,899
1565380800,0.29370,0.29643,0.29270,0.29617,0.29440,737001.42517506,364
1565395200,0.29592,0.30235,0.29592,0.30235,0.30047,1310491.28770579,559
1565409600,0.30225,0.30531,0.30031,0.30236,0.30287,1463725.15723767,356
1565424000,0.30236,0.30247,0.29100,0.29301,0.29617,1806633.81960902,683
1565438400,0.29284,0.29630,0.29166,0.29460,0.29402,1472250.97182452,465
1565452800,0.29460,0.30176,0.29361,0.29866,0.29733,1160358.54011226,483
1565467200,0.29844,0.29900,0.29615,0.29812,0.29716,1096027.73054234,310
1565481600,0.29823,0.30149,0.29823,0.29902,0.29946,543328.97827611,234
1565496000,0.29951,0.29951,0.29746,0.29847,0.29818,185114.73185360,106
1565510400,0.29847,0.29936,0.29435,0.29883,0.29738,717242.24672329,260
1565524800,0.29911,0.30010,0.29829,0.29845,0.29915,701013.56581061,244
1565539200,0.29857,0.30604,0.29827,0.30410,0.30318,2627744.50064749,983
1565553600,0.30462,0.30553,0.30081,0.30216,0.30322,720016.69620495,303
1565568000,0.30248,0.30494,0.30106,0.30244,0.30278,785191.05627806,185
1565582400,0.30244,0.30244,0.29764,0.29920,0.29913,862165.91201151,212
1565596800,0.29920,0.29998,0.29855,0.29946,0.29910,891454.06382720,216
1565611200,0.29914,0.30120,0.29847,0.30008,0.30020,486522.40349344,183
1565625600,0.30000,0.30074,0.29868,0.30051,0.30009,728309.87191314,212
1565640000,0.30051,0.30099,0.30033,0.30033,0.30069,419427.65624142,148
1565654400,0.30056,0.30067,0.29794,0.29862,0.29948,1371955.89489688,255
1565668800,0.29862,0.29878,0.29754,0.29754,0.29809,524649.93271894,191
1565683200,0.29767,0.29791,0.29545,0.29713,0.29641,1192459.63583273,265
1565697600,0.29714,0.29761,0.29186,0.29361,0.29426,1377026.96430215,541
1565712000,0.29361,0.29505,0.29301,0.29382,0.29404,1062807.99436695,263
1565726400,0.29382,0.29738,0.29364,0.29690,0.29464,515990.77025620,178
1565740800,0.29687,0.29745,0.29351,0.29575,0.29531,610955.69573646,268
1565755200,0.29587,0.29602,0.29439,0.29468,0.29524,500074.30116279,110
1565769600,0.29428,0.29457,0.29206,0.29344,0.29365,1460161.71435018,326
1565784000,0.29334,0.29340,0.29018,0.29086,0.29175,1112240.08325070,331
1565798400,0.29085,0.29165,0.23355,0.26299,0.25749,22644794.55493090,7398
1565812800,0.26283,0.27099,0.25881,0.26189,0.26492,5879934.64213588,1543
1565827200,0.26301,0.26635,0.25833,0.25833,0.26389,3036921.11144952,973
1565841600,0.25901,0.26080,0.24856,0.25930,0.25518,7428803.14894925,1930
1565856000,0.25953,0.26584,0.25925,0.26560,0.26216,2636886.06114174,862
1565870400,0.26562,0.26642,0.25888,0.26491,0.26234,1699195.00676289,716
1565884800,0.26510,0.26750,0.26121,0.26253,0.26330,1616219.23435265,479
1565899200,0.26253,0.26843,0.26201,0.26454,0.26505,1904003.43763001,607
1565913600,0.26376,0.26503,0.26093,0.26246,0.26250,1497096.62955276,362
1565928000,0.26247,0.26248,0.25442,0.25965,0.25804,2378921.84925277,613
1565942400,0.25964,0.26150,0.25694,0.25961,0.25935,1113679.64131586,550
1565956800,0.26033,0.26340,0.25906,0.26207,0.26063,1357757.27199639,488
1565971200,0.26221,0.26343,0.26033,0.26261,0.26209,1137993.54501510,385
1565985600,0.26259,0.26317,0.26006,0.26111,0.26185,2272856.34689959,564
1566000000,0.26110,0.26175,0.25932,0.25963,0.26055,1716762.34543939,336
1566014400,0.25982,0.26953,0.25811,0.26599,0.26389,2942387.60562464,628
1566028800,0.26578,0.26800,0.26526,0.26549,0.26635,1275833.70817581,274
1566043200,0.26554,0.26647,0.26411,0.26434,0.26509,972564.06457391,202
1566057600,0.26472,0.26649,0.26244,0.26380,0.26373,1940541.35766228,397
1566072000,0.26351,0.26593,0.26205,0.26593,0.26437,514783.30748040,211
1566086400,0.26603,0.26603,0.26366,0.26402,0.26493,689114.88132868,181
1566100800,0.26397,0.26602,0.26369,0.26574,0.26550,656185.29214018,146
1566115200,0.26592,0.28599,0.26592,0.28156,0.27905,5818681.11373775,1184
1566129600,0.28213,0.28524,0.27936,0.28223,0.28181,2212093.03236959,532
1566144000,0.28258,0.29200,0.28218,0.28871,0.28827,2831992.17808404,718
1566158400,0.28869,0.28888,0.28286,0.28321,0.28539,1424978.49075731,544
1566172800,0.28350,0.28716,0.27947,0.28710,0.28279,2307322.40274438,617
1566187200,0.28710,0.29065,0.28445,0.28783,0.28741,2283214.09318764,570
1566201600,0.28783,0.28807,0.28497,0.28546,0.28650,715253.71355289,297
1566216000,0.28568,0.28570,0.28119,0.28282,0.28397,1498558.06564325,581
1566230400,0.28284,0.28298,0.27626,0.27800,0.27917,2611930.48356233,703
1566244800,0.27809,0.28335,0.27670,0.28232,0.28075,933880.57189700,488
1566259200,0.28250,0.28250,0.27703,0.27746,0.27922,806934.95874735,323
1566273600,0.27750,0.27988,0.27745,0.27924,0.27810,791975.10397524,232
1566288000,0.27909,0.27909,0.27005,0.27505,0.27309,1781818.82012098,446
1566302400,0.27497,0.27524,0.27163,0.27379,0.27318,916149.49335259,290
1566316800,0.27466,0.27487,0.27171,0.27288,0.27335,381429.15308450,322
1566331200,0.27287,0.27489,0.27237,0.27406,0.27383,657410.00135014,306
1566345600,0.27407,0.27410,0.26505,0.26632,0.26989,1635710.46163221,560
1566360000,0.26632,0.26632,0.26243,0.26533,0.26474,1967908.53928312,684
1566374400,0.26515,0.26572,0.26200,0.26404,0.26384,678298.95202249,290
1566388800,0.26399,0.26435,0.25794,0.26156,0.26150,2050115.50437154,678
1566403200,0.26178,0.26673,0.25970,0.26555,0.26411,2055335.10375978,568
1566417600,0.26560,0.30999,0.26324,0.26571,0.26492,969624.48684861,349
1566432000,0.26571,0.26680,0.26044,0.26299,0.26310,1493714.00868980,430
1566446400,0.26294,0.26583,0.26255,0.26406,0.26433,870542.63971510,279
1566460800,0.26417,0.26634,0.26257,0.26617,0.26466,1897833.29821750,345
1566475200,0.26508,0.27400,0.26499,0.27130,0.27130,2675344.84280562,778
1566489600,0.27130,0.27416,0.26935,0.27166,0.27225,1263696.39022780,446
1566504000,0.27192,0.27328,0.26969,0.27132,0.27173,1592161.62282347,315
1566518400,0.27067,0.27184,0.26779,0.27133,0.27002,1443085.30833831,305
1566532800,0.27158,0.27366,0.27089,0.27340,0.27210,613006.62610659,226
1566547200,0.27339,0.27340,0.27077,0.27224,0.27235,357808.33001060,187
1566561600,0.27221,0.27789,0.27198,0.27630,0.27571,1333596.68929096,661
1566576000,0.27648,0.27883,0.27544,0.27634,0.27719,860875.37130708,492
1566590400,0.27586,0.27780,0.27500,0.27744,0.27670,1580496.86203671,534
1566604800,0.27744,0.27798,0.27320,0.27429,0.27584,743601.50219543,296
1566619200,0.27477,0.27494,0.27160,0.27216,0.27292,660580.10762546,186
1566633600,0.27190,0.27190,0.26301,0.26824,0.26754,2088142.65509188,592
1566648000,0.26834,0.26878,0.26648,0.26797,0.26750,1099537.46396739,256
1566662400,0.26721,0.27302,0.26717,0.27285,0.27108,1155770.24848925,479
1566676800,0.27320,0.27427,0.26972,0.27166,0.27190,1096837.44791369,343
1566691200,0.27166,0.27259,0.26879,0.27259,0.27101,1281191.38944568,286
1566705600,0.27259,0.27630,0.27027,0.27511,0.27254,770891.06684781,332
1566720000,0.27489,0.27582,0.27345,0.27406,0.27452,853245.14015959,216
1566734400,0.27388,0.27600,0.26765,0.27068,0.27200,2019565.87891615,598
1566748800,0.27060,0.27254,0.26710,0.26890,0.26942,1397676.71139119,323
1566763200,0.26890,0.27030,0.26601,0.26985,0.26866,1033401.47111468,311
1566777600,0.27008,0.28053,0.27008,0.27324,0.27582,3373956.38276695,987
1566792000,0.27327,0.27382,0.27072,0.27155,0.27198,970723.89217743,254
1566806400,0.27170,0.27189,0.26690,0.27035,0.26970,952594.41700017,374
1566820800,0.27005,0.27200,0.26894,0.27069,0.27026,1062606.80154195,249
1566835200,0.27060,0.27215,0.26718,0.26881,0.26915,1592179.88465155,394
1566849600,0.26878,0.27024,0.26649,0.27011,0.26849,680877.00201391,229
1566864000,0.27021,0.27021,0.26620,0.26725,0.26783,998936.44303670,249
1566878400,0.26725,0.26945,0.26725,0.26810,0.26810,497564.26387656,149
1566892800,0.26842,0.26842,0.26717,0.26722,0.26800,320817.75215769,84
1566907200,0.26732,0.26883,0.26404,0.26821,0.26719,1153518.30158992,463
1566921600,0.26874,0.26975,0.26787,0.26796,0.26876,477198.75848805,212
1566936000,0.26805,0.27000,0.26669,0.26911,0.26801,451021.05224239,236
1566950400,0.26911,0.26923,0.26554,0.26588,0.26739,393343.97265219,133
1566964800,0.26579,0.26716,0.26502,0.26614,0.26600,313322.77291830,133
1566979200,0.26606,0.26691,0.26553,0.26663,0.26620,163590.01861805,133
1566993600,0.26612,0.26716,0.26571,0.26632,0.26651,670179.16345391,307
1567008000,0.26631,0.26632,0.24602,0.25359,0.25266,8163220.91253701,2672
1567022400,0.25324,0.25745,0.25276,0.25627,0.25436,1944818.41326711,453
1567036800,0.25584,0.25585,0.24974,0.25211,0.25259,1517778.27297443,507
1567051200,0.25188,0.25353,0.24719,0.24962,0.25006,1549092.64161031,500
1567065600,0.25068,0.25273,0.25031,0.25238,0.25166,784233.25240857,364
1567080000,0.25238,0.25253,0.24764,0.25214,0.25098,3366457.88518117,808
1567094400,0.25224,0.26234,0.25070,0.25941,0.25695,4670241.99915811,1404
1567108800,0.25942,0.25961,0.25440,0.25693,0.25614,2621188.80125654,590
1567123200,0.25703,0.25720,0.25246,0.25421,0.25421,1044678.11723389,320
1567137600,0.25454,0.25585,0.25339,0.25416,0.25475,578611.06452195,190
1567152000,0.25411,0.25685,0.25312,0.25589,0.25548,473034.36563615,281
1567166400,0.25574,0.25712,0.25516,0.25604,0.25623,496932.96524829,394
1567180800,0.25614,0.25640,0.25252,0.25431,0.25421,855789.44230831,297
1567195200,0.25431,0.25636,0.25383,0.25546,0.25503,611368.13776017,267
1567209600,0.25527,0.25750,0.25463,0.25701,0.25664,786515.28220732,282
1567224000,0.25706,0.25730,0.25600,0.25607,0.25688,310276.60165673,96
1567238400,0.25607,0.25790,0.25550,0.25724,0.25661,157605.72517299,102
1567252800,0.25734,0.25734,0.25534,0.25720,0.25660,961498.58668087,235
1567267200,0.25736,0.25742,0.25325,0.25520,0.25528,544404.39942892,237
1567281600,0.25501,0.26049,0.25308,0.25799,0.25727,1289961.59915044,338
1567296000,0.25785,0.25896,0.25673,0.25812,0.25813,1550069.35124684,283
1567310400,0.25812,0.25861,0.25761,0.25791,0.25809,344178.76141188,89
1567324800,0.25786,0.25786,0.25500,0.25500,0.25649,378588.06560506,129
1567339200,0.25482,0.25670,0.25410,0.25598,0.25479,550080.71620158,168
1567353600,0.25584,0.25600,0.25094,0.25573,0.25421,1102483.77591311,352
1567368000,0.25555,0.25791,0.25528,0.25660,0.25667,1037638.57988000,316
1567382400,0.25689,0.25696,0.25481,0.25523,0.25565,474825.78787128,160
1567396800,0.25529,0.25587,0.25408,0.25422,0.25485,640994.23730488,159
1567411200,0.25404,0.25574,0.25377,0.25564,0.25473,434287.52138396,122
1567425600,0.25564,0.25910,0.25450,0.25666,0.25706,1145633.73173314,324
1567440000,0.25658,0.26236,0.25658,0.26089,0.25952,1807482.42121025,668
1567454400,0.26097,0.26510,0.26097,0.26166,0.26260,1670136.05604155,467
1567468800,0.26192,0.26238,0.25991,0.26145,0.26073,421623.52988529,207
1567483200,0.26169,0.26250,0.26074,0.26075,0.26203,485578.61836163,96
1567497600,0.26074,0.26135,0.25849,0.25973,0.26013,780109.11281334,207
1567512000,0.25973,0.26730,0.25973,0.26386,0.26430,1795818.53864559,538
1567526400,0.26392,0.26449,0.26167,0.26275,0.26254,298482.32120442,239
1567540800,0.26260,0.26565,0.26152,0.26321,0.26348,1370392.14626566,503
1567555200,0.26321,0.26321,0.26050,0.26211,0.26177,691986.82131910,272
1567569600,0.26203,0.26204,0.25994,0.25997,0.26029,1722887.82696930,402
1567584000,0.26006,0.26029,0.25860,0.25889,0.25943,1056361.25951909,247
1567598400,0.25893,0.25947,0.25635,0.25827,0.25808,856538.47256200,354
1567612800,0.25841,0.26144,0.25841,0.26058,0.25999,1080381.92041905,395
1567627200,0.26112,0.26182,0.25794,0.25883,0.25995,2004561.83409969,550
1567641600,0.25883,0.25887,0.25790,0.25887,0.25834,651118.38656870,264
1567656000,0.25886,0.25907,0.25721,0.25745,0.25813,400432.28888777,220
1567670400,0.25745,0.25796,0.25262,0.25567,0.25586,1395343.65252345,529
1567684800,0.25562,0.25679,0.25492,0.25584,0.25566,903447.08178243,403
1567699200,0.25554,0.25647,0.25427,0.25561,0.25547,1526799.66379602,506
1567713600,0.25526,0.25688,0.25444,0.25623,0.25593,415748.06854977,199
1567728000,0.25638,0.25660,0.25533,0.25627,0.25584,563462.18079233,237
1567742400,0.25651,0.25866,0.25563,0.25599,0.25747,355456.20643713,230
1567756800,0.25599,0.25944,0.25599,0.25855,0.25769,255390.31137627,212
1567771200,0.25856,0.25995,0.25750,0.25890,0.25865,1157156.89002935,424
1567785600,0.25887,0.25893,0.25050,0.25181,0.25373,2992672.72535566,837
1567800000,0.25153,0.25215,0.24704,0.25153,0.25004,2063077.74412807,700
1567814400,0.25134,0.25168,0.25058,0.25126,0.25102,391020.70043893,172
1567828800,0.25116,0.25206,0.25091,0.25114,0.25152,326236.64774397,142
1567843200,0.25128,0.25265,0.25081,0.25265,0.25196,500313.08111281,208
1567857600,0.25276,0.26032,0.25259,0.25972,0.25804,1950047.66507944,717
1567872000,0.26014,0.26350,0.25827,0.26174,0.26129,4437773.25317761,1082
1567886400,0.26220,0.26220,0.26027,0.26048,0.26144,368753.40729489,137
1567900800,0.26043,0.26638,0.26042,0.26518,0.26228,1236693.10896268,355
1567915200,0.26485,0.26567,0.26285,0.26307,0.26358,623853.82501295,218
1567929600,0.26307,0.26484,0.25618,0.25980,0.26009,1562040.94682075,558
1567944000,0.25972,0.26500,0.25470,0.26390,0.25899,4357300.80016713,817
1567958400,0.26390,0.26468,0.26005,0.26005,0.26206,1306932.01748761,335
1567972800,0.26045,0.26324,0.25827,0.26250,0.26083,1868529.11703860,499
1567987200,0.26250,0.26317,0.25926,0.25988,0.26118,2849623.58509119,424
1568001600,0.25947,0.25947,0.25651,0.25698,0.25780,688296.32447825,208
1568016000,0.25694,0.26492,0.25656,0.26209,0.26047,2424173.89429476,661
1568030400,0.26208,0.26227,0.26035,0.26091,0.26129,871144.99659194,268
1568044800,0.26017,0.26017,0.25755,0.25876,0.25887,1207464.75871945,384
1568059200,0.25875,0.25953,0.25750,0.25877,0.25821,1330338.17482014,380
1568073600,0.25877,0.26320,0.25841,0.26139,0.26137,1905816.84235613,583
1568088000,0.26136,0.26225,0.26062,0.26156,0.26158,963378.66259298,354
1568102400,0.26156,0.26158,0.25941,0.26083,0.26038,402059.65640998,209
1568116800,0.26078,0.26358,0.25891,0.25916,0.26100,1176979.40722984,508
1568131200,0.25929,0.25947,0.25310,0.25577,0.25658,3456249.94373152,938
1568145600,0.25579,0.25877,0.25465,0.25854,0.25648,896167.01867494,368
1568160000,0.25856,0.25992,0.25666,0.25779,0.25877,742359.31848050,228
1568174400,0.25779,0.25779,0.25470,0.25571,0.25553,445685.58412391,144
1568188800,0.25571,0.25571,0.25203,0.25408,0.25387,1340102.93245214,542
1568203200,0.25387,0.25476,0.25172,0.25242,0.25272,1060028.80799583,459
1568217600,0.25230,0.25409,0.25101,0.25273,0.25257,997134.05949579,375
1568232000,0.25273,0.25560,0.25199,0.25534,0.25361,380352.29405221,240
1568246400,0.25534,0.25560,0.25271,0.25295,0.25425,591416.46022663,224
1568260800,0.25292,0.25305,0.25076,0.25080,0.25176,705600.21482173,326
1568275200,0.25098,0.25450,0.25059,0.25334,0.25302,1830252.13003076,410
1568289600,0.25334,0.25683,0.25317,0.25438,0.25449,1835452.93348907,582
1568304000,0.25459,0.25493,0.25163,0.25227,0.25253,1585422.76457394,431
1568318400,0.25226,0.25570,0.25189,0.25397,0.25378,1829335.37352556,446
1568332800,0.25397,0.25584,0.25349,0.25493,0.25462,270299.34093185,171
1568347200,0.25502,0.25576,0.25393,0.25429,0.25431,754147.98676869,190
1568361600,0.25405,0.25420,0.25224,0.25397,0.25314,544643.17898399,221
1568376000,0.25397,0.25496,0.25354,0.25481,0.25401,299852.25995314,170
1568390400,0.25485,0.25602,0.25227,0.25396,0.25392,2397990.75879550,401
1568404800,0.25396,0.25606,0.25337,0.25594,0.25489,1039816.08283755,255
1568419200,0.25594,0.25600,0.25460,0.25487,0.25518,336403.46562455,126
1568433600,0.25487,0.25533,0.25449,0.25489,0.25493,315067.12177452,147
1568448000,0.25466,0.25673,0.25459,0.25673,0.25555,468146.12065876,156
1568462400,0.25667,0.26520,0.25667,0.26393,0.26259,3676731.85370998,854
1568476800,0.26400,0.26468,0.26217,0.26438,0.26339,992204.72863943,386
1568491200,0.26410,0.26462,0.26188,0.26188,0.26370,1008393.06928485,249
1568505600,0.26232,0.26348,0.26157,0.26215,0.26269,398734.67609318,137
1568520000,0.26215,0.26384,0.26215,0.26326,0.26261,330729.22051111,94
1568534400,0.26326,0.26443,0.26173,0.26330,0.26261,501566.26082413,204
1568548800,0.26330,0.26384,0.25936,0.26050,0.26110,1627354.72571788,328
1568563200,0.26050,0.26089,0.25917,0.26014,0.25992,878332.92838915,229
1568577600,0.26014,0.26086,0.25942,0.26043,0.25991,473646.55577890,141
1568592000,0.26063,0.26354,0.26031,0.26179,0.26229,1287405.86452904,282
1568606400,0.26198,0.26285,0.26117,0.26237,0.26218,533583.20049241,134
1568620800,0.26237,0.26237,0.26008,0.26099,0.26115,646236.75973078,211
1568635200,0.26099,0.26099,0.25661,0.25787,0.25831,2641918.94790341,691
1568649600,0.25768,0.25917,0.25658,0.25893,0.25848,874140.33179452,325
1568664000,0.25893,0.26285,0.25883,0.26112,0.26098,1726533.88504824,488
1568678400,0.26112,0.26193,0.25992,0.26067,0.26072,551600.51089927,155
1568692800,0.26075,0.26766,0.26042,0.26712,0.26418,3806274.33382488,786
1568707200,0.26711,0.26754,0.26340,0.26664,0.26560,2161868.03693797,542
1568721600,0.26658,0.28666,0.26639,0.28666,0.27748,12131376.71305530,3109
1568736000,0.28671,0.29921,0.28038,0.29112,0.29147,21036389.15299481,4693
1568750400,0.29113,0.29549,0.28347,0.28556,0.28995,8769198.71144576,1852
1568764800,0.28551,0.31299,0.28539,0.30500,0.30293,13495621.15556713,2418
1568779200,0.30500,0.30989,0.29988,0.30750,0.30457,7339564.00882136,1223
1568793600,0.30751,0.30911,0.30233,0.30576,0.30527,3158077.32251530,926
1568808000,0.30576,0.32700,0.30294,0.31669,0.31675,13086483.16946954,3680
1568822400,0.31669,0.31999,0.31057,0.31392,0.31486,5891939.24356878,1695
1568836800,0.31392,0.31982,0.31058,0.31356,0.31532,5616459.09814780,1238
1568851200,0.31356,0.31356,0.28767,0.29140,0.29790,12837281.63458942,2948
1568865600,0.29158,0.29667,0.28599,0.29382,0.29049,6532843.23838612,1122
1568880000,0.29361,0.29820,0.28200,0.28686,0.29060,2910198.77676377,1063
1568894400,0.28677,0.29475,0.28677,0.29394,0.29149,3811597.60809515,1317
1568908800,0.29371,0.30674,0.29274,0.30637,0.30186,12673719.75251435,2306
1568923200,0.30637,0.30699,0.29578,0.30170,0.30138,6196475.32324143,1398
1568937600,0.30170,0.30208,0.28857,0.29564,0.29489,5244549.55408583,952
1568952000,0.29564,0.29800,0.29189,0.29667,0.29402,2632409.99859867,502
1568966400,0.29630,0.29780,0.29028,0.29257,0.29248,1461396.71769165,656
1568980800,0.29251,0.29467,0.28727,0.28924,0.29094,2401604.92392562,841
1568995200,0.28931,0.29277,0.28400,0.29005,0.28844,5046285.10744275,993
1569009600,0.29000,0.29439,0.28724,0.29363,0.29140,2970829.90270171,592
1569024000,0.29372,0.29768,0.29224,0.29345,0.29486,1739008.08983975,736
1569038400,0.29312,0.29450,0.28967,0.29234,0.29255,1538113.16520927,354
1569052800,0.29234,0.29234,0.28801,0.29138,0.28937,2449984.50627955,349
1569067200,0.29133,0.29281,0.28600,0.29133,0.28949,2037792.76231498,705
1569081600,0.29194,0.29231,0.28863,0.28907,0.29037,1016300.15882481,296
1569096000,0.28913,0.29056,0.28757,0.28953,0.28951,1268560.69346019,284
1569110400,0.28953,0.28971,0.27780,0.27854,0.28244,4136421.35814393,1119
1569124800,0.27766,0.28135,0.27442,0.28059,0.27773,1841536.37512840,511
1569139200,0.28059,0.28142,0.27619,0.27879,0.27876,899349.19482344,258
1569153600,0.27879,0.28023,0.27691,0.27810,0.27845,1392298.90778273,291
1569168000,0.27810,0.27873,0.26826,0.27304,0.27362,6578859.27796148,1355
1569182400,0.27257,0.27838,0.27192,0.27650,0.27450,1903569.31925374,520
1569196800,0.27696,0.27718,0.27300,0.27457,0.27519,1636036.83840729,441
1569211200,0.27464,0.27472,0.26918,0.27141,0.27131,1428857.30894098,417
1569225600,0.27141,0.27529,0.27125,0.27440,0.27356,663276.46451826,278
1569240000,0.27441,0.27999,0.26621,0.27928,0.27339,3234295.60134271,1163
1569254400,0.27932,0.28640,0.27760,0.27913,0.28098,6448815.61483879,2816
1569268800,0.27913,0.28124,0.26414,0.26741,0.27005,6018381.20484486,1463
1569283200,0.26729,0.26888,0.26375,0.26761,0.26726,2201730.38948277,595
1569297600,0.26761,0.27278,0.26692,0.27016,0.26983,1530102.64436734,612
1569312000,0.27016,0.27016,0.26594,0.26820,0.26932,2438828.08121473,534
1569326400,0.26820,0.26820,0.25401,0.26206,0.26044,5374993.14727756,1587
1569340800,0.26175,0.26360,0.20584,0.23584,0.23355,32455967.75790271,7713
1569355200,0.23584,0.24500,0.23140,0.23392,0.23811,11231957.23228897,3455
1569369600,0.23390,0.24385,0.23377,0.24053,0.24002,1936378.38586643,801
1569384000,0.24053,0.24143,0.23213,0.23435,0.23731,4280094.40757144,831
1569398400,0.23435,0.23873,0.23176,0.23650,0.23556,1447439.40581200,813
1569412800,0.23651,0.24799,0.23460,0.24586,0.24169,3810929.42337188,1150
1569427200,0.24565,0.24977,0.24060,0.24432,0.24440,2240629.49053724,656
1569441600,0.24432,0.24867,0.24279,0.24561,0.24572,2371542.72109877,620
1569456000,0.24568,0.24583,0.24066,0.24252,0.24262,1527989.52926512,414
1569470400,0.24226,0.24650,0.24183,0.24412,0.24402,787309.25264376,248
1569484800,0.24474,0.24990,0.24474,0.24681,0.24758,1005866.84362058,378
1569499200,0.24681,0.24811,0.23095,0.23607,0.23868,6480780.45423461,1647
1569513600,0.23601,0.24169,0.22407,0.24117,0.23439,7279805.90848414,1868
1569528000,0.24149,0.24593,0.23868,0.24263,0.24166,2116169.15240618,545
1569542400,0.24263,0.24360,0.23656,0.23958,0.23964,1955937.61852355,544
1569556800,0.23965,0.24402,0.23746,0.24251,0.24092,1117943.09360461,397
1569571200,0.24252,0.24252,0.23571,0.23712,0.24060,2241036.70606957,659
1569585600,0.23712,0.24103,0.23318,0.23744,0.23587,5661531.11000111,1017
1569600000,0.23781,0.24126,0.23624,0.23970,0.23953,6138856.47982167,955
1569614400,0.23908,0.24743,0.23908,0.24277,0.24295,4030072.62839579,1065
1569628800,0.24277,0.24507,0.24175,0.24197,0.24279,265239.44134768,148
1569643200,0.24197,0.24301,0.24061,0.24272,0.24182,493698.50186160,141
1569657600,0.24259,0.24310,0.24047,0.24110,0.24143,412223.68075799,134
1569672000,0.24052,0.24171,0.23782,0.24011,0.23967,2119329.14606726,474
1569686400,0.24011,0.24399,0.23939,0.24202,0.24224,3094620.21090870,579
1569700800,0.24202,0.24438,0.24000,0.24231,0.24190,1259798.28375813,360
1569715200,0.24226,0.24253,0.24030,0.24056,0.24131,1394069.65835077,258
1569729600,0.24056,0.24056,0.23769,0.23920,0.23922,707098.94306589,219
1569744000,0.23931,0.23980,0.23691,0.23747,0.23804,443570.03992720,153
1569758400,0.23764,0.23849,0.23494,0.23643,0.23653,996738.18492726,410
1569772800,0.23643,0.23975,0.23587,0.23792,0.23848,3916719.10757580,671
1569787200,0.23818,0.24273,0.23800,0.24043,0.23967,1050381.60191353,374
1569801600,0.24043,0.24043,0.23800,0.23875,0.23903,689335.10884735,189
1569816000,0.23875,0.23953,0.23528,0.23824,0.23781,2068786.37015334,468
1569830400,0.23824,0.26100,0.23824,0.25943,0.25109,9310435.23674700,2135
1569844800,0.25914,0.26176,0.25421,0.25721,0.25764,6185424.71295758,1163
1569859200,0.25799,0.26078,0.25414,0.25600,0.25763,4442537.04549859,1096
1569873600,0.25594,0.25679,0.25000,0.25674,0.25398,2166120.75134255,729
1569888000,0.25705,0.26150,0.24523,0.25748,0.25711,6256450.84050320,1046
1569902400,0.25723,0.25961,0.25470,0.25680,0.25712,1574016.84595589,303
1569916800,0.25694,0.25694,0.25361,0.25616,0.25574,654021.85777516,237
1569931200,0.25623,0.25763,0.25140,0.25394,0.25373,1402814.98011573,540
1569945600,0.25382,0.25534,0.24374,0.24859,0.24766,4566750.58429902,1072
1569960000,0.24859,0.25114,0.24751,0.24796,0.24944,1918656.23076881,528
1569974400,0.24796,0.24936,0.24575,0.24650,0.24735,1597342.43364765,451
1569988800,0.24650,0.24800,0.24521,0.24589,0.24686,3380274.60356649,506
1570003200,0.24589,0.24843,0.24470,0.24698,0.24639,1356214.92468495,363
1570017600,0.24730,0.25501,0.24530,0.24990,0.25151,3843843.11901392,1091
1570032000,0.24966,0.25283,0.24887,0.25145,0.25056,4010747.44533559,908
1570046400,0.25145,0.25446,0.24959,0.25349,0.25212,2839092.25974123,729
1570060800,0.25350,0.25400,0.25018,0.25059,0.25219,2870450.59192767,787
1570075200,0.25071,0.25169,0.24710,0.24936,0.24986,1375464.12398348,350
1570089600,0.24936,0.24936,0.24619,0.24716,0.24773,1067223.74556773,424
1570104000,0.24716,0.25003,0.24102,0.24376,0.24464,3224116.03429490,1007
1570118400,0.24375,0.24661,0.24293,0.24506,0.24515,3002899.46631978,802
1570132800,0.24520,0.24884,0.24490,0.24703,0.24639,2259877.41594907,545
1570147200,0.24703,0.24973,0.24506,0.24878,0.24733,1347113.55847252,360
1570161600,0.24878,0.25011,0.24525,0.24988,0.24788,1040604.78342064,297
1570176000,0.24988,0.25380,0.24803,0.25274,0.25218,1605174.32046438,593
1570190400,0.25271,0.25470,0.25105,0.25325,0.25282,1885541.14903548,503
1570204800,0.25330,0.25725,0.25227,0.25383,0.25428,2890507.25037302,777
1570219200,0.25383,0.25478,0.25153,0.25283,0.25333,530789.66944410,393
1570233600,0.25302,0.25302,0.25051,0.25201,0.25206,1156814.19555546,314
1570248000,0.25268,0.25535,0.25209,0.25350,0.25359,739136.91460665,272
1570262400,0.25350,0.25350,0.25103,0.25216,0.25207,254152.24102874,124
1570276800,0.25216,0.25561,0.25075,0.25561,0.25291,1225895.77826076,400
1570291200,0.25567,0.25682,0.25317,0.25409,0.25454,998600.06423644,380
1570305600,0.25312,0.25425,0.24712,0.25375,0.25070,2448379.47378717,790
1570320000,0.25375,0.25405,0.25150,0.25276,0.25321,607343.54448426,219
1570334400,0.25276,0.25599,0.25117,0.25300,0.25347,1872222.83238536,784
1570348800,0.25295,0.25344,0.25143,0.25318,0.25255,714570.82659337,315
1570363200,0.25318,0.25650,0.25102,0.25522,0.25342,1167944.57064999,399
1570377600,0.25522,0.25661,0.25104,0.25336,0.25398,1578105.48124085,593
1570392000,0.25336,0.25585,0.25194,0.25554,0.25370,531659.02503396,339
1570406400,0.25554,0.27154,0.25373,0.26736,0.26387,6143318.69884017,1808
1570420800,0.26753,0.27071,0.26336,0.26859,0.26647,3280334.94103745,822
1570435200,0.26900,0.27947,0.26709,0.27549,0.27445,4266743.67325946,1313
1570449600,0.27534,0.28061,0.27342,0.27940,0.27747,6642222.05409062,1681
1570464000,0.27941,0.28219,0.27171,0.27578,0.27725,7538592.11227280,1551
1570478400,0.27609,0.27711,0.27329,0.27646,0.27541,2364133.05570741,759
1570492800,0.27629,0.28558,0.27498,0.28207,0.28107,4364099.67653734,1281
1570507200,0.28191,0.28269,0.27665,0.27706,0.27965,1436825.09020489,526
1570521600,0.27687,0.27751,0.27372,0.27523,0.27544,1784097.07621413,835
1570536000,0.27548,0.27585,0.27123,0.27305,0.27349,2374196.71326931,907
1570550400,0.27305,0.28013,0.27260,0.27467,0.27690,3066303.49087079,978
1570564800,0.27478,0.27839,0.27330,0.27777,0.27575,1993287.40522415,644
1570579200,0.27777,0.28021,0.27351,0.27376,0.27591,1431606.03383345,635
1570593600,0.27355,0.27872,0.27352,0.27734,0.27606,858382.73817389,484
1570608000,0.27734,0.28182,0.27600,0.28011,0.27912,1324460.47182716,484
1570622400,0.28007,0.28725,0.27747,0.28117,0.28205,5329567.35296589,1527
1570636800,0.28134,0.28366,0.27914,0.28190,0.28164,3573606.88568639,867
1570651200,0.28212,0.28298,0.27954,0.28186,0.28150,1021714.90010094,392
1570665600,0.28186,0.28229,0.27640,0.27806,0.27892,1320949.40073760,414
1570680000,0.27806,0.27917,0.27503,0.27624,0.27760,965674.29022955,344
1570694400,0.27624,0.27661,0.26510,0.27172,0.27056,3110031.69590925,906
1570708800,0.27172,0.27416,0.26838,0.27337,0.27140,1987293.58011172,551
1570723200,0.27347,0.27426,0.27153,0.27276,0.27239,1077766.45037417,458
1570737600,0.27276,0.27436,0.27008,0.27110,0.27255,1044087.30184600,392
1570752000,0.27098,0.27244,0.26897,0.27202,0.27025,986057.12808856,450
1570766400,0.27214,0.27624,0.26585,0.26612,0.26933,3764566.30361167,1094
1570780800,0.26612,0.27046,0.26523,0.26758,0.26712,1608635.66563082,672
1570795200,0.26751,0.27260,0.26671,0.27085,0.27033,1085761.22265303,495
1570809600,0.27091,0.27130,0.26740,0.27021,0.26890,1838947.08171493,764
1570824000,0.27021,0.27052,0.26632,0.26772,0.26832,889170.92016725,417
1570838400,0.26777,0.27320,0.26777,0.27150,0.27091,649688.84410616,406
1570852800,0.27151,0.27738,0.27140,0.27468,0.27422,846957.27452670,396
1570867200,0.27468,0.27544,0.27148,0.27284,0.27321,1036121.04618083,305
1570881600,0.27284,0.27605,0.27254,0.27254,0.27420,1608798.81071580,467
1570896000,0.27244,0.27402,0.27073,0.27106,0.27236,930124.53138005,323
1570910400,0.27106,0.27397,0.27106,0.27264,0.27242,500572.35722646,226
1570924800,0.27268,0.27625,0.27174,0.27468,0.27426,631114.98314524,272
1570939200,0.27468,0.27961,0.27452,0.27832,0.27663,1385196.00805120,398
1570953600,0.27842,0.28171,0.27639,0.27887,0.27900,1436663.83369710,496
1570968000,0.27887,0.28063,0.27794,0.28063,0.27929,1166795.53964487,548
1570982400,0.28088,0.28210,0.27924,0.28082,0.28054,1397339.88527982,434
1570996800,0.28082,0.28110,0.27288,0.27752,0.27718,1272628.08306100,502
1571011200,0.27752,0.28586,0.27685,0.28360,0.28280,2984437.62025967,754
1571025600,0.28360,0.29369,0.28220,0.28911,0.28914,4328430.53802275,1180
1571040000,0.28903,0.29200,0.28770,0.28924,0.29017,2734672.59971010,662
1571054400,0.28948,0.29143,0.28600,0.28863,0.28919,2247479.83418170,914
1571068800,0.28897,0.29491,0.28795,0.29152,0.29141,3774586.95440298,1047
1571083200,0.29153,0.29800,0.28821,0.29772,0.29303,3248741.31555842,1085
1571097600,0.29768,0.29927,0.29433,0.29527,0.29659,2805000.19655743,694
1571112000,0.29542,0.29673,0.28796,0.28921,0.29230,2618398.03910023,682
1571126400,0.28921,0.29366,0.28815,0.29116,0.29046,1562670.22394229,493
1571140800,0.29161,0.29503,0.28880,0.29165,0.29255,2433955.49380627,787
1571155200,0.29189,0.29209,0.28268,0.28606,0.28574,5379189.06077689,1384
1571169600,0.28605,0.28890,0.28468,0.28827,0.28681,1180451.99057117,570
1571184000,0.28860,0.29200,0.28814,0.28963,0.29020,1541199.01746031,568
1571198400,0.28981,0.29048,0.28529,0.28638,0.28784,1064151.91248852,494
1571212800,0.28638,0.29122,0.28511,0.28599,0.28917,1922983.15077382,633
1571227200,0.28587,0.28591,0.27813,0.28163,0.28184,3860765.05663976,1190
1571241600,0.28176,0.28474,0.27970,0.28306,0.28188,2602180.55631853,778
1571256000,0.28291,0.28649,0.28181,0.28360,0.28401,2630377.69755584,744
1571270400,0.28342,0.28458,0.28081,0.28179,0.28279,1667619.35086125,515
1571284800,0.28179,0.28407,0.28005,0.28407,0.28172,976918.50526185,424
1571299200,0.28409,0.29955,0.28392,0.29770,0.29466,4923715.25527921,1337
1571313600,0.29777,0.30410,0.29474,0.29971,0.29924,5617606.12182046,1317
1571328000,0.29971,0.30141,0.29130,0.29853,0.29735,6962394.27385271,1329
1571342400,0.29882,0.30344,0.29762,0.30176,0.29989,2630957.96177888,753
1571356800,0.30165,0.30202,0.29573,0.29654,0.29875,2294996.58716023,688
1571371200,0.29618,0.29780,0.28615,0.28907,0.29086,4600465.96840986,1187
1571385600,0.28907,0.29277,0.28465,0.29154,0.28831,2687838.74108003,840
1571400000,0.29188,0.31000,0.28859,0.29028,0.29438,4727711.15814748,1123
1571414400,0.29035,0.29493,0.28857,0.29317,0.29173,5923660.24211667,1663
1571428800,0.29317,0.29638,0.29125,0.29447,0.29379,2770520.14629433,853
1571443200,0.29447,0.29505,0.28930,0.29314,0.29207,1946750.06590582,713
1571457600,0.29314,0.29350,0.29053,0.29321,0.29227,644300.79555600,306
1571472000,0.29350,0.29920,0.29350,0.29612,0.29676,2410281.24442631,684
1571486400,0.29655,0.29833,0.29219,0.29300,0.29488,2088208.06080672,697
1571500800,0.29335,0.29335,0.28712,0.29009,0.29034,1789630.78291931,658
1571515200,0.28987,0.29215,0.28830,0.29172,0.29025,482064.08407187,441
1571529600,0.29205,0.29221,0.28121,0.28659,0.28579,3380054.65481870,1065
1571544000,0.28659,0.28908,0.28508,0.28619,0.28713,1082984.57212064,398
1571558400,0.28587,0.29100,0.28587,0.28690,0.28796,367737.34681133,230
1571572800,0.28734,0.29416,0.28734,0.29303,0.29072,1070213.47399794,396
1571587200,0.29317,0.29472,0.29024,0.29255,0.29240,1139611.27722105,490
1571601600,0.29253,0.29753,0.29096,0.29407,0.29451,2555935.26654337,727
1571616000,0.29407,0.29453,0.29083,0.29135,0.29202,1681841.31658087,415
1571630400,0.29135,0.29173,0.28900,0.28935,0.29010,1869317.02473840,427
1571644800,0.28901,0.29574,0.28874,0.29119,0.29160,1844028.84915050,475
1571659200,0.29119,0.29399,0.28881,0.29057,0.29173,1534391.52244225,476
1571673600,0.29057,0.29224,0.29027,0.29177,0.29125,716629.78628692,333
1571688000,0.29176,0.29412,0.29170,0.29260,0.29257,953929.43067237,415
1571702400,0.29259,0.30323,0.29146,0.29817,0.29908,3229017.85870695,1027
1571716800,0.29866,0.29890,0.29509,0.29742,0.29702,1161707.41055624,336
1571731200,0.29742,0.29742,0.29350,0.29521,0.29526,1098959.49122334,311
