0,1
1587650400000.0,993.0248756218906 
1587654000000.0,998.0757633154028 
1587657600000.0,945.3571230143699 
1587661200000.0,976.9251710988207 
1587664800000.0,990.8151122559791 
1587668400000.0,993.3405561027351 
1587672000000.0,1029.6438113998536 
1587686400000.0,1005.020733893982 
1587690000000.0,1061.527539965149 
1587693600000.0,1042.5867111144785 
1587697200000.0,1067.20978862035 
1587700800000.0,1087.4133393943987 
1587704400000.0,1099.40919766649 
1587708000000.0,1103.197363436624 
1587733200000.0,1186.8526908604188 
1587736800000.0,1173.5941106649495 
1587740400000.0,1258.8278404929667 
1587744000000.0,1274.6118645351921 
1587747600000.0,1262.9316867439454 
1587751200000.0,1243.9908578932748 
1587758400000.0,1267.9825744374575 
1587762000000.0,1279.6627522287042 
1587765600000.0,1241.4654140465188 
1587776400000.0,1206.1092001919337 
1587787200000.0,1180.8547617243732 
1587816000000.0,1285.9763618455945 
1587819600000.0,1295.4467762709298 
1587823200000.0,1394.88612773695 
1587826800000.0,1395.2018082177945 
1587830400000.0,1420.1405662045106 
1587834000000.0,1409.0917493749528 
1587844800000.0,1412.2485541833978 
1587848400000.0,1389.2038790817487 
1587855600000.0,1412.2485541833978 
1587866400000.0,1407.8290274515748 
1587906000000.0,1406.8819860090412 
1587909600000.0,1341.8518069550726 
1587916800000.0,1322.910978104402 
1587920400000.0,1316.5973684875119 
1587924000000.0,1336.485238780716 
1587927600000.0,1321.3325757001794 
1587931200000.0,1303.0231078111979 
1587934800000.0,1299.5506225219083 
1587938400000.0,1277.4529888627928 
1587945600000.0,1327.0148243553806 
1587952800000.0,1323.8580195469356 
1587985200000.0,1199.1642296133546 
1587999600000.0,1072.5763567947067 
1588003200000.0,1034.3790186125213 
1588006800000.0,1097.5151147814229 
1588017600000.0,1206.7405611536228 
1588021200000.0,1168.5432229714372 
1588024800000.0,1179.2763593201505 
1588028400000.0,1267.9825744374575 
1588035600000.0,1196.9544662474432 
1588039200000.0,1204.5307977877112 
1588042800000.0,1216.5266560598027 
