0,1
1573300800000,999.3024875621891 
1573315200000,999.24281158311 
1573329600000,998.6949003529297 
1573344000000,997.2130134102626 
1573358400000,996.9637138253912 
1573372800000,996.8263405482388 
1573387200000,992.769129568022 
1573401600000,1003.0528236996487 
1573416000000,1002.0569601963207 
1573430400000,989.6523950897689 
1573444800000,968.195850040598 
1573459200000,971.548435204531 
1573473600000,949.0861146061802 
1573488000000,966.8548159750247 
1573502400000,963.8374893274851 
1573516800000,966.5195574586315 
1573531200000,969.2016255897778 
1573545600000,966.8548159750247 
1573560000000,961.1554211963388 
1573574400000,963.5022308110919 
1573588800000,973.8952448192839 
1573603200000,985.294034376656 
1573617600000,970.2074011389577 
1573632000000,972.5542107537107 
1573646400000,965.8490404258448 
1573660800000,965.1785233930583 
1573675200000,959.8143871307656 
1573689600000,964.1727478438784 
1573704000000,982.9472247619029 
1573718400000,972.5542107537107 
1573732800000,982.9472247619029 
1573747200000,983.9530003110827 
1573761600000,979.2593810815765 
1573776000000,969.8721426225644 
1573790400000,964.1727478438784 
1573804800000,974.2305033356772 
1573819200000,955.1207679012595 
1573833600000,955.1207679012595 
1573848000000,953.1092168028997 
1573862400000,954.7855093848661 
1573876800000,956.4618019668327 
1573891200000,953.1092168028997 
1573905600000,959.143870097979 
1573920000000,957.4675775160124 
1573934400000,958.8086115815856 
1573948800000,959.4791286143724 
1573963200000,959.4791286143724 
1573977600000,959.4791286143724 
1573992000000,959.4791286143724 
1574006400000,967.5253330078112 
1574020800000,962.1611967455186 
1574035200000,959.4791286143724 
1574049600000,967.8605915242047 
1574064000000,956.4618019668327 
1574078400000,947.4098220242138 
1574092800000,932.3231887865154 
1574107200000,935.6757739504484 
1574121600000,930.3116376881558 
1574136000000,919.5833651635703 
1574150400000,904.8319904422654 
1574164800000,915.2250044504575 
1574179200000,916.2307799996373 
1574193600000,917.9070725816039 
1574208000000,923.2712088438966 
1574222400000,919.5833651635703 
1574236800000,908.1845756061983 
1574251200000,913.2134533520978 
1574265600000,907.5140585734117 
1574280000000,901.144146761939 
1574294400000,905.8377659914453 
1574308800000,897.7915615980062 
1574323200000,859.5720907291707 
1574337600000,855.8842470488445 
1574352000000,859.5720907291707 
1574366400000,857.2252811144176 
1574380800000,859.2368322127774 
1574395200000,824.0346879914815 
1574409600000,779.4453053111733 
1574424000000,793.861421516085 
1574438400000,811.6301228849296 
1574452800000,805.5954695898504 
1574467200000,798.2197822291979 
1574481600000,799.8960748111643 
1574496000000,799.8960748111643 
1574510400000,810.9596058521431 
1574524800000,814.9827080488625 
1574539200000,816.9942591472224 
1574553600000,811.6301228849296 
1574568000000,813.306415466896 
1574582400000,813.306415466896 
1574596800000,813.306415466896 
1574611200000,785.4799586062526 
1574625600000,791.8498704177252 
1574640000000,799.2255577783777 
1574654400000,763.3528965242953 
1574668800000,783.1331489914996 
1574683200000,799.560816294771 
1574697600000,811.6301228849296 
1574712000000,811.9653814013229 
1574726400000,811.6301228849296 
1574740800000,826.3814976062346 
1574755200000,826.3814976062346 
1574769600000,826.3814976062346 
1574784000000,813.306415466896 
1574798400000,812.9711569505027 
1574812800000,814.6474495324693 
1574827200000,811.9653814013229 
1574841600000,811.6301228849296 
1574856000000,796.5434896472315 
1574870400000,814.6474495324693 
1574884800000,805.9307281062437 
1574899200000,816.659000630829 
1574913600000,821.0173613439418 
1574928000000,820.0115857947619 
1574942400000,817.664776180009 
1574956800000,819.6763272783687 
1574971200000,800.9018503603443 
1574985600000,808.2775377209966 
1575000000000,807.9422792046033 
1575014400000,810.2890888193565 
1575028800000,819.0058102455821 
1575043200000,824.0346879914815 
1575057600000,832.7514094177071 
1575072000000,829.0635657373809 
1575086400000,822.3583954095151 
1575100800000,807.6070206882101 
1575115200000,798.8902992619844 
1575129600000,798.8902992619844 
1575144000000,803.9191770078838 
1575158400000,788.8325437701857 
1575172800000,789.5030608029722 
1575187200000,789.5030608029722 
1575201600000,790.508836352152 
1575216000000,790.508836352152 
1575230400000,789.5030608029722 
1575244800000,798.8902992619844 
1575259200000,799.2255577783777 
1575273600000,800.9018503603443 
1575288000000,801.5723673931308 
1575302400000,803.5839184914905 
1575316800000,805.9307281062437 
1575331200000,805.5954695898504 
1575345600000,801.9076259095241 
1575360000000,802.5781429423107 
1575374400000,802.5781429423107 
1575388800000,802.2428844259174 
1575403200000,783.1331489914996 
1575417600000,772.7401349833075 
1575432000000,770.0580668521611 
1575446400000,770.0580668521611 
1575460800000,782.7978904751063 
1575475200000,779.1100467947801 
1575489600000,770.3933253685544 
1575504000000,770.3933253685544 
1575518400000,771.7343594341276 
1575532800000,771.7343594341276 
1575547200000,771.7343594341276 
1575561600000,772.069617950521 
1575576000000,772.069617950521 
1575590400000,782.462631958713 
1575604800000,779.7805638275667 
1575619200000,779.4453053111733 
1575633600000,776.763237180027 
1575648000000,779.7805638275667 
1575662400000,792.1851289341186 
1575676800000,801.5723673931308 
1575691200000,791.514611901332 
1575705600000,794.5319385488716 
1575720000000,789.5030608029722 
1575734400000,787.1562511882191 
1575748800000,786.4857341554326 
1575763200000,784.4741830570728 
1575777600000,786.1504756390392 
1575792000000,786.1504756390392 
1575806400000,789.5030608029722 
1575820800000,791.8498704177252 
1575835200000,793.5261629996917 
1575849600000,791.1793533849386 
1575864000000,795.5377140980515 
1575878400000,789.1678022865789 
1575892800000,802.5781429423107 
1575907200000,789.1678022865789 
1575921600000,797.5492651964113 
1575936000000,801.9076259095241 
1575950400000,802.2428844259174 
1575964800000,804.2544355242771 
1575979200000,817.664776180009 
1575993600000,769.3875498193745 
1576008000000,764.0234135570819 
1576022400000,758.9945358111825 
1576036800000,759.3297943275757 
1576051200000,767.3759987210148 
1576065600000,769.7228083357679 
1576080000000,770.3933253685544 
1576094400000,778.7747882783868 
1576108800000,758.659277294789 
1576123200000,758.659277294789 
1576137600000,744.5784196062708 
1576152000000,745.2489366390574 
1576166400000,748.6015218029903 
1576180800000,749.2720388357769 
1576195200000,747.9310047702037 
1576209600000,739.8848003767646 
1576224000000,741.2258344423378 
1576238400000,745.919453671844 
1576252800000,739.2142833439781 
1576267200000,747.2604877374172 
1576281600000,747.9310047702037 
1576296000000,742.9021270243044 
1576310400000,749.2720388357769 
1576324800000,742.9021270243044 
1576339200000,730.1623034013592 
1576353600000,733.1796300488988 
1576368000000,734.8559226308653 
1576382400000,738.2085077947982 
1576396800000,734.8559226308653 
1576411200000,724.7981671390664 
1576425600000,730.1623034013592 
1576440000000,733.1796300488988 
1576454400000,732.5091130161122 
1576468800000,728.1507523029994 
1576483200000,726.8097182374262 
1576497600000,729.1565278521792 
1576512000000,708.0352413194017 
1576526400000,705.3531731882555 
1576540800000,678.5324918767918 
1576555200000,702.0005880243225 
1576569600000,679.2030089095784 
1576584000000,653.3881031472948 
1576598400000,636.9604358440234 
1576612800000,630.5905240325508 
1576627200000,634.278367712877 
1576641600000,641.9893135899229 
1576656000000,627.5731973850112 
1576670400000,615.8391493112459 
1576684800000,624.2206122210782 
1576699200000,627.9084559014044 
1576713600000,636.6251773276301 
1576728000000,637.6309528768099 
1576742400000,625.8969048030448 
1576756800000,630.5905240325508 
1576771200000,638.6367284259899 
1576785600000,642.6598306227094 
1576800000000,630.2552655161576 
1576814400000,632.9373336473038 
1576828800000,635.9546602948435 
1576843200000,637.2956943604166 
1576857600000,642.9950891391027 
1576872000000,644.6713817210692 
1576886400000,645.677157270249 
1576900800000,650.0355179833618 
1576915200000,638.9719869423832 
1576929600000,642.6598306227094 
1576944000000,635.9546602948435 
1576958400000,637.6309528768099 
1576972800000,633.9431091964838 
1576987200000,639.6425039751698 
1577001600000,643.330347655496 
1577016000000,644.3361232046758 
1577030400000,654.0586201800814 
1577044800000,652.0470690817217 
1577059200000,655.0643957292613 
1577073600000,645.677157270249 
1577088000000,642.6598306227094 
1577102400000,647.3534498522155 
1577116800000,635.6194017784502 
1577131200000,634.278367712877 
1577145600000,634.6136262292704 
1577160000000,635.6194017784502 
1577174400000,630.2552655161576 
1577188800000,634.278367712877 
1577203200000,626.5674218358313 
1577217600000,618.8564759587855 
1577232000000,614.8333737620659 
1577246400000,616.5096663440324 
1577260800000,616.5096663440324 
1577275200000,612.1513056309196 
1577289600000,606.4519108522337 
1577304000000,622.5443196391118 
1577318400000,619.8622515079653 
1577332800000,627.2379388686179 
1577347200000,627.2379388686179 
1577361600000,625.8969048030448 
1577376000000,640.3130210079564 
1577390400000,631.5962995817307 
1577404800000,634.6136262292704 
1577419200000,636.2899188112368 
1577433600000,623.5500951882916 
1577448000000,632.2668166145173 
1577462400000,634.9488847456636 
1577476800000,634.9488847456636 
1577491200000,637.9662113932033 
1577505600000,636.6251773276301 
1577520000000,637.6309528768099 
1577534400000,628.2437144177977 
1577548800000,637.9662113932033 
1577563200000,637.9662113932033 
1577577600000,637.9662113932033 
1577592000000,637.9662113932033 
1577606400000,637.9662113932033 
1577620800000,641.6540550735295 
1577635200000,654.7291372128681 
1577649600000,657.7464638604076 
1577664000000,641.3187965571362 
1577678400000,641.3187965571362 
1577692800000,636.9604358440234 
1577707200000,625.8969048030448 
1577721600000,632.6020751309105 
1577736000000,632.2668166145173 
1577750400000,630.9257825489442 
1577764800000,632.2668166145173 
1577779200000,635.284143262057 
1577793600000,642.6598306227094 
1577808000000,630.5905240325508 
1577822400000,615.1686322784593 
1577836800000,623.8853537046849 
1577851200000,630.9257825489442 
1577865600000,637.9662113932033 
1577880000000,634.278367712877 
1577894400000,643.6656061718893 
1577908800000,636.9604358440234 
1577923200000,636.2899188112368 
1577937600000,626.232163319438 
1577952000000,626.5674218358313 
1577966400000,626.5674218358313 
1577980800000,627.5731973850112 
1577995200000,627.2379388686179 
1578009600000,625.8969048030448 
1578024000000,635.9546602948435 
1578038400000,649.3650009505752 
1578052800000,650.3707764997552 
1578067200000,656.4054297948345 
1578081600000,655.7349127620479 
1578096000000,650.0355179833618 
1578110400000,652.0470690817217 
1578124800000,662.775341606307 
1578139200000,670.8215459997461 
1578153600000,669.4805119341729 
1578168000000,680.879301491545 
1578182400000,674.8446481964655 
1578196800000,674.5093896800723 
1578211200000,671.4920630325328 
1578225600000,680.2087844587584 
1578240000000,676.1856822620388 
1578254400000,677.526716327612 
1578268800000,692.278091048917 
1578283200000,707.0294657702219 
1578297600000,713.0641190653012 
1578312000000,705.3531731882555 
1578326400000,705.6884317046487 
1578340800000,710.0467924177615 
1578355200000,729.1565278521792 
1578369600000,731.8385959833255 
1578384000000,744.2431610898775 
1578398400000,738.5437663111915 
1578412800000,739.8848003767646 
1578427200000,731.5033374669324 
1578441600000,727.8154937866061 
1578456000000,717.7577382948073 
1578470400000,719.769289393167 
1578484800000,720.1045479095603 
1578499200000,703.0063635735023 
1578513600000,704.3473976390754 
1578528000000,704.3473976390754 
1578542400000,698.3127443439962 
1578556800000,690.6017984669504 
1578571200000,694.9601591800633 
1578585600000,686.5786962702309 
1578600000000,690.9370569833438 
1578614400000,688.2549888521975 
1578628800000,680.5440429751516 
1578643200000,687.5844718194109 
1578657600000,707.3647242866151 
1578672000000,713.0641190653012 
1578686400000,728.4860108193927 
1578700800000,740.5553174095512 
1578715200000,723.4571330734933 
1578729600000,724.4629086226731 
1578744000000,731.8385959833255 
1578758400000,744.2431610898775 
1578772800000,742.5668685079111 
1578787200000,742.5668685079111 
1578801600000,741.2258344423378 
1578816000000,735.1911811472586 
1578830400000,741.8963514751244 
1578844800000,735.1911811472586 
1578859200000,735.8616981800452 
1578873600000,734.1854055980787 
1578888000000,726.8097182374262 
1578902400000,729.4917863685725 
1578916800000,724.4629086226731 
1578931200000,724.4629086226731 
1578945600000,730.4975619177524 
1578960000000,750.2778143849569 
1578974400000,758.3240187783958 
1578988800000,751.9541069669233 
1579003200000,763.017638007902 
1579017600000,805.5954695898504 
1579032000000,808.61279623739 
1579046400000,843.8149404586858 
1579060800000,808.2775377209966 
1579075200000,839.7918382619663 
1579089600000,834.4277019996736 
1579104000000,846.4970085898323 
1579118400000,872.6471728685092 
1579132800000,835.7687360652468 
1579147200000,845.4912330406522 
1579161600000,844.4854574914724 
1579176000000,839.7918382619663 
1579190400000,855.2137300160579 
1579204800000,865.9420025406432 
1579219200000,900.4736297291525 
1579233600000,936.346290983235 
1579248000000,891.4216497865336 
1579262400000,877.6760506144086 
1579276800000,876.3350165488354 
1579291200000,902.4851808275123 
1579305600000,902.4851808275123 
1579320000000,903.1556978602989 
1579334400000,917.9070725816039 
1579348800000,933.6642228520886 
1579363200000,937.0168080160215 
1579377600000,936.0110324668417 
1579392000000,909.5256096717715 
1579406400000,931.9879302701222 
1579420800000,877.005533581622 
1579435200000,908.5198341225916 
1579449600000,900.4736297291525 
1579464000000,926.9590525242228 
1579478400000,916.9012970324239 
1579492800000,907.849317089805 
1579507200000,916.2307799996373 
1579521600000,928.9706036225825 
1579536000000,928.9706036225825 
1579550400000,948.4155975733936 
1579564800000,946.4040464750339 
1579579200000,934.6699984012686 
1579593600000,927.9648280734026 
1579608000000,917.5718140652106 
1579622400000,908.5198341225916 
1579636800000,935.0052569176618 
1579651200000,931.3174132373356 
1579665600000,938.0225835652014 
1579680000000,927.6295695570094 
1579694400000,920.2538821963569 
1579708800000,930.3116376881558 
1579723200000,930.646896204549 
1579737600000,914.5544874176709 
1579752000000,890.0806157209604 
1579766400000,890.0806157209604 
1579780800000,892.7626838521068 
1579795200000,885.051737975061 
1579809600000,891.4216497865336 
1579824000000,866.6125195734298 
1579838400000,874.3234654504756 
1579852800000,885.3869964914543 
1579867200000,898.4620786307928 
1579881600000,898.1268201143995 
1579896000000,916.5660385160307 
1579910400000,906.8435415406251 
1579924800000,908.1845756061983 
1579939200000,909.1903511553782 
1579953600000,910.8666437373447 
1579968000000,908.5198341225916 
1579982400000,898.4620786307928 
1579996800000,879.352343196375 
1580011200000,885.7222550078476 
1580025600000,893.4332008848934 
1580040000000,910.1961267045581 
1580054400000,921.5949162619302 
1580068800000,925.2827599422563 
1580083200000,940.7046516963479 
1580097600000,939.0283591143815 
1580112000000,929.9763791717623 
1580126400000,936.6815494996283 
1580140800000,938.693100597988 
1580155200000,942.3809442783144 
1580169600000,959.143870097979 
1580184000000,951.7681827373265 
1580198400000,954.1149923520796 
1580212800000,995.0165313520615 
1580227200000,1054.3572887536745 
1580241600000,1056.3688398520344 
1580256000000,1078.831160450385 
1580270400000,1099.9524469831626 
1580284800000,1056.033581335641 
1580299200000,1061.3977175979337 
1580313600000,1093.2472766552967 
1580328000000,1143.871312630684 
1580342400000,1062.0682346307203 
1580356800000,1064.0797857290802 
1580371200000,1090.5652085241504 
1580385600000,1091.235725556937 
1580400000000,1076.1490923192387 
1580414400000,1078.4959019339917 
1580428800000,1077.1548678684185 
1580443200000,1061.0624590815405 
1580457600000,1071.1202145733394 
1580472000000,1057.7098739176076 
1580486400000,1080.5074530323513 
1580500800000,1085.5363307782509 
1580515200000,1109.0044269257814 
1580529600000,1099.2819299503758 
1580544000000,1085.871589294644 
1580558400000,1092.9120181389035 
1580572800000,1104.3108076962753 
1580587200000,1127.1083868110193 
1580601600000,1128.114162360199 
1580616000000,1128.784679392986 
1580630400000,1135.1545912044585 
1580644800000,1149.2354488929768 
1580659200000,1181.420266466733 
1580673600000,1148.5649318601902 
1580688000000,1188.125436794599 
1580702400000,1472.7599172125053 
1580716800000,1252.8303304585045 
1580731200000,1254.8418815568643 
1580745600000,1227.0154246962209 
1580760000000,1229.362234310974 
1580774400000,1225.3391321142544 
1580788800000,1189.1312123437788 
1580803200000,1174.3798376224738 
1580817600000,1211.9287914585227 
1580832000000,1220.6455128847483 
1580846400000,1235.3968876060533 
1580860800000,1211.2582744257363 
1580875200000,1237.7436972208063 
1580889600000,1230.0327513437608 
1580904000000,1230.0327513437608 
1580918400000,1206.56465519623 
1580932800000,1222.9923224995016 
1580947200000,1201.5357774503307 
1580961600000,1230.368009860154 
1580976000000,1262.8880859503033 
1580990400000,1218.6339617863887 
1581004800000,1215.9518936552422 
1581019200000,1211.2582744257363 
1581033600000,1213.6050840404891 
1581048000000,1197.8479337700041 
1581062400000,1201.2005189339372 
1581076800000,1189.8017293765654 
1581091200000,1191.4780219585318 
1581105600000,1175.3856131716536 
1581120000000,1118.0564068684005 
1581134400000,1134.4840741716719 
1581148800000,1164.9925991634616 
1581163200000,1152.2527755405165 
1581177600000,1143.2007955978975 
1581192000000,1130.7962304913456 
1581206400000,1162.6457895487085 
1581220800000,1173.3740620732938 
1581235200000,1151.917517024123 
1581249600000,1143.536054114291 
1581264000000,1150.57648295855 
1581278400000,1165.9983747126414 
1581292800000,1193.8248315732849 
1581307200000,1158.2874288355956 
1581321600000,1125.767352745446 
1581336000000,1136.4956252700315 
1581350400000,1119.0621824175803 
1581364800000,1163.316306581495 
1581379200000,1140.5187274667512 
1581393600000,1152.923292573303 
1581408000000,1198.8537093191842 
1581422400000,1208.2409477781964 
1581436800000,1217.9634447536018 
1581451200000,1217.6281862372086 
1581465600000,1224.3333565650746 
1581480000000,1228.021200245401 
1581494400000,1276.6336851224285 
1581508800000,1242.1020579339192 
1581523200000,1241.766799417526 
1581537600000,1226.6801661798277 
1581552000000,1243.4430919994925 
1581566400000,1238.0789557371997 
1581580800000,1182.426042015913 
1581595200000,1195.5011241552513 
1581609600000,1170.6919939421475 
1581624000000,1177.06190575362 
1581638400000,1176.7266472372269 
1581652800000,1144.5418296634705 
1581667200000,1179.07345685198 
1581681600000,1166.668891745428 
1581696000000,1178.7381983355865 
1581710400000,1180.414490917553 
1581724800000,1163.6515650978886 
1581739200000,1158.2874288355956 
1581753600000,1163.6515650978886 
1581768000000,1103.9755491798821 
1581782400000,1065.7560783110466 
1581796800000,1062.0682346307203 
1581811200000,1082.8542626471046 
1581825600000,1075.8138338028455 
1581840000000,1061.732976114327 
1581854400000,997.6985994832078 
1581868800000,1006.4153209094334 
1581883200000,1034.5770362864703 
1581897600000,1002.7274772291072 
1581912000000,979.5946395979701 
1581926400000,995.687048384848 
1581940800000,1020.4961785979518 
1581955200000,1021.5019541471316 
1581969600000,1047.987376942202 
1581984000000,1054.3572887536745 
1581998400000,1034.5770362864703 
1582012800000,1029.2129000241775 
1582027200000,1042.287982163516 
1582041600000,1064.0797857290802 
1582056000000,1074.137541220879 
1582070400000,1070.7849560569462 
1582084800000,1051.0047035897417 
1582099200000,1083.5247796798913 
1582113600000,1079.5016774831718 
1582128000000,1061.0624590815405 
1582142400000,994.3460143192748 
1582156800000,978.58886404879 
1582171200000,982.2767077291163 
1582185600000,973.2247277864974 
1582200000000,980.6004151471498 
1582214400000,985.6292928930492 
1582228800000,973.8952448192839 
1582243200000,1015.4673008520524 
1582257600000,1002.0569601963207 
1582272000000,999.7101505815675 
1582286400000,1000.3806676143543 
1582300800000,1003.3979942618939 
1582315200000,1001.7217016799274 
1582329600000,995.687048384848 
1582344000000,978.2536055323968 
1582358400000,981.2709321799365 
1582372800000,1001.0511846471408 
1582387200000,1007.4210964586133 
1582401600000,1002.0569601963207 
1582416000000,1021.1666956307383 
1582430400000,1032.9007437045038 
1582444800000,1029.5481585405707 
1582459200000,1023.8487637618848 
1582473600000,1031.894968155324 
1582488000000,1034.9122948028635 
1582502400000,1014.1262667864793 
1582516800000,1006.4153209094334 
1582531200000,1000.0454090979607 
1582545600000,995.687048384848 
1582560000000,971.8836937209242 
1582574400000,977.9183470160035 
1582588800000,970.8779181717442 
1582603200000,950.09189015536 
1582617600000,964.1727478438784 
1582632000000,932.993705819302 
1582646400000,927.6295695570094 
1582660800000,929.6411206553691 
1582675200000,880.6933772619482 
1582689600000,879.6876017127684 
1582704000000,866.6125195734298 
1582718400000,849.1790767209785 
1582732800000,835.7687360652468 
1582747200000,823.3641709586949 
1582761600000,822.3583954095151 
1582776000000,821.3526198603352 
1582790400000,832.7514094177071 
1582804800000,834.0924434832804 
1582819200000,892.7626838521068 
1582833600000,814.312191016076 
1582848000000,841.803389360326 
1582862400000,832.4161509013137 
1582876800000,800.5665918439508 
1582891200000,810.2890888193565 
1582905600000,797.5492651964113 
1582920000000,826.3814976062346 
1582934400000,819.6763272783687 
1582948800000,828.057790188201 
1582963200000,832.4161509013137 
1582977600000,843.1444234258993 
1582992000000,835.7687360652468 
1583006400000,827.7225316718077 
1583020800000,835.7687360652468 
1583035200000,829.0635657373809 
1583049600000,829.0635657373809 
1583064000000,823.3641709586949 
1583078400000,806.9365036554235 
1583092800000,804.5896940406705 
1583107200000,804.9249525570636 
1583121600000,813.9769324996827 
1583136000000,838.4508041963932 
1583150400000,842.809164909506 
1583164800000,851.5258863357317 
1583179200000,846.4970085898323 
1583193600000,854.5432129832712 
1583208000000,837.10977013082 
1583222400000,857.2252811144176 
1583236800000,842.4739063931127 
1583251200000,809.2833132701766 
1583265600000,848.8438182045852 
1583280000000,849.8495937537651 
1583294400000,849.8495937537651 
1583308800000,805.5954695898504 
1583323200000,839.7918382619663 
1583337600000,842.809164909506 
1583352000000,842.1386478767193 
1583366400000,862.5894173767103 
1583380800000,872.6471728685092 
1583395200000,893.7684594012867 
1583409600000,873.652948417689 
1583424000000,871.9766558357226 
1583438400000,861.2483833111371 
1583452800000,863.5951929258902 
1583467200000,875.3292409996556 
1583481600000,875.6644995160487 
1583496000000,865.2714855078567 
1583510400000,874.6587239668689 
1583524800000,881.3638942947348 
1583539200000,875.6644995160487 
1583553600000,867.6182951226098 
1583568000000,870.6356217701493 
1583582400000,882.0344113275214 
1583596800000,843.4796819422926 
1583611200000,843.8149404586858 
1583625600000,833.0866679341004 
1583640000000,822.6936539259083 
1583654400000,813.6416739832894 
1583668800000,776.4279786636338 
1583683200000,772.069617950521 
1583697600000,736.867473729225 
1583712000000,733.8501470816853 
1583726400000,734.520664114472 
1583740800000,733.1796300488988 
1583755200000,708.370499835795 
1583769600000,718.4282553275939 
1583784000000,735.1911811472586 
1583798400000,737.5379907620116 
1583812800000,738.8790248275848 
1583827200000,758.9945358111825 
1583841600000,737.5379907620116 
1583856000000,764.0234135570819 
1583870400000,761.6766039423288 
1583884800000,771.3991009177344 
1583899200000,762.3471209751153 
1583913600000,752.2893654833166 
1583928000000,742.2316099915178 
1583942400000,744.2431610898775 
1583956800000,750.61307290135 
1583971200000,702.3358465407157 
1583985600000,661.4343075407339 
1584000000000,559.5157185571725 
1584014400000,605.4461353030538 
1584028800000,602.4288086555141 
1584043200000,473.35427984409597 
1584057600000,472.0132457785228 
1584072000000,496.15185895883997 
1584086400000,529.342452081776 
1584100800000,651.3765520489351 
1584115200000,510.2327166473583 
1584129600000,561.1920111391389 
1584144000000,597.735189426008 
1584158400000,521.6315062047303 
1584172800000,599.4114820079744 
1584187200000,537.7239149916084 
1584201600000,524.3135743358766 
1584216000000,526.6603839506297 
1584230400000,517.2731454916175 
1584244800000,517.2731454916175 
