0,1
1574006400000,1000.0 
1574020800000,999.3024875621891 
1574035200000,997.064007396645 
1574049600000,998.1414523286916 
1574064000000,1002.7667274602113 
1574078400000,993.2384332399013 
1574092800000,977.0614173001695 
1574107200000,975.0284281480394 
1574121600000,969.6334960703117 
1574136000000,945.5652716303699 
1574150400000,941.4914001321471 
1574164800000,949.6391431285929 
1574179200000,951.6760788777044 
1574193600000,959.8238218741502 
1574208000000,951.6760788777044 
1574222400000,951.6760788777044 
1574236800000,935.3805928848126 
1574251200000,943.5283358812586 
1574265600000,931.3067213865897 
1574280000000,931.3067213865897 
1574294400000,927.2328498883668 
1574308800000,910.9373638954751 
1574323200000,890.5680064043603 
1574337600000,872.2355846623572 
1574352000000,878.3463919096916 
1574366400000,876.3094561605801 
1574380800000,866.1247774150228 
1574395200000,870.1986489132458 
1574409600000,827.4229981819049 
1574424000000,837.6076769274622 
1574438400000,860.0139701676884 
1574452800000,853.903162920354 
1574467200000,854.4246184721266 
1574481600000,853.7271060343155 
1574496000000,854.3289355961837 
1574510400000,853.6314231583727 
1574524800000,852.6505009975234 
1574539200000,851.9529885597125 
1574553600000,850.7114273369548 
1574568000000,850.0139148991439 
1574582400000,847.9825889551373 
1574596800000,839.764977977504 
1574611200000,841.5221566468165 
1574625600000,833.1460024578319 
1574640000000,820.0173152311982 
1574654400000,815.9737272045649 
1574668800000,836.9083247919566 
1574683200000,872.9218972470424 
1574697600000,872.9218972470424 
1574712000000,857.1659592979423 
1574726400000,884.1761386392567 
1574740800000,861.667655854828 
1574755200000,857.1659592979423 
1574769600000,870.6710489685995 
1574784000000,854.9151110194995 
1574798400000,877.423593803928 
1574812800000,863.918504133271 
1574827200000,870.6710489685995 
1574841600000,879.674442082371 
1574856000000,922.4405593727854 
1574870400000,938.1964973218854 
1574884800000,926.9422559296711 
1574899200000,913.4371662590138 
1574913600000,922.4405593727854 
1574928000000,922.4405593727854 
1574942400000,938.1964973218854 
1574956800000,933.6948007649997 
1574971200000,929.193104208114 
1574985600000,974.2100697769712 
1575000000000,974.2100697769712 
1575014400000,978.711766333857 
1575028800000,994.467704282957 
1575043200000,980.9626146122997 
1575057600000,980.9626146122997 
1575072000000,978.711766333857 
1575086400000,983.2134628907427 
1575100800000,969.7083732200855 
1575115200000,956.2032835494283 
1575129600000,953.9524352709855 
1575144000000,960.704980106314 
1575158400000,922.4405593727854 
1575172800000,929.193104208114 
1575187200000,929.193104208114 
1575201600000,929.193104208114 
1575216000000,940.4473456003283 
1575230400000,942.6981938787711 
1575244800000,922.4405593727854 
1575259200000,899.9320765883567 
1575273600000,904.4337731452424 
1575288000000,906.6846214236854 
1575302400000,902.1829248667997 
1575316800000,906.6846214236854 
1575331200000,908.9354697021281 
1575345600000,902.1829248667997 
1575360000000,902.1829248667997 
1575374400000,913.4371662590138 
1575388800000,911.1863179805711 
1575403200000,899.9320765883567 
1575417600000,875.1727455254853 
1575432000000,870.6710489685995 
1575446400000,879.674442082371 
1575460800000,902.1829248667997 
1575475200000,915.6880145374568 
1575489600000,886.4269869176995 
1575504000000,881.925290360814 
1575518400000,884.1761386392567 
1575532800000,884.1761386392567 
1575547200000,884.1761386392567 
1575561600000,895.430380031471 
1575576000000,897.6812283099138 
1575590400000,888.6778351961424 
1575604800000,890.9286834745853 
1575619200000,890.9286834745853 
1575633600000,890.9286834745853 
1575648000000,899.9320765883567 
1575662400000,915.6880145374568 
1575676800000,920.1897110943424 
1575691200000,911.1863179805711 
1575705600000,917.9388628158997 
1575720000000,916.2012079449419 
1575734400000,915.5036955071309 
1575748800000,914.7941327809162 
1575763200000,914.7941327809162 
1575777600000,914.7941327809162 
1575792000000,914.7941327809162 
1575806400000,914.7941327809162 
1575820800000,914.0966203431053 
1575835200000,914.1542135142007 
1575849600000,913.4567010763897 
1575864000000,913.0010979550456 
1575878400000,913.0010979550456 
1575892800000,913.0010979550456 
1575907200000,912.3035855172346 
1575921600000,911.3101526814137 
1575936000000,911.3101526814137 
1575950400000,911.3101526814137 
1575964800000,911.3101526814137 
1575979200000,911.3101526814137 
1575993600000,911.3101526814137 
1576008000000,911.3101526814137 
1576022400000,911.3101526814137 
1576036800000,911.3101526814137 
1576051200000,911.3101526814137 
1576065600000,911.3101526814137 
1576080000000,911.3101526814137 
1576094400000,911.3101526814137 
1576108800000,911.3101526814137 
1576123200000,911.3101526814137 
1576137600000,911.3101526814137 
1576152000000,911.3101526814137 
1576166400000,911.3101526814137 
1576180800000,910.6126402436028 
1576195200000,910.4136352684783 
1576209600000,909.7161228306672 
1576224000000,911.1450437995932 
1576238400000,910.4475313617821 
1576252800000,910.2485263866578 
1576267200000,909.5510139488467 
1576281600000,909.6196733472724 
1576296000000,908.9221609094614 
1576310400000,906.8545420146879 
1576324800000,906.157029576877 
1576339200000,906.5081824000189 
1576353600000,905.810669962208 
1576368000000,904.7887079490691 
1576382400000,904.0911955112581 
1576396800000,903.6201262002788 
1576411200000,903.6201262002788 
1576425600000,902.9226137624678 
1576440000000,902.7236087873434 
1576454400000,902.0260963495325 
1576468800000,901.2784533490652 
1576483200000,900.5809409112542 
1576497600000,900.3819359361298 
1576512000000,899.6844234983189 
1576526400000,902.4764872758169 
1576540800000,901.778974838006 
1576555200000,901.2853007750862 
1576569600000,900.5877883372752 
1576584000000,897.7446077903058 
1576598400000,897.0470953524948 
1576612800000,898.4344079905824 
1576627200000,897.7368955527714 
1576641600000,895.3791192170587 
1576656000000,894.6816067792477 
1576670400000,897.6152037784786 
1576684800000,896.9176913406677 
1576699200000,899.998981586137 
1576713600000,899.3014691483261 
1576728000000,897.642118841039 
1576742400000,896.944606403228 
1576756800000,896.1597401739026 
1576771200000,895.4622277360916 
1576785600000,892.9128444748828 
1576800000000,892.2153320370719 
1576814400000,891.1190064361607 
1576828800000,890.4214939983497 
1576843200000,889.9233821479631 
1576857600000,889.2258697101522 
1576872000000,889.3215338228232 
1576886400000,888.6240213850123 
1576900800000,887.835678234297 
1576915200000,887.835678234297 
1576929600000,887.138165796486 
1576944000000,886.9391608213616 
1576958400000,886.9391608213616 
1576972800000,886.2416483835507 
1576987200000,887.8372846599997 
1577001600000,887.8372846599997 
1577016000000,887.8372846599997 
1577030400000,887.1397722221886 
1577044800000,886.652094332567 
1577059200000,885.9545818947561 
1577073600000,884.8870333401529 
1577088000000,884.1895209023419 
1577102400000,884.2800304537104 
1577116800000,883.5825180158995 
1577131200000,882.4915655923883 
1577145600000,881.7940531545773 
1577160000000,881.8968824730306 
1577174400000,881.8968824730306 
1577188800000,881.1993700352197 
1577203200000,880.7082959936627 
1577217600000,880.0107835558517 
1577232000000,879.8117785807273 
1577246400000,879.1142661429163 
1577260800000,877.74353865939 
1577275200000,877.046026221579 
1577289600000,878.0434487475036 
1577304000000,877.3459363096927 
1577318400000,876.8505030283382 
1577332800000,876.1529905905272 
1577347200000,876.2513014315317 
1577361600000,876.2513014315317 
1577376000000,876.2513014315317 
1577390400000,875.5537889937207 
1577404800000,875.0644229584002 
1577419200000,874.3669105205893 
1577433600000,869.1585310529423 
1577448000000,868.4610186151313 
1577462400000,868.2620136400069 
1577476800000,867.564501202196 
1577491200000,868.273759787319 
1577505600000,867.5762473495081 
1577520000000,866.7843857619235 
1577534400000,866.7843857619235 
1577548800000,866.0868733241126 
1577563200000,866.1825374367836 
1577577600000,865.4850249989727 
1577592000000,866.1779674722351 
1577606400000,866.1779674722351 
1577620800000,866.1779674722351 
1577635200000,866.1779674722351 
1577649600000,865.480455034424 
1577664000000,864.7007279389076 
1577678400000,864.0032155010965 
1577692800000,862.3524052249917 
1577707200000,861.6548927871806 
1577721600000,862.0541015625809 
1577736000000,861.3565891247699 
1577750400000,860.8602683335166 
1577764800000,860.1627558957057 
1577779200000,860.5619646711057 
1577793600000,860.5619646711057 
1577808000000,859.8644522332947 
1577822400000,859.061778671015 
1577836800000,858.364266233204 
1577851200000,858.1652612580796 
1577865600000,857.4677488202685 
1577880000000,858.4687859307885 
1577894400000,857.7712734929776 
1577908800000,856.3935921666714 
1577923200000,855.6960797288605 
1577937600000,855.1961551095328 
1577952000000,855.1961551095328 
1577966400000,855.1961551095328 
1577980800000,854.4986426717219 
1577995200000,854.9126221570115 
1578009600000,854.2151097192004 
1578024000000,856.1225422534986 
1578038400000,855.4250298156877 
1578052800000,852.5974032426703 
1578067200000,851.8998908048593 
1578081600000,851.4105247695388 
1578096000000,850.7130123317279 
1578110400000,849.9315822387907 
1578124800000,849.2340698009798 
1578139200000,849.3271338922879 
1578153600000,848.6296214544768 
1578168000000,849.5954667149779 
1578182400000,848.897954277167 
1578196800000,847.8453377038729 
1578211200000,847.8453377038729 
1578225600000,847.8453377038729 
1578240000000,847.8453377038729 
1578254400000,847.8453377038729 
1578268800000,847.8453377038729 
1578283200000,847.8453377038729 
1578297600000,847.8453377038729 
1578312000000,847.8453377038729 
1578326400000,847.8453377038729 
1578340800000,847.8453377038729 
1578355200000,847.8453377038729 
1578369600000,847.147825266062 
1578384000000,846.6854158278419 
1578398400000,845.9879033900309 
1578412800000,847.1381305152743 
1578427200000,846.4406180774633 
1578441600000,848.110227021988 
1578456000000,847.4127145841769 
1578470400000,846.9537528483535 
1578484800000,846.2562404105424 
1578499200000,844.1785208999871 
1578513600000,843.4810084621762 
1578528000000,841.9179446603064 
1578542400000,841.9179446603064 
1578556800000,841.9179446603064 
1578571200000,841.9179446603064 
1578585600000,841.2204322224953 
1578600000000,841.5731132617436 
1578614400000,840.8756008239327 
1578628800000,840.1171396088812 
1578643200000,839.4196271710703 
1578657600000,841.4521611304866 
1578672000000,840.7546486926756 
1578686400000,841.6409276802515 
1578700800000,840.9434152424406 
1578715200000,841.0127980580919 
1578729600000,840.315285620281 
1578744000000,841.1956663254507 
1578758400000,840.4981538876398 
1578772800000,837.6651042815588 
1578787200000,836.9675918437479 
1578801600000,837.3068171265479 
1578816000000,836.609304688737 
1578830400000,837.7522386674918 
1578844800000,837.7522386674918 
1578859200000,837.0547262296809 
1578873600000,835.021619993054 
1578888000000,834.324107555243 
1578902400000,834.6618781616703 
1578916800000,833.9643657238594 
1578931200000,834.0352071688085 
1578945600000,833.3376947309976 
1578960000000,835.5541798728558 
1578974400000,834.8566674350449 
1578988800000,835.960857769462 
1579003200000,835.2633453316511 
1579017600000,840.6660752716944 
1579032000000,839.9685628338834 
1579046400000,838.5845520999635 
1579060800000,838.5845520999635 
1579075200000,837.8870396621526 
1579089600000,835.8010326426183 
1579104000000,835.1035202048074 
1579118400000,837.042628491127 
1579132800000,836.3451160533159 
1579147200000,836.3895019668854 
1579161600000,835.6919895290744 
1579176000000,835.49298455395 
1579190400000,835.49298455395 
1579204800000,834.795472116139 
1579219200000,836.5200212831369 
1579233600000,835.822508845326 
1579248000000,836.0875388355616 
1579262400000,835.3900263977507 
1579276800000,838.1724192832079 
1579291200000,837.4749068453968 
1579305600000,836.4009813188446 
1579320000000,835.7034688810337 
1579334400000,835.9517768905357 
1579348800000,835.2542644527248 
1579363200000,834.170595935622 
1579377600000,833.4730834978111 
1579392000000,833.9375761791704 
1579406400000,833.2400637413593 
1579420800000,826.041694354812 
1579435200000,825.3441819170009 
1579449600000,825.1451769418766 
1579464000000,824.4476645040656 
1579478400000,824.9562852955949 
1579492800000,824.2587728577839 
1579507200000,824.9813779298712 
1579521600000,824.2838654920602 
1579536000000,823.5863530542492 
1579550400000,824.2581409039913 
1579564800000,833.1238965336921 
1579579200000,830.6208983625311 
1579593600000,841.1570781737814 
1579608000000,840.4595657359704 
1579622400000,816.43629881423 
1579636800000,844.8866995634446 
1579651200000,832.4396492356632 
1579665600000,843.1085495166187 
1579680000000,841.3303994697927 
1579694400000,832.4396492356632 
1579708800000,837.774099376141 
1579723200000,837.774099376141 
1579737600000,814.658148767404 
1579752000000,803.9892484864486 
1579766400000,800.4329483927968 
1579780800000,793.320348205493 
1579795200000,780.8732978777116 
1579809600000,795.098498252319 
1579824000000,771.982547643582 
1579838400000,775.5388477372338 
1579852800000,777.3169977840598 
1579867200000,811.1018486737522 
1579881600000,823.5488990015336 
1579896000000,819.9925989078818 
1579910400000,800.4329483927968 
1579924800000,800.4329483927968 
1579939200000,791.5421981586671 
1579953600000,793.320348205493 
1579968000000,796.8766482991448 
1579982400000,793.320348205493 
1579996800000,791.5421981586671 
1580011200000,789.7640481118412 
1580025600000,800.4329483927968 
1580040000000,800.4329483927968 
1580054400000,805.7673985332746 
1580068800000,812.8799987205781 
1580083200000,819.9925989078818 
1580097600000,812.8799987205781 
1580112000000,814.658148767404 
1580126400000,837.774099376141 
1580140800000,873.3371003126593 
1580155200000,875.1152503594852 
1580169600000,885.7841506404408 
1580184000000,939.1286520452181 
1580198400000,928.4597517642627 
1580212800000,923.1253016237849 
1580227200000,942.6849521388701 
1580241600000,967.5790527944329 
1580256000000,997.8076035904735 
1580270400000,1015.5891040587327 
1580284800000,1015.5891040587327 
1580299200000,1010.2546539182549 
1580313600000,1024.4798542928622 
1580328000000,971.1353528880848 
1580342400000,971.1353528880848 
1580356800000,996.0294535436475 
1580371200000,980.0261031222143 
1580385600000,985.3605532626921 
1580400000000,1008.4765038714289 
1580414400000,1022.7017042460363 
1580428800000,1006.698353824603 
1580443200000,980.0261031222143 
1580457600000,985.3605532626921 
1580472000000,976.4698030285625 
1580486400000,969.3572028412588 
1580500800000,983.5824032158663 
1580515200000,996.0294535436475 
1580529600000,1001.3639036841253 
1580544000000,972.9135029349106 
1580558400000,980.0261031222143 
1580572800000,1017.3672541055586 
1580587200000,1020.9235541992103 
1580601600000,1044.0395048079474 
1580616000000,1054.7084050889027 
1580630400000,1047.5958049015992 
1580644800000,1049.373954948425 
1580659200000,1038.7050546674695 
1580673600000,1019.1454041523843 
1580688000000,1022.7017042460363 
1580702400000,1028.0361543865142 
1580716800000,1026.2580043396881 
1580731200000,1010.2546539182549 
1580745600000,1036.9269046206437 
1580760000000,1036.9269046206437 
1580774400000,1022.7017042460363 
1580788800000,1017.3672541055586 
1580803200000,1001.3639036841253 
1580817600000,1020.9235541992103 
1580832000000,1017.3672541055586 
1580846400000,1020.9235541992103 
1580860800000,1017.3672541055586 
1580875200000,1036.9269046206437 
1580889600000,1063.5991553230326 
1580904000000,1090.2714060254211 
1580918400000,1072.489905557162 
1580932800000,1077.8243556976397 
1580947200000,1097.384006212725 
1580961600000,1102.7184563532026 
1580976000000,1102.7184563532026 
1580990400000,1090.2714060254211 
1581004800000,1088.4932559785955 
1581019200000,1088.4932559785955 
1581033600000,1116.94365672781 
1581048000000,1100.9403063063767 
1581062400000,1104.4966064000287 
1581076800000,1099.1621562595508 
1581091200000,1100.9403063063767 
1581105600000,1084.9369558849435 
1581120000000,1056.4865551357288 
1581134400000,1093.8277061190731 
1581148800000,1106.2747564468546 
1581163200000,1099.1621562595508 
1581177600000,1106.2747564468546 
1581192000000,1092.0495560722472 
1581206400000,1122.2781068682878 
1581220800000,1129.3907070555913 
1581235200000,1122.2781068682878 
1581249600000,1113.387356634158 
1581264000000,1109.8310565405063 
1581278400000,1125.8344069619395 
1581292800000,1106.2747564468546 
1581307200000,1104.4966064000287 
1581321600000,1072.489905557162 
1581336000000,1090.2714060254211 
1581350400000,1083.1588058381176 
1581364800000,1095.605856165899 
1581379200000,1076.046205650814 
1581393600000,1076.046205650814 
1581408000000,1084.9369558849435 
1581422400000,1109.8310565405063 
1581436800000,1131.1688571024174 
1581451200000,1157.841107804806 
1581465600000,1188.0696586008467 
1581480000000,1191.6259586944984 
1581494400000,1212.9637592564095 
1581508800000,1202.294858975454 
1581523200000,1250.3049102397538 
1581537600000,1241.4141600056244 
1581552000000,1284.0897611294463 
1581566400000,1246.748610146102 
1581580800000,1228.9671096778427 
1581595200000,1257.4175104270576 
1581609600000,1257.4175104270576 
1581624000000,1239.6360099587982 
1581638400000,1260.973810520709 
1581652800000,1223.632659537365 
1581667200000,1259.1956604738834 
1581681600000,1257.4175104270576 
1581696000000,1280.5334610357943 
1581710400000,1284.0897611294463 
1581724800000,1269.8645607548387 
1581739200000,1248.526760192928 
1581753600000,1262.7519605675352 
1581768000000,1214.7419093032356 
1581782400000,1170.2881581325876 
1581796800000,1157.841107804806 
1581811200000,1202.294858975454 
1581825600000,1195.1822587881504 
1581840000000,1182.7352084603688 
1581854400000,1095.605856165899 
1581868800000,1077.8243556976397 
1581883200000,1125.8344069619395 
1581897600000,1070.7117555103362 
1581912000000,1079.6025057444658 
1581926400000,1045.8176548547733 
1581940800000,1076.046205650814 
1581955200000,1092.0495560722472 
1581969600000,1093.8277061190731 
1581984000000,1116.94365672781 
1581998400000,1127.6125570087656 
1582012800000,1093.8277061190731 
1582027200000,1100.9403063063767 
1582041600000,1138.2814572897212 
1582056000000,1140.0596073365468 
1582070400000,1136.503307242895 
1582084800000,1109.8310565405063 
1582099200000,1140.0596073365468 
1582113600000,1134.7251571960692 
1582128000000,1125.8344069619395 
1582142400000,1045.8176548547733 
1582156800000,1047.5958049015992 
1582171200000,1043.7727823009236 
1582185600000,1043.7727823009236 
1582200000000,1043.0752698631127 
1582214400000,1044.0979246034706 
1582228800000,1044.0979246034706 
1582243200000,1044.0979246034706 
1582257600000,1044.0979246034706 
1582272000000,1044.0979246034706 
1582286400000,1044.0979246034706 
1582300800000,1043.4004121656596 
1582315200000,1043.8955665308201 
1582329600000,1041.5043346181583 
1582344000000,1035.2128452005495 
1582358400000,1035.8785150952501 
1582372800000,1040.3052375672323 
1582387200000,1042.6818622458732 
1582401600000,1038.4008142911214 
1582416000000,1047.2595972698005 
1582430400000,1068.0357516410209 
1582444800000,1074.8300418863028 
1582459200000,1074.8300418863028 
1582473600000,1083.3229046929048 
1582488000000,1091.815767499507 
1582502400000,1056.1457437117779 
1582516800000,1044.2557357825347 
1582531200000,1059.5428888344186 
1582545600000,1047.6528809051756 
1582560000000,1032.3657278532914 
1582574400000,1037.4614455372528 
1582588800000,1022.1742924853688 
1582603200000,1006.8871394334848 
1582617600000,1039.1600180985733 
1582632000000,1006.8871394334848 
1582646400000,1000.0928491882029 
1582660800000,1001.7914217495235 
1582675200000,933.8485192967055 
1582689600000,918.5613662448214 
1582704000000,906.6713583155783 
1582718400000,876.0970522118103 
1582732800000,877.7956247731307 
1582747200000,881.1927698957716 
1582761600000,867.604189405208 
1582776000000,889.6856327023738 
1582790400000,901.5756406316169 
1582804800000,911.7670759995397 
1582819200000,911.7670759995397 
1582833600000,891.3842052636943 
1582848000000,894.7813503863352 
1582862400000,869.3027619665285 
1582876800000,847.2213186693626 
1582891200000,869.3027619665285 
1582905600000,855.7141814759649 
1582920000000,876.0970522118103 
1582934400000,867.604189405208 
1582948800000,879.4941973344511 
1582963200000,862.5084717212467 
1582977600000,862.5084717212467 
1582992000000,859.1113265986057 
1583006400000,847.2213186693626 
1583020800000,855.7141814759649 
1583035200000,848.9198912306831 
1583049600000,855.7141814759649 
1583064000000,845.5227461080423 
1583078400000,818.345585126915 
1583092800000,816.6470125655947 
1583107200000,831.9341656174786 
1583121600000,833.6327381787991 
1583136000000,855.7141814759649 
1583150400000,867.604189405208 
1583164800000,881.1927698957716 
1583179200000,874.3984796504898 
1583193600000,879.4941973344511 
1583208000000,864.207044282567 
1583222400000,876.0970522118103 
1583236800000,855.7141814759649 
1583251200000,869.3027619665285 
1583265600000,871.0013345278489 
1583280000000,879.4941973344511 
1583294400000,894.7813503863352 
1583308800000,884.5899150184124 
1583323200000,862.5084717212467 
1583337600000,869.3027619665285 
1583352000000,877.7956247731307 
1583366400000,884.5899150184124 
1583380800000,891.3842052636943 
1583395200000,915.1642211221806 
1583409600000,920.2599388061419 
1583424000000,925.3556564901033 
1583438400000,903.2470360319563 
1583452800000,903.2470360319563 
1583467200000,903.2470360319563 
1583481600000,903.2470360319563 
1583496000000,903.2470360319563 
1583510400000,903.2470360319563 
1583524800000,903.2470360319563 
1583539200000,903.2470360319563 
1583553600000,903.2470360319563 
1583568000000,903.2470360319563 
1583582400000,903.2470360319563 
1583596800000,903.2470360319563 
1583611200000,903.2470360319563 
1583625600000,903.2470360319563 
1583640000000,903.2470360319563 
1583654400000,903.2470360319563 
1583668800000,903.2470360319563 
1583683200000,903.2470360319563 
1583697600000,903.2470360319563 
1583712000000,903.2470360319563 
1583726400000,903.2470360319563 
1583740800000,903.2470360319563 
1583755200000,903.2470360319563 
1583769600000,903.2470360319563 
1583784000000,903.2470360319563 
1583798400000,903.2470360319563 
1583812800000,903.2470360319563 
1583827200000,903.2470360319563 
1583841600000,903.2470360319563 
1583856000000,903.2470360319563 
1583870400000,903.2470360319563 
1583884800000,903.2470360319563 
1583899200000,903.2470360319563 
