0,1
1572897600000,999.3024875621891 
1572912000000,999.502437411191 
1572926400000,999.502437411191 
1572940800000,999.502437411191 
1572955200000,999.502437411191 
1572969600000,999.502437411191 
1572984000000,999.502437411191 
1572998400000,999.502437411191 
1573012800000,999.502437411191 
1573027200000,999.502437411191 
1573041600000,999.502437411191 
1573056000000,999.502437411191 
1573070400000,999.502437411191 
1573084800000,999.502437411191 
1573099200000,999.502437411191 
1573113600000,999.502437411191 
1573128000000,999.502437411191 
1573142400000,999.502437411191 
1573156800000,999.502437411191 
1573171200000,999.502437411191 
1573185600000,999.502437411191 
1573200000000,999.502437411191 
1573214400000,999.502437411191 
1573228800000,999.502437411191 
1573243200000,999.502437411191 
1573257600000,999.502437411191 
1573272000000,999.502437411191 
1573286400000,999.502437411191 
1573300800000,999.502437411191 
1573315200000,998.80492497338 
1573329600000,998.6803324992575 
1573344000000,997.9828200614465 
1573358400000,997.8956433324787 
1573372800000,997.8956433324787 
1573387200000,997.8956433324787 
1573401600000,997.1981308946677 
1573416000000,996.962305940831 
1573430400000,996.962305940831 
1573444800000,996.2647935030201 
1573459200000,996.4484609078073 
1573473600000,996.4484609078073 
1573488000000,995.7509484699964 
1573502400000,995.2070066584059 
1573516800000,994.5094942205949 
1573531200000,994.6172181492144 
1573545600000,994.6172181492144 
1573560000000,993.9197057114034 
1573574400000,993.9907568272306 
1573588800000,993.2932443894197 
1573603200000,994.3868574877869 
1573617600000,993.6893450499758 
1573632000000,993.757592815378 
1573646400000,993.0600803775669 
1573660800000,992.784333916672 
1573675200000,992.0868214788611 
1573689600000,992.3901298397802 
1573704000000,992.3901298397802 
1573718400000,991.6926174019693 
1573732800000,992.673983577228 
1573747200000,992.673983577228 
1573761600000,992.673983577228 
1573776000000,992.673983577228 
1573790400000,992.673983577228 
1573804800000,992.673983577228 
1573819200000,992.673983577228 
1573833600000,992.673983577228 
1573848000000,992.673983577228 
1573862400000,992.673983577228 
1573876800000,992.673983577228 
1573891200000,992.673983577228 
1573905600000,992.673983577228 
1573920000000,992.673983577228 
1573934400000,992.673983577228 
1573948800000,992.673983577228 
1573963200000,992.673983577228 
1573977600000,992.673983577228 
1573992000000,992.673983577228 
1574006400000,992.673983577228 
1574020800000,992.673983577228 
1574035200000,991.9764711394171 
1574049600000,992.7438293658016 
1574064000000,992.7438293658016 
1574078400000,992.0463169279907 
1574092800000,990.0831363838106 
1574107200000,989.3856239459997 
1574121600000,988.5505678414145 
1574136000000,987.8530554036035 
1574150400000,985.8706409452828 
1574164800000,985.1731285074718 
1574179200000,985.0963682790693 
1574193600000,984.3988558412584 
1574208000000,984.8496896069901 
1574222400000,984.1521771691791 
1574236800000,982.5750830479485 
1574251200000,982.5750830479485 
1574265600000,982.5750830479485 
1574280000000,981.8775706101376 
1574294400000,982.2590452827037 
1574308800000,981.5615328448928 
1574323200000,976.6159463121477 
1574337600000,975.9184338743368 
1574352000000,976.2027644339281 
1574366400000,975.5052519961171 
1574380800000,975.7689511681017 
1574395200000,971.1542156583712 
1574409600000,965.3088840127126 
1574424000000,967.1987280786022 
1574438400000,969.5280707644662 
1574452800000,968.7369732485124 
1574467200000,967.7700762845689 
1574481600000,967.989825594556 
1574496000000,967.989825594556 
1574510400000,969.4401710404713 
1574524800000,969.9675693844405 
1574539200000,970.2312685564251 
1574553600000,969.5280707644662 
1574568000000,969.7478200744533 
1574582400000,969.7478200744533 
1574596800000,969.7478200744533 
1574611200000,966.0999815286664 
1574625600000,966.9350289066176 
1574640000000,967.9019258705612 
1574654400000,963.1992906368358 
1574668800000,965.7923324946844 
1574683200000,967.9458757325585 
1574697600000,969.5280707644662 
1574712000000,969.5720206264637 
1574726400000,969.5280707644662 
1574740800000,971.4618646923533 
1574755200000,971.4618646923533 
1574769600000,971.4618646923533 
1574784000000,969.5603299631723 
1574798400000,969.5603299631723 
1574812800000,969.5603299631723 
1574827200000,969.5603299631723 
1574841600000,968.8628175253614 
1574856000000,966.5638798827473 
1574870400000,965.8663674449363 
1574884800000,964.4591778431093 
1574899200000,964.4591778431093 
1574913600000,964.4591778431093 
1574928000000,964.4591778431093 
1574942400000,964.4591778431093 
1574956800000,964.4591778431093 
1574971200000,964.4591778431093 
1574985600000,964.4591778431093 
1575000000000,964.4591778431093 
1575014400000,964.4591778431093 
1575028800000,964.4591778431093 
1575043200000,964.4591778431093 
1575057600000,964.4591778431093 
1575072000000,964.4591778431093 
1575086400000,964.4591778431093 
1575100800000,964.4591778431093 
1575115200000,964.4591778431093 
1575129600000,964.4591778431093 
1575144000000,963.7616654052983 
1575158400000,961.439783130213 
1575172800000,960.742270692402 
1575187200000,960.5432657172776 
1575201600000,960.5432657172776 
1575216000000,960.5432657172776 
1575230400000,960.5432657172776 
1575244800000,960.5432657172776 
1575259200000,960.5432657172776 
1575273600000,960.5432657172776 
1575288000000,960.5432657172776 
1575302400000,960.5432657172776 
1575316800000,960.5432657172776 
1575331200000,960.5432657172776 
1575345600000,960.5432657172776 
1575360000000,960.5432657172776 
1575374400000,960.5432657172776 
1575388800000,960.5432657172776 
1575403200000,960.5432657172776 
1575417600000,960.5432657172776 
1575432000000,960.5432657172776 
1575446400000,960.5432657172776 
1575460800000,960.5432657172776 
1575475200000,960.5432657172776 
1575489600000,960.5432657172776 
1575504000000,960.5432657172776 
1575518400000,960.5432657172776 
1575532800000,960.5432657172776 
1575547200000,960.5432657172776 
1575561600000,960.5432657172776 
1575576000000,960.5432657172776 
1575590400000,959.8457532794666 
1575604800000,958.7582261917303 
1575619200000,957.963018249505 
1575633600000,956.0921996993624 
1575648000000,957.1571084106813 
1575662400000,965.5160210489431 
1575676800000,973.0179468475026 
1575691200000,962.1125028396694 
1575705600000,964.9104077781165 
1575720000000,958.3661096890877 
1575734400000,955.3121039142077 
1575748800000,954.4395308356706 
1575763200000,951.821811600059 
1575777600000,954.0032442964019 
1575792000000,954.0032442964019 
1575806400000,958.3661096890877 
1575820800000,961.4201154639678 
1575835200000,963.6015481603107 
1575849600000,960.5475423854307 
1575864000000,966.2192673959223 
1575878400000,957.9298231498192 
1575892800000,975.3812847205623 
1575907200000,957.9298231498192 
1575921600000,968.8369866315337 
1575936000000,974.5087116420252 
1575950400000,974.9449981812937 
1575964800000,977.5627174169053 
1575979200000,995.0141789876485 
1575993600000,932.188917332973 
1576008000000,925.2083327046757 
1576022400000,918.6640346156471 
1576036800000,919.1003211549156 
1576051200000,929.5711980973615 
1576065600000,932.6252038722416 
1576080000000,933.4977769507788 
1576094400000,944.4049404324933 
1576108800000,918.2277480763784 
1576123200000,918.2277480763784 
1576137600000,899.9037134270982 
1576152000000,900.7762865056353 
1576166400000,905.139151898321 
1576180800000,906.0117249768583 
1576195200000,904.266578819784 
1576209600000,893.7957018773379 
1576224000000,895.5408480344123 
1576238400000,901.6488595841726 
1576252800000,892.9231287988009 
1576267200000,903.3940057412467 
1576281600000,904.266578819784 
1576296000000,897.7222807307553 
1576310400000,906.0117249768583 
1576324800000,897.7222807307553 
1576339200000,881.1433922385493 
1576353600000,885.0699710919665 
1576368000000,887.2514037883094 
1576382400000,891.614269180995 
1576396800000,887.2514037883094 
1576411200000,874.162807610252 
1576425600000,881.1433922385493 
1576440000000,885.0699710919665 
1576454400000,884.1973980134293 
1576468800000,878.5256730029378 
1576483200000,876.7805268458635 
1576497600000,879.8345326207435 
1576512000000,852.3484806468231 
1576526400000,848.8581883326744 
1576540800000,813.955265191188 
1576555200000,844.4953229399887 
1576569600000,814.8278382697252 
1576584000000,781.2337747460446 
1576598400000,759.8557343218843 
1576612800000,751.5662900757812 
1576627200000,756.3654420077355 
1576641600000,766.4000324109129 
1576656000000,747.6397112223641 
1576670400000,732.3696823479638 
1576684800000,743.2768458296782 
1576699200000,748.0759977616326 
1576713600000,759.4194477826156 
1576728000000,760.7283074004213 
1576742400000,745.4582785260211 
1576756800000,751.5662900757812 
1576771200000,762.0371670182271 
1576785600000,767.27260548945 
1576800000000,751.1300035365126 
1576814400000,754.6202958506613 
1576828800000,758.5468747040784 
1576843200000,760.2920208611528 
1576857600000,767.7088920287187 
1576872000000,769.8903247250615 
1576886400000,771.1991843428673 
1576900800000,776.8709093533588 
1576915200000,762.4734535574956 
1576929600000,767.27260548945 
1576944000000,758.5468747040784 
1576958400000,760.7283074004213 
1576972800000,755.929155468467 
1576987200000,763.3460266360329 
1577001600000,768.1451785679872 
1577016000000,769.4540381857929 
1577030400000,782.1063478245818 
1577044800000,779.4886285889703 
1577059200000,783.4152074423874 
1577073600000,771.1991843428673 
1577088000000,767.27260548945 
1577102400000,773.3806170392102 
1577116800000,758.1105881648099 
1577131200000,756.3654420077355 
1577145600000,756.8017285470041 
1577160000000,758.1105881648099 
1577174400000,751.1300035365126 
1577188800000,756.3654420077355 
1577203200000,746.3308516045582 
1577217600000,736.296261201381 
1577232000000,731.060822730158 
1577246400000,733.2422554265008 
1577260800000,733.2422554265008 
1577275200000,727.5705304160093 
1577289600000,720.1536592484435 
1577304000000,741.0954131333353 
1577318400000,737.6051208191866 
1577332800000,747.2034246830954 
1577347200000,747.2034246830954 
1577361600000,745.4582785260211 
1577376000000,764.21859971457 
1577390400000,752.8751496935869 
1577404800000,756.8017285470041 
1577419200000,758.9831612433471 
1577433600000,742.4042727511411 
1577448000000,753.7477227721241 
1577462400000,757.2380150862728 
1577476800000,757.2380150862728 
1577491200000,761.16459393969 
1577505600000,759.4194477826156 
1577520000000,760.7283074004213 
1577534400000,748.5122843009011 
1577548800000,761.16459393969 
1577563200000,761.16459393969 
1577577600000,761.16459393969 
1577592000000,761.16459393969 
1577606400000,761.16459393969 
1577620800000,765.9637458716443 
1577635200000,782.9789209031189 
1577649600000,786.9054997565361 
1577664000000,765.5274593323758 
1577678400000,765.5274593323758 
1577692800000,759.8557343218843 
1577707200000,745.4582785260211 
1577721600000,754.1840093113926 
1577736000000,753.7477227721241 
1577750400000,752.0025766150499 
1577764800000,753.7477227721241 
1577779200000,757.6743016255414 
1577793600000,767.27260548945 
1577808000000,751.5662900757812 
1577822400000,731.4971092694266 
1577836800000,742.8405592904096 
1577851200000,752.0025766150499 
1577865600000,761.16459393969 
1577880000000,756.3654420077355 
1577894400000,768.5814651072559 
1577908800000,759.8557343218843 
1577923200000,758.9831612433471 
1577937600000,745.8945650652897 
1577952000000,746.3308516045582 
1577966400000,746.3308516045582 
1577980800000,747.6397112223641 
1577995200000,747.2034246830954 
1578009600000,745.4582785260211 
1578024000000,758.5468747040784 
1578038400000,775.9983362748216 
1578052800000,777.3071958926274 
1578067200000,785.1603535994618 
1578081600000,784.2877805209247 
1578096000000,776.8709093533588 
1578110400000,779.4886285889703 
1578124800000,793.4497978455648 
1578139200000,803.9206747880107 
1578153600000,802.1755286309364 
1578168000000,817.0092709660681 
1578182400000,809.1561132592336 
1578196800000,808.7198267199651 
1578211200000,804.793247866548 
1578225600000,816.136697887531 
1578240000000,810.901259416308 
1578254400000,812.6464055733824 
1578268800000,831.8430133011998 
1578283200000,851.0396210290173 
1578297600000,858.8927787358517 
1578312000000,848.8581883326744 
1578326400000,849.294474871943 
1578340800000,854.9661998824345 
1578355200000,879.8345326207435 
1578369600000,883.324824934892 
1578384000000,899.4674268878296 
1578398400000,892.0505557202638 
1578412800000,893.7957018773379 
1578427200000,882.8885383956236 
1578441600000,878.0893864636691 
1578456000000,865.0007902856117 
1578470400000,867.6185095212234 
1578484800000,868.0547960604919 
1578499200000,845.8041825577943 
1578513600000,847.5493287148686 
1578528000000,847.5493287148686 
1578542400000,839.6961710080342 
1578556800000,829.6615806048569 
1578571200000,835.3333056153485 
1578585600000,824.4261421336339 
1578600000000,830.0978671441255 
1578614400000,826.6075748299769 
1578628800000,816.5729844267995 
1578643200000,825.7350017514398 
1578657600000,851.4759075682858 
1578672000000,858.8927787358517 
1578686400000,878.9619595422064 
1578700800000,894.6682749558752 
1578715200000,872.4176614531776 
1578729600000,873.7265210709834 
1578744000000,883.324824934892 
1578758400000,899.4674268878296 
1578772800000,897.2859941914867 
1578787200000,897.2859941914867 
1578801600000,895.5408480344123 
1578816000000,887.6876903275779 
1578830400000,896.4134211129495 
1578844800000,887.6876903275779 
1578859200000,888.5602634061152 
1578873600000,886.3788307097723 
1578888000000,876.7805268458635 
1578902400000,880.270819160012 
1578916800000,873.7265210709834 
1578931200000,873.7265210709834 
1578945600000,881.5796787778178 
1578960000000,907.3205845946641 
1578974400000,917.7914615371099 
1578988800000,909.502017291007 
1579003200000,923.89947308687 
1579017600000,979.3078635739797 
1579032000000,983.2344424273969 
1579046400000,1029.0445290505977 
1579060800000,982.7981558881281 
1579075200000,1023.8090905793747 
1579089600000,1016.8285059510773 
1579104000000,1032.5348213647462 
1579118400000,1066.5651714276955 
1579132800000,1018.5736521081517 
1579147200000,1031.2259617469406 
1579161600000,1029.9171021291347 
1579176000000,1023.8090905793747 
1579190400000,1043.8782713857292 
1579204800000,1057.8394406423238 
1579219200000,1100.6888868100482 
1579233600000,1099.9913743722373 
1579248000000,1094.4697027304462 
1579262400000,1093.7721902926353 
1579276800000,1093.4023406162858 
1579291200000,1092.7048281784748 
1579305600000,1092.5058232033505 
1579320000000,1092.5058232033505 
1579334400000,1091.8083107655395 
1579348800000,1093.5182070916799 
1579363200000,1092.820694653869 
1579377600000,1092.5026207547792 
1579392000000,1091.8051083169682 
1579406400000,1094.3554146366096 
1579420800000,1093.6579021987986 
1579435200000,1097.47720431071 
1579449600000,1096.779691872899 
1579464000000,1099.8589882451956 
1579478400000,1099.1614758073847 
1579492800000,1097.8645207790864 
1579507200000,1097.1670083412755 
1579521600000,1098.5145330129988 
1579536000000,1097.8170205751878 
1579550400000,1099.9423101884613 
1579564800000,1099.9423101884613 
1579579200000,1099.2447977506504 
1579593600000,1098.2497728750284 
1579608000000,1097.5522604372175 
1579622400000,1096.256203895051 
1579636800000,1095.55869145724 
1579651200000,1094.922050941868 
1579665600000,1094.2245385040571 
1579680000000,1092.7966281555998 
1579694400000,1092.099115717789 
1579708800000,1093.115079942343 
1579723200000,1092.4175675045321 
1579737600000,1090.2988818350143 
1579752000000,1089.6013693972034 
1579766400000,1089.402364422079 
1579780800000,1089.402364422079 
1579795200000,1088.704851984268 
1579809600000,1089.3097524923794 
1579824000000,1088.6122400545685 
1579838400000,1089.4097359954574 
1579852800000,1089.4097359954574 
1579867200000,1088.7122235576464 
1579881600000,1088.4716167883926 
1579896000000,1087.7741043505816 
1579910400000,1086.395336575365 
1579924800000,1085.697824137554 
1579939200000,1085.6221264669666 
1579953600000,1085.6221264669666 
1579968000000,1084.9246140291557 
1579982400000,1083.4930461754166 
1579996800000,1083.4930461754166 
1580011200000,1082.7955337376056 
1580025600000,1083.5688489410688 
1580040000000,1082.871336503258 
1580054400000,1084.0663523406686 
1580068800000,1083.3688399028576 
1580083200000,1085.0214604644195 
1580097600000,1084.3239480266086 
1580112000000,1083.0558864207621 
1580126400000,1082.3583739829512 
1580140800000,1082.3976020728098 
1580155200000,1081.700089634999 
1580169600000,1083.4729568319767 
1580184000000,1082.7754443941658 
1580198400000,1082.849465490569 
1580212800000,1082.151953052758 
1580227200000,1088.5236831871327 
1580241600000,1087.8261707493218 
1580256000000,1089.9551340503813 
1580270400000,1089.2576216125703 
1580284800000,1084.7049498975177 
1580299200000,1084.0074374597068 
1580313600000,1087.0920492077885 
1580328000000,1086.3945367699775 
1580342400000,1078.4270002939734 
1580356800000,1077.7294878561625 
1580371200000,1080.2534870894303 
1580385600000,1079.5559746516194 
1580400000000,1077.8483077195679 
1580414400000,1077.150795281757 
1580428800000,1076.815944229222 
1580443200000,1076.118431791411 
1580457600000,1076.9567194616945 
1580472000000,1076.9567194616945 
1580486400000,1076.9567194616945 
1580500800000,1076.9567194616945 
1580515200000,1076.9567194616945 
1580529600000,1076.2592070238836 
1580544000000,1074.7299477609217 
1580558400000,1074.7299477609217 
1580572800000,1074.7299477609217 
1580587200000,1074.0324353231108 
1580601600000,1073.9305012009552 
1580616000000,1073.2329887631442 
1580630400000,1073.647765885988 
1580644800000,1072.9502534481771 
1580659200000,1075.7921206671062 
1580673600000,1075.0946082292953 
1580688000000,1078.6357280372138 
1580702400000,1077.9382155994028 
1580716800000,1061.850653410348 
1580731200000,1061.1531409725371 
1580745600000,1058.565095691695 
1580760000000,1057.867583253884 
1580774400000,1057.3153945825402 
1580788800000,1056.6178821447293 
1580803200000,1055.076113422269 
1580817600000,1054.378600984458 
1580832000000,1054.9568056864148 
1580846400000,1054.2592932486039 
1580860800000,1051.952431331773 
1580875200000,1051.254918893962 
1580889600000,1050.3839574317817 
1580904000000,1049.6864449939708 
1580918400000,1047.428422311176 
1580932800000,1046.7309098733651 
1580947200000,1044.6375910724369 
1580961600000,1043.940078634626 
1580976000000,1046.593439016607 
1580990400000,1045.895926578796 
1581004800000,1045.4592112922721 
1581019200000,1044.7616988544612 
1581033600000,1044.7720686920204 
1581048000000,1044.0745562542095 
1581062400000,1044.1783057991677 
1581076800000,1043.4807933613567 
1581091200000,1043.434281449173 
1581105600000,1042.7367690113622 
1581120000000,1037.252704738887 
1581134400000,1036.555192301076 
1581148800000,1039.279712694901 
1581163200000,1038.58220025709 
1581177600000,1037.53039819868 
1581192000000,1036.832885760869 
1581206400000,1039.6968128785275 
1581220800000,1038.9993004407165 
1581235200000,1036.8185608583042 
1581249600000,1036.1210484204933 
1581264000000,1036.5908609996754 
1581278400000,1036.5908609996754 
1581292800000,1035.8933485618645 
1581307200000,1032.473361593402 
1581321600000,1032.473361593402 
1581336000000,1031.775849155591 
1581350400000,1029.9094947795859 
1581364800000,1029.211982341775 
1581379200000,1026.887501503912 
1581393600000,1026.887501503912 
1581408000000,1026.887501503912 
1581422400000,1026.1899890661011 
1581436800000,1026.860751833358 
1581451200000,1026.1632393955472 
1581465600000,1026.559044139423 
1581480000000,1025.861531701612 
1581494400000,1029.9352284995214 
1581508800000,1029.2377160617104 
1581523200000,1029.0096069005992 
1581537600000,1029.0096069005992 
1581552000000,1028.3120944627883 
1581566400000,1027.6479677893637 
1581580800000,1026.9504553515528 
1581595200000,1027.9489877360127 
1581609600000,1027.2514752982017 
1581624000000,1027.6422690630443 
1581638400000,1026.9447566252334 
1581652800000,1023.782390031098 
1581667200000,1023.084877593287 
1581681600000,1021.7462234693656 
1581696000000,1021.0487110315546 
1581710400000,1021.0037604817903 
1581724800000,1020.3062480439794 
1581739200000,1019.607288468039 
1581753600000,1019.607288468039 
1581768000000,1018.909776030228 
1581782400000,1014.9372387167952 
1581796800000,1014.9372387167952 
1581811200000,1014.2397262789841 
1581825600000,1013.3306861883241 
1581840000000,1012.6331737505132 
1581854400000,1005.8346680189067 
1581868800000,1005.1371555810956 
1581883200000,1008.017328360609 
1581897600000,1007.3198159227979 
1581912000000,1004.581174069057 
1581926400000,1003.883661631246 
1581940800000,1006.4296912887114 
1581955200000,1005.7321788509005 
1581969600000,1008.3817487212293 
1581984000000,1007.6842362834184 
1581998400000,1005.4309166264437 
1582012800000,1005.4309166264437 
1582027200000,1005.4309166264437 
1582041600000,1005.4309166264437 
1582056000000,1004.7334041886328 
1582070400000,1004.1932673598942 
1582084800000,1004.1932673598942 
1582099200000,1003.4957549220833 
1582113600000,1002.8912916989001 
1582128000000,1002.8912916989001 
1582142400000,1002.1937792610892 
1582156800000,1000.2486973381189 
1582171200000,999.5511849003079 
1582185600000,998.3354207178074 
1582200000000,998.3354207178074 
1582214400000,998.3354207178074 
1582228800000,997.6379082799965 
1582243200000,1002.1531574552534 
1582257600000,1002.1531574552534 
1582272000000,1002.1531574552534 
1582286400000,1002.1531574552534 
1582300800000,1002.1531574552534 
1582315200000,1001.4556450174425 
1582329600000,1000.5933885816253 
1582344000000,999.8958761438142 
1582358400000,1000.0373402518455 
1582372800000,1000.0373402518455 
1582387200000,1000.0373402518455 
1582401600000,999.3398278140346 
1582416000000,1001.2403400894527 
1582430400000,1001.2403400894527 
1582444800000,1000.5428276516418 
1582459200000,999.7361339781804 
1582473600000,999.0386215403695 
1582488000000,999.1605254856341 
1582502400000,998.4630130478231 
1582516800000,997.4279977873757 
1582531200000,997.4279977873757 
1582545600000,996.7304853495648 
1582560000000,993.8977309296583 
1582574400000,993.2002184918474 
1582588800000,992.2064829015063 
1582603200000,991.5089704636954 
1582617600000,992.9513453660431 
1582632000000,992.2538329282322 
1582646400000,991.4167332858816 
1582660800000,991.4167332858816 
1582675200000,990.7192208480706 
1582689600000,990.3925764351736 
1582704000000,989.6950639973627 
1582718400000,987.2431004295125 
1582732800000,986.5455879917015 
1582747200000,984.6764789912493 
1582761600000,983.9789665534383 
1582776000000,983.6420400747207 
1582790400000,982.9445276369098 
1582804800000,982.9268161032953 
1582819200000,982.2293036654844 
1582833600000,972.405007425167 
1582848000000,975.8477095264748 
1582862400000,974.672152711394 
1582876800000,970.683656374513 
1582891200000,971.9011973615609 
1582905600000,970.3057988268085 
1582920000000,973.916437615985 
1582934400000,973.0767541766417 
1582948800000,974.1263584758209 
1582963200000,974.672152711394 
1582977600000,976.0156462143434 
1582992000000,975.0919944310657 
1583006400000,974.0843743038537 
1583020800000,975.0919944310657 
1583035200000,974.2523109917223 
1583049600000,974.2523109917223 
1583064000000,972.8410676304695 
1583078400000,967.8322291062824 
1583092800000,966.1893345062099 
1583107200000,965.6741013842047 
1583121600000,971.1725930747547 
1583136000000,990.629432730113 
1583150400000,994.1068904083114 
1583164800000,1002.9241379578623 
1583179200000,996.7706177852683 
1583193600000,1006.6162500614186 
1583208000000,985.2840467964264 
1583222400000,1009.8981274868019 
1583236800000,991.8478016471931 
1583251200000,951.2345685080734 
1583265600000,999.6422605324788 
1583280000000,1000.8729645669976 
1583294400000,1000.8729645669976 
1583308800000,946.7219870481713 
1583323200000,988.5659242218097 
1583337600000,992.258036325366 
1583352000000,991.4375669690202 
1583366400000,1016.4618823375688 
1583380800000,1028.7689226827567 
1583395200000,1054.6137074076512 
1583409600000,1029.9996267172755 
1583424000000,1027.9484533264108 
1583438400000,1014.820943624877 
1583452800000,1017.6925863720876 
1583467200000,1032.05080010814 
1583481600000,1032.461034786313 
1583496000000,1019.7437597629522 
1583510400000,1031.230330751794 
1583524800000,1039.4350243152528 
1583539200000,1032.461034786313 
1583553600000,1022.6154025101628 
1583568000000,1026.3075146137191 
1583582400000,1040.2554936715987 
1583596800000,993.0785056817119 
1583611200000,993.4887403598848 
1583625600000,980.3612306583512 
1583640000000,967.6439556349904 
1583654400000,956.5676193243214 
1583668800000,911.0315700471266 
