,close,date,high,low,open,quoteVolume,volume,weightedAverage,avg_vol_3,avg_vol_13,avg_vol_34,avg_close_3,avg_close_13,avg_close_34
0,9.713e-05,1557598489,9.713e-05,9.713e-05,9.713e-05,0.0,0.0,9.713e-05,-99999.0,-99999.0,-99999.0,-99999.0,-99999.0,-99999.0
1,9.52e-05,1557604800,9.683e-05,9.439e-05,9.676e-05,6991.47324843,0.66055367,9.447e-05,-99999.0,-99999.0,-99999.0,-99999.0,-99999.0,-99999.0
2,9.248e-05,1557612000,9.468e-05,9.248e-05,9.468e-05,1089.35153842,0.10179899,9.344e-05,0.25411755333333336,-99999.0,-99999.0,9.493666666666665e-05,-99999.0,-99999.0
3,9.372e-05,1557619200,9.372e-05,9.304e-05,9.304e-05,5473.33465789,0.51031377,9.323e-05,0.42422214333333336,-99999.0,-99999.0,9.379999999999999e-05,-99999.0,-99999.0
4,9.355e-05,1557626400,9.386e-05,9.355e-05,9.372e-05,938.17958909,0.0878328,9.362e-05,0.2333151866666667,-99999.0,-99999.0,9.325e-05,-99999.0,-99999.0
5,9.356e-05,1557633600,9.39e-05,9.355e-05,9.355e-05,704.7046341,0.06593309,9.356e-05,0.2213598866666667,-99999.0,-99999.0,9.361e-05,-99999.0,-99999.0
6,9.199e-05,1557640800,9.422e-05,9.122e-05,9.378e-05,1034.1922479,0.0965525,9.336e-05,0.08343946333333337,-99999.0,-99999.0,9.303333333333335e-05,-99999.0,-99999.0
7,9.228e-05,1557648000,9.228e-05,9.166e-05,9.21e-05,333.97455884,0.03077628,9.215e-05,0.06442062333333337,-99999.0,-99999.0,9.261000000000002e-05,-99999.0,-99999.0
8,9.291e-05,1557655200,9.306e-05,9.084e-05,9.25e-05,15801.94481422,1.43654393,9.09e-05,0.5212909033333334,-99999.0,-99999.0,9.239333333333334e-05,-99999.0,-99999.0
9,9.163e-05,1557662400,9.324e-05,9.017e-05,9.224e-05,49405.36973827,4.49424296,9.096e-05,1.9871877233333335,-99999.0,-99999.0,9.227333333333334e-05,-99999.0,-99999.0
10,9.343e-05,1557669600,9.343e-05,9.163e-05,9.163e-05,4792.22318469,0.44167141,9.216e-05,2.1241527666666666,-99999.0,-99999.0,9.265666666666667e-05,-99999.0,-99999.0
11,9.333e-05,1557676800,9.485e-05,9.333e-05,9.37e-05,7173.80556461,0.67891809,9.463e-05,1.87161082,-99999.0,-99999.0,9.279666666666667e-05,-99999.0,-99999.0
12,9.334e-05,1557684000,9.334e-05,9.276e-05,9.331e-05,74.25171201,0.00690711,9.302e-05,0.3758322033333332,0.6624649692307693,-99999.0,9.336666666666668e-05,9.342692307692305e-05,-99999.0
13,9.184e-05,1557691200,9.262e-05,9.184e-05,9.25e-05,103.34429681,0.00951404,9.206e-05,0.23177974666666656,0.6631968184615384,-99999.0,9.283666666666669e-05,9.301999999999999e-05,-99999.0
14,9.334e-05,1557698400,9.334e-05,9.276e-05,9.276e-05,221.01375675,0.02061738,9.328e-05,0.012346176666666561,0.6139709499999999,-99999.0,9.284000000000003e-05,9.287692307692305e-05,-99999.0
15,9.383e-05,1557705600,9.413e-05,9.279e-05,9.334e-05,279.38489743,0.02628245,9.407e-05,0.018804623333333225,0.6081619853846153,-99999.0,9.300333333333337e-05,9.298076923076922e-05,-99999.0
16,9.31e-05,1557712800,9.331e-05,9.31e-05,9.331e-05,497.12966771,0.04634575,9.322e-05,0.031081859999999892,0.5724721376923076,-99999.0,9.342333333333336e-05,9.29330769230769e-05,-99999.0
17,9.37e-05,1557720000,9.37e-05,9.297e-05,9.297e-05,3818.14547917,0.35497519,9.297e-05,0.14253446333333322,0.5930215523076923,-99999.0,9.354333333333338e-05,9.294461538461536e-05,-99999.0
18,9.37e-05,1557727200,9.37e-05,9.37e-05,9.37e-05,0.0,0.0,9.37e-05,0.13377364666666655,0.5879497761538461,-99999.0,9.350000000000005e-05,9.295538461538459e-05,-99999.0
19,9.432e-05,1557734400,9.432e-05,9.327e-05,9.33e-05,972.727728,0.09098093,9.353e-05,0.14865203999999987,0.5875211938461539,-99999.0,9.390666666666673e-05,9.313461538461537e-05,-99999.0
20,9.31e-05,1557741600,9.432e-05,9.31e-05,9.38e-05,180.35905037,0.01683085,9.331e-05,0.03593725999999988,0.5864484684615384,-99999.0,9.370666666666672e-05,9.31976923076923e-05,-99999.0
21,9.273e-05,1557748800,9.303e-05,9.273e-05,9.303e-05,30.23961152,0.00281037,9.293e-05,0.03687404999999988,0.47616127153846144,-99999.0,9.338333333333339e-05,9.318384615384615e-05,-99999.0
22,8.48e-05,1557756000,9.221e-05,8.48e-05,9.221e-05,19080.44487093,1.648044,8.637e-05,0.5558950733333333,0.25722288999999987,-99999.0,9.021000000000006e-05,9.265846153846154e-05,-99999.0
23,8.419e-05,1557763200,8.5e-05,8.239e-05,8.5e-05,4573.74963717,0.38320833,8.378e-05,0.6780208999999999,0.25272572999999987,-99999.0,8.724000000000005e-05,9.19476923076923e-05,-99999.0
24,8.387e-05,1557770400,8.537e-05,8.379e-05,8.453e-05,1208.61639481,0.10241613,8.473e-05,0.7112228199999998,0.20837942538461526,-99999.0,8.428666666666672e-05,9.122e-05,-99999.0
25,8.182e-05,1557777600,8.387e-05,8.182e-05,8.387e-05,130.33893136,0.01075572,8.252e-05,0.16546005999999988,0.20867547230769218,-99999.0,8.329333333333339e-05,9.033384615384616e-05,-99999.0
26,8.716e-05,1557784800,8.992e-05,8.248e-05,8.248e-05,7355.03392692,0.63174463,8.589e-05,0.2483054933333332,0.2565393638461537,-99999.0,8.428333333333338e-05,8.997384615384616e-05,-99999.0
27,8.464e-05,1557792000,8.716e-05,8.464e-05,8.716e-05,1295.97897672,0.1114019,8.595e-05,0.2513007499999999,0.26352278846153837,-99999.0,8.454000000000007e-05,8.93046153846154e-05,-99999.0
28,8.549e-05,1557799200,8.549e-05,8.385e-05,8.442e-05,622.65325007,0.05319628,8.543e-05,0.2654476033333332,0.265593083076923,-99999.0,8.57633333333334e-05,8.866307692307693e-05,-99999.0
29,8.549e-05,1557806400,8.549e-05,8.549e-05,8.549e-05,0.0,0.0,8.549e-05,0.05486605999999986,0.2620280253846153,-99999.0,8.520666666666675e-05,8.80776923076923e-05,-99999.0
30,8.181e-05,1557813600,8.538e-05,8.155e-05,8.538e-05,1672.72374094,0.14015458,8.378e-05,0.06445028666666654,0.24550336307692297,-99999.0,8.426333333333342e-05,8.716307692307692e-05,-99999.0
31,8.282e-05,1557820800,8.282e-05,8.158e-05,8.158e-05,107.9833288,0.00885302,8.198e-05,0.04966919999999988,0.2461843646153845,-99999.0,8.337333333333342e-05,8.632615384615385e-05,-99999.0
32,8.281e-05,1557828000,8.343e-05,8.121e-05,8.222e-05,14067.29141721,1.14897933,8.167e-05,0.43266230999999983,0.3275688569230768,-99999.0,8.248000000000008e-05,8.544076923076923e-05,-99999.0
33,8.127e-05,1557835200,8.234e-05,8.101e-05,8.234e-05,1003.09249695,0.0817179,8.146e-05,0.4131834166666665,0.33256016846153835,0.39708451117647064,8.230000000000006e-05,8.453076923076924e-05,9.001117647058823e-05
34,8.38e-05,1557842400,8.38e-05,8.144e-05,8.169e-05,1028.05157803,0.08516774,8.284e-05,0.43862165666666647,0.3388953507692307,0.39958944470588237,8.262666666666673e-05,8.384384615384616e-05,8.961911764705883e-05
35,8.504e-05,1557849600,8.722e-05,8.404e-05,8.404e-05,6518.41499555,0.56110616,8.608e-05,0.24266393333333314,0.2552847476923076,0.39666451794117646,8.337000000000005e-05,8.386230769230769e-05,8.932029411764706e-05
36,8.769e-05,1557856800,8.769e-05,8.465e-05,8.465e-05,184.06053517,0.01571062,8.535e-05,0.22066150666666648,0.227015693076923,0.3941325070588235,8.551000000000007e-05,8.413153846153846e-05,8.917941176470589e-05
37,8.93e-05,1557864000,9.712e-05,8.646e-05,8.762e-05,11842.10013156,1.071056,9.044e-05,0.5492909266666665,0.3015264523076922,0.41062492558823527,8.734333333333341e-05,8.454923076923077e-05,8.904941176470589e-05
38,8.604e-05,1557871200,8.917e-05,8.604e-05,8.917e-05,1917.88546099,0.16741199,8.728e-05,0.41805953666666645,0.3135769346153845,0.41296549,8.767666666666676e-05,8.487384615384614e-05,8.882852941176472e-05
39,8.769e-05,1557878400,8.769e-05,8.607e-05,8.662e-05,2333.96683661,0.20332228,8.711e-05,0.4805967566666665,0.28062136923076914,0.41700634852941176,8.767666666666676e-05,8.491461538461538e-05,8.86558823529412e-05
40,8.741e-05,1557885600,8.741e-05,8.741e-05,8.741e-05,33.84756026,0.00295861,8.741e-05,0.12456429333333323,0.27227957769230754,0.4142535870588236,8.704666666666676e-05,8.512769230769231e-05,8.852117647058825e-05
41,8.818e-05,1557892800,8.818e-05,8.784e-05,8.784e-05,30.4689957,0.00267702,8.786e-05,0.06965263666666655,0.26839348076923064,0.4134271382352942,8.776000000000008e-05,8.533461538461538e-05,8.840058823529413e-05
42,8.874e-05,1557900000,8.928e-05,8.818e-05,8.818e-05,11.2033837,0.00099548,8.885e-05,0.0022103699999998783,0.268470056153846,0.3712051250000001,8.811000000000008e-05,8.558461538461539e-05,8.82779411764706e-05
43,8.887e-05,1557907200,8.926e-05,8.872e-05,8.926e-05,70.75817976,0.00628879,8.887e-05,0.003320429999999878,0.25817268769230756,0.2392064729411765,8.859666666666674e-05,8.61276923076923e-05,8.819676470588236e-05
44,8.924e-05,1557914400,9.011e-05,8.791e-05,8.872e-05,856.8811753,0.07642751,8.919e-05,0.027903926666666547,0.26337072538461526,0.2284640052941177,8.895000000000008e-05,8.662153846153846e-05,8.807352941176472e-05
45,9.3e-05,1557921600,9.3e-05,8.82e-05,8.88e-05,6651.13726949,0.61311445,9.218e-05,0.2319435833333332,0.22215034999999989,0.2265286041176471,9.037000000000006e-05,8.740538461538462e-05,8.806382352941179e-05
46,9.322e-05,1557928800,9.463e-05,9.264e-05,9.3e-05,2600.70947182,0.24189818,9.301e-05,0.3104800466666665,0.2344719099999999,0.23344010617647062,9.182000000000005e-05,8.832461538461538e-05,8.806029411764709e-05
47,9.288e-05,1557936000,9.452e-05,9.088e-05,9.375e-05,8973.36416031,0.83669973,9.324e-05,0.5639041199999998,0.29228206307692295,0.25776909705882356,9.303333333333338e-05,8.902307692307692e-05,8.80908823529412e-05
48,9.236e-05,1557943200,9.444e-05,9.132e-05,9.312e-05,1968.43214636,0.1811692,9.203e-05,0.4199223699999998,0.26305614307692293,0.26249120941176474,9.282000000000004e-05,8.958615384615385e-05,8.806205882352945e-05
49,9.258e-05,1557950400,9.258e-05,9.078e-05,9.184e-05,659.37399028,0.06021439,9.132e-05,0.3593611066666665,0.26647950999999986,0.2634892076470589,9.260666666666671e-05,8.99623076923077e-05,8.802529411764709e-05
50,9.285e-05,1557957600,9.377e-05,9.24e-05,9.24e-05,285.01055179,0.02637881,9.255e-05,0.08925413333333317,0.18611972615384603,0.2629019447058824,9.259666666666671e-05,9.023538461538462e-05,8.801794117647062e-05
51,9.401e-05,1557964800,9.492e-05,9.265e-05,9.265e-05,6076.247409,0.57473674,9.458e-05,0.22044331333333314,0.2174523992307691,0.26936551970588246,9.314666666666671e-05,9.084846153846155e-05,8.802705882352944e-05
52,9.617e-05,1557972000,9.617e-05,9.287e-05,9.399e-05,5856.55467815,0.5453989,9.312e-05,0.3821714833333331,0.24376598538461522,0.2854066638235295,9.43433333333334e-05,9.150076923076924e-05,8.809970588235297e-05
53,9.288e-05,1557979200,9.617e-05,8.984e-05,9.617e-05,3586.49215212,0.33383059,9.307e-05,0.4846554099999998,0.269217676153846,0.29254930088235304,9.43533333333334e-05,9.192153846153848e-05,8.80573529411765e-05
54,9.377e-05,1557986400,9.383e-05,9.299e-05,9.299e-05,1308.79990609,0.12268972,9.374e-05,0.3339730699999997,0.27844942230769215,0.29566279705882365,9.42733333333334e-05,9.235153846153847e-05,8.807705882352944e-05
55,9.291e-05,1557993600,9.43e-05,9.291e-05,9.323e-05,107.46110011,0.01004047,9.343e-05,0.15552025999999974,0.2791451907692306,0.2958754470588236,9.318666666666673e-05,9.267230769230772e-05,8.808235294117649e-05
56,9.032e-05,1558000800,9.291e-05,8.938e-05,9.291e-05,872.90051071,0.07883899,9.031e-05,0.07052305999999976,0.2847259753846152,0.24972235852941183,9.233333333333341e-05,9.278384615384619e-05,8.824470588235297e-05
57,9.09e-05,1558008000,9.09e-05,8.873e-05,9.05e-05,2299.74551693,0.20441157,8.888e-05,0.09776367666666642,0.2945709030769229,0.24446363029411766,9.137666666666674e-05,9.29115384615385e-05,8.844205882352944e-05
58,9.201e-05,1558015200,9.223e-05,9.04e-05,9.093e-05,5827.15208583,0.53687343,9.213e-05,0.2733746633333331,0.288706209230769,0.25724178617647064,9.107666666666673e-05,9.283538461538465e-05,8.868147058823533e-05
59,8.995e-05,1558022400,9.226e-05,8.995e-05,9.225e-05,409.55332117,0.03764958,9.192e-05,0.2596448599999998,0.27299477846153825,0.2580327820588235,9.095333333333338e-05,9.258384615384621e-05,8.892058823529416e-05
60,9.094e-05,1558029600,9.094e-05,9.073e-05,9.073e-05,52.22579954,0.00474062,9.077e-05,0.19308787666666646,0.20899792384615365,0.23959148764705884,9.096666666666673e-05,9.243461538461543e-05,8.903176470588238e-05
61,9.2e-05,1558036800,9.444e-05,9.125e-05,9.146e-05,2052.80041341,0.1912038,9.314e-05,0.07786466666666647,0.20976981615384596,0.24193860235294118,9.096333333333339e-05,9.240692307692314e-05,8.924823529411768e-05
62,9.198e-05,1558044000,9.272e-05,9.198e-05,9.258e-05,703.92712456,0.06523492,9.267e-05,0.0870597799999998,0.21015601076923057,0.24229268,9.164000000000008e-05,9.236076923076927e-05,8.943911764705885e-05
63,9.133e-05,1558051200,9.4e-05,9.123e-05,9.238e-05,1727.60403828,0.16065536,9.299e-05,0.1390313599999998,0.22048497615384594,0.2470178376470588,9.177000000000006e-05,9.224384615384619e-05,8.96108823529412e-05
64,8.885e-05,1558058400,9.122e-05,8.789e-05,9.122e-05,10660.41830834,0.95763265,8.983e-05,0.39450764333333316,0.24993850769230747,0.2710613102941176,9.072000000000007e-05,9.18469230769231e-05,8.981794117647063e-05
65,9.032e-05,1558065600,9.032e-05,8.881e-05,8.881e-05,117.07678522,0.01039958,8.882e-05,0.3762291966666665,0.20878471384615363,0.27110679735294113,9.016666666666674e-05,9.13969230769231e-05,9.003852941176475e-05
66,8.99e-05,1558072800,8.99e-05,8.861e-05,8.988e-05,832.9793442,0.0739663,8.879e-05,0.34733284333333314,0.18879515307692285,0.23948876705882352,8.969000000000008e-05,9.116769230769234e-05,9.024705882352945e-05
67,9.206e-05,1558080000,9.331e-05,9.032e-05,9.032e-05,1234.50558941,0.11413558,9.245e-05,0.06616715333333312,0.1881371423076921,0.24044222823529413,9.076000000000007e-05,9.103615384615386e-05,9.056441176470593e-05
68,9.07e-05,1558087200,9.191e-05,9.07e-05,9.191e-05,61.87347902,0.00561947,9.082e-05,0.06457378333333312,0.1877970653846152,0.23810257323529413,9.088666666666673e-05,9.086615384615385e-05,9.076735294117651e-05
69,9.366e-05,1558094400,9.47e-05,9.041e-05,9.07e-05,2244.79203175,0.20748149,9.242e-05,0.10907884666666645,0.19769264230769215,0.2277018476470588,9.214000000000005e-05,9.112307692307693e-05,9.102088235294122e-05
70,9.203e-05,1558101600,9.335e-05,9.111e-05,9.285e-05,995.77093906,0.0927319,9.312e-05,0.10194428666666644,0.1891018984615383,0.2299671794117647,9.213000000000005e-05,9.120999999999999e-05,9.114852941176474e-05
71,9.313e-05,1558108800,9.313e-05,9.12e-05,9.148e-05,98.91895135,0.00906949,9.168e-05,0.1030942933333331,0.14850159538461521,0.1987322820588235,9.294000000000006e-05,9.129615384615384e-05,9.126117647058827e-05
72,9.421e-05,1558116000,9.421e-05,9.223e-05,9.258e-05,299.94900545,0.02794801,9.317e-05,0.04324979999999978,0.1477553207692306,0.19463040029411766,9.312333333333338e-05,9.162384615384614e-05,9.150147058823532e-05
73,9.355e-05,1558123200,9.423e-05,9.354e-05,9.354e-05,100.72702671,0.00948954,9.421e-05,0.015502346666666444,0.14812062230769213,0.18892943735294115,9.363000000000004e-05,9.182461538461536e-05,9.16738235294118e-05
74,9.302e-05,1558130400,9.388e-05,9.302e-05,9.388e-05,29.78052054,0.00278561,9.353e-05,0.013407719999999778,0.1336269153846152,0.18892434911764705,9.359333333333337e-05,9.19030769230769e-05,9.183882352941179e-05
75,9.254e-05,1558137600,9.359e-05,9.158e-05,9.307e-05,428.61653123,0.03960468,9.24e-05,0.01729327666666645,0.13165535846153828,0.19001045676470585,9.30366666666667e-05,9.194615384615381e-05,9.196705882352943e-05
76,9.406e-05,1558144800,9.406e-05,9.254e-05,9.254e-05,128.23775036,0.01202265,9.375e-05,0.018137646666666448,0.12022207307692291,0.1903347852941176,9.320666666666672e-05,9.215615384615382e-05,9.212352941176472e-05
77,9.354e-05,1558152000,9.383e-05,9.354e-05,9.355e-05,345.03599909,0.03227965,9.355e-05,0.02796899333333312,0.04904107307692291,0.19109922235294113,9.338000000000007e-05,9.251692307692306e-05,9.22608823529412e-05
78,9.302e-05,1558159200,9.38e-05,9.302e-05,9.354e-05,6.06278792,0.00056632,9.341e-05,0.01495620666666645,0.048284668461538297,0.1888680108823529,9.354000000000007e-05,9.272461538461536e-05,9.237205882352944e-05
79,9.237e-05,1558166400,9.263e-05,9.237e-05,9.263e-05,20.52843224,0.00189838,9.247e-05,0.01158144999999978,0.04274098230769214,0.17089106764705878,9.297666666666672e-05,9.291461538461538e-05,9.235352941176473e-05
80,9.313e-05,1558173600,9.313e-05,9.273e-05,9.273e-05,112.1623794,0.01043071,9.299e-05,0.004298469999999779,0.03476368461538444,0.1640832008823529,9.284000000000003e-05,9.299692307692307e-05,9.23508823529412e-05
81,9.313e-05,1558180800,9.313e-05,9.313e-05,9.313e-05,0.0,0.0,9.313e-05,0.0041096966666664455,0.03433141769230751,0.1394743852941176,9.287666666666669e-05,9.318384615384616e-05,9.235823529411766e-05
82,9.313e-05,1558188000,9.313e-05,9.313e-05,9.313e-05,0.0,0.0,9.313e-05,0.0034769033333331124,0.0183713030769229,0.13414587941176465,9.313000000000002e-05,9.314307692307694e-05,9.238088235294118e-05
83,9.406e-05,1558195200,9.406e-05,9.326e-05,9.347e-05,555.91386911,0.0520568,9.364e-05,0.017352266666666446,0.015242449230769055,0.1339059502941176,9.344000000000004e-05,9.32992307692308e-05,9.242441176470588e-05
84,9.38e-05,1558202400,9.406e-05,9.38e-05,9.406e-05,0.95593062,8.991e-05,9.405e-05,0.017382236666666443,0.014551712307692132,0.13313274735294112,9.366333333333339e-05,9.335076923076924e-05,9.245235294117646e-05
85,9.498e-05,1558209600,9.502e-05,9.38e-05,9.38e-05,432.17134395,0.04081319,9.443e-05,0.03098663333333311,0.015541341538461362,0.1174291135294117,9.428000000000004e-05,9.341000000000002e-05,9.248088235294118e-05
86,9.383e-05,1558216800,9.451e-05,9.368e-05,9.446e-05,304.83804437,0.02874664,9.43e-05,0.02321657999999978,0.017022656923076748,0.10223345882352934,9.420333333333337e-05,9.343153846153848e-05,9.241205882352942e-05
87,9.149e-05,1558224000,9.412e-05,9.12e-05,9.376e-05,742.71621838,0.0687996,9.263e-05,0.04611980999999978,0.02210065615384598,0.0944384297058823,9.343333333333336e-05,9.331384615384617e-05,9.237117647058824e-05
88,9.037e-05,1558231200,9.149e-05,9.037e-05,9.149e-05,60.20233853,0.00545072,9.054e-05,0.03433231999999978,0.019473428461538288,0.09099022382352935,9.18966666666667e-05,9.31469230769231e-05,9.227117647058825e-05
89,8.952e-05,1558238400,9.04e-05,8.952e-05,9.04e-05,78.53523716,0.00707351,9.006e-05,0.02710794333333311,0.019092725384615213,0.0909029602941176,9.046000000000004e-05,9.279769230769235e-05,9.217147058823531e-05
90,9.013e-05,1558245600,9.038e-05,8.995e-05,8.995e-05,5.34205485,0.00048179,9.018e-05,0.004335339999999775,0.016646736153845983,0.08859833676470583,9.00066666666667e-05,9.253538461538463e-05,9.21658823529412e-05
91,9.063e-05,1558252800,9.063e-05,9.003e-05,9.007e-05,23.87604853,0.00215236,9.014e-05,0.0032358866666664424,0.016768739230769058,0.08264953647058819,9.009333333333338e-05,9.235153846153847e-05,9.21579411764706e-05
92,9.003e-05,1558260000,9.038e-05,9.003e-05,9.038e-05,346.67121901,0.0312221,9.006e-05,0.011285416666666444,0.01902440999999983,0.06777743852941172,9.026333333333337e-05,9.217153846153848e-05,9.209970588235295e-05
93,9.003e-05,1558267200,9.003e-05,9.003e-05,9.003e-05,0.0,0.0,9.003e-05,0.011124819999999777,0.01822204769230752,0.06667009794117641,9.023000000000005e-05,9.193307692307693e-05,9.210205882352943e-05
94,9.038e-05,1558274400,9.038e-05,9e-05,9e-05,1.12762143,0.00010148,9e-05,0.01044119333333311,0.018229853846153672,0.06653365264705877,9.01466666666667e-05,9.172153846153847e-05,9.208558823529413e-05
95,8.983e-05,1558281600,9.038e-05,8.983e-05,9.011e-05,9.11235763,0.0008205,9.004e-05,0.0003073266666664444,0.018292969230769056,0.060934143823529366,9.008000000000003e-05,9.14676923076923e-05,9.202176470588236e-05
96,8.983e-05,1558288800,8.983e-05,8.983e-05,8.983e-05,0.0,0.0,8.983e-05,0.0003073266666664444,0.014288599999999827,0.059015469705882305,9.001333333333337e-05,9.114230769230768e-05,9.195852941176471e-05
97,8.863e-05,1558296000,8.992e-05,8.863e-05,8.983e-05,1271.21921204,0.11354218,8.931e-05,0.038120893333333114,0.023015697692307515,0.05762978794117642,8.943000000000003e-05,9.074461538461537e-05,9.187911764705884e-05
98,8.603e-05,1558303200,8.861e-05,8.6e-05,8.861e-05,1467.27696296,0.12763981,8.699e-05,0.08039399666666645,0.029694668461538287,0.03321823382352937,8.816333333333336e-05,9.005615384615383e-05,9.179617647058824e-05
99,8.696e-05,1558310400,8.7e-05,8.591e-05,8.591e-05,258.16318975,0.02244294,8.693e-05,0.08787497666666645,0.02920976846153829,0.0335724502941176,8.72066666666667e-05,8.952769230769229e-05,9.169735294117647e-05
100,8.598e-05,1558317600,8.606e-05,8.598e-05,8.606e-05,10.25628486,0.00088241,8.603e-05,0.05032171999999979,0.023985369230769056,0.031422924117647015,8.632333333333335e-05,8.910384615384615e-05,9.158205882352941e-05
101,8.652e-05,1558324800,8.652e-05,8.629e-05,8.629e-05,26.20348932,0.00226165,8.631e-05,0.008528999999999795,0.02374005615384598,0.028132514411764658,8.648666666666668e-05,8.88076923076923e-05,9.141911764705882e-05
102,8.839e-05,1558332000,8.839e-05,8.683e-05,8.683e-05,331.89194987,0.02922513,8.805e-05,0.010789729999999796,0.02544402692307675,0.02882679852941172,8.696333333333335e-05,8.872076923076923e-05,9.135117647058822e-05
103,8.729e-05,1558339200,8.763e-05,8.729e-05,8.763e-05,10.11254039,0.00088341,8.735e-05,0.01079006333333313,0.025474920769230594,0.022750384411764663,8.740000000000002e-05,8.850230769230768e-05,9.116382352941175e-05
104,8.763e-05,1558346400,8.763e-05,8.683e-05,8.71e-05,312.25302262,0.02730501,8.744e-05,0.019137849999999797,0.027409739999999825,0.020826064117647015,8.777000000000004e-05,8.827153846153846e-05,9.103441176470587e-05
105,8.953e-05,1558353600,8.953e-05,8.704e-05,8.8e-05,5065.14546715,0.4457742,8.8e-05,0.1579875399999998,0.0592983630769229,0.0336703202941176,8.815000000000004e-05,8.823307692307691e-05,9.092852941176469e-05
106,8.983e-05,1558360800,9.038e-05,8.873e-05,8.963e-05,786.68938326,0.07061529,8.976e-05,0.1812314999999998,0.06473030846153828,0.03492524029411761,8.89966666666667e-05,8.821769230769229e-05,9.079970588235293e-05
107,8.688e-05,1558368000,8.94e-05,8.688e-05,8.913e-05,608.86067364,0.05429913,8.918e-05,0.1902295399999998,0.06889935846153829,0.03624316941176467,8.87466666666667e-05,8.794846153846152e-05,9.06035294117647e-05
108,8.928e-05,1558375200,8.928e-05,8.653e-05,8.688e-05,465.46219386,0.04074327,8.753e-05,0.05521922999999981,0.07197034076923059,0.03735957117647055,8.866333333333338e-05,8.790615384615383e-05,9.04935294117647e-05
109,8.8e-05,1558382400,8.873e-05,8.704e-05,8.873e-05,378.85306926,0.03327362,8.782e-05,0.04277200666666647,0.07452984999999981,0.037173363529411724,8.805333333333337e-05,8.77653846153846e-05,9.036e-05
110,9.148e-05,1558389600,9.634e-05,8.8e-05,8.8e-05,17821.88781616,1.64615368,9.236e-05,0.5733901899999999,0.19242304230769214,0.0852360408823529,8.95866666666667e-05,8.798461538461537e-05,9.028411764705882e-05
111,8.971e-05,1558396800,9.258e-05,8.9e-05,9.172e-05,4325.15166209,0.39148048,9.051e-05,0.6903025933333332,0.2127184784615383,0.09580077117647054,8.973000000000004e-05,8.82676923076923e-05,9.017147058823529e-05
112,8.988e-05,1558404000,9.127e-05,8.818e-05,8.913e-05,4590.12761748,0.40941165,8.919e-05,0.8156819366666666,0.24248530230769216,0.10782563382352937,9.03566666666667e-05,8.849230769230767e-05,9.007911764705882e-05
113,9.314e-05,1558411200,9.314e-05,9.054e-05,9.054e-05,990.73479625,0.09171217,9.256e-05,0.29753476666666656,0.24947220692307678,0.11046721588235289,9.091000000000004e-05,8.90430769230769e-05,9.010176470588234e-05
114,9.263e-05,1558418400,9.314e-05,9.258e-05,9.314e-05,67.86063353,0.00630823,9.295e-05,0.16914401666666656,0.24978348230769218,0.1103459664705882,9.188333333333338e-05,8.95130769230769e-05,9.00870588235294e-05
115,9.352e-05,1558425600,9.393e-05,9.253e-05,9.253e-05,1492.700627,0.13933668,9.334e-05,0.07911902666666655,0.25825360153846144,0.11444410411764702,9.309666666666669e-05,8.990769230769227e-05,9.00985294117647e-05
116,9.286e-05,1558432800,9.313e-05,9.286e-05,9.313e-05,2.86730862,0.00026661,9.298e-05,0.04863717333333323,0.2582061553846153,0.11445194558823525,9.300333333333335e-05,9.03361538461538e-05,9.009058823529412e-05
117,9.5e-05,1558440000,9.686e-05,9.328e-05,9.328e-05,4988.4108728,0.47304894,9.482e-05,0.20421740999999985,0.2924941499999999,0.12683406735294114,9.379333333333334e-05,9.090307692307688e-05,9.011823529411765e-05
118,9.474e-05,1558447200,9.752e-05,9.474e-05,9.501e-05,1448.68510416,0.13932252,9.617e-05,0.20421268999999986,0.2689209438461537,0.13092914411764703,9.420000000000001e-05,9.130384615384612e-05,9.014588235294118e-05
119,9.607e-05,1558454400,9.662e-05,9.463e-05,9.463e-05,510.24639371,0.04896738,9.596e-05,0.22044627999999988,0.26725571999999986,0.13116897323529408,9.527e-05,9.178384615384613e-05,9.01779411764706e-05
120,0.00010031,1558461600,0.00010546,9.662e-05,9.662e-05,25799.62344571,2.60163203,0.00010083,0.9299739766666666,0.4632044046153844,0.20684207294117646,9.703999999999999e-05,9.281692307692304e-05,9.036852941176471e-05
121,9.693e-05,1558468800,0.00011,9.693e-05,9.973e-05,31602.57294903,3.28799184,0.00010404,1.9795304166666667,0.7129927561538459,0.30152419764705884,9.777e-05,9.340538461538459e-05,9.052852941176471e-05
122,9.668e-05,1558476000,9.723e-05,9.537e-05,9.704e-05,1048.84607867,0.10106408,9.635e-05,1.9968959833333335,0.7182074069230768,0.3043363552941176,9.797333333333334e-05,9.407307692307691e-05,9.071411764705883e-05
123,9.588e-05,1558483200,9.74e-05,9.431e-05,9.607e-05,1650.95572116,0.15831078,9.589e-05,1.1824555666666667,0.603757953076923,0.3087845102941177,9.649666666666669e-05,9.441153846153845e-05,9.090117647058824e-05
124,9.554e-05,1558490400,9.564e-05,9.538e-05,9.538e-05,78.1343971,0.00746945,9.559e-05,0.0889481033333334,0.574218643076923,0.30899002970588235,9.603333333333335e-05,9.486e-05,9.106029411764705e-05
125,9.554e-05,1558497600,9.772e-05,9.547e-05,9.587e-05,3521.30322672,0.34131474,9.692e-05,0.16903165666666675,0.5689804192307691,0.3189653938235294,9.565333333333335e-05,9.529538461538461e-05,9.120470588235294e-05
126,9.691e-05,1558504800,9.691e-05,9.534e-05,9.66e-05,3513.07875141,0.33546755,9.549e-05,0.22808391333333342,0.587730833076923,0.3279137894117647,9.599666666666669e-05,9.558538461538461e-05,9.140705882352941e-05
127,9.554e-05,1558512000,9.69e-05,9.554e-05,9.607e-05,168.20006187,0.01609977,9.571e-05,0.23096068666666672,0.5884840284615384,0.32838731205882354,9.59966666666667e-05,9.580923076923077e-05,9.15691176470588e-05
128,9.197e-05,1558519200,9.538e-05,9.169e-05,9.538e-05,2066.71078283,0.19252179,9.315e-05,0.18136303666666675,0.5925751907692306,0.3340467329411765,9.480666666666672e-05,9.569e-05,9.161588235294116e-05
129,9.141e-05,1558526400,9.313e-05,9.114e-05,9.217e-05,1418.78128666,0.13023962,9.179e-05,0.11295372666666675,0.6025731146153845,0.33785317764705886,9.297333333333338e-05,9.557846153846155e-05,9.166235294117645e-05
130,9.187e-05,1558533600,9.187e-05,8.976e-05,9.113e-05,1405.07870081,0.12717303,9.05e-05,0.14997814666666673,0.5759672753846152,0.341593560882353,9.175000000000008e-05,9.533769230769232e-05,9.172235294117645e-05
131,8.993e-05,1558540800,9.15e-05,8.938e-05,9.05e-05,1352.97776487,0.121994,9.016e-05,0.1264688833333334,0.5746343123076921,0.34184214382352945,9.107000000000006e-05,9.496769230769232e-05,9.176058823529411e-05
132,9.187e-05,1558548000,9.203e-05,8.993e-05,8.993e-05,5606.362543,0.50915415,9.081e-05,0.2527737266666667,0.6100332946153845,0.3530631538235295,9.122333333333339e-05,9.464461538461539e-05,9.193235294117646e-05
133,7.777e-05,1558555200,9.428e-05,7.777e-05,9.222e-05,27557.45246569,2.40724039,8.735e-05,1.0127961800000003,0.5950800915384614,0.42320425529411776,8.65233333333334e-05,9.291076923076924e-05,9.16620588235294e-05
134,8.41e-05,1558562400,8.65e-05,7.701e-05,7.777e-05,16758.5507111,1.36707167,8.157e-05,1.4278220700000004,0.4473170015384615,0.46338629235294126,8.458000000000006e-05,9.192384615384616e-05,9.160676470588235e-05
135,8.434e-05,1558569600,8.465e-05,8.311e-05,8.409e-05,251.76552831,0.02109601,8.379e-05,1.2651360233333337,0.4411656115384615,0.4639402441176472,8.207000000000006e-05,9.097461538461539e-05,9.154264705882353e-05
136,8.218e-05,1558576800,8.366e-05,8.2e-05,8.366e-05,769.04078043,0.06338203,8.241e-05,0.48384990333333366,0.43386339999999995,0.46494485882352954,8.354000000000006e-05,8.992076923076923e-05,9.135999999999999e-05
137,8.248e-05,1558584000,8.303e-05,8.248e-05,8.303e-05,95.71159154,0.00792719,8.282e-05,0.03080174333333363,0.43389861076923075,0.4651520288235296,8.300000000000007e-05,8.891615384615385e-05,9.121852941176469e-05
138,8.226e-05,1558591200,8.296e-05,8.226e-05,8.296e-05,486.16192736,0.04012296,8.253e-05,0.03714406000000029,0.4107300123076923,0.4655290273529413,8.230666666666673e-05,8.789461538461539e-05,9.10605882352941e-05
139,8.214e-05,1558598400,8.231e-05,7.983e-05,8.228e-05,2710.15350734,0.22084573,8.148e-05,0.08963196000000029,0.4019129492307692,0.4589134841176472,8.229333333333338e-05,8.675846153846154e-05,9.084323529411763e-05
140,8.329e-05,1558605600,8.329e-05,8.209e-05,8.209e-05,3540.68020913,0.29100277,8.218e-05,0.18399048666666698,0.4230593338461538,0.4653954688235296,8.256333333333339e-05,8.581615384615384e-05,9.065088235294117e-05
141,8.6e-05,1558612800,8.6e-05,8.327e-05,8.329e-05,2694.10824937,0.22690796,8.422e-05,0.24625215333333364,0.42570442384615387,0.4704721991176472,8.381000000000007e-05,8.535692307692306e-05,9.0625e-05
142,8.265e-05,1558620000,8.539e-05,8.244e-05,8.539e-05,1520.71466946,0.1267968,8.337e-05,0.2149025100000003,0.42543959153846156,0.4730031852941178,8.398000000000006e-05,8.46830769230769e-05,9.042999999999999e-05
143,8.327e-05,1558627200,8.345e-05,8.207e-05,8.25e-05,1150.82740722,0.09565034,8.311e-05,0.14978503333333362,0.4230147692307692,0.4748377947058825,8.39733333333334e-05,8.402153846153846e-05,9.029088235294116e-05
144,8.255e-05,1558634400,8.274e-05,8.221e-05,8.274e-05,249.99587296,0.02063534,8.254e-05,0.08102749333333362,0.4152179492307692,0.427028431764706,8.28233333333334e-05,8.345384615384616e-05,9.002823529411763e-05
145,8.16e-05,1558641600,8.391e-05,8.16e-05,8.208e-05,2285.98784055,0.18826468,8.235e-05,0.10151678666666696,0.39053414384615387,0.4210514964705883,8.247333333333342e-05,8.266384615384616e-05,8.978970588235293e-05
146,8e-05,1558648800,8.16e-05,8e-05,8.16e-05,1340.84734651,0.10771891,8.033e-05,0.10553964333333361,0.21364787615384614,0.4121781805882354,8.138333333333342e-05,8.283538461538461e-05,8.949911764705881e-05
147,8.168e-05,1558656000,8.168e-05,7.981e-05,7.981e-05,1008.98584473,0.08126375,8.054e-05,0.1257491133333336,0.11473957461538462,0.41187087411764717,8.109333333333342e-05,8.264923076923078e-05,8.91620588235294e-05
148,7.903e-05,1558663200,8.115e-05,7.903e-05,8.115e-05,1484.8953856,0.11873366,7.996e-05,0.10257210666666694,0.12225016307692307,0.4151775044117648,8.023666666666674e-05,8.224076923076922e-05,8.876205882352941e-05
149,7.69e-05,1558670400,7.878e-05,7.69e-05,7.878e-05,5071.27019483,0.39245415,7.738e-05,0.19748385333333363,0.1475634030769231,0.4226221358823531,7.920333333333341e-05,8.183461538461538e-05,8.827323529411765e-05
150,8.053e-05,1558677600,8.053e-05,7.668e-05,7.69e-05,6019.61315402,0.47501708,7.891e-05,0.32873496333333363,0.1834933946153846,0.43658538500000016,7.882000000000008e-05,8.168461538461538e-05,8.791058823529411e-05
151,8.221e-05,1558684800,8.327e-05,7.972e-05,8.009e-05,2970.57422004,0.24230289,8.156e-05,0.36992470666666694,0.19904569692307691,0.42979873647058836,7.988000000000007e-05,8.168076923076923e-05,8.753441176470587e-05
152,7.997e-05,1558692000,8.2e-05,7.997e-05,8.2e-05,464.70257612,0.03751674,8.073e-05,0.25161223666666693,0.1849434669230769,0.4268044488235295,8.090333333333341e-05,8.151384615384614e-05,8.71e-05
153,8.107e-05,1558699200,8.107e-05,7.914e-05,7.997e-05,1427.23506636,0.11379092,7.972e-05,0.13120351666666696,0.17131178615384612,0.4287110235294118,8.108333333333341e-05,8.134307692307691e-05,8.665882352941175e-05
154,7.887e-05,1558706400,8.05e-05,7.887e-05,8.034e-05,1139.25800893,0.09109308,7.995e-05,0.08080024666666696,0.16086448769230766,0.3548716426470589,7.997000000000008e-05,8.079461538461538e-05,8.602823529411763e-05
155,7.777e-05,1558713600,7.887e-05,7.667e-05,7.875e-05,4084.99819487,0.31646284,7.746e-05,0.1737822800000003,0.175454183076923,0.26747373088235304,7.923666666666675e-05,8.041923076923075e-05,8.546470588235293e-05
156,7.865e-05,1558720800,7.866e-05,7.755e-05,7.755e-05,49.34832524,0.00385141,7.804e-05,0.13713577666666696,0.16839272692307686,0.2646145347058824,7.843000000000009e-05,8.006384615384614e-05,8.493441176470587e-05
157,7.759e-05,1558728000,7.818e-05,7.67e-05,7.818e-05,1269.44286327,0.09846139,7.756e-05,0.13959188000000028,0.1743793461538461,0.2628542585294118,7.800333333333342e-05,7.968230769230767e-05,8.439647058823527e-05
158,7.777e-05,1558735200,7.808e-05,7.689e-05,7.722e-05,283.75854764,0.02197323,7.743e-05,0.04142867666666694,0.16158769615384608,0.2632808402941177,7.800333333333342e-05,7.938769230769228e-05,8.387382352941175e-05
159,7.814e-05,1558742400,7.828e-05,7.706e-05,7.798e-05,17.37171374,0.00135319,7.789e-05,0.04059593666666694,0.15340571769230762,0.25328197117647067,7.783333333333341e-05,7.924461538461537e-05,8.33620588235294e-05
160,7.832e-05,1558749600,7.832e-05,7.832e-05,7.832e-05,7.0,0.00054824,7.832e-05,0.00795822000000028,0.14719683230769226,0.24343140323529416,7.807666666666675e-05,7.898615384615383e-05,8.281529411764704e-05
161,8.092e-05,1558756800,8.145e-05,7.843e-05,7.843e-05,3760.94574075,0.29975146,7.97e-05,0.10055096333333362,0.1611212784615384,0.2517741,7.912666666666675e-05,7.913153846153844e-05,8.238529411764704e-05
162,8.305e-05,1558764000,8.507e-05,8.131e-05,8.16e-05,10268.20558074,0.85361546,8.313e-05,0.384638386666667,0.19659522538461532,0.27121803147058826,8.076333333333341e-05,7.960461538461537e-05,8.212294117647058e-05
163,8e-05,1558771200,8.353e-05,7.982e-05,8.308e-05,2367.01369493,0.19367795,8.182e-05,0.44901495666666696,0.1749537538461538,0.27308386470588236,8.132333333333342e-05,7.956384615384614e-05,8.178735294117646e-05
164,7.766e-05,1558778400,8.009e-05,7.766e-05,8.007e-05,1506.93532641,0.11910696,7.903e-05,0.38880012333333364,0.16547714384615378,0.2728466273529412,8.023666666666676e-05,7.921384615384613e-05,8.136941176470587e-05
165,7.74e-05,1558785600,7.846e-05,7.74e-05,7.766e-05,2991.379997,0.23308945,7.792e-05,0.18195812000000033,0.1805211984615384,0.2761141405882353,7.835333333333342e-05,7.901615384615382e-05,8.100088235294116e-05
166,7.826e-05,1558792800,7.884e-05,7.701e-05,7.746e-05,908.75775591,0.07066645,7.776e-05,0.140954286666667,0.17720393153846148,0.26321744352941173,7.777333333333343e-05,7.879999999999998e-05,8.06005882352941e-05
167,7.883e-05,1558800000,7.883e-05,7.818e-05,7.869e-05,393.01886108,0.03080841,7.838e-05,0.11152143666666703,0.1725666492307692,0.1933223852941176,7.816333333333343e-05,7.879692307692305e-05,8.063176470588234e-05
168,7.954e-05,1558807200,7.954e-05,7.819e-05,7.84e-05,471.91831205,0.03730725,7.905e-05,0.0462607033333337,0.15109314230769227,0.1542116670588235,7.887666666666677e-05,7.89330769230769e-05,8.049764705882351e-05
169,7.848e-05,1558814400,8.022e-05,7.833e-05,7.89e-05,1108.14194807,0.0874812,7.894e-05,0.05186562000000037,0.157526203076923,0.15616417264705879,7.895000000000009e-05,7.891999999999997e-05,8.032529411764704e-05
170,7.872e-05,1558821600,7.872e-05,7.872e-05,7.872e-05,22.41999494,0.0017649,7.872e-05,0.04218445000000037,0.15008801153846146,0.15435190411764704,7.891333333333342e-05,7.900692307692304e-05,8.022352941176469e-05
171,7.968e-05,1558828800,8.132e-05,7.914e-05,7.914e-05,1355.40930754,0.10892061,8.035e-05,0.06605557000000038,0.15677627153846146,0.1573222988235294,7.896000000000008e-05,7.915384615384612e-05,8.014117647058823e-05
172,7.832e-05,1558836000,7.943e-05,7.832e-05,7.943e-05,2388.52802993,0.18820036,7.879e-05,0.09962862333333372,0.17114913076923072,0.16167751647058823,7.890666666666674e-05,7.916769230769228e-05,8.002529411764707e-05
173,7.972e-05,1558843200,7.972e-05,7.832e-05,7.832e-05,219.66896133,0.01721307,7.835e-05,0.10477801333333371,0.1724310407692307,0.1556883205882353,7.924000000000007e-05,7.927538461538457e-05,7.995411764705883e-05
174,8.109e-05,1558850400,8.264e-05,7.932e-05,7.932e-05,4418.07857304,0.35975436,8.142e-05,0.18838926333333372,0.1770466484615384,0.15771042617647058,7.971000000000008e-05,7.92884615384615e-05,7.988941176470588e-05
175,8.161e-05,1558857600,8.161e-05,8.073e-05,8.109e-05,811.8631079,0.06565677,8.087e-05,0.1475414000000004,0.11643444153846148,0.15296774411764708,8.080666666666675e-05,7.917769230769226e-05,7.976029411764706e-05
176,8.037e-05,1558864800,8.115e-05,8.03e-05,8.114e-05,1769.75575805,0.1423207,8.041e-05,0.18924394333333372,0.11248388384615378,0.1534243294117647,8.102333333333342e-05,7.92061538461538e-05,7.969323529411766e-05
177,8.062e-05,1558872000,8.062e-05,7.989e-05,8.055e-05,30.84362394,0.00248226,8.047e-05,0.07015324333333371,0.10351275307692301,0.15068409176470587,8.086666666666676e-05,7.943384615384611e-05,7.961529411764707e-05
178,8.229e-05,1558879200,8.304e-05,8.088e-05,8.088e-05,1685.95436578,0.13852094,8.216e-05,0.09444130000000035,0.09623825230769224,0.15415131529411766,8.109333333333343e-05,7.980999999999996e-05,7.960764705882354e-05
179,8.188e-05,1558886400,8.221e-05,8.168e-05,8.221e-05,73.51196659,0.00602388,8.194e-05,0.04900902666666702,0.09126574692307686,0.1487912917647059,8.159666666666677e-05,8.008846153846151e-05,7.961588235294119e-05
180,7.569e-05,1558893600,8.165e-05,7.348e-05,8.165e-05,8472.51214033,0.65323265,7.71e-05,0.2659258233333337,0.13914453461538456,0.16483581352941176,7.995333333333344e-05,7.984692307692304e-05,7.948911764705883e-05
181,7.209e-05,1558900800,7.492e-05,7.146e-05,7.376e-05,10278.66919927,0.75026897,7.299e-05,0.4698418333333337,0.19398774384615378,0.18451243764705882,7.655333333333343e-05,7.927384615384613e-05,7.920705882352941e-05
182,7.187e-05,1558908000,7.333e-05,7.094e-05,7.287e-05,3063.6774825,0.21968464,7.17e-05,0.541062086666667,0.20415723923076917,0.18748158411764704,7.321666666666676e-05,7.876538461538458e-05,7.899647058823529e-05
183,7.08e-05,1558915200,7.203e-05,7.079e-05,7.121e-05,1354.65115258,0.09614562,7.097e-05,0.35536641000000024,0.21141729461538455,0.17876662735294116,7.158666666666675e-05,7.815615384615381e-05,7.881705882352941e-05
184,7.277e-05,1558922400,7.277e-05,7.173e-05,7.173e-05,180.23588955,0.01302964,7.229e-05,0.10961996666666692,0.2040410661538461,0.16517876147058821,7.181333333333341e-05,7.762461538461535e-05,7.858882352941177e-05
185,7.195e-05,1558929600,7.255e-05,7.149e-05,7.222e-05,272.70558424,0.01959168,7.184e-05,0.042922313333333593,0.19107116769230761,0.15862843176470584,7.184000000000008e-05,7.713461538461536e-05,7.828705882352941e-05
186,7.149e-05,1558936800,7.174e-05,7.097e-05,7.149e-05,1755.17375961,0.12541264,7.145e-05,0.05267798666666692,0.19939421153846146,0.16121360529411763,7.207000000000009e-05,7.650153846153845e-05,7.803764705882353e-05
187,7.258e-05,1558944000,7.258e-05,7.149e-05,7.149e-05,723.85458978,0.05228396,7.222e-05,0.06576276000000024,0.17574264230769224,0.1594045770588235,7.200666666666675e-05,7.584692307692306e-05,7.778794117647059e-05
188,7.281e-05,1558951200,7.281e-05,7.25e-05,7.26e-05,809.33769112,0.05880752,7.266e-05,0.07883470666666692,0.17521577692307683,0.15845500176470587,7.229333333333341e-05,7.516999999999999e-05,7.760970588235294e-05
189,6.954e-05,1558958400,7.281e-05,6.954e-05,7.281e-05,6118.22132654,0.43929206,7.18e-05,0.18346118000000025,0.19805972769230762,0.1620676258823529,7.164333333333341e-05,7.433692307692307e-05,7.736764705882353e-05
190,6.873e-05,1558965600,7.097e-05,6.839e-05,7.026e-05,1924.88081186,0.13422085,6.972e-05,0.2107734766666669,0.20819346538461533,0.16590202117647057,7.036000000000009e-05,7.342230769230768e-05,7.707588235294118e-05
191,6.862e-05,1558972800,6.962e-05,6.862e-05,6.869e-05,357.79750675,0.02466737,6.894e-05,0.1993934266666669,0.1994354984615384,0.1637316088235294,6.896333333333341e-05,7.237076923076921e-05,7.681205882352942e-05
192,6.972e-05,1558980000,7.001e-05,6.91e-05,6.947e-05,10855.95930108,0.75524358,6.956e-05,0.3047106000000003,0.2570677830769231,0.1852983838235294,6.902333333333342e-05,7.143538461538461e-05,7.657529411764707e-05
193,6.968e-05,1558987200,7.04e-05,6.921e-05,6.921e-05,1113.25820888,0.07772128,6.981e-05,0.2858774100000003,0.21279767769230767,0.18754450411764706,6.93400000000001e-05,7.097307692307692e-05,7.63264705882353e-05
194,7.02e-05,1558994400,7.057e-05,7.02e-05,7.026e-05,3829.32089298,0.26908083,7.026e-05,0.3673485633333336,0.17578320538461537,0.19544252147058824,6.986666666666676e-05,7.08276923076923e-05,7.608764705882353e-05
195,7.258e-05,1559001600,7.258e-05,6.968e-05,6.968e-05,1793.21491697,0.1279508,7.135e-05,0.1582509700000003,0.1687267561538461,0.19038956088235293,7.08200000000001e-05,7.088230769230768e-05,7.584235294117647e-05
196,7.201e-05,1559008800,7.4e-05,7.156e-05,7.26e-05,4705.61917807,0.33904063,7.205e-05,0.2453574200000003,0.18741098769230763,0.17525500705882352,7.159666666666677e-05,7.097538461538462e-05,7.551764705882353e-05
197,7.346e-05,1559016000,7.352e-05,7.212e-05,7.212e-05,635.69427285,0.04621395,7.269e-05,0.1710684600000003,0.18996362692307683,0.17091783058823531,7.268333333333344e-05,7.102846153846154e-05,7.532529411764705e-05
198,7.542e-05,1559023200,7.704e-05,7.235e-05,7.316e-05,6976.9421407,0.5237732,7.507e-05,0.3030092600000003,0.22874682076923067,0.18281977882352943,7.36300000000001e-05,7.129538461538463e-05,7.525941176470589e-05
199,7.451e-05,1559030400,7.588e-05,7.415e-05,7.513e-05,1614.86478489,0.12076063,7.478e-05,0.23024926000000026,0.22838897384615375,0.17951599000000004,7.446333333333345e-05,7.152769230769232e-05,7.517441176470589e-05
200,7.408e-05,1559037600,7.457e-05,7.408e-05,7.422e-05,986.13819317,0.07325904,7.428e-05,0.23926429000000027,0.23000244153846144,0.17959224264705886,7.46700000000001e-05,7.164307692307692e-05,7.505147058823529e-05
201,7.302e-05,1559044800,7.461e-05,7.28e-05,7.461e-05,328.70057437,0.02399474,7.299e-05,0.07267147000000025,0.2273245353846153,0.17939184058823535,7.38700000000001e-05,7.165923076923078e-05,7.488058823529412e-05
202,7.372e-05,1559052000,7.387e-05,7.302e-05,7.302e-05,454.28148782,0.03335614,7.342e-05,0.04353664000000026,0.1960986953846153,0.1792756314705883,7.360666666666678e-05,7.198076923076924e-05,7.470941176470589e-05
203,7.386e-05,1559059200,7.762e-05,7.22e-05,7.362e-05,11000.50423962,0.81675799,7.424e-05,0.2913696233333336,0.2486015523076922,0.20072494882352948,7.353333333333343e-05,7.237538461538461e-05,7.45735294117647e-05
204,7.587e-05,1559066400,7.667e-05,7.437e-05,7.437e-05,1482.92432435,0.11140526,7.512e-05,0.3205064633333336,0.2552736976923076,0.2039496652941177,7.448333333333343e-05,7.29330769230769e-05,7.448970588235295e-05
205,7.533e-05,1559073600,7.667e-05,7.526e-05,7.592e-05,752.61392812,0.05749386,7.639e-05,0.3285523700000002,0.20160064230769223,0.20243711382352947,7.502000000000009e-05,7.336461538461537e-05,7.436176470588236e-05
206,7.489e-05,1559080800,7.502e-05,7.399e-05,7.502e-05,410.8484547,0.03076572,7.488e-05,0.06655494666666688,0.1979886761538461,0.19780668323529418,7.536333333333342e-05,7.376538461538461e-05,7.426088235294118e-05
207,7.545e-05,1559088000,7.681e-05,7.49e-05,7.49e-05,3379.59359115,0.25695821,7.603e-05,0.11507259666666687,0.19705616692307687,0.20485801088235298,7.522333333333341e-05,7.416923076923077e-05,7.413529411764706e-05
208,7.425e-05,1559095200,7.562e-05,7.363e-05,7.558e-05,343.98733739,0.02540294,7.384e-05,0.10437562333333354,0.18916786999999996,0.19502414558823533,7.48633333333334e-05,7.42976923076923e-05,7.393411764705883e-05
209,7.18e-05,1559102400,7.434e-05,7.169e-05,7.38e-05,2290.88064106,0.16767192,7.319e-05,0.15001102333333352,0.1759856615384615,0.19802459117647062,7.383333333333341e-05,7.428153846153845e-05,7.364558823529412e-05
210,7.316e-05,1559109600,7.316e-05,7.191e-05,7.191e-05,70.48512029,0.00511991,7.263e-05,0.06606492333333353,0.17282458153846153,0.19398927382352946,7.307000000000007e-05,7.425846153846154e-05,7.34335294117647e-05
211,7.316e-05,1559116800,7.316e-05,7.283e-05,7.283e-05,37.39298602,0.00273285,7.308e-05,0.058508226666666864,0.13274455461538462,0.1939966441176471,7.270666666666675e-05,7.40846153846154e-05,7.321411764705882e-05
212,7.228e-05,1559124000,7.385e-05,7.228e-05,7.332e-05,7900.59661627,0.58086847,7.352e-05,0.19624041000000017,0.16813746538461538,0.20700686558823533,7.286666666666674e-05,7.391307692307693e-05,7.291970588235295e-05
213,7.277e-05,1559131200,7.369e-05,7.277e-05,7.331e-05,468.28657919,0.03441083,7.348e-05,0.2060040500000002,0.16514914153846155,0.20784177588235297,7.273666666666674e-05,7.38123076923077e-05,7.265176470588236e-05
214,7.199e-05,1559138400,7.277e-05,6.986e-05,7.277e-05,5052.08342466,0.36034277,7.132e-05,0.32520735666666684,0.19102206692307694,0.19922736764705884,7.234666666666674e-05,7.373307692307694e-05,7.254294117647059e-05
215,7.293e-05,1559145600,7.624e-05,7.167e-05,7.199e-05,9814.1443244,0.71508815,7.286e-05,0.3699472500000002,0.24346299076923078,0.19819263764705883,7.256333333333339e-05,7.36723076923077e-05,7.256764705882354e-05
216,7.351e-05,1559152800,7.351e-05,7.351e-05,7.351e-05,1.36042715,0.0001,7.351e-05,0.3585103066666669,0.1806431453846154,0.19173426588235296,7.281000000000007e-05,7.364538461538462e-05,7.26158823529412e-05
217,7.452e-05,1559160000,7.452e-05,7.277e-05,7.372e-05,249.8584524,0.01841778,7.371e-05,0.24453531000000028,0.17349026230769232,0.18944815294117648,7.365333333333341e-05,7.354153846153847e-05,7.272529411764706e-05
218,7.28e-05,1559167200,7.386e-05,7.211e-05,7.386e-05,1608.60939286,0.11751578,7.305e-05,0.045344520000000256,0.1781073330769231,0.19252127470588237,7.361000000000008e-05,7.334692307692308e-05,7.272617647058825e-05
219,7.33e-05,1559174400,7.368e-05,7.278e-05,7.333e-05,386.10406503,0.02835324,7.343e-05,0.05476226666666693,0.1779217576923077,0.19277896764705882,7.354000000000009e-05,7.32246153846154e-05,7.27658823529412e-05
220,7.342e-05,1559181600,7.37e-05,7.321e-05,7.33e-05,1030.89953753,0.07584607,7.357e-05,0.07390503000000026,0.1639900546153846,0.19132112735294116,7.317333333333341e-05,7.306846153846156e-05,7.282264705882354e-05
221,7.281e-05,1559188800,7.372e-05,7.277e-05,7.372e-05,535.89595086,0.03935367,7.343e-05,0.04785099333333359,0.16506318769230768,0.19094082470588236,7.317666666666675e-05,7.295769230769233e-05,7.28294117647059e-05
222,7.277e-05,1559196000,7.281e-05,7.277e-05,7.281e-05,651.86522659,0.04744234,7.277e-05,0.05421402666666692,0.15581475846153842,0.19060655470588234,7.30000000000001e-05,7.303230769230771e-05,7.282823529411766e-05
223,7.349e-05,1559203200,7.349e-05,7.23e-05,7.258e-05,496.12361831,0.03613491,7.283e-05,0.04097697333333359,0.15820052769230766,0.17874899147058823,7.302333333333344e-05,7.305769230769232e-05,7.29444117647059e-05
224,7.276e-05,1559210400,7.304e-05,7.222e-05,7.304e-05,3612.09168633,0.26239352,7.264e-05,0.11532359000000025,0.17817442538461534,0.18251877588235293,7.300666666666676e-05,7.302692307692309e-05,7.30629411764706e-05
225,7.326e-05,1559217600,7.607e-05,7.222e-05,7.277e-05,7461.75622689,0.55128374,7.388e-05,0.2832707233333336,0.17589867692307687,0.1980074926470588,7.31700000000001e-05,7.310230769230771e-05,7.319941176470588e-05
226,7.1e-05,1559224800,7.316e-05,7.1e-05,7.258e-05,528.16566991,0.03815431,7.223e-05,0.28394385666666694,0.17618663692307687,0.17691663176470587,7.23400000000001e-05,7.296615384615387e-05,7.32370588235294e-05
227,7.121e-05,1559232000,7.142e-05,6.837e-05,7.1e-05,6644.99915187,0.46622526,7.016e-05,0.3518877700000002,0.1843314438461538,0.18834321941176468,7.182333333333342e-05,7.290615384615386e-05,7.32820588235294e-05
228,7.177e-05,1559239200,7.177e-05,7.089e-05,7.121e-05,58.127613,0.00413265,7.109e-05,0.16950407333333353,0.12964255923076914,0.18055062588235293,7.132666666666674e-05,7.281692307692309e-05,7.332823529411765e-05
229,6.968e-05,1559246400,7.174e-05,6.88e-05,7.135e-05,698.98736196,0.04872465,6.97e-05,0.1730275200000002,0.13338291692307686,0.17822044499999998,7.088666666666675e-05,7.25223076923077e-05,7.324294117647058e-05
230,7.058e-05,1559253600,7.167e-05,6.968e-05,6.968e-05,946.28440094,0.06749182,7.132e-05,0.040116373333333545,0.137157843076923,0.1702337152941176,7.067666666666675e-05,7.221923076923079e-05,7.320088235294118e-05
231,7.029e-05,1559260800,7.076e-05,7.023e-05,7.073e-05,195.11384979,0.01372175,7.032e-05,0.04331274000000022,0.12917368692307685,0.16927806235294113,7.018333333333343e-05,7.202615384615385e-05,7.310764705882353e-05
232,6.978e-05,1559268000,7.084e-05,6.955e-05,7.084e-05,1698.91317821,0.11888981,6.997e-05,0.06670112666666687,0.13613803846153838,0.15736972735294114,7.021666666666677e-05,7.175538461538462e-05,7.294176470588236e-05
233,6.951e-05,1559275200,6.994e-05,6.877e-05,6.982e-05,629.57308836,0.04350326,6.909e-05,0.058704940000000226,0.13365012999999992,0.15509745176470582,6.986000000000011e-05,7.145461538461539e-05,7.279470588235296e-05
234,6.909e-05,1559282400,6.967e-05,6.909e-05,6.967e-05,71.33940052,0.00496445,6.958e-05,0.055785840000000225,0.1310048053846153,0.15308878735294112,6.946000000000011e-05,7.116846153846154e-05,7.26479411764706e-05
235,6.934e-05,1559289600,6.971e-05,6.909e-05,6.909e-05,4442.40580889,0.3096233,6.969e-05,0.11936367000000021,0.15117257153846148,0.16148962735294112,6.931333333333345e-05,7.090461538461539e-05,7.253970588235297e-05
236,6.986e-05,1559296800,6.987e-05,6.853e-05,6.938e-05,810.87968016,0.05600445,6.906e-05,0.12353073333333354,0.15270099769230766,0.162155754117647,6.943000000000011e-05,7.062538461538461e-05,7.242617647058825e-05
237,6.965e-05,1559304000,6.986e-05,6.911e-05,6.986e-05,256.85050284,0.01786286,6.954e-05,0.12783020333333353,0.13389094692307688,0.1386588385294117,6.961666666666678e-05,7.038615384615383e-05,7.23023529411765e-05
238,6.987e-05,1559311200,6.987e-05,6.873e-05,6.986e-05,1788.74598762,0.12471765,6.972e-05,0.06619498666666689,0.10107817076923074,0.13905037941176462,6.979333333333344e-05,7.012538461538461e-05,7.21258823529412e-05
239,6.968e-05,1559318400,6.987e-05,6.883e-05,6.98e-05,328.06386963,0.02273069,6.928e-05,0.05510373333333355,0.09989173846153844,0.13802793323529405,6.973333333333346e-05,7.002384615384616e-05,7.195970588235297e-05
240,6.953e-05,1559325600,6.986e-05,6.953e-05,6.968e-05,30.36433416,0.00211188,6.955e-05,0.049853406666666884,0.06419070923076921,0.13718517323529406,6.969333333333345e-05,6.989461538461538e-05,7.180205882352942e-05
241,6.894e-05,1559332800,7.002e-05,6.865e-05,6.974e-05,687.83377957,0.04754237,6.911e-05,0.024128313333333554,0.06752991846153844,0.1310258838235294,6.938333333333345e-05,6.967692307692309e-05,7.161058823529413e-05
242,6.947e-05,1559340000,6.947e-05,6.947e-05,6.947e-05,28.02706205,0.00194704,6.947e-05,0.01720043000000022,0.06393164076923075,0.13033600441176468,6.931333333333345e-05,6.966076923076923e-05,7.147000000000002e-05
243,6.968e-05,1559347200,6.968e-05,6.964e-05,6.964e-05,11.91343992,0.00082971,6.964e-05,0.01677304000000022,0.058803786153846134,0.12542888058823526,6.936333333333345e-05,6.959153846153846e-05,7.140764705882354e-05
244,6.951e-05,1559354400,7.001e-05,6.951e-05,6.965e-05,2024.14601483,0.14122016,6.976e-05,0.047998970000000224,0.06861135615384614,0.129431829117647,6.955333333333345e-05,6.953153846153847e-05,7.130029411764707e-05
245,6.92e-05,1559361600,6.959e-05,6.856e-05,6.951e-05,1266.91315605,0.08786617,6.935e-05,0.07663868000000022,0.0662249223076923,0.13193575029411758,6.946333333333344e-05,6.948692307692309e-05,7.118382352941178e-05
246,6.911e-05,1559368800,6.911e-05,6.884e-05,6.884e-05,295.9290934,0.020384,6.888e-05,0.08315677666666689,0.06444651769230766,0.11545091294117639,6.927333333333343e-05,6.945615384615385e-05,7.109058823529413e-05
247,6.909e-05,1559376000,6.968e-05,6.874e-05,6.96e-05,179.29865727,0.012359,6.892e-05,0.040203056666666875,0.0650153292307692,0.11480232970588228,6.913333333333345e-05,6.945615384615385e-05,7.098235294117648e-05
248,6.849e-05,1559383200,6.892e-05,6.849e-05,6.892e-05,446.59980763,0.03058887,6.849e-05,0.02111062333333354,0.043551142307692275,0.10510368558823521,6.889666666666678e-05,6.939076923076925e-05,7.087941176470589e-05
249,6.89e-05,1559390400,6.917e-05,6.887e-05,6.887e-05,60.07002149,0.0041428,6.896e-05,0.01569689000000021,0.039561784615384586,0.08419352823529402,6.882666666666677e-05,6.931692307692308e-05,7.07608823529412e-05
250,7.025e-05,1559397600,7.025e-05,6.947e-05,6.947e-05,358.50445361,0.02507907,6.995e-05,0.01993691333333354,0.04011687769230766,0.08492820676470579,6.921333333333343e-05,6.936307692307694e-05,7.066500000000002e-05
251,7.142e-05,1559404800,7.258e-05,7.002e-05,7.025e-05,2520.27347468,0.17970375,7.13e-05,0.06964187333333353,0.04434657769230766,0.08967191176470578,7.01900000000001e-05,6.94823076923077e-05,7.057382352941178e-05
252,7.111e-05,1559412000,7.142e-05,7.111e-05,7.142e-05,4.86583727,0.0003467,7.125e-05,0.06837650666666688,0.04262473230769227,0.08622576235294108,7.092666666666677e-05,6.95923076923077e-05,7.052411764705885e-05
