,close,date,high,low,open,quoteVolume,volume,weightedAverage,avg_vol_3,avg_vol_13,avg_vol_34,avg_close_3,avg_close_13,avg_close_34
0,0.00399046,1558009086,0.00399046,0.00399046,0.00399046,0.0,0.0,0.00399046,-99999.0,-99999.0,-99999.0,-99999.0,-99999.0,-99999.0
1,0.00408953,1558015200,0.00408953,0.00399458,0.00399458,438.3437994,1.76859432,0.00403471,-99999.0,-99999.0,-99999.0,-99999.0,-99999.0,-99999.0
2,0.00409589,1558022400,0.00411688,0.00405123,0.00408954,290.28087726,1.18696203,0.00408901,0.98518545,-99999.0,-99999.0,0.004058626666666666,-99999.0,-99999.0
3,0.003961,1558029600,0.00409589,0.00387993,0.00407346,3030.82122442,12.00434986,0.00396075,4.9866354033333335,-99999.0,-99999.0,0.004048806666666666,-99999.0,-99999.0
4,0.00389126,1558036800,0.00398705,0.00382179,0.00394758,1717.23532534,6.71413924,0.00390985,6.635150376666668,-99999.0,-99999.0,0.003982716666666666,-99999.0,-99999.0
5,0.00387799,1558044000,0.00393308,0.00387799,0.00389126,704.53121271,2.75468065,0.00390994,7.157723250000001,-99999.0,-99999.0,0.003910083333333333,-99999.0,-99999.0
6,0.00383,1558051200,0.00388202,0.00376843,0.00387799,1774.93220549,6.79635011,0.00382907,5.421723333333335,-99999.0,-99999.0,0.003866416666666666,-99999.0,-99999.0
7,0.00381524,1558058400,0.00387349,0.00376587,0.00380914,663.58008259,2.53806652,0.0038248,4.029699093333336,-99999.0,-99999.0,0.0038410766666666664,-99999.0,-99999.0
8,0.00388263,1558065600,0.00391082,0.00381821,0.00381906,300.65348648,1.1630598,0.00386843,3.499158810000002,-99999.0,-99999.0,0.003842623333333333,-99999.0,-99999.0
9,0.00384357,1558072800,0.00388452,0.00383002,0.00388334,31.21702598,0.12018135,0.00384986,1.2737692233333353,-99999.0,-99999.0,0.003847146666666667,-99999.0,-99999.0
10,0.00391003,1558080000,0.00391003,0.00384422,0.00384741,34.80186407,0.13527892,0.00388711,0.47284002333333525,-99999.0,-99999.0,0.0038787433333333336,-99999.0,-99999.0
11,0.00381517,1558087200,0.00391,0.00381517,0.00391,201.43387388,0.77585448,0.00385165,0.34377158333333524,-99999.0,-99999.0,0.003856256666666667,-99999.0,-99999.0
12,0.0038791,1558094400,0.0038791,0.00379,0.00381899,214.73674371,0.81854298,0.00381184,0.5765587933333353,2.8289277123076917,-99999.0,0.0038681000000000006,0.00391399,-99999.0
13,0.00389402,1558101600,0.00389402,0.0038119,0.00388707,85.14205192,0.32824109,0.00385521,0.6408795166666686,2.854177026923076,-99999.0,0.0038627633333333336,0.003906571538461538,-99999.0
14,0.00384914,1558108800,0.00389525,0.00383768,0.00387159,197.29129934,0.76374379,0.00387114,0.636842620000002,2.776880832307692,-99999.0,0.0038740866666666673,0.0038880799999999995,-99999.0
15,0.0038478,1558116000,0.0038716,0.00384779,0.00387159,150.39898575,0.57889947,0.00384909,0.556961450000002,2.7301067892307693,-99999.0,0.0038636533333333343,0.0038689961538461532,-99999.0
16,0.00381131,1558123200,0.00388,0.00381005,0.00387536,244.66519597,0.93453971,0.00381966,0.7590609900000019,1.878582931538462,-99999.0,0.003836083333333334,0.003857481538461538,-99999.0
17,0.00391,1558130400,0.00392817,0.00380892,0.00381004,481.55403035,1.86195037,0.00386654,1.125129850000002,1.5053376338461544,-99999.0,0.0038563700000000013,0.0038589230769230766,-99999.0
18,0.00393858,1558137600,0.004,0.00389239,0.00392508,854.03219445,3.35723479,0.00393104,2.0512416233333357,1.5516879523076927,-99999.0,0.0038866300000000016,0.0038635838461538456,-99999.0
19,0.00395189,1558144800,0.00396688,0.00392169,0.00394307,20.84586902,0.08202133,0.00393465,1.7670688300000021,1.0352011230769236,-99999.0,0.003933490000000001,0.0038729599999999995,-99999.0
20,0.00392596,1558152000,0.00396689,0.00391898,0.00395189,45.84210391,0.18118301,0.00395232,1.2068130433333355,0.853902391538462,-99999.0,0.003938810000000001,0.0038814769230769226,-99999.0
21,0.00392596,1558159200,0.00392596,0.00391646,0.00392396,61.65702776,0.24162579,0.00391886,0.16827671000000213,0.783022852307693,-99999.0,0.003934603333333334,0.00388481,-99999.0
22,0.0039307,1558166400,0.003966,0.00391615,0.00392596,116.77975683,0.46139214,0.00395096,0.29473364666666885,0.8092698361538468,-99999.0,0.00392754,0.003891512307692308,-99999.0
23,0.00392669,1558173600,0.00397216,0.00392669,0.00396101,21.70232682,0.08570357,0.00394905,0.26290716666666886,0.8054563476923083,-99999.0,0.003927783333333334,0.0038927938461538465,-99999.0
24,0.00397124,1558180800,0.00397124,0.00392182,0.0039236,23.41897105,0.09241268,0.00394606,0.2131694633333355,0.7528839015384623,-99999.0,0.003942876666666668,0.003904799230769231,-99999.0
25,0.00393858,1558188000,0.00399,0.00393778,0.00397214,319.77426393,1.2658447,0.00395855,0.4813203166666688,0.7872917261538469,-99999.0,0.003945503333333335,0.003909374615384616,-99999.0
26,0.00399,1558195200,0.00399,0.00391383,0.00393207,128.13314694,0.50851834,0.00396867,0.6222585733333355,0.8011592069230777,-99999.0,0.003966606666666668,0.003916757692307693,-99999.0
27,0.0039805,1558202400,0.004,0.00395911,0.00399071,8.79796661,0.03489427,0.00396617,0.6030857700000021,0.7450938592307701,-99999.0,0.003969693333333334,0.003926862307692308,-99999.0
28,0.00399999,1558209600,0.00399999,0.00394298,0.00395732,59.40879142,0.23644055,0.00397989,0.2599510533333355,0.7187508653846162,-99999.0,0.003990163333333335,0.003938569230769231,-99999.0
29,0.004022,1558216800,0.004022,0.00397501,0.00397501,407.08487156,1.63129487,0.00400725,0.6342098966666689,0.772347416153847,-99999.0,0.004000830000000001,0.003954776153846155,-99999.0
30,0.00395107,1558224000,0.00401961,0.00395107,0.00401961,20.67563591,0.0820733,0.00396956,0.6499362400000023,0.6354337953846161,-99999.0,0.003991020000000002,0.003957935384615386,-99999.0
31,0.00394176,1558231200,0.00401476,0.00394176,0.00398521,59.95707492,0.23776631,0.0039656,0.6503781600000023,0.39547468153846227,-99999.0,0.003971610000000002,0.003958180000000001,-99999.0
32,0.0039704,1558238400,0.0040001,0.00392669,0.00394176,138.99897072,0.55299921,0.00397844,0.2909462733333356,0.43170374923077,-99999.0,0.003954410000000002,0.003959603846153847,-99999.0
33,0.00398374,1558245600,0.00398374,0.00396131,0.00397,10.06875316,0.03989571,0.00396232,0.27688707666666895,0.4208354953846162,1.4804333900000002,0.0039653000000000015,0.003964048461538463,0.003927741176470588
34,0.00396249,1558252800,0.0040001,0.00393701,0.00400009,1920.31871495,7.6142905,0.00396511,2.7357284733333356,0.9879635500000007,1.7043831105882357,0.003972210000000001,0.003966858461538463,0.003926918529411765
35,0.003858,1558260000,0.0039622,0.003858,0.0039622,124.56019689,0.48717631,0.00391117,2.7137875066666695,0.9899469476923085,1.6666943455882357,0.003934743333333335,0.003961266153846155,0.003920108823529412
36,0.00382692,1558267200,0.00387776,0.0038,0.003858,134.7918332,0.51575862,0.00382633,2.8724084766666693,1.0230281053846162,1.6469530688235299,0.0038824700000000024,0.0039535915384615395,0.003912197941176471
37,0.00382184,1558274400,0.00387752,0.00382184,0.00384068,363.07178131,1.38924728,0.00382637,0.7973940700000025,1.122784613076924,1.3347441694117652,0.0038355866666666696,0.003942099230769231,0.003908105000000001
38,0.00384916,1558281600,0.0038972,0.00384914,0.00384914,6.68193205,0.02586096,0.00387028,0.6436222866666693,1.0274012484615391,1.1380301023529418,0.003832640000000003,0.00393522076923077,0.003906866764705883
39,0.00378109,1558288800,0.00386498,0.00376227,0.00383733,257.04370956,0.9770731,0.00380119,0.7973937800000025,1.063443922307693,1.0857475273529418,0.003817363333333336,0.00391915076923077,0.003904016764705882
40,0.00370321,1558296000,0.00377395,0.00368731,0.00376337,194.2947831,0.72249396,0.00371854,0.5751426733333359,1.1163362061538467,0.9071046994117654,0.003777820000000003,0.00389782076923077,0.0039002876470588237
41,0.00366087,1558303200,0.00374083,0.00365188,0.00370321,124.91107851,0.46125289,0.00369265,0.7202733166666692,1.1336294630769237,0.8460219455882361,0.00371505666666667,0.003871734615384616,0.0038957473529411773
42,0.00365,1558310400,0.00369892,0.00362672,0.00368969,718.21226796,2.61617626,0.00364262,1.266641036666669,1.2093895700000008,0.8887606650000007,0.0036713600000000033,0.0038431192307692317,0.0038889052941176476
43,0.00357743,1558317600,0.00366964,0.0035694,0.00365352,200.19334829,0.72109541,0.00360199,1.2661748533333357,1.2585451169230775,0.9064346079411773,0.0036294333333333362,0.0038143776923076932,0.0038810776470588238
44,0.00359542,1558324800,0.00361994,0.00354988,0.00356535,209.53056009,0.74781771,0.00356901,1.3616964600000026,1.2977798400000005,0.924450454705883,0.0036076166666666695,0.003787736153846155,0.0038718244117647055
45,0.0036436,1558332000,0.00369073,0.00356351,0.00359968,761.83403962,2.78812741,0.00365975,1.4190135100000028,1.4697127784615391,0.9836349526470595,0.0036054833333333362,0.003762597692307693,0.003866778235294117
46,0.00364673,1558339200,0.00367622,0.00362476,0.00367622,51.63137428,0.18794007,0.00364003,1.241295063333336,1.4811008061538469,0.965087808235295,0.0036285833333333365,0.003736673846153847,0.003859943823529411
47,0.00368557,1558346400,0.00368582,0.00363944,0.00363944,42.08783567,0.15475597,0.00367697,1.0436078166666694,0.9072904576923084,0.9599853047058832,0.0036586333333333363,0.0037153723076923085,0.00385381294117647
48,0.00365188,1558353600,0.00371784,0.003648,0.00366648,669.22486382,2.46136381,0.00367793,0.9346866166666694,1.0591510346153852,1.0099153052941185,0.003661393333333336,0.0036995169230769243,0.0038480111764705874
49,0.00364986,1558360800,0.00368455,0.00364946,0.00368327,142.61318403,0.52399522,0.00367424,1.0467050000000029,1.0597846192307698,1.0083004744117656,0.003662436666666669,0.003685896923076924,0.003842189411764705
50,0.003663,1558368000,0.00370765,0.00365569,0.00367798,62.1190991,0.22974592,0.00369847,1.071701650000003,0.9705922069230776,0.9875712452941184,0.003654913333333336,0.0036736784615384625,0.003837827352941175
51,0.00371043,1558375200,0.00373737,0.00365541,0.00367234,146.53698402,0.54402054,0.00371251,0.43258722666666954,1.0104506361538468,0.9488086032352948,0.003674430000000003,0.0036630069230769243,0.003831957647058822
52,0.00369741,1558382400,0.00373736,0.00368455,0.00370469,231.95823007,0.85545014,0.00368794,0.5430722000000029,1.0010950238461545,0.8752267017647066,0.003690280000000003,0.003656570000000001,0.0038248644117647047
53,0.00368455,1558389600,0.00371893,0.00368455,0.00368456,261.4093479,0.96401774,0.00368777,0.7878294733333361,1.0196737761538468,0.9011677726470595,0.0036974633333333364,0.0036551346153846165,0.0038170014705882346
54,0.00372749,1558396800,0.00376582,0.00368455,0.00368455,100.62157251,0.37559931,0.00373279,0.7316890633333362,1.0130850392307698,0.9068858991176477,0.0037031500000000036,0.0036602592307692318,0.003811164117647058
55,0.00372648,1558404000,0.0037704,0.0037133,0.00371913,73.25944439,0.27338693,0.00373176,0.5376679933333363,0.832870475384616,0.9078200502941183,0.0037128400000000037,0.0036661423076923085,0.0038052970588235285
56,0.00369479,1558411200,0.00375721,0.00369479,0.00372626,22.032821,0.08216992,0.00372943,0.24371872000000286,0.7837223607692313,0.8966664555882359,0.003716253333333337,0.0036751700000000006,0.0037983585294117635
57,0.00368455,1558418400,0.00371245,0.00368455,0.00369277,225.36920088,0.83062171,0.0036856,0.3953928533333362,0.79009189923077,0.9185758126470593,0.003701940000000004,0.0036820261538461543,0.0037912367647058814
58,0.00369,1558425600,0.00371892,0.00369,0.00371683,18.12994583,0.06734285,0.00371445,0.32671149333333616,0.5808007792307699,0.9178384647058829,0.0036897800000000036,0.0036855953846153854,0.0037829649999999992
59,0.00368455,1558432800,0.00371594,0.00368455,0.00371594,59.62117115,0.21969525,0.00368485,0.3725532700000029,0.583243485384616,0.8870693632352947,0.00368636666666667,0.003688504615384616,0.0037754935294117644
60,0.00371217,1558440000,0.00374613,0.00368455,0.00368455,398.30915386,1.47874288,0.00371255,0.5885936600000029,0.6850886323076929,0.9156053791176477,0.003695573333333337,0.00369055076923077,0.003767322058823529
61,0.00375353,1558447200,0.00375672,0.00368455,0.00369479,213.12928706,0.79636212,0.00373652,0.8316000833333361,0.5570115792307698,0.9380014923529418,0.003716750000000003,0.0036983700000000003,0.003760646470588235
62,0.00372447,1558454400,0.00373741,0.00368905,0.00371683,21.59628282,0.0801583,0.00371167,0.7850877666666695,0.5228702776923083,0.933404955588236,0.00373005666666667,0.0037041092307692315,0.0037525429411764703
63,0.00372248,1558461600,0.0037374,0.0036811,0.00373046,168.87516,0.62485265,0.00370008,0.5004576900000027,0.5532631030769237,0.90380371382353,0.0037334933333333362,0.003708684615384616,0.0037437335294117644
64,0.0037157,1558468800,0.003717,0.00368375,0.003717,88.42837921,0.32696718,0.00369753,0.3439927100000027,0.5365666907692314,0.9110064750000005,0.0037208833333333365,0.003709090000000001,0.0037368108823529404
65,0.00373415,1558476000,0.00373742,0.00364537,0.0037157,1249.21184056,4.60636923,0.00368742,1.8527296866666694,0.8250989284615391,1.0394947961764713,0.003724110000000003,0.0037119161538461546,0.003730704705882352
66,0.00372046,1558483200,0.00373104,0.00367659,0.0037135,24.14195893,0.0894845,0.00370659,1.6742736366666693,0.7578271407692314,1.025862010588236,0.00372343666666667,0.0037146784615384623,0.003723353529411764
67,0.00369957,1558490400,0.00374268,0.00367798,0.003708,86.77522828,0.3226666,0.00371841,1.6728401100000028,0.7537553938461544,1.0341788014705886,0.0037180600000000026,0.00371253076923077,0.0037149955882352934
68,0.00368961,1558497600,0.00373742,0.00368258,0.00373742,51.45415356,0.19006612,0.00369389,0.200739073333336,0.7473461007692314,0.8158192608823532,0.0037032133333333357,0.003709694615384617,0.003706969705882352
69,0.00365721,1558504800,0.00369568,0.00365705,0.00368373,50.8160411,0.18659323,0.00367193,0.23310865000000267,0.7553786630769236,0.8069785820588239,0.0036821300000000026,0.0037068038461538478,0.003701064117647058
70,0.00361549,1558512000,0.00369148,0.00361549,0.00365721,470.95147015,1.71523598,0.00364206,0.6972984433333359,0.8234259146153852,0.8422573279411768,0.0036541033333333368,0.00370149153846154,0.0036948455882352925
71,0.00365587,1558519200,0.00365965,0.00361352,0.00361549,108.26690832,0.39404466,0.00363956,0.7652912900000026,0.8485568230769237,0.8129866626470591,0.00364285666666667,0.0036988661538461553,0.003689964117647058
72,0.00362573,1558526400,0.00367333,0.00361768,0.00362578,106.4354192,0.38652065,0.0036315,0.8319337633333359,0.8613895461538467,0.8235943005882357,0.0036323633333333375,0.00369434153846154,0.0036833926470588225
73,0.003691,1558533600,0.00369641,0.00362573,0.003649,149.25193056,0.54764725,0.00366928,0.4427375200000026,0.789766805384616,0.8109641285294122,0.0036575333333333376,0.0036927130769230784,0.00368074294117647
74,0.003685,1558540800,0.0036986,0.00365468,0.00368939,94.43541498,0.34810117,0.00368612,0.427423023333336,0.7552851938461544,0.7999525758823534,0.0036672433333333376,0.0036874415384615397,0.0036802073529411754
75,0.00371681,1558548000,0.00371681,0.003685,0.003685,225.84283184,0.83564134,0.0037001,0.5771299200000026,0.8133992738461544,0.8109640008823532,0.0036976033333333373,0.003686852307692309,0.0036818526470588217
76,0.003685,1558555200,0.00369036,0.003685,0.00369036,80.48772046,0.29661412,0.0036852,0.49345221000000267,0.7881501561538466,0.7427415850000003,0.0036956033333333375,0.0036839692307692323,0.003682882058823528
77,0.00365222,1558562400,0.00369972,0.00364824,0.003685,272.37847052,1.001937,0.00367847,0.7113974866666694,0.840070911538462,0.7510016317647062,0.003684676666666671,0.0036790861538461552,0.0036850817647058813
78,0.00366004,1558569600,0.00368718,0.00358255,0.00365222,569.28938764,2.06127545,0.00362078,1.1199421900000028,0.6442944669230773,0.7896327417647063,0.0036657533333333374,0.0036733853846153863,0.003686982352941176
79,0.00359045,1558576800,0.00367797,0.0035893,0.00367797,24.12333862,0.08770931,0.00363586,1.0503072533333362,0.6441579138461543,0.7102086800000004,0.003634236666666671,0.003663384615384617,0.003685419117647058
80,0.00354903,1558584000,0.00363123,0.0035233,0.0036079,125.84348691,0.44861119,0.00356483,0.8658653166666695,0.6538459592307697,0.7178754776470593,0.0035998400000000048,0.003651804615384617,0.003682545588235294
81,0.00340134,1558591200,0.00352798,0.00339181,0.00352798,407.81946755,1.4169471,0.00347444,0.6510892000000027,0.7482214192307696,0.7549987461764711,0.003513606666666671,0.0036296300000000017,0.003674185882352941
82,0.00343997,1558598400,0.003464,0.00339133,0.00341153,47.71466231,0.16340375,0.0034246,0.6763206800000027,0.7464376130769235,0.6874116855882358,0.0034634466666666713,0.0036129192307692323,0.0036679532352941174
83,0.00347844,1558605600,0.00347844,0.00342128,0.00342923,93.28108977,0.32332665,0.00346615,0.6345591666666693,0.639367664615385,0.6815096688235299,0.0034399166666666714,0.003602376923076925,0.003662911470588235
84,0.00350391,1558612800,0.00351987,0.00344718,0.00347844,118.36056336,0.41387861,0.00349676,0.300203003333336,0.6408933530769233,0.6869253361764711,0.003474106666666672,0.003590687692307694,0.0036582323529411763
85,0.00344,1558620000,0.00352319,0.00339903,0.00351193,271.31520268,0.93700735,0.00345357,0.5580708700000027,0.6832384838461542,0.6984837717647066,0.003474116666666672,0.0035764007692307706,0.0036502785294117643
86,0.00346192,1558627200,0.00351005,0.00341809,0.00344,447.03537931,1.55349669,0.0034751,0.9681275500000027,0.7606115176923078,0.7190145526470595,0.003468610000000005,0.0035587792307692325,0.0036433523529411757
87,0.00351011,1558634400,0.00351695,0.00346203,0.00349,127.34651859,0.44544388,0.00349788,0.9786493066666694,0.7680994184615386,0.7037623802941183,0.003470676666666672,0.003545326153846155,0.003638221764705882
88,0.00352295,1558641600,0.00352477,0.00348505,0.00349167,32.19738119,0.11332904,0.00351982,0.7040898700000028,0.712536933846154,0.6960485488235302,0.0034983266666666723,0.003530413846153847,0.003632205882352941
89,0.00347415,1558648800,0.00352083,0.00344797,0.00351493,651.50775502,2.2625198,0.00347274,0.9404309066666695,0.8637604476923079,0.7545524567647066,0.003502403333333339,0.0035141946153846165,0.003624784411764706
90,0.0035356,1558656000,0.0035591,0.00347348,0.00350889,388.32549918,1.36098705,0.00350475,1.2456119633333362,0.8913796823076925,0.7921647252941184,0.0035109000000000056,0.0035052238461538475,0.0036201023529411763
91,0.0034969,1558663200,0.0035356,0.00345536,0.00353358,246.29595472,0.85657175,0.00347781,1.4933595333333363,0.7987101669230772,0.7929279617647067,0.0035022166666666722,0.0034926746153846164,0.0036145832352941177
92,0.00347575,1558670400,0.00350692,0.00345847,0.00349803,96.71369787,0.33769595,0.0034917,0.851751583333336,0.8179399084615387,0.8008795235294126,0.0035027500000000054,0.0034838515384615393,0.003608281764705883
93,0.00348286,1558677600,0.00348788,0.00346268,0.00347576,67.58561162,0.23511971,0.00347884,0.4764624700000027,0.8015174869230772,0.8013331841176479,0.003485170000000005,0.0034787615384615387,0.003602349705882354
94,0.00351394,1558684800,0.00352195,0.00347123,0.00347123,106.03950322,0.37181412,0.00350637,0.31487659333333606,0.7211226423076926,0.7687764558823538,0.003490850000000005,0.003487423076923077,0.003596519411764707
95,0.0035,1558692000,0.00353599,0.00348365,0.00351394,302.06675649,1.06215305,0.00351628,0.556362293333336,0.7902572038461542,0.7765938361764713,0.003498933333333338,0.0034920407692307694,0.0035890626470588237
96,0.003525,1558699200,0.003525,0.00348105,0.00349999,57.77965562,0.20285456,0.00351083,0.545607243333336,0.7809901200000003,0.780202549705883,0.0035129800000000045,0.003495622307692308,0.0035831958823529415
97,0.00353,1558706400,0.00355204,0.00351244,0.003525,344.58327989,1.21632663,0.00352984,0.8271114133333359,0.8427168907692312,0.7975988432352947,0.003518333333333338,0.0034976292307692313,0.0035775347058823533
98,0.00350291,1558713600,0.00355514,0.00348402,0.00355195,170.41882385,0.59940178,0.00351722,0.6728609900000025,0.816747231538462,0.805611625588236,0.003519303333333338,0.003502468461538462,0.0035712761764705885
99,0.00346713,1558720800,0.00351544,0.00344581,0.00350291,665.69022894,2.31406335,0.00347618,1.376597253333336,0.8752523592307697,0.7381908644117655,0.003500013333333338,0.003502869230769231,0.0035634226470588233
100,0.00345616,1558728000,0.00350999,0.00344264,0.00347199,60.56264287,0.20981398,0.00346441,1.041093036666669,0.8571269823076928,0.7417299667647066,0.003475400000000005,0.0034987192307692314,0.003555649117647059
101,0.00348166,1558735200,0.00348166,0.00344534,0.00345616,36.89164447,0.12737278,0.00345261,0.8837500366666692,0.8582072700000005,0.7359860308823537,0.003468316666666672,0.0034955430769230775,0.00354924
102,0.00353097,1558742400,0.00353097,0.00346314,0.00348165,346.95352447,1.21493222,0.00350171,0.5173729933333356,0.7776236100000005,0.766129151470589,0.0034895966666666713,0.0034999138461538465,0.0035445741176470588
103,0.00349824,1558749600,0.003535,0.00347745,0.00351715,178.71311267,0.62621668,0.00350403,0.6561738933333358,0.7211028123076928,0.7790592529411772,0.003503623333333338,0.0034970400000000003,0.003539898529411765
104,0.00353545,1558756800,0.00353715,0.00349958,0.00349958,94.77735,0.33266683,0.00350998,0.7246052433333358,0.6808024338461544,0.7383954544117655,0.003521553333333338,0.0035000053846153856,0.0035375444117647058
105,0.00351219,1558764000,0.00353713,0.0035001,0.00350882,14.35252457,0.05038947,0.00351084,0.3364243266666691,0.658701935384616,0.7282879488235302,0.003515293333333338,0.0035028084615384624,0.0035333185294117646
106,0.00353715,1558771200,0.00353715,0.0034854,0.00353705,371.96924102,1.30782301,0.00351594,0.5636264366666691,0.7412175738461545,0.7553850770588243,0.003528263333333338,0.0035069846153846164,0.003530713235294118
107,0.00350254,1558778400,0.00353715,0.00349803,0.00353715,63.91660398,0.22407437,0.00350573,0.5274289500000026,0.7298529776923084,0.7458682276470595,0.003517293333333338,0.0035061076923076934,0.003525170294117647
108,0.00350787,1558785600,0.0035231,0.00346771,0.00349376,173.46015654,0.6026836,0.00347447,0.711526993333336,0.6945091738461546,0.7533559461764713,0.0035158533333333377,0.003506713076923078,0.003519960588235294
109,0.00346738,1558792800,0.00350771,0.00346738,0.00350771,20.9710998,0.07342714,0.00350134,0.3000617033333361,0.6845532184615392,0.7309378814705889,0.0034925966666666717,0.00350228076923077,0.0035126244117647063
110,0.00347058,1558800000,0.00348748,0.00344026,0.00346786,207.59465398,0.71836651,0.00346042,0.46482575000000276,0.6462485938461545,0.7433423635294124,0.0034819433333333383,0.003497710000000001,0.003506317941176471
111,0.00348769,1558807200,0.00349481,0.00343907,0.00347059,22.50563714,0.07847695,0.00348699,0.29009020000000274,0.6061774530769238,0.71618177382353,0.0034752166666666717,0.003496539230769232,0.0035014788235294123
112,0.00347221,1558814400,0.00349989,0.00345698,0.00348769,38.86504408,0.13546368,0.00348548,0.31076904666666944,0.43859286307692386,0.6595402511764712,0.003476826666666672,0.003496930000000002,0.0034959544117647064
113,0.0034962,1558821600,0.00349648,0.00346743,0.00346743,39.36303766,0.13742105,0.00349111,0.11712056000000275,0.433024176153847,0.6610023611764712,0.003485366666666672,0.0035000100000000017,0.003493182352941177
114,0.00350004,1558828800,0.00350004,0.0034773,0.0034773,15.30914442,0.05330199,0.0034817,0.10872890666666941,0.42732642307692387,0.6493756200000006,0.0034894833333333386,0.003501423846153848,0.0034917414705882364
115,0.0034723,1558836000,0.00349473,0.00345728,0.00348944,135.41345135,0.46952093,0.00346731,0.22008132333333608,0.3699870930769239,0.6215101444117653,0.0034895133333333384,0.003496910769230771,0.0034938285294117653
116,0.00348687,1558843200,0.00350203,0.00346744,0.0034723,102.26257504,0.35646898,0.00348582,0.2930973000000028,0.3492372700000008,0.6271885335294123,0.0034864033333333387,0.003496036153846156,0.0034952079411764716
117,0.00349157,1558850400,0.00349157,0.00345493,0.00347221,16.01296773,0.05560816,0.00347269,0.2938660233333361,0.32792506461538545,0.6193144602941182,0.003483580000000005,0.003492660769230771,0.00349559411764706
118,0.00348299,1558857600,0.00348585,0.00344851,0.00347648,6.93573112,0.02402587,0.00346407,0.14536767000000278,0.3258970953846162,0.6078482032352946,0.003487143333333338,0.0034904146153846172,0.0034949788235294128
119,0.0034478,1558864800,0.00348082,0.0034478,0.00348082,31.07089544,0.10764651,0.00346454,0.06242684666666944,0.23357582615384703,0.5834552373529417,0.0034741200000000055,0.00348354153846154,0.003495208235294119
120,0.00347206,1558872000,0.00347206,0.00343925,0.00344686,43.08843276,0.14890345,0.00345576,0.09352527666666943,0.22779344769230858,0.5421436714705887,0.0034676166666666717,0.0034811969230769246,0.0034955064705882366
121,0.00347243,1558879200,0.0034742,0.00344805,0.00347268,69.3480791,0.24045743,0.00346739,0.16566913000000275,0.1999298961538471,0.5361146582352946,0.003464096666666672,0.0034784707692307707,0.003494398235294119
122,0.00343123,1558886400,0.00347241,0.00342324,0.00347241,285.38204421,0.98328594,0.0034455,0.4575489400000028,0.2699190346153855,0.5617016258823534,0.0034585733333333383,0.0034756900000000013,0.0034917005882352955
123,0.00331143,1558893600,0.00344172,0.00331,0.00343123,940.88306138,3.17292577,0.00337228,1.4655563800000027,0.4587312853846163,0.588478272058824,0.0034050300000000055,0.0034634476923076935,0.0034869147058823546
124,0.00330914,1558900800,0.00335339,0.00318586,0.00330964,581.45587529,1.9059674,0.00327792,2.0207263700000024,0.5993074738461548,0.6045071058823535,0.0033506000000000057,0.0034497130769230782,0.0034802541176470604
125,0.00327621,1558908000,0.00330915,0.0032014,0.00330914,169.13870674,0.54924654,0.00324731,1.8760465700000026,0.6311369246153855,0.5954681291176476,0.003298926666666672,0.0034346361538461555,0.003473763235294119
126,0.00338971,1558915200,0.00340376,0.00326574,0.00327621,899.1079641,2.96039522,0.00329259,1.8052030533333363,0.8482887838461548,0.6726063429411768,0.0033250200000000053,0.003426444615384617,0.0034712326470588252
127,0.0033813,1558922400,0.00341994,0.00334844,0.00335343,125.6390159,0.42724847,0.0034006,1.3122967433333363,0.8770538976923087,0.6782571888235298,0.003349073333333339,0.00341731076923077,0.003468245588235296
128,0.00335396,1558929600,0.00338175,0.00333391,0.0033813,170.50828412,0.56996875,0.00334276,1.3192041466666697,0.884780653076924,0.684085266176471,0.0033749900000000052,0.0034082076923076937,0.003463540294117649
129,0.00325571,1558936800,0.00335216,0.00321995,0.00335216,1283.2762587,4.19872961,0.00327188,1.7319822766666697,1.180339163076924,0.7763375179411769,0.0033303233333333384,0.003390426153846155,0.0034563552941176486
130,0.00323724,1558944000,0.00325562,0.00320204,0.00322971,509.39330355,1.64632287,0.00323192,2.138340410000003,1.302701833076924,0.8187924682352946,0.0032823033333333387,0.003370862307692309,0.003447891764705884
131,0.00326666,1558951200,0.00326858,0.00323316,0.00323724,57.62002549,0.18692379,0.00324407,2.0106587566666696,1.3152324423076935,0.7885159141176475,0.0032532033333333384,0.00335422153846154,0.0034401464705882366
132,0.00326193,1558958400,0.00326666,0.00322793,0.00326666,35.63035887,0.11555448,0.00324314,0.6496003800000031,1.315840747692309,0.774285111176471,0.0032552766666666716,0.003339923846153848,0.003433058823529413
133,0.00324967,1558965600,0.00327117,0.00321656,0.00323263,200.41382024,0.64629933,0.00322482,0.316259200000003,1.3541019692307708,0.7252332282352946,0.0032594200000000046,0.003322816923076925,0.003426662941176472
134,0.00333532,1558972800,0.00334475,0.00324967,0.00324967,225.98790793,0.74665862,0.00330397,0.5028374766666697,1.393040522307694,0.7410227764705888,0.0032823066666666715,0.003312270000000002,0.0034231088235294133
135,0.00335153,1558980000,0.00336346,0.00330853,0.00331839,946.89176378,3.15876807,0.00333593,1.5172420066666696,1.5603853015384634,0.8301814614705887,0.003312173333333338,0.0033061392307692328,0.003419281470588237
136,0.0033303,1558987200,0.00335389,0.00329317,0.0033491,324.00814421,1.07103208,0.00330557,1.6588195900000031,1.3987011715384634,0.8259491044117651,0.003339050000000005,0.0033075907692307715,0.0034133794117647076
137,0.00332368,1558994400,0.0033301,0.00329506,0.00329771,67.08820955,0.22186448,0.00330705,1.4838882100000033,1.269154793076925,0.8140563926470593,0.0033351700000000054,0.003308709230769233,0.0034082452941176485
138,0.00329933,1559001600,0.00334297,0.00329835,0.00333185,106.36170941,0.35282009,0.00331717,0.5485722166666699,1.254045066153848,0.8146491355882358,0.003317770000000005,0.003310487692307695,0.003401300588235296
139,0.00331008,1559008800,0.0033359,0.00328225,0.00329772,190.65671529,0.6286236,0.00329714,0.4011027233333366,1.0746780184615405,0.8316560217647064,0.003311030000000005,0.0033043623076923104,0.0033953561764705903
140,0.00329109,1559016000,0.003309,0.00326997,0.003309,30.31533456,0.09950783,0.00328242,0.36031717333333657,1.049467200000002,0.7961173400000006,0.003300166666666672,0.0032974230769230797,0.0033881191176470607
141,0.00326352,1559023200,0.00328682,0.00325117,0.00326997,40.77457639,0.13325013,0.00326797,0.28712718666666986,1.0158734600000021,0.7934460388235299,0.0032882300000000053,0.0032904661538461564,0.003381089117647061
142,0.00324291,1559030400,0.00328367,0.00323933,0.0032641,69.39240567,0.22600693,0.00325694,0.15292163000000325,0.7102794076923099,0.7823673132352947,0.0032658400000000055,0.003289481538461541,0.0033732961764705903
143,0.00327493,1559037600,0.00327686,0.00323969,0.00324724,15.42032974,0.05007137,0.0032471,0.13644281000000322,0.5874908307692329,0.78168037882353,0.0032604533333333388,0.0032923807692307717,0.003367635882352943
144,0.00326276,1559044800,0.00327607,0.00322963,0.00324719,1007.68362734,3.25730791,0.00323247,1.1777954033333367,0.8236742246153868,0.8563551258823536,0.003260200000000006,0.003292080769230772,0.0033615235294117665
145,0.00322173,1559052000,0.00325159,0.00321865,0.00323746,70.15240914,0.22646777,0.00322822,1.17794901666667,0.8322060161538481,0.8607077970588243,0.0032531400000000055,0.003288988461538464,0.0033537011764705905
146,0.003219,1559059200,0.00324594,0.00321857,0.00322173,100.34308,0.32397951,0.00322871,1.2692517300000035,0.807412183846156,0.8662523802941183,0.003234496666666672,0.0032866292307692333,0.003346253823529414
147,0.00324342,1559066400,0.00324554,0.00321867,0.00322001,86.59557123,0.28045608,0.00323868,0.27696778666667,0.7715504500000022,0.8704592929411772,0.0032280500000000053,0.0032795600000000017,0.0033388191176470607
148,0.00324859,1559073600,0.0032508,0.00322517,0.00323074,52.05070211,0.16866073,0.00324031,0.2576987733333367,0.5415421930769252,0.8738521970588242,0.003237003333333339,0.0032716415384615406,0.0033314235294117666
149,0.00324,1559080800,0.00325083,0.003231,0.00323824,255.43097509,0.82546854,0.00323166,0.42486178333333663,0.5226526900000021,0.8843212444117653,0.003244003333333339,0.0032646953846153866,0.0033245911764705903
150,0.00323594,1559088000,0.00323723,0.00321974,0.003231,260.28645178,0.84057819,0.00322943,0.6115691533333366,0.5702460523076944,0.8985597505882359,0.003241510000000005,0.0032579461538461557,0.0033172108823529434
151,0.00324187,1559095200,0.00324187,0.00321694,0.00321999,101.32381577,0.32690747,0.00322636,0.66431806666667,0.568252773846156,0.9065391420588241,0.003239270000000006,0.0032535261538461555,0.0033098667647058844
152,0.00324057,1559102400,0.00324186,0.00321823,0.00322761,4.10616347,0.01328867,0.00323627,0.3935914433333367,0.5209193176923098,0.9062233420588242,0.003239460000000006,0.003248179230769232,0.0033027367647058842
153,0.0032491,1559109600,0.0032491,0.00321692,0.00321823,27.63297994,0.08937136,0.00323422,0.14318916666666995,0.5201395892307714,0.9056858376470596,0.0032438466666666727,0.003244949230769232,0.0032968926470588254
154,0.00324887,1559116800,0.0032491,0.00321692,0.0032491,0.58462003,0.0018913,0.00323509,0.034850443333336624,0.5100350638461559,0.9013619508823537,0.003246180000000006,0.003243822307692309,0.0032903282352941196
155,0.00325086,1559124000,0.00325086,0.00323403,0.00324195,27.30344181,0.08871892,0.00324936,0.05999386000000329,0.4994744476923098,0.8968990535294126,0.0032496100000000056,0.003244433846153847,0.003283811470588237
156,0.0032342,1559131200,0.00326088,0.003234,0.00325086,202.8256171,0.6563929,0.00323624,0.24900104000000325,0.5461145653846174,0.887284552352942,0.003244643333333339,0.00324130076923077,0.0032780164705882376
157,0.00327739,1559138400,0.00331441,0.003234,0.0032342,492.48757738,1.61350632,0.00327623,0.7862060466666699,0.41966828923077126,0.8414192744117654,0.0032541500000000056,0.003242426153846155,0.0032770152941176494
158,0.00328494,1559145600,0.0032869,0.00325207,0.00327725,11.77507933,0.03842321,0.00326309,0.7694408100000033,0.40520332307692514,0.7864915041176479,0.0032655100000000058,0.003247288461538463,0.003276303529411767
159,0.00326167,1559152800,0.00328489,0.00325824,0.0032842,76.40661718,0.24935725,0.00326355,0.6337622600000034,0.3994631492307713,0.7776712308823538,0.0032746666666666722,0.0032505707692307706,0.003275875882352943
160,0.00325283,1559160000,0.00328443,0.00325218,0.00328443,23.90599537,0.07799077,0.00326239,0.12192374333333666,0.3838888946153868,0.6928946294117655,0.0032664800000000056,0.003251294615384617,0.003271850000000002
161,0.00329278,1559167200,0.00329278,0.00326198,0.00328427,2.85292351,0.00936602,0.00328295,0.11223801333333666,0.3716354553846175,0.680603969117648,0.003269093333333339,0.0032546938461538474,0.0032692464705882367
162,0.00335305,1559174400,0.00340581,0.00329278,0.00329278,187.3902427,0.62887576,0.00335596,0.2387441833333367,0.35651293384615595,0.682336528235295,0.003299553333333339,0.003263390000000002,0.003269219705882354
163,0.00349761,1559181600,0.0037,0.00334902,0.00335305,494.82772796,1.720652,0.00347727,0.78629792666667,0.42421091923077137,0.6094518926470597,0.0033811466666666726,0.0032835184615384633,0.0032763344117647075
164,0.00341133,1559188800,0.00352437,0.00337477,0.00349376,291.64407316,0.99482778,0.0034111,1.1147851800000035,0.47558940461538673,0.5902902723529422,0.0034206633333333392,0.0032965538461538473,0.0032814547058823544
165,0.00339971,1559196000,0.00341185,0.00336208,0.00341075,130.22516767,0.43971137,0.00337654,1.0517303833333367,0.5083911507692329,0.5977252011764715,0.0034362166666666726,0.003308795384615386,0.003285367941176472
166,0.00343929,1559203200,0.00344832,0.00336802,0.00336802,57.27210528,0.19482952,0.00340182,0.5431228900000032,0.516503316923079,0.6000568200000009,0.0034167766666666727,0.003323425384615386,0.0032905844117647074
167,0.0035011,1559210400,0.00363921,0.00340078,0.00341751,823.94325914,2.90653273,0.00352758,1.1803578733333366,0.7399372730769251,0.6665342729411773,0.0034467000000000057,0.003342827692307694,0.0032979794117647078
168,0.00348341,1559217600,0.00350734,0.00344695,0.00350734,340.20465,1.18077312,0.00347077,1.4273784566666698,0.8239414423076943,0.6793023464705891,0.003474600000000006,0.003360716153846155,0.0033023350000000017
169,0.00338183,1559224800,0.00348341,0.00338074,0.00348341,96.83364574,0.3294268,0.00340198,1.47224421666667,0.7987902038461558,0.5960864267647067,0.003455446666666673,0.003372072307692309,0.00330322617647059
170,0.00335767,1559232000,0.00338675,0.00332947,0.00338675,235.11161686,0.78894744,0.00335562,0.7663824533333368,0.7353625976923097,0.5877898197058833,0.003407636666666673,0.003378247692307694,0.00330403117647059
171,0.00336971,1559239200,0.00336971,0.00332329,0.00335606,13.02292979,0.04360236,0.00334812,0.38732553333333675,0.7357609938461559,0.5825468161764715,0.0033697366666666727,0.003384768461538463,0.003305385000000002
172,0.00335535,1559246400,0.00341286,0.00332259,0.00336971,145.95432716,0.49069826,0.00336199,0.4410826866666701,0.7543256869230791,0.586602056470589,0.0033609100000000056,0.003391974615384617,0.003307032647058825
173,0.00334169,1559253600,0.00337029,0.00330861,0.00333732,212.60203303,0.7125973,0.00335178,0.41563264000000344,0.803141573846156,0.5890718711764713,0.003355583333333339,0.0033988100000000017,0.003307962352941178
174,0.00339012,1559260800,0.00339012,0.00334169,0.00334373,106.36409767,0.35698004,0.0033562,0.5200918666666702,0.829881113846156,0.5966445832352949,0.003362386666666672,0.0034062976923076938,0.0033108750000000013
175,0.00331864,1559268000,0.00340249,0.00329618,0.00339012,68.22816614,0.22836407,0.00334706,0.43264713666667015,0.7990725223076945,0.5994420520588243,0.0033501500000000053,0.0034036507692307705,0.0033124961764705897
176,0.0033337,1559275200,0.00334141,0.00329284,0.00331149,72.42486214,0.23989011,0.00331226,0.2750780733333368,0.6851677615384637,0.5998503808823538,0.003347486666666672,0.003391042307692309,0.0033151664705882364
177,0.00333666,1559282400,0.00334096,0.00330921,0.0033337,93.1150607,0.31078945,0.00333769,0.25968121000000344,0.6325494284615407,0.6075185597058832,0.003329666666666672,0.003385298461538463,0.0033169820588235307
178,0.00333666,1559289600,0.00333666,0.00332086,0.00333666,2.7779097,0.00926797,0.00333631,0.1866491766666701,0.5994383976923099,0.5119879732352949,0.003335673333333339,0.003380448461538463,0.0033191555882352954
179,0.00329855,1559296800,0.00334278,0.00329617,0.00333666,329.72166558,1.09066636,0.00330783,0.47024126000000344,0.6683489238461559,0.5374055788235301,0.0033239566666666723,0.003369622307692309,0.003321415000000001
180,0.00333153,1559304000,0.00333153,0.00329618,0.00329855,98.45123202,0.32682929,0.0033197,0.47558787333333674,0.46991019769230963,0.5374893958823537,0.0033222466666666724,0.003356578461538463,0.003324724705882354
181,0.00330969,1559311200,0.00338436,0.00330969,0.00333153,165.94098388,0.55546187,0.00334734,0.6576525066666701,0.4218093323076943,0.5455778014705889,0.0033132566666666725,0.0033432153846153856,0.003326673823529413
182,0.0033228,1559318400,0.00332818,0.00329276,0.00330969,24.40108009,0.08056079,0.00330152,0.3209506500000034,0.40266579307692507,0.5429866267647065,0.003321340000000006,0.0033386746153846163,0.0033288564705882366
183,0.00332374,1559325600,0.00332443,0.0032848,0.00330948,322.53018695,1.06303973,0.00329593,0.5663541300000033,0.4237498153846173,0.549974014705883,0.003318743333333339,0.0033360646153846162,0.0033313194117647075
184,0.00325839,1559332800,0.00331997,0.00325031,0.00329546,185.96232622,0.60983056,0.00327932,0.5844770266666701,0.46730583076923266,0.5431873197058831,0.0033016433333333387,0.0033275015384615397,0.0033319797058823544
185,0.00329819,1559340000,0.00329819,0.00325839,0.00325839,159.35394652,0.52452428,0.00329156,0.7324648566666702,0.4699078323076942,0.5489995788235302,0.003293440000000005,0.0033231046153846164,0.00333363617647059
186,0.00334878,1559347200,0.00334878,0.00328856,0.00329819,33.3176646,0.11055499,0.0033182,0.4149699433333367,0.42359688538461726,0.5518603529411772,0.003301786666666671,0.0033236500000000013,0.003336818823529413
187,0.0033501,1559354400,0.00336444,0.00331742,0.00334878,60.3724242,0.20136825,0.00333543,0.27881584000000337,0.41162674769230956,0.5551543791176479,0.0033323566666666714,0.00332057153846154,0.003339789411764707
188,0.00333391,1559361600,0.00334535,0.00329799,0.00332234,65.2102639,0.21674374,0.00332376,0.17622232666667006,0.41073287615384807,0.5614735685294124,0.003344263333333338,0.003321746153846156,0.003342290588235295
189,0.00338284,1559368800,0.00340002,0.00330743,0.00333391,143.62514765,0.48414283,0.00337087,0.30075160666667006,0.42952154692307876,0.5731036835294124,0.0033556166666666707,0.0033255261538461555,0.0033461723529411777
190,0.00341363,1559376000,0.00342655,0.00337676,0.00338359,126.2942033,0.43001636,0.00340487,0.3769676433333367,0.43869284769230954,0.5664455500000006,0.003376793333333338,0.003331446923076925,0.003351449705882354
191,0.00341286,1559383200,0.00341286,0.00337972,0.00338284,43.74998149,0.14802724,0.00338348,0.3540621433333367,0.4493666376923096,0.5233432241176478,0.0034031100000000043,0.0033373084615384635,0.0033554341176470596
192,0.00337956,1559390400,0.00340623,0.00335249,0.0034007,89.21621575,0.30255146,0.00339121,0.29353168666667,0.3887424146153865,0.5311117020588242,0.003402016666666671,0.0033435400000000016,0.0033582170588235304
193,0.00331932,1559397600,0.00337956,0.00331932,0.00337956,46.01751081,0.15322686,0.00332975,0.20126852000000336,0.37538838153846343,0.5282843376470595,0.003370580000000005,0.003342600769230771,0.003359912647058825
194,0.00332716,1559404800,0.00335068,0.00329759,0.00331904,153.207472,0.5087977,0.00332097,0.3215253400000033,0.37179883000000186,0.540955129705883,0.003342013333333338,0.0033439446153846176,0.003362098823529413
195,0.00331416,1559412000,0.00332989,0.00329905,0.00329905,1.96073193,0.0065214,0.003326,0.22284865333333667,0.3661034923076941,0.5408714644117654,0.0033202133333333377,0.003343280000000002,0.0033627276470588247
196,0.00331265,1559419200,0.0033182,0.00328982,0.0033182,8.42891482,0.02791957,0.00331235,0.18107955666667,0.28647886461538646,0.5231962823529419,0.0033179900000000046,0.003342426923076925,0.003361539411764707
197,0.00328781,1559426400,0.00332013,0.00328726,0.00329145,7.9858651,0.02635429,0.00330011,0.020265086666670002,0.24159607461538643,0.4733639967647066,0.0033048733333333378,0.003344690000000002,0.003355368823529413
198,0.00333056,1559433600,0.00333056,0.00329045,0.00329045,53.66481751,0.17798123,0.00331653,0.07741836333333667,0.21493891692307873,0.44933909823529483,0.003310340000000004,0.0033471800000000025,0.003352993235294119
199,0.00331003,1559440800,0.00333421,0.00330583,0.00333056,7.31203964,0.02432828,0.00332715,0.07622126666666999,0.2083060930769249,0.4371219485294125,0.0033094666666666707,0.003344199230769233,0.0033503555882352957
200,0.00336859,1559448000,0.00337074,0.00332238,0.00333056,17.00835774,0.05704242,0.00335378,0.08645064333333664,0.19720410615384804,0.43306938676470663,0.003336393333333337,0.00334562153846154,0.0033482761764705897
201,0.00337198,1559455200,0.00338284,0.00333909,0.00337523,108.75602204,0.36517875,0.00335777,0.14884981666666997,0.20862218384615572,0.35832368147058896,0.003350200000000004,0.003348550000000002,0.0033444785294117663
202,0.00336092,1559462400,0.00336822,0.00333839,0.00334625,21.6622894,0.07267775,0.00335503,0.16496630666666998,0.1769710238461557,0.3257326411764713,0.0033671633333333373,0.0033468638461538478,0.003340875882352943
203,0.00335,1559469600,0.003363,0.00333288,0.0033589,57.35682704,0.19264148,0.00335864,0.21016599333333663,0.1587114176923095,0.3217095435294125,0.003360966666666671,0.0033419692307692325,0.003339939705882355
204,0.00333152,1559476800,0.00334999,0.00330296,0.00334999,28.09880132,0.09315127,0.00331513,0.11949016666666996,0.15449018923077104,0.3012449502941184,0.0033474800000000047,0.003335712307692309,0.0033391705882352962
205,0.00333666,1559484000,0.00334933,0.00329187,0.00330805,89.02380663,0.29480663,0.00331154,0.19353312666667,0.15389443307692488,0.30863331117647136,0.003339393333333338,0.003332412307692309,0.003338198529411767
206,0.00334064,1559491200,0.00334064,0.00331425,0.00333666,6.10137391,0.02037774,0.00333986,0.13611188000000332,0.1436752700000018,0.29480035470588317,0.0033362733333333378,0.003334052307692309,0.0033377658823529437
207,0.00334031,1559498400,0.00334179,0.00330721,0.00333681,51.4858438,0.17040367,0.00330971,0.16186268000000334,0.11764496000000178,0.2788534832352949,0.0033392033333333377,0.003335063846153847,0.00333772529411765
208,0.00331407,1559505600,0.00334753,0.00331186,0.00334031,5.95831513,0.01984673,0.00333093,0.07020938000000333,0.11866998538461716,0.2689377976470596,0.003331673333333338,0.0033350569230769242,0.0033354885294117676
209,0.00333067,1559512800,0.00333104,0.00331418,0.00331474,23.27496493,0.07715644,0.00331499,0.08913561333333668,0.12245743692307871,0.2644905144117655,0.0033283500000000047,0.0033364430769230783,0.003335842352941179
210,0.00329812,1559520000,0.00333791,0.00329812,0.00333067,187.23145236,0.61959184,0.00330922,0.23886500333333668,0.16809109461538643,0.27565821235294197,0.0033142866666666716,0.0033372361538461554,0.0033347958823529444
211,0.00328381,1559527200,0.00332932,0.00328381,0.00332932,19.62603113,0.06466151,0.00329468,0.25380326333333664,0.1593741930769249,0.26841915529411847,0.003304200000000005,0.003333640000000001,0.0033332414705882383
212,0.00329709,1559534400,0.00331233,0.00327489,0.00328381,68.5125195,0.22469501,0.00327961,0.30298278666667,0.17478701846154027,0.2747552447058832,0.003293006666666671,0.0033326446153846166,0.0033320776470588264
213,0.00328974,1559541600,0.00329653,0.003259,0.00327848,138.16512614,0.45217613,0.00327272,0.24717755000000338,0.20518191923077106,0.2559761202941185,0.0032902133333333372,0.0033265792307692324,0.0033318185294117677
214,0.00330811,1559548800,0.00330939,0.0032724,0.00328974,31.80347909,0.10502447,0.00330229,0.2606318700000034,0.18517005153846336,0.2494524491176479,0.0032983133333333373,0.003321666153846156,0.003331129705882356
215,0.0032608,1559556000,0.00331133,0.0032608,0.0033,26.0066985,0.08545519,0.00328589,0.21421859666667006,0.18615293153846332,0.23562872323529493,0.00328621666666667,0.003313964615384618,0.003329691764705885
216,0.00331083,1559563200,0.00331083,0.00326517,0.00328874,64.51243601,0.21218,0.00328897,0.13421988666667006,0.18765589461538643,0.23949987647058907,0.0032932466666666708,0.003310951538461541,0.0033293397058823558
217,0.00328768,1559570400,0.00329071,0.00326044,0.00328427,69.03415627,0.22540178,0.00326507,0.17434565666667004,0.1978290107692326,0.21486346617647142,0.0032864366666666704,0.0033075792307692333,0.0033282791176470613
218,0.00327536,1559577600,0.00329731,0.00326018,0.00326081,12.18252364,0.04010373,0.0032919,0.1592285033333367,0.17823648000000178,0.19810679470588322,0.003291290000000004,0.003302863846153849,0.0033287782352941202
219,0.00326682,1559584800,0.00329633,0.00326317,0.00329402,3.33444311,0.01097387,0.00329106,0.09215979333333672,0.17751310538461718,0.1830023708823538,0.0032766200000000044,0.0032971853846153875,0.0033278555882352966
220,0.00329891,1559592000,0.00329891,0.00327163,0.00329891,1.43859249,0.00471417,0.00327693,0.01859725666667006,0.16476775923077103,0.17988940558823616,0.003280363333333338,0.0032940007692307724,0.0033263888235294144
221,0.00328908,1559599200,0.00329952,0.00326211,0.00329891,15.390478,0.05052117,0.00328262,0.02206973666667006,0.16712733153846335,0.17545272676470675,0.0032849366666666715,0.0032920784615384645,0.003324594117647062
222,0.00329096,1559606400,0.00330202,0.0032529,0.00329954,36.76230803,0.12068066,0.00328272,0.05863866666667006,0.17047534846154028,0.17262734205882438,0.003292983333333338,0.0032890238461538495,0.003323330882352944
223,0.00331677,1559613600,0.00332456,0.00328256,0.00329463,10.20124327,0.03381743,0.00331503,0.06833975333333674,0.12541577846154028,0.15938247735294203,0.0032989366666666717,0.003290458461538465,0.0033213876470588265
224,0.003288,1559620800,0.0033001,0.00327262,0.0033,29.68787297,0.0973223,0.00327818,0.0839401300000034,0.12792814692307874,0.14959735794117734,0.003298576666666672,0.0032907807692307725,0.0033176926470588263
225,0.00325413,1559628000,0.003288,0.00324825,0.003288,76.617659,0.24944477,0.0032557,0.1268615000000034,0.12983197461538645,0.1525802264705891,0.003286300000000006,0.0032874761538461573,0.0033130241176470613
226,0.00326915,1559635200,0.00330059,0.0032578,0.00326048,85.23458506,0.27881701,0.00327117,0.20852802666667003,0.11649665769230952,0.15188215441176556,0.0032704266666666727,0.0032858923076923108,0.003309776764705885
227,0.00329483,1559642400,0.00329483,0.00326557,0.00326915,23.48273563,0.07689816,0.00327466,0.20171998000000338,0.11433309538461721,0.14963719264705966,0.0032727033333333397,0.003284870769230772,0.0033090564705882375
228,0.00330249,1559649600,0.00330249,0.00328543,0.003291,12.08068494,0.0397757,0.0032925,0.13183029000000338,0.1108192884615403,0.13584242794117732,0.00328882333333334,0.003288077692307695,0.0033083308823529437
229,0.00328074,1559656800,0.00332203,0.00327287,0.00330407,262.66493004,0.86627209,0.00329801,0.32764865000000337,0.16113406461538646,0.16112921294117732,0.0032926866666666732,0.003285763076923079,0.0033073479411764735
230,0.00324305,1559664000,0.0033002,0.00324305,0.00327483,340.67839503,1.10847483,0.00325372,0.6715075400000035,0.22906276076923263,0.19291025000000087,0.003275426666666673,0.003282330000000002,0.003305300882352944
231,0.00326822,1559671200,0.00331692,0.00324305,0.00326826,182.45946504,0.59802035,0.00327755,0.8575890900000035,0.2719794238461557,0.2097239576470597,0.00326400333333334,0.0032817807692307717,0.003304724705882356
232,0.00331521,1559678400,0.00331521,0.00326492,0.00326772,28.01076956,0.09245489,0.00330069,0.5996500233333368,0.2782471946153865,0.2072084770588244,0.0032754933333333396,0.0032855030769230794,0.0033042732352941205
233,0.00329001,1559685600,0.00331991,0.00329001,0.00331521,5.32462531,0.0176497,0.00331473,0.23604164666667016,0.27924223538461723,0.20701204823529498,0.003291146666666673,0.0032848184615384642,0.0033036844117647086
234,0.00331979,1559692800,0.00331991,0.00329196,0.00331675,0.90848668,0.0030136,0.00331717,0.037706063333336814,0.27558780692307877,0.20542296529411852,0.003308336666666672,0.003287180769230772,0.0033022491176470615
235,0.00331338,1559700000,0.00331991,0.00329179,0.00329179,3.76997138,0.01250907,0.00331808,0.011057456666670152,0.2672669153846173,0.19505032764705968,0.0033077266666666724,0.0032889053846153872,0.0033005255882352967
236,0.00331345,1559707200,0.00331345,0.00328385,0.00328494,31.55296094,0.10363531,0.00328448,0.03971932666667015,0.27263752153846343,0.19596084411764791,0.0033155400000000057,0.003288650000000003,0.0032991294117647083
237,0.00327097,1559714400,0.00331094,0.00326997,0.00331094,3.95331629,0.01295308,0.00327651,0.043032486666670144,0.2661475815384634,0.19067589117647143,0.0032992666666666723,0.0032873400000000027,0.0032968050000000025
238,0.00333119,1559721600,0.00333354,0.00325377,0.00326932,93.65160432,0.3093246,0.00330292,0.14197099666667015,0.2707537223076942,0.1970339302941185,0.0033052033333333393,0.003293267692307695,0.003296795294117649
239,0.00333261,1559728800,0.00333261,0.0033,0.00333117,27.16528585,0.08969125,0.00330168,0.13732297666667018,0.25620558692307877,0.19100112500000085,0.0033115900000000053,0.0032981492307692334,0.00329667617647059
240,0.00335,1559736000,0.00335998,0.00331393,0.00331736,50.85176186,0.16997777,0.00334261,0.18966454000000352,0.2633655569230788,0.1954011258823538,0.003337933333333339,0.0033023930769230797,0.0032969514705882374
241,0.00342185,1559743200,0.00344525,0.00332638,0.00334999,168.67284949,0.57438349,0.00340531,0.2780175033333368,0.304489233076925,0.2072828852941185,0.0033681533333333393,0.003311574615384618,0.003299349705882355
242,0.00338182,1559750400,0.00345439,0.00335391,0.00344533,189.86145229,0.64864429,0.0034164,0.46433518333333684,0.287748633076925,0.22577693117647146,0.0033845566666666723,0.003319350000000003,0.0033013423529411785
243,0.00330886,1559757600,0.00338629,0.00329692,0.00335952,136.94166681,0.45535937,0.0033252,0.5594623833333369,0.2375089823076942,0.23690054676470673,0.003370843333333339,0.0033244123076923105,0.003300700882352943
244,0.00334202,1559764800,0.00334202,0.00330888,0.00330891,5.12549143,0.01706988,0.00333038,0.3736911800000035,0.19282048461538653,0.21917931264705964,0.0033442333333333386,0.0033300892307692336,0.0033019920588235312
245,0.00335861,1559772000,0.00336172,0.0033255,0.00334934,17.3107371,0.0576815,0.00333212,0.1767035833333368,0.19014560846154038,0.21897401823529497,0.0033364966666666724,0.003333427692307695,0.003304192058823531
246,0.00335388,1559779200,0.00336304,0.00333147,0.00335928,1.14060905,0.00382536,0.00335378,0.026192246666670138,0.1890821976923096,0.2124778520588244,0.003351503333333339,0.003338340769230772,0.0033058623529411786
247,0.00333937,1559786400,0.00335586,0.00332699,0.00335586,6.48345444,0.02166058,0.0033409,0.027722480000003474,0.19051658076923267,0.19981563000000088,0.0033506200000000055,0.0033398469230769257,0.0033073220588235312
248,0.00331519,1559793600,0.00334439,0.00331519,0.00334393,16.05427494,0.05360947,0.00333926,0.026365136666670137,0.19367815000000188,0.19830342411764793,0.003336146666666672,0.003339986153846157,0.0033075302941176486
249,0.00329352,1559800800,0.00331519,0.00328605,0.00331519,164.41569968,0.54447152,0.00331155,0.2065805233333368,0.2275886276923096,0.21180390441176555,0.0033160266666666716,0.00333845307692308,0.003308492647058825
250,0.0032652,1559808000,0.00329299,0.00325814,0.00328628,42.43133252,0.13893077,0.00327424,0.2456705866666701,0.23727921923077114,0.2096495152941185,0.0032913033333333386,0.003338009230769234,0.0033071505882352956
251,0.00329081,1559815200,0.00329081,0.00325799,0.0032652,18.74913221,0.06126811,0.00326778,0.24822346666667008,0.21819795076923265,0.20482205441176557,0.003283176666666672,0.00333490307692308,0.003307242647058825
252,0.00326368,1559822400,0.00329353,0.00326368,0.00329103,158.37473506,0.51807514,0.00327119,0.23942467333333675,0.2511505576923096,0.21888003705882436,0.0032732300000000054,0.0033296007692307722,0.0033068991176470604
