,close,date,high,low,open,quoteVolume,volume,weightedAverage,avg_vol_3,avg_vol_13,avg_vol_34,avg_close_3,avg_close_13,avg_close_34
0,2.751e-05,1557598489,2.751e-05,2.751e-05,2.751e-05,0.0,0.0,2.751e-05,-99999.0,-99999.0,-99999.0,-99999.0,-99999.0,-99999.0
1,2.745e-05,1557604800,2.745e-05,2.731e-05,2.744e-05,295.30373744,0.00808338,2.737e-05,-99999.0,-99999.0,-99999.0,-99999.0,-99999.0,-99999.0
2,2.598e-05,1557612000,2.745e-05,2.598e-05,2.745e-05,15514.50553684,0.41725146,2.689e-05,0.14177828,-99999.0,-99999.0,2.698e-05,-99999.0,-99999.0
3,2.601e-05,1557619200,2.631e-05,2.568e-05,2.594e-05,2783.6235925,0.07170689,2.576e-05,0.16568057666666666,-99999.0,-99999.0,2.648e-05,-99999.0,-99999.0
4,2.604e-05,1557626400,2.605e-05,2.561e-05,2.601e-05,266.41525947,0.00687674,2.581e-05,0.16527836333333334,-99999.0,-99999.0,2.601e-05,-99999.0,-99999.0
5,2.58e-05,1557633600,2.604e-05,2.549e-05,2.603e-05,244.98677193,0.00630247,2.572e-05,0.028295366666666655,-99999.0,-99999.0,2.5949999999999997e-05,-99999.0,-99999.0
6,2.568e-05,1557640800,2.605e-05,2.556e-05,2.588e-05,3390.59870555,0.08740734,2.577e-05,0.03352884999999999,-99999.0,-99999.0,2.5839999999999997e-05,-99999.0,-99999.0
7,2.503e-05,1557648000,2.651e-05,2.448e-05,2.588e-05,23668.26978832,0.60114462,2.539e-05,0.2316181433333333,-99999.0,-99999.0,2.5503333333333327e-05,-99999.0,-99999.0
8,2.448e-05,1557655200,2.486e-05,2.448e-05,2.486e-05,394.06689434,0.00977107,2.479e-05,0.23277434333333333,-99999.0,-99999.0,2.5063333333333324e-05,-99999.0,-99999.0
9,2.473e-05,1557662400,2.492e-05,2.424e-05,2.462e-05,8748.44797945,0.21347094,2.44e-05,0.27479554333333334,-99999.0,-99999.0,2.474666666666666e-05,-99999.0,-99999.0
10,2.532e-05,1557669600,2.532e-05,2.496e-05,2.496e-05,6808.37976608,0.17145707,2.518e-05,0.13156636,-99999.0,-99999.0,2.4843333333333326e-05,-99999.0,-99999.0
11,2.559e-05,1557676800,2.562e-05,2.531e-05,2.537e-05,628.37992321,0.01605134,2.554e-05,0.13365978333333334,-99999.0,-99999.0,2.5213333333333328e-05,-99999.0,-99999.0
12,2.524e-05,1557684000,2.53e-05,2.524e-05,2.53e-05,693.61162514,0.01754813,2.529e-05,0.06835218,0.12515934230769227,-99999.0,2.5383333333333328e-05,2.5758461538461536e-05,-99999.0
13,2.476e-05,1557691200,2.524e-05,2.476e-05,2.524e-05,450.01206947,0.01120496,2.489e-05,0.014934810000000001,0.12602126230769228,-99999.0,2.519666666666666e-05,2.554692307692307e-05,-99999.0
14,2.521e-05,1557698400,2.521e-05,2.503e-05,2.503e-05,4420.41948689,0.11112244,2.513e-05,0.046625176666666664,0.1339473438461538,-99999.0,2.506999999999999e-05,2.537461538461538e-05,-99999.0
15,2.523e-05,1557705600,2.528e-05,2.521e-05,2.521e-05,51.42528381,0.00129758,2.523e-05,0.04120832666666666,0.1019508915384615,-99999.0,2.5066666666666658e-05,2.5316923076923075e-05,-99999.0
16,2.528e-05,1557712800,2.528e-05,2.528e-05,2.528e-05,26.30141588,0.00066489,2.528e-05,0.03769497,0.09648612230769227,-99999.0,2.5239999999999992e-05,2.526076923076923e-05,-99999.0
17,2.537e-05,1557720000,2.539e-05,2.522e-05,2.537e-05,3059.61298372,0.0774789,2.532e-05,0.026480456666666666,0.10191705769230765,-99999.0,2.5293333333333324e-05,2.5209230769230763e-05,-99999.0
18,2.61e-05,1557727200,2.626e-05,2.547e-05,2.547e-05,12175.08368579,0.31741339,2.607e-05,0.13185239333333335,0.1258486669230769,-99999.0,2.5583333333333323e-05,2.5232307692307687e-05,-99999.0
19,2.61e-05,1557734400,2.63e-05,2.61e-05,2.63e-05,450.29816703,0.01176396,2.612e-05,0.13555208333333335,0.12002994538461534,-99999.0,2.5856666666666656e-05,2.526461538461538e-05,-99999.0
20,2.53e-05,1557741600,2.63e-05,2.53e-05,2.61e-05,1036.80662565,0.02667957,2.573e-05,0.11861897333333334,0.0758403261538461,-99999.0,2.5833333333333325e-05,2.528538461538461e-05,-99999.0
21,2.499e-05,1557748800,2.53e-05,2.435e-05,2.53e-05,73858.26003332,1.82326914,2.468e-05,0.6205708900000001,0.21534017769230765,-99999.0,2.5463333333333327e-05,2.5324615384615383e-05,-99999.0
22,2.361e-05,1557756000,2.497e-05,2.36e-05,2.496e-05,13132.68341124,0.32283085,2.458e-05,0.7242598533333333,0.2237524784615384,-99999.0,2.4633333333333327e-05,2.5238461538461534e-05,-99999.0
23,2.274e-05,1557763200,2.366e-05,2.259e-05,2.366e-05,11973.39542738,0.27481598,2.295e-05,0.80697199,0.23170316384615378,-99999.0,2.3779999999999993e-05,2.5039999999999994e-05,-99999.0
24,2.276e-05,1557770400,2.304e-05,2.258e-05,2.273e-05,6706.0696537,0.15290145,2.28e-05,0.2501827599999999,0.2422300953846153,-99999.0,2.303666666666666e-05,2.482230769230769e-05,-99999.0
25,2.191e-05,1557777600,2.281e-05,2.176e-05,2.281e-05,8465.09786824,0.18832742,2.224e-05,0.20534828333333321,0.2553669638461537,-99999.0,2.2469999999999993e-05,2.456615384615384e-05,-99999.0
26,2.19e-05,1557784800,2.212e-05,2.15e-05,2.191e-05,13825.54003682,0.30032942,2.172e-05,0.21385276333333322,0.2776073069230768,-99999.0,2.2189999999999993e-05,2.434615384615384e-05,-99999.0
27,2.144e-05,1557792000,2.191e-05,2.126e-05,2.188e-05,3974.76700846,0.08503059,2.139e-05,0.1912291433333332,0.2756002415384614,-99999.0,2.1749999999999997e-05,2.4056153846153842e-05,-99999.0
28,2.207e-05,1557799200,2.207e-05,2.142e-05,2.143e-05,642.74539181,0.01392914,2.167e-05,0.1330963833333332,0.27657189999999987,-99999.0,2.180333333333333e-05,2.381307692307692e-05,-99999.0
29,2.186e-05,1557806400,2.214e-05,2.186e-05,2.207e-05,3811.8148857,0.08437387,2.213e-05,0.061111199999999886,0.2830110523076922,-99999.0,2.1789999999999993e-05,2.355e-05,-99999.0
30,2.168e-05,1557813600,2.202e-05,2.168e-05,2.186e-05,12141.96604644,0.26581071,2.189e-05,0.12137123999999988,0.2974981146153845,-99999.0,2.1869999999999992e-05,2.3266153846153845e-05,-99999.0
31,2.144e-05,1557820800,2.176e-05,2.132e-05,2.162e-05,7753.22708384,0.16591,2.139e-05,0.17203152666666655,0.2858440076923076,-99999.0,2.1659999999999993e-05,2.290769230769231e-05,-99999.0
32,2.168e-05,1557828000,2.182e-05,2.145e-05,2.145e-05,10565.21649198,0.22987889,2.175e-05,0.22053319999999987,0.3026220792307691,-99999.0,2.1599999999999993e-05,2.256769230769231e-05,-99999.0
33,2.121e-05,1557835200,2.181e-05,2.121e-05,2.181e-05,8723.9742759,0.18881304,2.164e-05,0.19486730999999988,0.31509388461538457,0.18473287176470587,2.1443333333333325e-05,2.2253076923076926e-05,2.433823529411765e-05
34,2.182e-05,1557842400,2.263e-05,2.104e-05,2.13e-05,12445.79395825,0.27298434,2.193e-05,0.23055875666666656,0.19584120769230765,0.19276182294117647,2.1569999999999995e-05,2.200923076923077e-05,2.4170882352941177e-05
35,2.211e-05,1557849600,2.252e-05,2.18e-05,2.182e-05,2159.77472474,0.04741821,2.195e-05,0.16973852999999992,0.17465561999999996,0.19391872970588234,2.171333333333333e-05,2.189384615384615e-05,2.4013823529411764e-05
36,2.243e-05,1557856800,2.243e-05,2.228e-05,2.24e-05,5459.09997932,0.12238148,2.241e-05,0.1475946766666666,0.16292988923076918,0.1852460832352941,2.2119999999999998e-05,2.187e-05,2.390941176470588e-05
37,2.206e-05,1557864000,2.248e-05,2.199e-05,2.228e-05,3160.04817847,0.07040432,2.227e-05,0.08006800333333325,0.15658395615384613,0.18520777235294114,2.2199999999999998e-05,2.1816153846153847e-05,2.3793235294117643e-05
38,2.263e-05,1557871200,2.264e-05,2.23e-05,2.23e-05,6186.25085404,0.14001877,2.263e-05,0.11093485666666658,0.15286790615384616,0.18912371441176468,2.2373333333333328e-05,2.187153846153846e-05,2.3692941176470587e-05
39,2.268e-05,1557878400,2.325e-05,2.216e-05,2.234e-05,4127.74347526,0.09429305,2.284e-05,0.10157204666666658,0.1370189546153846,0.19171167264705882,2.245666666666666e-05,2.1931538461538464e-05,2.3601176470588234e-05
40,2.276e-05,1557885600,2.288e-05,2.275e-05,2.275e-05,4476.82941073,0.10189514,2.276e-05,0.11206898666666658,0.1383162276923077,0.19213778441176468,2.268999999999999e-05,2.2033076923076924e-05,2.3515294117647057e-05
41,2.328e-05,1557892800,2.328e-05,2.276e-05,2.276e-05,793.05955932,0.01820222,2.295e-05,0.0714634699999999,0.13864492615384616,0.1749924197058823,2.290666666666666e-05,2.2126153846153845e-05,2.3463823529411764e-05
42,2.331e-05,1557900000,2.38e-05,2.28e-05,2.328e-05,1890.71132591,0.04380707,2.316e-05,0.0546348099999999,0.1355244030769231,0.17599347852941172,2.3116666666666658e-05,2.2237692307692308e-05,2.342941176470588e-05
43,2.326e-05,1557907200,2.326e-05,2.326e-05,2.326e-05,41.14144454,0.00095695,2.326e-05,0.020988746666666575,0.11515103692307692,0.1697430670588235,2.328333333333333e-05,2.235923076923077e-05,2.3386176470588233e-05
44,2.325e-05,1557914400,2.325e-05,2.278e-05,2.325e-05,5026.65228964,0.11499982,2.287e-05,0.05325461333333325,0.11123486923076922,0.16808255970588235,2.3273333333333326e-05,2.2498461538461536e-05,2.3325294117647058e-05
45,2.421e-05,1557921600,2.429e-05,2.3e-05,2.3e-05,6967.43471153,0.1648597,2.366e-05,0.0936054899999999,0.10623339307692309,0.17245927617647058,2.3573333333333323e-05,2.2693076923076918e-05,2.3284705882352938e-05
46,2.509e-05,1557928800,2.575e-05,2.429e-05,2.429e-05,45289.89122196,1.13706799,2.51e-05,0.47230916999999994,0.17917608153846157,0.20538633088235295,2.418333333333332e-05,2.2991538461538457e-05,2.3280294117647054e-05
47,2.454e-05,1557936000,2.562e-05,2.422e-05,2.505e-05,22388.6503961,0.55199065,2.465e-05,0.61797278,0.2006381053846154,0.2212917923529412,2.461333333333332e-05,2.3200769230769226e-05,2.327382352941176e-05
48,2.844e-05,1557943200,3.246e-05,2.356e-05,2.478e-05,107418.09541856,3.00604711,2.798e-05,1.56503525,0.4282249438461539,0.3064366355882353,2.6023333333333315e-05,2.3687692307692306e-05,2.336882352941176e-05
49,2.521e-05,1557950400,2.844e-05,2.484e-05,2.844e-05,92044.97236388,2.42885187,2.638e-05,1.9956298766666665,0.6056457430769231,0.37783529117647063,2.6063333333333318e-05,2.3901538461538463e-05,2.3368235294117642e-05
50,2.549e-05,1557957600,2.63e-05,2.528e-05,2.528e-05,13251.81190846,0.34275833,2.586e-05,1.9258857699999996,0.6265960515384617,0.38789686294117653,2.6379999999999985e-05,2.4165384615384612e-05,2.3374411764705876e-05
51,2.539e-05,1557964800,2.562e-05,2.493e-05,2.543e-05,10653.39092206,0.27010009,2.535e-05,1.0139034299999994,0.6366023069230771,0.39356219205882365,2.5363333333333318e-05,2.4377692307692304e-05,2.3374999999999992e-05
52,2.588e-05,1557972000,2.655e-05,2.553e-05,2.553e-05,22672.7934792,0.59133071,2.608e-05,0.4013963766666662,0.6748359730769232,0.4016185838235295,2.5586666666666653e-05,2.4623846153846146e-05,2.33685294117647e-05
53,2.58e-05,1557979200,2.63e-05,2.531e-05,2.588e-05,3655.95791954,0.0939288,2.569e-05,0.3184531999999996,0.6742231776923079,0.40403519676470595,2.568999999999999e-05,2.48576923076923e-05,2.3359705882352933e-05
54,2.692e-05,1557986400,2.692e-05,2.58e-05,2.58e-05,7238.1313693,0.19310594,2.667e-05,0.2927884833333329,0.6876773100000003,0.4089300900000001,2.6199999999999986e-05,2.51376923076923e-05,2.3407352941176462e-05
55,2.588e-05,1557993600,2.742e-05,2.588e-05,2.692e-05,4285.91080183,0.11474586,2.677e-05,0.13392686666666623,0.6931341400000003,0.3586794052941177,2.6199999999999986e-05,2.5335384615384606e-05,2.34335294117647e-05
56,2.55e-05,1558000800,2.616e-05,2.52e-05,2.581e-05,11290.0031188,0.28893144,2.559e-05,0.1989277466666662,0.7152860238461541,0.35768236382352947,2.6099999999999984e-05,2.5507692307692302e-05,2.3489117647058817e-05
57,2.561e-05,1558008000,2.573e-05,2.53e-05,2.549e-05,1521.40716059,0.03882671,2.552e-05,0.1475013366666662,0.7094265538461542,0.3507415029411765,2.566333333333332e-05,2.5689230769230765e-05,2.35735294117647e-05
58,2.691e-05,1558015200,2.806e-05,2.562e-05,2.562e-05,10683.1202166,0.28878896,2.703e-05,0.20551570333333288,0.7189595738461543,0.35473819441176474,2.600666666666665e-05,2.5896923076923076e-05,2.3695588235294112e-05
59,2.979e-05,1558022400,3.194e-05,2.711e-05,2.711e-05,98445.92522242,2.89340479,2.939e-05,1.0736734866666662,0.854062404615385,0.4342992935294118,2.743666666666665e-05,2.6258461538461538e-05,2.3927352941176464e-05
60,2.934e-05,1558029600,3.252e-05,2.892e-05,2.946e-05,30654.29245458,0.92464529,3.016e-05,1.3689463466666663,0.8827281461538464,0.452661525,2.8679999999999986e-05,2.6627692307692305e-05,2.414617647058823e-05
61,2.843e-05,1558036800,2.948e-05,2.812e-05,2.919e-05,7094.08319628,0.20401381,2.875e-05,1.340687963333333,0.6671871230769232,0.4561610314705882,2.9186666666666653e-05,2.6626923076923077e-05,2.4351764705882345e-05
62,2.803e-05,1558044000,2.85e-05,2.8e-05,2.82e-05,17906.15167872,0.50257265,2.806e-05,0.5437439166666665,0.5190117984615386,0.4705328994117646,2.8599999999999987e-05,2.684384615384615e-05,2.4527058823529402e-05
63,2.8e-05,1558051200,2.877e-05,2.8e-05,2.805e-05,11630.24719107,0.32590687,2.802e-05,0.34416444333333324,0.5177155323076924,0.4776368111764705,2.815333333333332e-05,2.703692307692307e-05,2.4707647058823523e-05
64,2.826e-05,1558058400,2.853e-05,2.8e-05,2.8e-05,7988.04329412,0.22380437,2.801e-05,0.3507612966666666,0.5141543230769232,0.4764013305882352,2.8096666666666655e-05,2.72576923076923e-05,2.4901176470588228e-05
65,2.844e-05,1558065600,2.907e-05,2.801e-05,2.811e-05,955.65113239,0.0273928,2.866e-05,0.1923680133333333,0.47077448384615395,0.47232729529411754,2.823333333333332e-05,2.7454615384615382e-05,2.5107058823529407e-05
66,2.919e-05,1558072800,3.056e-05,2.8e-05,2.844e-05,19202.38064334,0.55196449,2.874e-05,0.26772055333333333,0.5060079984615387,0.48180040117647055,2.8629999999999985e-05,2.7715384615384614e-05,2.532794117647058e-05
67,2.851e-05,1558080000,2.919e-05,2.824e-05,2.919e-05,861.55881512,0.02472271,2.869e-05,0.20136,0.4930554423076925,0.4769742149999999,2.8713333333333315e-05,2.7837692307692305e-05,2.554264705882352e-05
68,2.816e-05,1558087200,2.845e-05,2.8e-05,2.845e-05,2519.47726466,0.07064147,2.803e-05,0.21577622333333335,0.4896627969230771,0.47102295411764705,2.861999999999998e-05,2.801307692307692e-05,2.5729117647058816e-05
69,2.946e-05,1558094400,2.946e-05,2.786e-05,2.825e-05,7244.71305483,0.20387517,2.814e-05,0.09974645,0.4831200069230771,0.4756246294117647,2.8709999999999984e-05,2.8317692307692304e-05,2.5945294117647053e-05
70,2.953e-05,1558101600,2.98e-05,2.919e-05,2.936e-05,10334.1695174,0.3052342,2.953e-05,0.19325028,0.503612890769231,0.48100265058823527,2.9049999999999984e-05,2.8619230769230763e-05,2.6154117647058816e-05
71,2.879e-05,1558108800,2.989e-05,2.862e-05,2.975e-05,3919.83982836,0.11435581,2.917e-05,0.20782172666666665,0.49019495615384634,0.4822953414705881,2.9259999999999984e-05,2.8763846153846147e-05,2.6352058823529406e-05
72,2.887e-05,1558116000,2.891e-05,2.881e-05,2.881e-05,176.42162623,0.00508903,2.884e-05,0.14155968,0.26801682076923095,0.47832681970588226,2.906333333333332e-05,2.8693076923076915e-05,2.653558823529411e-05
73,2.878e-05,1558123200,2.944e-05,2.825e-05,2.889e-05,3152.0516494,0.09059313,2.874e-05,0.07001265666666667,0.2038589623076925,0.47821799852941155,2.881333333333332e-05,2.8649999999999995e-05,2.671499999999999e-05
74,2.925e-05,1558130400,2.987e-05,2.864e-05,2.878e-05,7768.92619417,0.22729841,2.925e-05,0.10766019,0.20565008538461554,0.48190632999999977,2.8966666666666658e-05,2.8713076923076915e-05,2.6905882352941167e-05
75,2.934e-05,1558137600,2.98e-05,2.899e-05,2.934e-05,1145.23029565,0.03365647,2.938e-05,0.11718267,0.16957961000000016,0.4823608667647057,2.9123333333333323e-05,2.881384615384614e-05,2.7084117647058816e-05
76,2.961e-05,1558144800,3.074e-05,2.898e-05,2.934e-05,7318.87953557,0.21982232,3.003e-05,0.16025906666666667,0.16141926000000018,0.48753778588235275,2.9399999999999993e-05,2.8937692307692298e-05,2.726941176470587e-05
77,2.963e-05,1558152000,3.002e-05,2.961e-05,2.961e-05,357.44149623,0.01063772,2.976e-05,0.08803883666666668,0.14502182538461555,0.4878225144117645,2.9526666666666656e-05,2.9043076923076913e-05,2.7456764705882343e-05
78,2.981e-05,1558159200,2.987e-05,2.939e-05,2.956e-05,9366.99846168,0.27658253,2.952e-05,0.16901418999999998,0.16419026615384633,0.4925749470588232,2.9683333333333324e-05,2.914846153846153e-05,2.764970588235293e-05
79,3.011e-05,1558166400,3.034e-05,2.961e-05,2.987e-05,1212.38495793,0.03665363,3.023e-05,0.10795795999999998,0.12455096923076941,0.4888041802941173,2.984999999999999e-05,2.921923076923076e-05,2.7823235294117636e-05
80,3.011e-05,1558173600,3.075e-05,3.011e-05,3.035e-05,6694.22100638,0.20299413,3.032e-05,0.17207676333333333,0.13826415538461556,0.46133141970588204,3.0009999999999992e-05,2.9342307692307686e-05,2.7970882352941164e-05
81,3.102e-05,1558180800,3.102e-05,3.011e-05,3.011e-05,5210.63671573,0.15921291,3.055e-05,0.13295355666666667,0.14507734307692324,0.44977913323529384,3.0413333333333326e-05,2.9562307692307684e-05,2.8161470588235284e-05
82,3.3e-05,1558188000,3.3e-05,3.101e-05,3.114e-05,12228.11583375,0.39410479,3.222e-05,0.25210394333333336,0.15971039076923094,0.3729573002941174,3.1376666666666654e-05,2.983461538461538e-05,2.829558823529411e-05
83,3.373e-05,1558195200,3.601e-05,3.213e-05,3.298e-05,216921.28779071,7.45098394,3.434e-05,2.6681005466666665,0.7093834476923079,0.5206670670588233,3.2583333333333323e-05,3.01576923076923e-05,2.8546176470588228e-05
84,3.195e-05,1558202400,3.373e-05,3.177e-05,3.373e-05,5080.60085272,0.16530371,3.253e-05,2.670130813333333,0.7133025169230772,0.5154478135294116,3.289333333333332e-05,3.0400769230769224e-05,2.873617647058823e-05
85,3.078e-05,1558209600,3.181e-05,3.078e-05,3.179e-05,2175.89835929,0.06774908,3.113e-05,2.561345576666666,0.718122520769231,0.5094963132352939,3.215333333333332e-05,3.05476923076923e-05,2.8894705882352937e-05
86,3.051e-05,1558216800,3.091e-05,3.05e-05,3.091e-05,3691.23719568,0.11333399,3.07e-05,0.11546225999999955,0.7198718176923079,0.4954375861764704,3.107999999999999e-05,3.068076923076922e-05,2.9030882352941174e-05
87,2.98e-05,1558224000,3.051e-05,2.919e-05,3.051e-05,12306.86389717,0.36444961,2.961e-05,0.18184422666666622,0.7304219100000002,0.5033940805882351,3.0363333333333324e-05,3.0723076923076914e-05,2.91485294117647e-05
88,2.864e-05,1558231200,2.952e-05,2.864e-05,2.947e-05,2241.94722635,0.06585475,2.937e-05,0.18121278333333288,0.7328987007692309,0.4996513985294116,2.964999999999999e-05,3.0669230769230765e-05,2.919911764705882e-05
89,2.812e-05,1558238400,2.864e-05,2.786e-05,2.864e-05,2124.58408005,0.05981258,2.815e-05,0.16337231333333288,0.7205902592307692,0.49803571382352924,2.885333333333332e-05,3.055461538461538e-05,2.9264999999999992e-05
90,2.87e-05,1558245600,2.87e-05,2.834e-05,2.834e-05,2184.79206962,0.0623906,2.855e-05,0.0626859766666662,0.7245712500000001,0.4913727479411763,2.8486666666666653e-05,3.048307692307692e-05,2.9359117647058817e-05
91,2.891e-05,1558252800,2.905e-05,2.876e-05,2.876e-05,220.94581501,0.00638434,2.889e-05,0.04286250666666619,0.7037867738461538,0.4904185605882352,2.857666666666665e-05,3.0413846153846146e-05,2.9456176470588234e-05
92,2.852e-05,1558260000,2.871e-05,2.844e-05,2.871e-05,236.15549655,0.00674885,2.857e-05,0.025174596666666188,0.7014864061538462,0.48212326323529403,2.8709999999999988e-05,3.029153846153845e-05,2.9503529411764704e-05
93,2.864e-05,1558267200,2.902e-05,2.838e-05,2.838e-05,1327.99860964,0.03835773,2.888e-05,0.017163639999999526,0.6888220676923076,0.39815129088235285,2.8689999999999988e-05,3.017846153846153e-05,2.9469705882352934e-05
94,2.981e-05,1558274400,3.016e-05,2.858e-05,2.858e-05,878.31545125,0.02598011,2.957e-05,0.02369556333333286,0.6785733907692306,0.37171996205882346,2.898999999999999e-05,3.008538461538461e-05,2.9483529411764694e-05
95,3.045e-05,1558281600,3.05e-05,2.943e-05,2.974e-05,9928.14920013,0.29915738,3.013e-05,0.12116507333333286,0.6712697438461538,0.37451830235294115,2.9633333333333323e-05,2.9889230769230762e-05,2.9542941176470577e-05
96,2.967e-05,1558288800,3.035e-05,2.967e-05,3.034e-05,6226.06730037,0.18810008,3.021e-05,0.17107918999999952,0.1125863699999999,0.36526910911764704,2.9976666666666657e-05,2.957692307692307e-05,2.9591176470588222e-05
97,2.905e-05,1558296000,2.989e-05,2.892e-05,2.968e-05,3159.02033543,0.09235514,2.923e-05,0.19320419999999952,0.10697494153846145,0.35839994058823527,2.9723333333333324e-05,2.935384615384615e-05,2.96220588235294e-05
98,2.837e-05,1558303200,2.885e-05,2.786e-05,2.885e-05,2944.80159257,0.08376636,2.844e-05,0.12140719333333289,0.10820703999999991,0.3542811755882353,2.9029999999999995e-05,2.9168461538461535e-05,2.9625294117647048e-05
99,2.811e-05,1558310400,2.826e-05,2.797e-05,2.811e-05,93.17913254,0.00262179,2.813e-05,0.05958109666666622,0.09969071692307684,0.3535526164705882,2.8509999999999993e-05,2.8983846153846155e-05,2.9615588235294106e-05
100,2.798e-05,1558317600,2.826e-05,2.774e-05,2.826e-05,10024.57320262,0.27868754,2.78e-05,0.12169189666666623,0.09309363461538454,0.345515059117647,2.8153333333333324e-05,2.8843846153846153e-05,2.957999999999999e-05
101,2.798e-05,1558324800,2.817e-05,2.798e-05,2.817e-05,103.00031393,0.00288495,2.8e-05,0.09473142666666623,0.08824980384615379,0.3448727720588235,2.8023333333333323e-05,2.8793076923076917e-05,2.956441176470587e-05
102,2.78e-05,1558332000,2.79e-05,2.78e-05,2.788e-05,1226.67037283,0.03419308,2.787e-05,0.10525518999999955,0.08627907307692302,0.3438007605882353,2.791999999999999e-05,2.8768461538461532e-05,2.955382352941175e-05
103,2.794e-05,1558339200,2.797e-05,2.771e-05,2.771e-05,759.27331333,0.0212098,2.793e-05,0.019429276666666218,0.08311131923076917,0.3384282497058823,2.7906666666666658e-05,2.8709999999999994e-05,2.9509117647058807e-05
104,2.81e-05,1558346400,2.81e-05,2.798e-05,2.798e-05,342.86345091,0.00960359,2.8e-05,0.021668823333332882,0.08335895384615379,0.3297332317647058,2.7946666666666658e-05,2.8647692307692302e-05,2.9467058823529395e-05
105,2.803e-05,1558353600,2.803e-05,2.77e-05,2.784e-05,1231.56207519,0.03429991,2.785e-05,0.021704433333332884,0.0854782661538461,0.3273786464705882,2.8023333333333323e-05,2.861e-05,2.9444705882352923e-05
106,2.809e-05,1558360800,2.809e-05,2.809e-05,2.809e-05,44.62999512,0.00125365,2.809e-05,0.015052383333332883,0.0826241061538461,0.32726584117647056,2.8073333333333324e-05,2.8567692307692303e-05,2.942176470588233e-05
107,2.784e-05,1558368000,2.796e-05,2.784e-05,2.796e-05,491.50467339,0.01370634,2.788e-05,0.016419966666666213,0.08167996999999995,0.32500446499999996,2.7986666666666657e-05,2.841615384615384e-05,2.9394117647058802e-05
108,2.81e-05,1558375200,2.81e-05,2.731e-05,2.764e-05,6528.81316065,0.18047944,2.764e-05,0.06514647666666622,0.07255089769230764,0.3236274364705882,2.8009999999999994e-05,2.823538461538461e-05,2.936029411764704e-05
109,2.756e-05,1558382400,2.814e-05,2.727e-05,2.814e-05,614.78800676,0.01701363,2.767e-05,0.07039980333333289,0.05939040153846149,0.32313794117647054,2.7833333333333327e-05,2.8073076923076914e-05,2.9307941176470566e-05
110,2.718e-05,1558389600,2.731e-05,2.718e-05,2.731e-05,3412.41499103,0.0931237,2.728e-05,0.09687225666666623,0.059449521538461496,0.3194115111764705,2.761333333333333e-05,2.792923076923076e-05,2.923647058823527e-05
111,2.738e-05,1558396800,2.742e-05,2.719e-05,2.724e-05,267.51807954,0.00731566,2.734e-05,0.039150996666666237,0.05356869846153841,0.31931380352941163,2.7373333333333328e-05,2.7853076923076916e-05,2.917029411764704e-05
112,2.731e-05,1558404000,2.731e-05,2.731e-05,2.731e-05,28.87279332,0.00078851,2.731e-05,0.0337426233333329,0.05342767692307688,0.3112022147058822,2.7289999999999995e-05,2.7791538461538455e-05,2.9096764705882337e-05
113,2.763e-05,1558411200,2.763e-05,2.73e-05,2.732e-05,648.44942458,0.01773736,2.735e-05,0.008613843333332899,0.03335458615384611,0.31064585382352927,2.7439999999999995e-05,2.7764615384615377e-05,2.9023823529411748e-05
114,2.8e-05,1558418400,2.8e-05,2.771e-05,2.771e-05,357.53425243,0.00998477,2.792e-05,0.009503546666666233,0.03390072615384611,0.3049691079411763,2.7646666666666664e-05,2.776615384615384e-05,2.8961764705882336e-05
115,2.85e-05,1558425600,2.883e-05,2.81e-05,2.81e-05,18807.9378004,0.53630966,2.851e-05,0.18801059666666622,0.07252507846153843,0.31606018882352926,2.8043333333333333e-05,2.781999999999999e-05,2.888764705882351e-05
116,2.824e-05,1558432800,2.874e-05,2.824e-05,2.874e-05,119.56803988,0.00339875,2.842e-05,0.18323105999999956,0.07115499769230765,0.30456883470588225,2.8246666666666665e-05,2.7843076923076915e-05,2.874764705882351e-05
117,2.818e-05,1558440000,2.824e-05,2.791e-05,2.817e-05,562.94007533,0.01580512,2.807e-05,0.18517117666666624,0.07163203846153841,0.0858871047058822,2.8306666666666664e-05,2.784923076923076e-05,2.858441176470586e-05
118,2.885e-05,1558447200,2.885e-05,2.785e-05,2.818e-05,7180.01532439,0.20173353,2.809e-05,0.07364579999999958,0.08451154769230765,0.08695856999999985,2.842333333333333e-05,2.7912307692307685e-05,2.8493235294117625e-05
119,2.905e-05,1558454400,3.101e-05,2.891e-05,2.891e-05,25894.73249453,0.77515359,2.993e-05,0.3308974133333329,0.14404231230769227,0.10776458499999986,2.869333333333333e-05,2.7986153846153837e-05,2.844235294117645e-05
120,2.871e-05,1558461600,2.898e-05,2.871e-05,2.898e-05,2490.95873274,0.07185795,2.884e-05,0.34958168999999956,0.14851551307692304,0.10654470147058809,2.8869999999999996e-05,2.8053076923076914e-05,2.838941176470586e-05
121,2.838e-05,1558468800,2.871e-05,2.811e-05,2.871e-05,4829.39860769,0.13641574,2.824e-05,0.3278090933333329,0.14512599769230763,0.09983782294117632,2.871333333333333e-05,2.8074615384615376e-05,2.834764705882351e-05
122,2.85e-05,1558476000,2.85e-05,2.818e-05,2.839e-05,732.30754348,0.02086793,2.849e-05,0.07638053999999965,0.14542248230769228,0.09851468117647044,2.8529999999999996e-05,2.814692307692307e-05,2.8343529411764688e-05
123,2.863e-05,1558483200,2.863e-05,2.817e-05,2.831e-05,217.58244665,0.00621822,2.857e-05,0.05450062999999964,0.13873744538461535,0.09693837647058809,2.850333333333333e-05,2.8258461538461525e-05,2.8358529411764693e-05
124,2.864e-05,1558490400,2.864e-05,2.86e-05,2.86e-05,2665.96243841,0.07630548,2.862e-05,0.0344638766666663,0.1440443546153846,0.09734763764705867,2.8589999999999996e-05,2.8355384615384604e-05,2.8356764705882338e-05
125,2.88e-05,1558497600,2.88e-05,2.864e-05,2.864e-05,428.19806327,0.01232606,2.878e-05,0.0316165866666663,0.14493185846153842,0.0975223941176469,2.8689999999999995e-05,2.8469999999999987e-05,2.835352941176469e-05
126,2.964e-05,1558504800,2.964e-05,2.88e-05,2.88e-05,1657.86076785,0.04854668,2.928e-05,0.04572607333333297,0.14730180615384614,0.09875174205882337,2.902666666666666e-05,2.8624615384615372e-05,2.838647058823528e-05
127,2.919e-05,1558512000,2.946e-05,2.905e-05,2.946e-05,1277.17212752,0.0372088,2.913e-05,0.0326938466666663,0.14939596230769228,0.09871794999999983,2.9209999999999996e-05,2.8716153846153835e-05,2.840264705882351e-05
128,2.878e-05,1558519200,2.926e-05,2.878e-05,2.92e-05,1135.7481275,0.03318426,2.921e-05,0.03964657999999963,0.11069400846153844,0.09892983676470572,2.920333333333333e-05,2.8737692307692296e-05,2.8372352941176453e-05
129,2.879e-05,1558526400,2.879e-05,2.858e-05,2.878e-05,185.99331352,0.00532673,2.863e-05,0.025239929999999633,0.1108423146153846,0.09028775882352925,2.8919999999999998e-05,2.877999999999999e-05,2.832352941176469e-05
130,2.946e-05,1558533600,2.946e-05,2.892e-05,2.897e-05,2317.45993068,0.06806186,2.936e-05,0.03552428333333297,0.11486206384615384,0.08675722294117631,2.901e-05,2.8878461538461526e-05,2.8317352941176454e-05
131,3e-05,1558540800,3.062e-05,2.949e-05,2.949e-05,28406.82031316,0.85258898,3.001e-05,0.3086591899999997,0.1649278676923077,0.10911704176470573,2.941666666666667e-05,2.8966923076923065e-05,2.8345294117647043e-05
132,2.971e-05,1558548000,3.1e-05,2.971e-05,3e-05,9755.61178156,0.29548922,3.028e-05,0.40538001999999973,0.12803060846153846,0.1153441847058822,2.9723333333333334e-05,2.9017692307692297e-05,2.8384705882352927e-05
133,3.095e-05,1558555200,3.095e-05,2.947e-05,2.988e-05,6871.84159368,0.20731188,3.016e-05,0.45179669333333305,0.13845014153846152,0.12136448147058809,3.0220000000000002e-05,2.9189999999999993e-05,2.846823529411763e-05
134,3.026e-05,1558562400,3.207e-05,2.987e-05,3.094e-05,27779.3144791,0.85948806,3.093e-05,0.45409638666666635,0.19407108923076924,0.13844684970588222,3.030666666666667e-05,2.9334615384615377e-05,2.8535294117647043e-05
135,3.045e-05,1558569600,3.045e-05,3.008e-05,3.045e-05,154.9324229,0.00468967,3.026e-05,0.357163203333333,0.1928266076923077,0.1384999297058822,3.055333333333334e-05,2.948461538461538e-05,2.860794117647057e-05
136,2.989e-05,1558576800,3.036e-05,2.954e-05,3.036e-05,3161.27078752,0.09462449,2.993e-05,0.31960073999999966,0.19962709,0.14027732411764693,3.0200000000000002e-05,2.9581538461538456e-05,2.866941176470586e-05
137,2.956e-05,1558584000,2.975e-05,2.946e-05,2.975e-05,2214.73210463,0.06543405,2.954e-05,0.05491606999999965,0.19879082615384616,0.14157803735294106,2.9966666666666672e-05,2.9652307692307685e-05,2.8717058823529394e-05
138,2.892e-05,1558591200,2.939e-05,2.892e-05,2.939e-05,1556.4448387,0.04537803,2.915e-05,0.06847885666666632,0.20133328538461542,0.14263022676470577,2.9456666666666675e-05,2.9661538461538452e-05,2.874117647058821e-05
139,2.818e-05,1558598400,2.893e-05,2.797e-05,2.892e-05,8088.28546922,0.23103629,2.856e-05,0.11394945666666632,0.21537094769230775,0.14841659088235282,2.8886666666666676e-05,2.954923076923076e-05,2.8745588235294096e-05
140,2.812e-05,1558605600,2.83e-05,2.812e-05,2.819e-05,826.28234337,0.02334859,2.825e-05,0.09992096999999966,0.2143047776923077,0.14906644205882344,2.8406666666666677e-05,2.946692307692307e-05,2.8746470588235272e-05
141,2.86e-05,1558612800,2.86e-05,2.836e-05,2.836e-05,7300.66667883,0.20853793,2.856e-05,0.154307603333333,0.22779352153846155,0.15479678294117638,2.830000000000001e-05,2.9453076923076914e-05,2.8768823529411744e-05
142,2.843e-05,1558620000,2.86e-05,2.843e-05,2.86e-05,14012.39403945,0.40074955,2.859e-05,0.21087868999999962,0.2582106615384615,0.16127531558823519,2.838333333333334e-05,2.942538461538461e-05,2.8778529411764686e-05
143,2.824e-05,1558627200,2.838e-05,2.803e-05,2.838e-05,2766.06981039,0.07770402,2.809e-05,0.22899716666666628,0.25895236615384615,0.16306032705882342,2.8423333333333343e-05,2.9331538461538457e-05,2.8798529411764682e-05
144,2.811e-05,1558634400,2.811e-05,2.811e-05,2.811e-05,19.90466027,0.00055952,2.811e-05,0.15967102999999963,0.19341163846153847,0.1603378511764705,2.8260000000000007e-05,2.9186153846153842e-05,2.8825882352941155e-05
145,2.775e-05,1558641600,2.819e-05,2.757e-05,2.819e-05,952.98450976,0.02664333,2.795e-05,0.034968956666666294,0.1727311853846154,0.16090631205882344,2.803333333333334e-05,2.903538461538461e-05,2.883676470588233e-05
146,2.798e-05,1558648800,2.798e-05,2.785e-05,2.785e-05,666.92362604,0.01858798,2.787e-05,0.015263609999999627,0.15821396230769233,0.16142982588235288,2.7946666666666675e-05,2.880692307692307e-05,2.885647058823527e-05
147,2.859e-05,1558656000,2.86e-05,2.81e-05,2.81e-05,20281.44208891,0.57941547,2.856e-05,0.20821559333333295,0.13666991692307695,0.17794977029411757,2.8106666666666673e-05,2.867846153846153e-05,2.8884705882352915e-05
148,2.879e-05,1558663200,2.879e-05,2.845e-05,2.86e-05,12840.57404046,0.36755055,2.862e-05,0.321851333333333,0.16458229230769233,0.18846641088235286,2.845333333333334e-05,2.855076923076922e-05,2.8907941176470563e-05
149,2.879e-05,1558670400,2.879e-05,2.838e-05,2.864e-05,644.26141131,0.01846939,2.866e-05,0.321811803333333,0.1587242076923077,0.17323581470588229,2.872333333333334e-05,2.8466153846153836e-05,2.891647058823527e-05
150,2.864e-05,1558677600,2.864e-05,2.864e-05,2.864e-05,19.53631285,0.00055952,2.864e-05,0.12885981999999965,0.15373385923076924,0.17315230794117642,2.874000000000001e-05,2.8395384615384607e-05,2.8928235294117623e-05
151,2.853e-05,1558684800,2.879e-05,2.827e-05,2.879e-05,1221.72277781,0.03500072,2.864e-05,0.01800987666666633,0.15293560461538463,0.1737168844117647,2.8653333333333342e-05,2.836538461538461e-05,2.8938529411764678e-05
152,2.858e-05,1558692000,2.87e-05,2.855e-05,2.863e-05,120.07313174,0.00343592,2.861e-05,0.012998719999999667,0.13542788384615387,0.16788460176470585,2.858333333333334e-05,2.839615384615384e-05,2.8930588235294092e-05
153,2.862e-05,1558699200,2.879e-05,2.838e-05,2.844e-05,195.94793244,0.00560189,2.858e-05,0.014679509999999667,0.1340627530769231,0.1452507282352941,2.8576666666666677e-05,2.8434615384615376e-05,2.891794117647056e-05
154,2.73e-05,1558706400,2.846e-05,2.713e-05,2.846e-05,7479.98400719,0.20690191,2.766e-05,0.07197990666666633,0.13393690538461542,0.1492226094117647,2.816666666666668e-05,2.833461538461538e-05,2.8876470588235273e-05
155,2.692e-05,1558713600,2.735e-05,2.633e-05,2.73e-05,11886.41343468,0.31890062,2.682e-05,0.17713480666666634,0.12764083384615388,0.15458981176470588,2.7613333333333346e-05,2.821846153846153e-05,2.8833529411764685e-05
156,2.713e-05,1558720800,2.714e-05,2.698e-05,2.698e-05,2571.57570226,0.06975856,2.712e-05,0.198520363333333,0.12702964461538463,0.15602777147058824,2.7116666666666674e-05,2.8133076923076913e-05,2.8793235294117622e-05
157,2.653e-05,1558728000,2.685e-05,2.642e-05,2.685e-05,854.44973826,0.02264363,2.65e-05,0.13710093666666634,0.12872842230769233,0.1565108717647059,2.686000000000001e-05,2.801153846153845e-05,2.8731470588235273e-05
158,2.608e-05,1558735200,2.653e-05,2.608e-05,2.652e-05,1366.77409109,0.03586389,2.623e-05,0.042755359999999666,0.12943769615384618,0.1553214132352941,2.6580000000000017e-05,2.788307692307691e-05,2.865617647058821e-05
159,2.592e-05,1558742400,2.623e-05,2.592e-05,2.62e-05,3704.16425847,0.09632364,2.6e-05,0.051610386666666334,0.13541736230769233,0.15779193029411762,2.6176666666666683e-05,2.7724615384615374e-05,2.8571470588235265e-05
160,2.58e-05,1558749600,2.615e-05,2.537e-05,2.615e-05,3582.18524834,0.09166202,2.558e-05,0.07461651666666633,0.09789786615384617,0.15906002852941173,2.5933333333333348e-05,2.750999999999999e-05,2.845852941176468e-05
161,2.553e-05,1558756800,2.58e-05,2.546e-05,2.58e-05,203.93512431,0.00520492,2.552e-05,0.06439685999999965,0.07002512538461539,0.15811873794117642,2.575000000000002e-05,2.725923076923076e-05,2.8350882352941147e-05
162,2.587e-05,1558764000,2.588e-05,2.553e-05,2.553e-05,1455.9601888,0.03764519,2.585e-05,0.04483737666666632,0.07150018692307693,0.15824994176470586,2.5733333333333353e-05,2.7034615384615372e-05,2.826529411764703e-05
163,2.61e-05,1558771200,2.61e-05,2.588e-05,2.588e-05,2920.60334563,0.07620529,2.609e-05,0.03968513333333298,0.07731909230769232,0.1603346052941176,2.5833333333333353e-05,2.6839230769230753e-05,2.8186176470588208e-05
164,2.567e-05,1558778400,2.595e-05,2.55e-05,2.595e-05,4578.65606276,0.11786946,2.574e-05,0.07723997999999964,0.08369361076923079,0.1617995347058823,2.5880000000000016e-05,2.661923076923075e-05,2.8074705882352918e-05
165,2.569e-05,1558785600,2.594e-05,2.556e-05,2.563e-05,10216.66164538,0.26385579,2.582e-05,0.15264351333333295,0.1037259084615385,0.14448385264705876,2.582000000000002e-05,2.6396923076923057e-05,2.7947941176470566e-05
166,2.518e-05,1558792800,2.575e-05,2.511e-05,2.575e-05,6596.1176512,0.16813909,2.549e-05,0.18328811333333295,0.11622877000000001,0.14073826058823524,2.5513333333333356e-05,2.6132307692307675e-05,2.781470588235292e-05
167,2.611e-05,1558800000,2.698e-05,2.517e-05,2.517e-05,24463.69270749,0.63202182,2.583e-05,0.3546722333333329,0.14893030153846157,0.15322972941176466,2.566000000000002e-05,2.6040769230769212e-05,2.767235294117645e-05
168,2.582e-05,1558807200,2.613e-05,2.567e-05,2.612e-05,499.15319555,0.01297668,2.599e-05,0.27104586333333286,0.1253976907692308,0.1283323358823529,2.5703333333333352e-05,2.595615384615383e-05,2.754176470588233e-05
169,2.578e-05,1558814400,2.6e-05,2.578e-05,2.588e-05,1690.61895554,0.04365112,2.581e-05,0.2295498733333329,0.12338942615384618,0.1294782608823529,2.590333333333335e-05,2.5852307692307674e-05,2.740441176470586e-05
170,2.625e-05,1558821600,2.625e-05,2.605e-05,2.605e-05,2051.751804,0.05363319,2.614e-05,0.03675366333333293,0.12577323846153848,0.12827263441176465,2.5950000000000018e-05,2.5830769230769216e-05,2.7297352941176447e-05
171,2.652e-05,1558828800,2.704e-05,2.631e-05,2.631e-05,5319.19077964,0.14253782,2.679e-05,0.07994070999999961,0.13397892538461542,0.13054039235294113,2.6183333333333347e-05,2.5864615384615368e-05,2.7207941176470566e-05
172,2.628e-05,1558836000,2.648e-05,2.626e-05,2.648e-05,2572.03180553,0.06763323,2.629e-05,0.08793474666666629,0.1317719707692308,0.13119495705882347,2.6350000000000014e-05,2.5892307692307677e-05,2.7130294117647036e-05
173,2.62e-05,1558843200,2.628e-05,2.601e-05,2.628e-05,6143.31327015,0.16069045,2.615e-05,0.12362049999999962,0.13708185000000003,0.12912596176470584,2.6333333333333344e-05,2.5923076923076906e-05,2.707205882352939e-05
174,2.69e-05,1558850400,2.71e-05,2.628e-05,2.628e-05,2429.16987214,0.0652801,2.687e-05,0.09786792666666629,0.14170301769230773,0.13035924147058817,2.6460000000000014e-05,2.602846153846152e-05,2.703617647058821e-05
175,2.678e-05,1558857600,2.678e-05,2.678e-05,2.678e-05,71.60393,0.00191755,2.678e-05,0.07596269999999962,0.13895473769230773,0.12428217147058816,2.662666666666668e-05,2.6098461538461522e-05,2.6982647058823504e-05
176,2.601e-05,1558864800,2.672e-05,2.601e-05,2.665e-05,11158.27244582,0.2919038,2.616e-05,0.11970048333333294,0.1555469307692308,0.12108082588235286,2.6563333333333347e-05,2.6091538461538444e-05,2.691147058823527e-05
177,2.656e-05,1558872000,2.656e-05,2.594e-05,2.594e-05,1300.71647019,0.03388588,2.605e-05,0.10923574333333293,0.1490866553846154,0.11979205705882345,2.6450000000000016e-05,2.6159999999999987e-05,2.686205882352939e-05
178,2.631e-05,1558879200,2.657e-05,2.63e-05,2.632e-05,444.5820005,0.01170128,2.631e-05,0.11249698666666626,0.12969015461538463,0.12011975588235284,2.6293333333333348e-05,2.6207692307692295e-05,2.68091176470588e-05
179,2.738e-05,1558886400,2.919e-05,2.657e-05,2.657e-05,20551.677516,0.57035085,2.775e-05,0.20531266999999956,0.16062952076923082,0.13611115352941167,2.6750000000000013e-05,2.6376923076923064e-05,2.6798235294117625e-05
180,2.512e-05,1558893600,2.738e-05,2.495e-05,2.738e-05,20222.66969622,0.52685367,2.605e-05,0.3696352666666663,0.15253966307692313,0.1510601444117646,2.6270000000000014e-05,2.630076923076922e-05,2.6714117647058798e-05
181,2.588e-05,1558900800,2.622e-05,2.421e-05,2.5e-05,22006.28419567,0.5570759,2.531e-05,0.5514268066666662,0.1943934492307693,0.15040309823529402,2.6126666666666682e-05,2.63053846153846e-05,2.6634411764705858e-05
182,2.499e-05,1558908000,2.581e-05,2.48e-05,2.581e-05,3456.60651206,0.08641769,2.5e-05,0.390115753333333,0.19768318538461546,0.14213448470588227,2.5330000000000017e-05,2.624461538461537e-05,2.6522647058823505e-05
183,2.481e-05,1558915200,2.513e-05,2.445e-05,2.513e-05,17148.28227305,0.42531849,2.48e-05,0.356270693333333,0.22627436230769238,0.15410063470588226,2.5226666666666684e-05,2.613384615384614e-05,2.6405588235294095e-05
184,2.447e-05,1558922400,2.468e-05,2.447e-05,2.466e-05,395.101357,0.00969802,2.454e-05,0.1738113999999997,0.21605591615384626,0.15436941411764696,2.4756666666666683e-05,2.5976153846153837e-05,2.6282941176470564e-05
185,2.453e-05,1558929600,2.486e-05,2.447e-05,2.455e-05,1180.03638373,0.02897194,2.455e-05,0.15466281666666637,0.21308197076923083,0.15419209705882342,2.4603333333333346e-05,2.584153846153845e-05,2.6165294117647034e-05
186,2.419e-05,1558936800,2.449e-05,2.419e-05,2.449e-05,3277.80176299,0.07982696,2.435e-05,0.03949897333333304,0.20686170230769238,0.15643889235294106,2.439666666666668e-05,2.5686923076923066e-05,2.6036176470588213e-05
187,2.428e-05,1558944000,2.429e-05,2.411e-05,2.429e-05,147.69381022,0.00357188,2.418e-05,0.03745692666666637,0.20211491615384622,0.15637918617647045,2.4333333333333347e-05,2.5485384615384606e-05,2.590852941176468e-05
188,2.431e-05,1558951200,2.432e-05,2.414e-05,2.414e-05,426.63137433,0.01036152,2.428e-05,0.031253453333333035,0.20276445230769238,0.1505985864705881,2.4260000000000015e-05,2.5295384615384603e-05,2.5820588235294096e-05
189,2.396e-05,1558958400,2.411e-05,2.387e-05,2.411e-05,1102.00652545,0.02647518,2.402e-05,0.01346952666666637,0.1823468661538462,0.141997838235294,2.4183333333333353e-05,2.5137692307692297e-05,2.573352941176468e-05
190,2.378e-05,1558965600,2.41e-05,2.378e-05,2.396e-05,574.68474893,0.01368606,2.381e-05,0.016840919999999704,0.1807930338461539,0.1403486470588234,2.401666666666668e-05,2.4923846153846143e-05,2.5634999999999977e-05
191,2.397e-05,1558972800,2.401e-05,2.368e-05,2.38e-05,13660.2126282,0.32533625,2.381e-05,0.12183249666666636,0.2049188007692308,0.14925137117647047,2.390333333333335e-05,2.4743846153846145e-05,2.555970588235292e-05
192,2.405e-05,1558980000,2.434e-05,2.381e-05,2.381e-05,10206.25056174,0.24707544,2.42e-05,0.19536591666666636,0.18005146153846158,0.15546347558823517,2.3933333333333347e-05,2.4487692307692298e-05,2.5499999999999976e-05
193,2.427e-05,1558987200,2.427e-05,2.405e-05,2.405e-05,713.97607278,0.01726928,2.418e-05,0.19656032333333306,0.14085266230769233,0.15313834735294107,2.4096666666666676e-05,2.4422307692307682e-05,2.5451470588235267e-05
194,2.472e-05,1558994400,2.478e-05,2.436e-05,2.436e-05,1061.18958913,0.02619772,2.468e-05,0.09684747999999972,0.10001587923076928,0.15121292676470577,2.4346666666666672e-05,2.4333076923076913e-05,2.5419705882352917e-05
195,2.473e-05,1559001600,2.492e-05,2.466e-05,2.472e-05,5697.34779171,0.14104992,2.475e-05,0.06150563999999972,0.10421835846153851,0.15520836794117637,2.457333333333334e-05,2.431307692307691e-05,2.5396176470588212e-05
196,2.486e-05,1559008800,2.486e-05,2.486e-05,2.486e-05,4.80301629,0.0001194,2.486e-05,0.055789013333333054,0.0715107361538462,0.154104668235294,2.477000000000001e-05,2.4316923076923064e-05,2.536647058823527e-05
197,2.423e-05,1559016000,2.47e-05,2.417e-05,2.455e-05,3311.14292565,0.08125381,2.453e-05,0.07414104333333306,0.07701502769230774,0.15425315411764695,2.4606666666666673e-05,2.4298461538461522e-05,2.531147058823527e-05
198,2.588e-05,1559023200,2.678e-05,2.45e-05,2.45e-05,26335.3052062,0.67674591,2.569e-05,0.252706373333333,0.12684379461538467,0.17069069676470577,2.4990000000000006e-05,2.4402307692307676e-05,2.5317647058823506e-05
199,2.549e-05,1559030400,2.594e-05,2.528e-05,2.591e-05,10183.68914714,0.26121206,2.565e-05,0.3397372599999997,0.14079649461538468,0.1706129399999999,2.5200000000000006e-05,2.450230769230768e-05,2.5311764705882332e-05
200,2.538e-05,1559037600,2.584e-05,2.528e-05,2.54e-05,3864.36492458,0.09881349,2.557e-05,0.34559048666666636,0.14812277230769236,0.1685739517647058,2.558333333333334e-05,2.458692307692306e-05,2.5317647058823506e-05
201,2.48e-05,1559044800,2.528e-05,2.48e-05,2.528e-05,1233.87407398,0.03112489,2.522e-05,0.13038347999999975,0.14971995461538468,0.15090051264705873,2.5223333333333343e-05,2.462461538461537e-05,2.5279117647058802e-05
202,2.575e-05,1559052000,2.588e-05,2.48e-05,2.493e-05,2806.8271993,0.07154275,2.548e-05,0.0671603766666664,0.1531866907692308,0.15262304411764693,2.531000000000001e-05,2.4762307692307676e-05,2.527705882352939e-05
203,2.501e-05,1559059200,2.556e-05,2.501e-05,2.556e-05,4494.38985343,0.11326462,2.52e-05,0.07197741999999972,0.16084658000000004,0.15467049999999988,2.518666666666667e-05,2.4856923076923062e-05,2.5254411764705858e-05
204,2.566e-05,1559066400,2.588e-05,2.527e-05,2.527e-05,4542.41952813,0.11702412,2.576e-05,0.10061049666666638,0.14482257000000007,0.15653493911764693,2.5473333333333336e-05,2.4986923076923062e-05,2.523705882352939e-05
205,2.556e-05,1559073600,2.556e-05,2.55e-05,2.556e-05,95.15577296,0.00242947,2.553e-05,0.07757273666666638,0.1260036492307693,0.1524141052941175,2.541e-05,2.5103076923076907e-05,2.520882352941174e-05
206,2.505e-05,1559080800,2.563e-05,2.505e-05,2.563e-05,760.46399184,0.01929416,2.537e-05,0.04624924999999972,0.1261594092307693,0.15099236794117635,2.5423333333333334e-05,2.5163076923076903e-05,2.5172647058823506e-05
207,2.486e-05,1559088000,2.537e-05,2.486e-05,2.537e-05,3049.32015823,0.07632367,2.502e-05,0.03268243333333306,0.1300152515384616,0.1485109920588234,2.515666666666667e-05,2.5173846153846132e-05,2.5133235294117626e-05
208,2.467e-05,1559095200,2.502e-05,2.455e-05,2.501e-05,1009.75719546,0.02492262,2.468e-05,0.04018014999999973,0.12108238230769237,0.14732400735294104,2.4860000000000003e-05,2.516923076923075e-05,2.506764705882351e-05
209,2.422e-05,1559102400,2.466e-05,2.422e-05,2.466e-05,561.94840309,0.01370248,2.438e-05,0.03831625666666639,0.12212723461538469,0.14767062294117636,2.4583333333333336e-05,2.5119999999999983e-05,2.499235294117645e-05
210,2.452e-05,1559109600,2.452e-05,2.434e-05,2.434e-05,175.78432373,0.0043026,2.447e-05,0.01430923333333306,0.11620791076923084,0.13921176411764694,2.447e-05,2.5142307692307676e-05,2.4948529411764684e-05
211,2.478e-05,1559116800,2.478e-05,2.461e-05,2.461e-05,101.919663,0.00251911,2.471e-05,0.006841396666666393,0.06434431076923083,0.1382892120588234,2.450666666666667e-05,2.5057692307692294e-05,2.4896176470588214e-05
212,2.466e-05,1559124000,2.486e-05,2.466e-05,2.478e-05,145.14625063,0.00358652,2.47e-05,0.0034694099999997264,0.0445269615384616,0.1380505426470587,2.465333333333334e-05,2.499384615384614e-05,2.484764705882351e-05
213,2.475e-05,1559131200,2.494e-05,2.474e-05,2.474e-05,1883.25807706,0.04688782,2.489e-05,0.01766448333333306,0.0405326792307693,0.1226545711764705,2.4730000000000002e-05,2.49453846153846e-05,2.4770294117647038e-05
214,2.462e-05,1559138400,2.473e-05,2.455e-05,2.473e-05,439.88007347,0.01080795,2.457e-05,0.020427429999999726,0.03896983769230777,0.10747675588235285,2.467666666666667e-05,2.4931538461538445e-05,2.47555882352941e-05
215,2.5e-05,1559145600,2.5e-05,2.478e-05,2.478e-05,625.15566773,0.01561369,2.497e-05,0.024436486666666393,0.034667602307692384,0.09155139676470579,2.479e-05,2.4873846153846138e-05,2.472970588235292e-05
216,2.532e-05,1559152800,2.532e-05,2.5e-05,2.5e-05,673.99370098,0.01688706,2.505e-05,0.014436233333333057,0.027253943846153924,0.08950637823529402,2.4980000000000005e-05,2.4897692307692293e-05,2.473941176470586e-05
217,2.564e-05,1559160000,2.564e-05,2.532e-05,2.532e-05,522.77703256,0.01336112,2.555e-05,0.015287289999999726,0.019279866923077,0.0773899849999999,2.5320000000000005e-05,2.489615384615383e-05,2.476382352941174e-05
218,2.589e-05,1559167200,2.61e-05,2.564e-05,2.572e-05,3127.21204722,0.08094551,2.588e-05,0.037064563333333064,0.025319562307692386,0.0794854994117646,2.561666666666667e-05,2.4921538461538447e-05,2.4805588235294093e-05
219,2.534e-05,1559174400,2.582e-05,2.534e-05,2.582e-05,560.64733177,0.01432454,2.555e-05,0.03621038999999974,0.024937283846153922,0.07905469352941166,2.562333333333334e-05,2.494384615384614e-05,2.4829411764705858e-05
220,2.562e-05,1559181600,2.574e-05,2.538e-05,2.538e-05,1221.31986754,0.03111879,2.547e-05,0.042129613333333066,0.021459985384615462,0.07762210029411754,2.5616666666666675e-05,2.500230769230768e-05,2.487147058823527e-05
221,2.556e-05,1559188800,2.585e-05,2.551e-05,2.552e-05,4004.64935181,0.10223964,2.553e-05,0.0492276566666664,0.027407448461538537,0.08052409323529401,2.5506666666666674e-05,2.507076923076922e-05,2.4909117647058797e-05
222,2.553e-05,1559196000,2.553e-05,2.524e-05,2.549e-05,668.0711803,0.01690826,2.53e-05,0.0500888966666664,0.027654046923077,0.0807166444117646,2.5570000000000004e-05,2.517153846153845e-05,2.4944999999999972e-05
223,2.586e-05,1559203200,2.613e-05,2.531e-05,2.531e-05,3282.29588224,0.08497161,2.588e-05,0.0680398366666664,0.033859355384615465,0.08243712764705872,2.5650000000000003e-05,2.5274615384615375e-05,2.5000882352941147e-05
224,2.636e-05,1559210400,2.67e-05,2.607e-05,2.607e-05,6669.67776692,0.17620392,2.641e-05,0.0926945966666664,0.04721972538461546,0.08721706470588225,2.5916666666666672e-05,2.5396153846153836e-05,2.507676470588232e-05
225,2.692e-05,1559217600,2.731e-05,2.659e-05,2.665e-05,9179.61903446,0.24745629,2.695e-05,0.16954393999999973,0.06597893846153854,0.08492647764705874,2.638e-05,2.5569999999999987e-05,2.5163529411764677e-05
226,2.612e-05,1559224800,2.729e-05,2.601e-05,2.677e-05,10808.40420631,0.28720198,2.657e-05,0.23695406333333305,0.08446464307692315,0.0861066699999999,2.646666666666667e-05,2.5675384615384603e-05,2.5224411764705856e-05
227,2.547e-05,1559232000,2.612e-05,2.492e-05,2.612e-05,15127.76948744,0.38219268,2.526e-05,0.30561698333333304,0.1130326992307693,0.0968397111764705,2.6170000000000002e-05,2.5740769230769218e-05,2.5259705882352915e-05
228,2.573e-05,1559239200,2.575e-05,2.545e-05,2.553e-05,1844.41303144,0.04735042,2.567e-05,0.23891502666666634,0.11547398615384623,0.09746184941176461,2.5773333333333333e-05,2.5796923076923063e-05,2.5289411764705857e-05
229,2.46e-05,1559246400,2.549e-05,2.445e-05,2.549e-05,3104.24769901,0.07653445,2.465e-05,0.16869251666666632,0.120062246923077,0.09556433558823521,2.5266666666666666e-05,2.574153846153845e-05,2.5285588235294092e-05
230,2.557e-05,1559253600,2.557e-05,2.46e-05,2.46e-05,2907.81324958,0.07396219,2.543e-05,0.06594901999999968,0.12472386769230778,0.0977361823529411,2.5300000000000002e-05,2.573615384615383e-05,2.5306470588235268e-05
231,2.565e-05,1559260800,2.572e-05,2.536e-05,2.536e-05,2562.70242648,0.06574457,2.565e-05,0.072080403333333,0.1235545646153847,0.09728002823529402,2.5273333333333334e-05,2.5717692307692295e-05,2.534823529411762e-05
232,2.524e-05,1559268000,2.549e-05,2.524e-05,2.549e-05,179.25425516,0.00454346,2.534e-05,0.048083406666666335,0.12280217384615393,0.07750936794117637,2.5486666666666664e-05,2.5709999999999986e-05,2.5329411764705856e-05
233,2.537e-05,1559275200,2.537e-05,2.511e-05,2.524e-05,196.56557414,0.00495416,2.52e-05,0.025080729999999676,0.12078951000000007,0.06997237088235285,2.5419999999999997e-05,2.5690769230769214e-05,2.532588235294115e-05
234,2.554e-05,1559282400,2.554e-05,2.553e-05,2.553e-05,46.44298781,0.00118574,2.553e-05,0.003561119999999677,0.11301613307692314,0.06710096647058814,2.538333333333333e-05,2.5689230769230752e-05,2.5330588235294096e-05
235,2.562e-05,1559289600,2.61e-05,2.555e-05,2.555e-05,4238.53331176,0.10958998,2.585e-05,0.03857662666666634,0.12014549615384623,0.06940876323529402,2.551e-05,2.569615384615383e-05,2.535470588235292e-05
236,2.551e-05,1559296800,2.595e-05,2.535e-05,2.556e-05,11572.2520214,0.29705916,2.566e-05,0.1359449599999997,0.13645992307692315,0.07604159882352932,2.555666666666667e-05,2.5669230769230755e-05,2.5347647058823507e-05
237,2.537e-05,1559304000,2.551e-05,2.522e-05,2.551e-05,3778.77562187,0.09577082,2.534e-05,0.16747331999999968,0.1302727615384616,0.07552707529411755,2.55e-05,2.5593076923076907e-05,2.5358235294117625e-05
238,2.511e-05,1559311200,2.56e-05,2.511e-05,2.539e-05,1992.25679427,0.05071086,2.545e-05,0.14784694666666634,0.11513849769230776,0.07357668529411755,2.533e-05,2.545384615384614e-05,2.5342058823529387e-05
239,2.586e-05,1559318400,2.755e-05,2.5e-05,2.526e-05,24930.59037924,0.65856905,2.641e-05,0.268350243333333,0.14370519538461543,0.09287490823529403,2.5446666666666665e-05,2.5433846153846136e-05,2.5350882352941155e-05
240,2.59e-05,1559325600,2.61e-05,2.573e-05,2.586e-05,2495.77631253,0.06477157,2.595e-05,0.2580171599999997,0.11928818692307698,0.09421247911764696,2.5623333333333333e-05,2.5466923076923058e-05,2.5375882352941156e-05
241,2.59e-05,1559332800,2.59e-05,2.59e-05,2.59e-05,5.74914368,0.0001489,2.59e-05,0.241163173333333,0.11565730076923082,0.09197204470588227,2.5886666666666667e-05,2.547999999999998e-05,2.5406470588235274e-05
242,2.7e-05,1559340000,2.7e-05,2.59e-05,2.59e-05,3654.68203426,0.09603635,2.627e-05,0.053652273333333,0.11715744692307697,0.09406362499999991,2.6266666666666664e-05,2.5664615384615363e-05,2.5474999999999982e-05
243,2.61e-05,1559347200,2.693e-05,2.604e-05,2.693e-05,3604.63422397,0.09615649,2.667e-05,0.064113913333333,0.11886470076923082,0.09648874294117638,2.633333333333333e-05,2.5705384615384594e-05,2.553029411764704e-05
244,2.637e-05,1559354400,2.664e-05,2.614e-05,2.614e-05,3141.82843942,0.08325589,2.649e-05,0.09181624333333299,0.12021172538461543,0.09881089852941169,2.649e-05,2.576076923076921e-05,2.558470588235292e-05
245,2.554e-05,1559361600,2.602e-05,2.554e-05,2.602e-05,4929.05901052,0.12804269,2.597e-05,0.10248502333333298,0.1297116661538462,0.10250276852941168,2.6003333333333332e-05,2.5783846153846135e-05,2.560705882352939e-05
246,2.651e-05,1559368800,2.651e-05,2.563e-05,2.563e-05,3631.59036994,0.09535831,2.625e-05,0.10221896333333298,0.13666583153846157,0.10520193882352934,2.614e-05,2.5871538461538443e-05,2.5661470588235274e-05
247,2.69e-05,1559376000,2.703e-05,2.603e-05,2.619e-05,6881.21870246,0.18204927,2.645e-05,0.13515008999999967,0.1505784107692308,0.10917727558823521,2.6316666666666665e-05,2.5976153846153827e-05,2.5724705882352918e-05
248,2.708e-05,1559383200,2.708e-05,2.69e-05,2.703e-05,650.56857311,0.01753456,2.695e-05,0.09831404666666632,0.14349722461538467,0.10937511705882345,2.683e-05,2.608846153846152e-05,2.5797058823529388e-05
249,2.693e-05,1559390400,2.716e-05,2.665e-05,2.675e-05,8844.82774796,0.23711494,2.68e-05,0.1455662566666663,0.13888613076923084,0.11588985970588228,2.6969999999999998e-05,2.6197692307692287e-05,2.585382352941174e-05
250,2.773e-05,1559397600,2.773e-05,2.671e-05,2.692e-05,13763.8927741,0.37319867,2.711e-05,0.20928272333333298,0.1602267346153847,0.1263696129411764,2.724666666666666e-05,2.637923076923075e-05,2.5924705882352916e-05
251,2.94e-05,1559404800,2.95e-05,2.773e-05,2.773e-05,68520.9632422,1.96889275,2.873e-05,0.8597354533333329,0.30777918769230783,0.183885249117647,2.8019999999999993e-05,2.670923076923075e-05,2.6035294117647033e-05
252,2.923e-05,1559412000,2.924e-05,2.917e-05,2.924e-05,11.28757063,0.00032974,2.921e-05,0.780807053333333,0.2571453946153847,0.18151419705882346,2.878666666666666e-05,2.696846153846152e-05,2.6133529411764683e-05
