,close,date,high,low,open,quoteVolume,volume,weightedAverage,avg_vol_3,avg_vol_13,avg_vol_34,avg_close_3,avg_close_13,avg_close_34
0,5.7e-05,1555758574,5.7e-05,5.7e-05,5.7e-05,0.0,0.0,5.7e-05,-99999.0,-99999.0,-99999.0,-99999.0,-99999.0,-99999.0
1,5.66e-05,1555761600,5.7e-05,5.488e-05,5.7e-05,21807.83021056,1.22191082,5.603e-05,-99999.0,-99999.0,-99999.0,-99999.0,-99999.0,-99999.0
2,5.61e-05,1555768800,5.648e-05,5.506e-05,5.648e-05,8709.93288582,0.48639038,5.584e-05,0.5694337333333334,-99999.0,-99999.0,5.656666666666667e-05,-99999.0,-99999.0
3,5.661e-05,1555776000,5.752e-05,5.528e-05,5.601e-05,31475.3932638,1.77649697,5.644e-05,1.16159939,-99999.0,-99999.0,5.6436666666666675e-05,-99999.0,-99999.0
4,5.613e-05,1555783200,5.706e-05,5.571e-05,5.634e-05,12936.95146042,0.73143823,5.653e-05,0.9981085266666666,-99999.0,-99999.0,5.628e-05,-99999.0,-99999.0
5,5.65e-05,1555790400,5.667e-05,5.538e-05,5.613e-05,2943.53225925,0.16416923,5.577e-05,0.8907014766666667,-99999.0,-99999.0,5.641333333333333e-05,-99999.0,-99999.0
6,5.654e-05,1555797600,5.744e-05,5.589e-05,5.621e-05,3580.09656013,0.20225277,5.649e-05,0.36595341,-99999.0,-99999.0,5.639e-05,-99999.0,-99999.0
7,5.719e-05,1555804800,5.784e-05,5.585e-05,5.629e-05,3942.81126694,0.22332355,5.664e-05,0.19658184999999997,-99999.0,-99999.0,5.6743333333333336e-05,-99999.0,-99999.0
8,5.691e-05,1555812000,5.726e-05,5.595e-05,5.708e-05,9166.6037768,0.5200485,5.673e-05,0.3152082733333334,-99999.0,-99999.0,5.6880000000000004e-05,-99999.0,-99999.0
9,6e-05,1555819200,6.101e-05,5.652e-05,5.652e-05,52758.52471453,3.15456819,5.979e-05,1.2993134133333333,-99999.0,-99999.0,5.803333333333333e-05,-99999.0,-99999.0
10,5.831e-05,1555826400,6.068e-05,5.764e-05,5.921e-05,22998.15833541,1.37360749,5.972e-05,1.6827413933333333,-99999.0,-99999.0,5.840666666666667e-05,-99999.0,-99999.0
11,5.406e-05,1555833600,5.82e-05,5.406e-05,5.767e-05,18176.46696489,1.01276351,5.571e-05,1.8469797300000002,-99999.0,-99999.0,5.7456666666666675e-05,-99999.0,-99999.0
12,5.492e-05,1555840800,5.537e-05,5.39e-05,5.401e-05,16901.4809881,0.92346251,5.463e-05,1.103277836666667,0.9069563192307692,-99999.0,5.576333333333334e-05,5.668230769230769e-05,-99999.0
13,5.374e-05,1555848000,5.439e-05,5.286e-05,5.439e-05,3737.9478499,0.19935576,5.333e-05,0.7118605933333336,0.9222913776923077,-99999.0,5.4240000000000016e-05,5.643153846153847e-05,-99999.0
14,5.353e-05,1555855200,5.359e-05,5.322e-05,5.359e-05,133.07274861,0.00711506,5.346e-05,0.3766444433333335,0.82884555,-99999.0,5.406333333333334e-05,5.6195384615384625e-05,-99999.0
15,5.333e-05,1555862400,5.393e-05,5.333e-05,5.393e-05,29.77723943,0.00159021,5.34e-05,0.06935367666666685,0.7915532292307693,-99999.0,5.3533333333333345e-05,5.59823076923077e-05,-99999.0
16,5.285e-05,1555869600,5.374e-05,5.285e-05,5.374e-05,332.55157261,0.01762829,5.3e-05,0.00877785333333351,0.6562556384615384,-99999.0,5.323666666666668e-05,5.569307692307693e-05,-99999.0
17,5.362e-05,1555876800,5.362e-05,5.309e-05,5.318e-05,173.39641222,0.00923914,5.328e-05,0.009485880000000177,0.6007018623076923,-99999.0,5.3266666666666676e-05,5.55e-05,-99999.0
18,5.373e-05,1555884000,5.373e-05,5.307e-05,5.307e-05,123.57136146,0.00662693,5.362e-05,0.011164786666666844,0.5885832238461539,-99999.0,5.3400000000000004e-05,5.528692307692308e-05,-99999.0
19,5.295e-05,1555891200,5.427e-05,5.204e-05,5.373e-05,2993.55946275,0.15800825,5.278e-05,0.05795810666666684,0.5851797992307692,-99999.0,5.343333333333333e-05,5.501076923076923e-05,-99999.0
20,5.15e-05,1555898400,5.283e-05,5.14e-05,5.27e-05,994.10147774,0.05140341,5.17e-05,0.0720128633333335,0.5719551730769231,-99999.0,5.272666666666667e-05,5.457307692307692e-05,-99999.0
21,5.114e-05,1555905600,5.306e-05,5.083e-05,5.152e-05,9181.69017996,0.47334151,5.155e-05,0.22758439000000016,0.5683623276923078,-99999.0,5.186333333333333e-05,5.412923076923076e-05,-99999.0
22,5.149e-05,1555912800,5.173e-05,5.103e-05,5.173e-05,1271.08284971,0.06519599,5.129e-05,0.19664697000000017,0.3307183123076924,-99999.0,5.1376666666666665e-05,5.347461538461537e-05,-99999.0
23,5.196e-05,1555920000,5.241e-05,5.141e-05,5.178e-05,833.15747184,0.04315721,5.179e-05,0.19389823666666683,0.2283759830769232,-99999.0,5.152999999999999e-05,5.298615384615383e-05,-99999.0
24,5.224e-05,1555927200,5.224e-05,5.188e-05,5.188e-05,183.58116388,0.00953785,5.195e-05,0.039297016666666816,0.15120477846153857,-99999.0,5.1896666666666654e-05,5.284615384615383e-05,-99999.0
25,5.238e-05,1555934400,5.261e-05,5.184e-05,5.247e-05,2630.81984166,0.13772956,5.235e-05,0.0634748733333335,0.09076378230769241,-99999.0,5.219333333333332e-05,5.2650769230769216e-05,-99999.0
26,5.168e-05,1555941600,5.184e-05,5.14e-05,5.176e-05,586.98308663,0.03023662,5.151e-05,0.05916801000000016,0.07775461769230779,-99999.0,5.2099999999999986e-05,5.249230769230767e-05,-99999.0
27,5.159e-05,1555948800,5.172e-05,5.113e-05,5.172e-05,1776.39628715,0.09156241,5.154e-05,0.08650953000000015,0.08425056769230779,-99999.0,5.188333333333332e-05,5.234307692307691e-05,-99999.0
28,5.192e-05,1555956000,5.218e-05,5.135e-05,5.179e-05,6122.21418414,0.31603345,5.162e-05,0.14594416000000013,0.10843850923076934,-99999.0,5.172999999999999e-05,5.223461538461537e-05,-99999.0
29,5.148e-05,1555963200,5.193e-05,5.113e-05,5.144e-05,969.1922615,0.04966194,5.124e-05,0.1524192666666668,0.11090263615384625,-99999.0,5.166333333333332e-05,5.212923076923076e-05,-99999.0
30,5.103e-05,1555970400,5.133e-05,5.103e-05,5.107e-05,30.27843603,0.0015461,5.106e-05,0.12241383000000015,0.11031086384615395,-99999.0,5.147666666666665e-05,5.1929999999999986e-05,-99999.0
31,5.117e-05,1555977600,5.136e-05,5.091e-05,5.136e-05,478.71763509,0.02438497,5.093e-05,0.025197670000000155,0.11167686692307704,-99999.0,5.122666666666665e-05,5.173307692307691e-05,-99999.0
32,5.151e-05,1555984800,5.151e-05,5.092e-05,5.092e-05,1219.65736576,0.06235036,5.112e-05,0.029427143333333485,0.10431856769230781,-99999.0,5.123666666666664e-05,5.162230769230768e-05,-99999.0
33,4.913e-05,1555992000,5.091e-05,4.9e-05,5.091e-05,16625.05283202,0.82208153,4.944e-05,0.3029389533333335,0.16360150000000012,0.4225946676470589,5.0603333333333303e-05,5.143999999999999e-05,5.3848235294117655e-05
34,4.831e-05,1555999200,4.961e-05,4.831e-05,4.959e-05,10886.49881031,0.53302987,4.896e-05,0.47248725333333347,0.16819291230769243,0.43827201676470595,4.964999999999997e-05,5.122230769230768e-05,5.359264705882354e-05
35,5.008e-05,1556006400,5.008e-05,4.828e-05,4.887e-05,4284.473151,0.21349248,4.982e-05,0.5228679600000001,0.17960033461538477,0.40861265382352946,4.9173333333333305e-05,5.1113846153846145e-05,5.340088235294119e-05
36,4.986e-05,1556013600,5.001e-05,4.913e-05,4.915e-05,5875.05910745,0.29028585,4.94e-05,0.3456027333333335,0.19861023000000017,0.40284487352941184,4.941666666666665e-05,5.095230769230768e-05,5.321735294117649e-05
37,4.832e-05,1556020800,4.959e-05,4.811e-05,4.911e-05,5923.79435468,0.29000608,4.895e-05,0.26459480333333346,0.22018470923076938,0.35912455323529413,4.941999999999998e-05,5.0650769230769215e-05,5.297352941176472e-05
38,4.782e-05,1556028000,4.884e-05,4.782e-05,4.832e-05,5681.48576058,0.27478752,4.836e-05,0.2850264833333335,0.23072762923076937,0.34569365,4.8666666666666646e-05,5.029999999999998e-05,5.2729117647058846e-05
39,4.757e-05,1556035200,4.9e-05,4.757e-05,4.821e-05,3656.79509869,0.17592216,4.81e-05,0.2469052533333335,0.24193420923076936,0.34603932441176477,4.790333333333332e-05,4.998384615384614e-05,5.246647058823532e-05
40,4.768e-05,1556042400,4.825e-05,4.754e-05,4.766e-05,2274.25940815,0.10913079,4.798e-05,0.1866134900000002,0.2432856230769232,0.3433004426470589,4.768999999999999e-05,4.968307692307691e-05,5.2205882352941206e-05
41,4.768e-05,1556049600,4.832e-05,4.753e-05,4.832e-05,1112.9486457,0.0531438,4.775e-05,0.11273225000000019,0.22306334230769245,0.33829515588235304,4.764333333333333e-05,4.9356923076923065e-05,5.192617647058827e-05
42,4.752e-05,1556056800,4.815e-05,4.749e-05,4.777e-05,2954.33210852,0.14061566,4.759e-05,0.10096341666666685,0.23005978230769245,0.32713536647058833,4.762666666666666e-05,4.905230769230768e-05,5.165000000000003e-05
43,4.658e-05,1556064000,4.822e-05,4.658e-05,4.752e-05,13912.96626673,0.65919258,4.737e-05,0.28431734666666686,0.2806479730769232,0.25374196617647066,4.726e-05,4.8709999999999986e-05,5.125529411764709e-05
44,4.644e-05,1556071200,4.665e-05,4.6e-05,4.658e-05,815.12115445,0.03769432,4.624e-05,0.27916752000000017,0.28167176923076936,0.21445040235294127,4.684666666666666e-05,4.8346153846153835e-05,5.090617647058827e-05
45,4.622e-05,1556078400,4.634e-05,4.622e-05,4.634e-05,38.8582988,0.00179843,4.628e-05,0.23289511000000018,0.2770139284615386,0.18471613529411776,4.6413333333333325e-05,4.793923076923076e-05,5.0675588235294145e-05
46,4.539e-05,1556085600,4.622e-05,4.5e-05,4.62e-05,5356.8445535,0.24392597,4.553e-05,0.09447290666666681,0.23254042384615398,0.16472976647058835,4.6016666666666656e-05,4.7651538461538454e-05,5.039529411764709e-05
47,4.409e-05,1556092800,4.515e-05,4.408e-05,4.5e-05,10643.92716212,0.47894538,4.499e-05,0.24155659333333346,0.2283800784615386,0.1729529905882354,4.523333333333332e-05,4.732692307692307e-05,5.0111470588235326e-05
48,4.458e-05,1556100000,4.566e-05,4.341e-05,4.47e-05,6406.74204401,0.28170014,4.396e-05,0.3348571633333335,0.23362682153846165,0.18102902235294127,4.4686666666666647e-05,4.690384615384615e-05,4.984823529411768e-05
49,4.402e-05,1556107200,4.458e-05,4.329e-05,4.365e-05,1682.67578598,0.0732899,4.355e-05,0.2779784733333335,0.21693482538461548,0.183137836764706,4.422999999999998e-05,4.6454615384615376e-05,4.957441176470591e-05
50,4.403e-05,1556114400,4.458e-05,4.319e-05,4.415e-05,1494.49366295,0.06593214,4.411e-05,0.1403073933333335,0.19969836846153857,0.18455853823529422,4.4209999999999985e-05,4.612461538461538e-05,4.931500000000003e-05
51,4.377e-05,1556121600,4.457e-05,4.291e-05,4.403e-05,851.10390263,0.03678916,4.322e-05,0.05867040000000016,0.18139080230769242,0.18536883294117656,4.393999999999998e-05,4.581307692307693e-05,4.902529411764709e-05
52,4.395e-05,1556128800,4.538e-05,4.307e-05,4.373e-05,1214.85893929,0.05363916,4.415e-05,0.052120153333333495,0.17198441769230782,0.18675154558823537,4.391666666666665e-05,4.553461538461538e-05,4.873764705882356e-05
53,4.394e-05,1556136000,4.394e-05,4.317e-05,4.375e-05,1269.16500333,0.05538284,4.363e-05,0.048603720000000156,0.16784996000000013,0.18373315117647068,4.388666666666665e-05,4.524692307692307e-05,4.847264705882356e-05
54,4.439e-05,1556143200,4.439e-05,4.378e-05,4.393e-05,277.11757427,0.01224829,4.419e-05,0.040423430000000156,0.16470415153846168,0.18258153000000008,4.409333333333331e-05,4.499384615384614e-05,4.826352941176474e-05
55,4.489e-05,1556150400,4.524e-05,4.393e-05,4.439e-05,2775.61390975,0.12350632,4.449e-05,0.06371248333333349,0.16338804846153862,0.17229225970588244,4.440666666666664e-05,4.479153846153845e-05,4.8079705882352974e-05
56,4.472e-05,1556157600,4.516e-05,4.433e-05,4.492e-05,889.68253261,0.03995474,4.49e-05,0.05856978333333349,0.11575436846153862,0.17154987000000005,4.466666666666663e-05,4.464846153846153e-05,4.788058823529415e-05
57,4.432e-05,1556164800,4.474e-05,4.432e-05,4.472e-05,774.49495344,0.03459358,4.466e-05,0.0660182133333335,0.11551585000000017,0.17129799852941183,4.46433333333333e-05,4.448538461538461e-05,4.765588235294121e-05
58,4.453e-05,1556172000,4.453e-05,4.428e-05,4.432e-05,1752.44391446,0.0776666,4.431e-05,0.050738306666666844,0.12135186307692324,0.1733017852941177,4.45233333333333e-05,4.435538461538461e-05,4.742911764705886e-05
59,4.509e-05,1556179200,4.628e-05,4.411e-05,4.422e-05,4673.99240812,0.21186163,4.532e-05,0.1080406033333335,0.11888537538461554,0.17548214029411766,4.464666666666663e-05,4.433230769230769e-05,4.7214705882352975e-05
60,4.491e-05,1556186400,4.552e-05,4.485e-05,4.488e-05,675.95662989,0.03052723,4.516e-05,0.1066851533333335,0.0843916715384617,0.17549068764705883,4.48433333333333e-05,4.439538461538461e-05,4.701558823529416e-05
61,4.559e-05,1556193600,4.605e-05,4.537e-05,4.537e-05,1968.80680988,0.0898585,4.564e-05,0.11074912000000019,0.06963462230769248,0.17544057264705884,4.5196666666666626e-05,4.4473076923076916e-05,4.683911764705886e-05
62,4.525e-05,1556200800,4.562e-05,4.519e-05,4.559e-05,2009.0779947,0.09113774,4.536e-05,0.07050782333333351,0.07100753307692323,0.16882599294117648,4.524999999999996e-05,4.456769230769231e-05,4.6642941176470626e-05
63,4.565e-05,1556208000,4.565e-05,4.525e-05,4.525e-05,114.57766051,0.00522549,4.56e-05,0.062073910000000176,0.06633779076923094,0.16751903852941177,4.549666666666663e-05,4.469230769230769e-05,4.647147058823533e-05
64,4.599e-05,1556215200,4.605e-05,4.581e-05,4.581e-05,114.0543521,0.00524481,4.598e-05,0.03386934666666684,0.06391130230769247,0.16762782411764707,4.562999999999996e-05,4.486307692307691e-05,4.632323529411768e-05
65,4.637e-05,1556222400,4.68e-05,4.591e-05,4.591e-05,1184.06939485,0.05482185,4.629e-05,0.021764050000000174,0.06400227846153862,0.16852302647058823,4.600333333333329e-05,4.504923076923076e-05,4.618205882352945e-05
66,4.471e-05,1556229600,4.692e-05,4.453e-05,4.638e-05,1818.74859737,0.08394397,4.615e-05,0.04800354333333351,0.06619928846153861,0.1691581326470588,4.568999999999996e-05,4.510846153846153e-05,4.598205882352944e-05
67,4.4e-05,1556236800,4.469e-05,4.336e-05,4.469e-05,2208.77631592,0.0972923,4.404e-05,0.07868604000000018,0.07274113538461553,0.14784080235294117,4.5026666666666626e-05,4.507846153846153e-05,4.5831176470588267e-05
68,4.321e-05,1556244000,4.331e-05,4.263e-05,4.331e-05,1404.31706993,0.05998329,4.271e-05,0.08040652000000019,0.0678547484615386,0.13392766764705882,4.3973333333333294e-05,4.494923076923076e-05,4.568117647058826e-05
69,4.226e-05,1556251200,4.33e-05,4.195e-05,4.33e-05,5227.98435507,0.22362291,4.277e-05,0.12696616666666685,0.08198306923076938,0.13422562147058825,4.3156666666666626e-05,4.4759999999999985e-05,4.545117647058826e-05
70,4.184e-05,1556258400,4.266e-05,4.132e-05,4.226e-05,3874.34865853,0.16115471,4.159e-05,0.14825363666666688,0.09171854076923092,0.1304276467647059,4.243666666666663e-05,4.456923076923075e-05,4.521529411764708e-05
71,4.173e-05,1556265600,4.183e-05,4.167e-05,4.183e-05,61.39286468,0.00256222,4.173e-05,0.1291132800000002,0.08594128076923092,0.12197341558823528,4.19433333333333e-05,4.435384615384614e-05,4.502147058823532e-05
72,4.24e-05,1556272800,4.24e-05,4.208e-05,4.208e-05,1789.45838125,0.07545436,4.216e-05,0.07972376333333353,0.07544841384615399,0.11611067558823529,4.198999999999997e-05,4.414692307692306e-05,4.4862058823529433e-05
73,4.253e-05,1556280000,4.253e-05,4.198e-05,4.198e-05,67.59312432,0.00286766,4.242e-05,0.026961413333333527,0.07332075461538476,0.11102083735294119,4.221999999999998e-05,4.396384615384614e-05,4.471382352941178e-05
74,4.236e-05,1556287200,4.262e-05,4.188e-05,4.195e-05,3273.82982563,0.1388734,4.241e-05,0.07239847333333353,0.07709113153846169,0.11189562,4.242999999999998e-05,4.3715384615384596e-05,4.455735294117649e-05
75,4.21e-05,1556294400,4.215e-05,4.192e-05,4.193e-05,91.43470374,0.00383707,4.196e-05,0.048526043333333525,0.07037569538461554,0.11044542205882353,4.2329999999999976e-05,4.34730769230769e-05,4.4393235294117666e-05
76,4.219e-05,1556301600,4.219e-05,4.192e-05,4.195e-05,15.81426558,0.00066485,4.204e-05,0.04779177333333353,0.07002487692307707,0.1063292217647059,4.221666666666664e-05,4.320692307692305e-05,4.423647058823531e-05
77,4.187e-05,1556308800,4.209e-05,4.15e-05,4.209e-05,1552.35139438,0.06515257,4.197e-05,0.02321816333333353,0.07463316615384631,0.0888574567647059,4.2053333333333306e-05,4.288999999999997e-05,4.40979411764706e-05
78,4.213e-05,1556316000,4.253e-05,4.187e-05,4.249e-05,573.10902253,0.02414946,4.213e-05,0.0299889600000002,0.07227375153846169,0.08845907852941177,4.206333333333331e-05,4.2563846153846126e-05,4.3971176470588254e-05
79,4.33e-05,1556323200,4.42e-05,4.212e-05,4.229e-05,8091.28748736,0.35038324,4.33e-05,0.14656175666666685,0.09276908000000016,0.09871157294117647,4.2433333333333305e-05,4.245538461538459e-05,4.388529411764708e-05
80,4.278e-05,1556330400,4.293e-05,4.251e-05,4.275e-05,694.24527801,0.02967167,4.273e-05,0.1347347900000002,0.08756749307692324,0.09240997588235295,4.273666666666664e-05,4.2361538461538436e-05,4.380852941176472e-05
81,4.255e-05,1556337600,4.332e-05,4.255e-05,4.294e-05,117.84485562,0.00502411,4.263e-05,0.1283596733333335,0.08333986384615401,0.07847111500000001,4.2876666666666635e-05,4.2310769230769204e-05,4.376323529411766e-05
82,4.28e-05,1556344800,4.338e-05,4.276e-05,4.303e-05,304.04341655,0.01302884,4.285e-05,0.01590820666666685,0.06714032000000017,0.07056901794117648,4.2709999999999976e-05,4.2352307692307665e-05,4.3710882352941186e-05
83,4.222e-05,1556352000,4.287e-05,4.222e-05,4.273e-05,252.2559494,0.01071611,4.248e-05,0.00958968666666685,0.05556812000000016,0.0687286123529412,4.252333333333331e-05,4.238153846153843e-05,4.365794117647059e-05
84,4.277e-05,1556359200,4.277e-05,4.277e-05,4.277e-05,23.56277765,0.00100778,4.277e-05,0.008250910000000182,0.05544854769230786,0.0668190723529412,4.2596666666666645e-05,4.246153846153843e-05,4.362088235294118e-05
85,4.224e-05,1556366400,4.277e-05,4.224e-05,4.277e-05,109.68350514,0.00466094,4.249e-05,0.005461610000000183,0.05000290000000017,0.06587412470588237,4.2409999999999975e-05,4.244923076923074e-05,4.357588235294118e-05
86,4.3e-05,1556373600,4.338e-05,4.26e-05,4.26e-05,1327.06875209,0.05709844,4.302e-05,0.020922386666666848,0.05417449846153862,0.06597586823529412,4.266999999999999e-05,4.248538461538458e-05,4.354794117647059e-05
87,4.327e-05,1556380800,4.369e-05,4.298e-05,4.298e-05,561.21335458,0.02447538,4.361e-05,0.028744920000000184,0.04537465076923093,0.06506682529411767,4.283666666666665e-05,4.255538461538458e-05,4.352823529411765e-05
88,4.364e-05,1556388000,4.364e-05,4.364e-05,4.364e-05,2.57709944,0.00011246,4.364e-05,0.02722876000000018,0.045088142307692466,0.06470988911764708,4.3303333333333316e-05,4.267384615384612e-05,4.350617647058824e-05
89,4.306e-05,1556395200,4.323e-05,4.306e-05,4.323e-05,45.53898705,0.0019637,4.312e-05,0.008850513333333513,0.045188053846154,0.061135106176470604,4.3323333333333305e-05,4.27407692307692e-05,4.345235294117648e-05
90,4.306e-05,1556402400,4.306e-05,4.306e-05,4.306e-05,0.0,0.0,4.306e-05,0.0006920533333335128,0.04017631769230785,0.059959966764705885,4.325333333333331e-05,4.283230769230767e-05,4.340352941176471e-05
91,4.307e-05,1556409600,4.307e-05,4.307e-05,4.307e-05,93.63352014,0.00403279,4.307e-05,0.001998830000000179,0.0386288815384617,0.05906112000000001,4.3063333333333304e-05,4.290461538461535e-05,4.3366764705882355e-05
92,4.372e-05,1556416800,4.41e-05,4.337e-05,4.374e-05,1016.037017,0.04452888,4.382e-05,0.016187223333333514,0.015101623076923242,0.0580864811764706,4.328333333333331e-05,4.293692307692305e-05,4.334294117647059e-05
93,4.42e-05,1556424000,4.42e-05,4.42e-05,4.42e-05,20.17760179,0.00089184,4.42e-05,0.016484503333333515,0.012887790000000164,0.05188148735294119,4.366333333333331e-05,4.3046153846153815e-05,4.3316764705882354e-05
94,4.517e-05,1556431200,4.517e-05,4.359e-05,4.359e-05,2047.07227277,0.09036082,4.414e-05,0.04526051333333351,0.01945215230769247,0.05364129882352942,4.436333333333331e-05,4.3247692307692274e-05,4.332441176470588e-05
95,4.61e-05,1556438400,4.691e-05,4.491e-05,4.5e-05,2617.06557382,0.12138207,4.638e-05,0.07087824333333352,0.02778701615384632,0.05456846264705883,4.515666666666665e-05,4.350153846153843e-05,4.333941176470588e-05
96,4.573e-05,1556445600,4.617e-05,4.557e-05,4.603e-05,703.95455483,0.03220628,4.575e-05,0.08131639000000018,0.029440106153846315,0.05283518441176471,4.5666666666666654e-05,4.377153846153843e-05,4.33535294117647e-05
97,4.534e-05,1556452800,4.634e-05,4.534e-05,4.574e-05,1631.4763605,0.07444135,4.562e-05,0.07600990000000019,0.03508884230769247,0.05487094500000001,4.572333333333332e-05,4.3969230769230736e-05,4.3344411764705886e-05
98,4.471e-05,1556460000,4.515e-05,4.411e-05,4.515e-05,370.98213439,0.01644722,4.433e-05,0.04103161666666685,0.035995479230769394,0.05520042764705884,4.5259999999999983e-05,4.415923076923073e-05,4.3306764705882345e-05
99,4.396e-05,1556467200,4.462e-05,4.37e-05,4.462e-05,2489.58973909,0.10941206,4.394e-05,0.06676687666666685,0.04001960384615401,0.05680602205882354,4.4669999999999984e-05,4.423307692307689e-05,4.3235882352941175e-05
100,4.424e-05,1556474400,4.426e-05,4.424e-05,4.426e-05,357.43457066,0.01581734,4.425e-05,0.04722554000000018,0.03935360076923093,0.05480229764705884,4.430333333333331e-05,4.4307692307692274e-05,4.3222058823529415e-05
101,4.419e-05,1556481600,4.435e-05,4.417e-05,4.425e-05,46.02533276,0.00203423,4.419e-05,0.042421210000000174,0.039501429230769394,0.052000589705882366,4.412999999999998e-05,4.4349999999999973e-05,4.3227647058823526e-05
102,4.403e-05,1556488800,4.411e-05,4.403e-05,4.411e-05,35.74464304,0.00157642,4.41e-05,0.006475996666666835,0.03947163846153863,0.05028274058823531,4.415333333333331e-05,4.4424615384615356e-05,4.325176470588235e-05
103,4.403e-05,1556496000,4.403e-05,4.403e-05,4.403e-05,0.0,0.0,4.403e-05,0.0012035500000001688,0.03947163846153863,0.0437055961764706,4.408333333333331e-05,4.449923076923074e-05,4.3303823529411774e-05
104,4.459e-05,1556503200,4.459e-05,4.412e-05,4.412e-05,46.17596009,0.00204013,4.418e-05,0.0012055166666668352,0.03931835692307709,0.03902575558823531,4.4216666666666646e-05,4.4616153846153815e-05,4.3384705882352946e-05
105,4.382e-05,1556510400,4.408e-05,4.369e-05,4.408e-05,1261.98433226,0.05516008,4.37e-05,0.019066736666666834,0.04013614153846171,0.04057275147058825,4.414666666666665e-05,4.4623846153846124e-05,4.344617647058824e-05
106,4.355e-05,1556517600,4.361e-05,4.336e-05,4.336e-05,15.11499185,0.00065681,4.345e-05,0.0192856733333335,0.04011806230769248,0.038372823529411786,4.398666666666665e-05,4.457384615384612e-05,4.3480000000000004e-05
107,4.365e-05,1556524800,4.38e-05,4.355e-05,4.355e-05,33.12275059,0.00144729,4.369e-05,0.019088060000000167,0.03327856000000017,0.03833104794117649,4.3673333333333314e-05,4.4456923076923054e-05,4.351294117647059e-05
108,4.244e-05,1556532000,4.336e-05,4.239e-05,4.336e-05,461.88560558,0.01981343,4.289e-05,0.0073058433333334965,0.025465587692307865,0.034829284117647075,4.321333333333332e-05,4.4175384615384595e-05,4.351529411764706e-05
109,4.144e-05,1556539200,4.251e-05,4.109e-05,4.244e-05,2404.42775383,0.1000358,4.16e-05,0.040432173333333495,0.03068324307692325,0.037658658529411776,4.250999999999999e-05,4.3845384615384596e-05,4.3495882352941176e-05
110,4.149e-05,1556546400,4.168e-05,4.114e-05,4.144e-05,827.72291742,0.03434413,4.149e-05,0.051397786666666834,0.027598841538461708,0.0386492255882353,4.178999999999999e-05,4.3549230769230743e-05,4.347529411764706e-05
111,4.195e-05,1556553600,4.195e-05,4.1e-05,4.149e-05,2365.0512828,0.09804862,4.145e-05,0.07747618333333352,0.03387587230769248,0.039616756470588245,4.162666666666666e-05,4.333692307692306e-05,4.347764705882353e-05
112,4.186e-05,1556560800,4.186e-05,4.177e-05,4.185e-05,1241.10079293,0.05188561,4.18e-05,0.061426120000000174,0.02945076076923094,0.040432525588235305,4.176666666666666e-05,4.317538461538459e-05,4.3469705882352936e-05
113,4.138e-05,1556568000,4.138e-05,4.138e-05,4.138e-05,6.0584473,0.00025069,4.138e-05,0.05006164000000018,0.028253326153846323,0.03013450941176472,4.173e-05,4.2955384615384596e-05,4.3413235294117644e-05
114,4.177e-05,1556575200,4.186e-05,4.155e-05,4.186e-05,27.95526049,0.00116919,4.182e-05,0.017768496666666838,0.02818678461538478,0.0292962011764706,4.167e-05,4.276923076923075e-05,4.33835294117647e-05
115,4.149e-05,1556582400,4.16e-05,4.113e-05,4.113e-05,902.24595903,0.03727526,4.131e-05,0.012898380000000173,0.03093284923076939,0.03024476441176472,4.154666666666666e-05,4.2573846153846135e-05,4.335235294117646e-05
116,4.189e-05,1556589600,4.198e-05,4.148e-05,4.149e-05,208.52118318,0.00866163,4.153e-05,0.01570202666666684,0.031599128461538624,0.03011631705882354,4.171666666666666e-05,4.240923076923075e-05,4.332558823529411e-05
117,4.155e-05,1556596800,4.189e-05,4.145e-05,4.189e-05,406.43659771,0.01696432,4.173e-05,0.020967070000000174,0.03274714307692324,0.030300087941176484,4.164333333333333e-05,4.21753846153846e-05,4.330588235294117e-05
118,4.194e-05,1556604000,4.194e-05,4.142e-05,4.153e-05,24.14727602,0.00100363,4.156e-05,0.008876526666666844,0.028581262307692465,0.03029996588235296,4.1793333333333325e-05,4.203076923076922e-05,4.328147058823529e-05
119,4.164e-05,1556611200,4.164e-05,4.146e-05,4.146e-05,233.21771789,0.00967818,4.149e-05,0.009215376666666846,0.029275213846154002,0.030447531764705906,4.171e-05,4.1883846153846147e-05,4.326382352941176e-05
120,4.216e-05,1556618400,4.261e-05,4.204e-05,4.204e-05,109.09207221,0.00462307,4.237e-05,0.005101626666666846,0.029519504615384773,0.028904138529411788,4.191333333333333e-05,4.176923076923076e-05,4.323911764705882e-05
121,4.237e-05,1556625600,4.254e-05,4.208e-05,4.216e-05,545.68684062,0.02306439,4.226e-05,0.012455213333333513,0.029769578461538618,0.028862638823529435,4.2056666666666673e-05,4.176384615384614e-05,4.321264705882352e-05
122,4.197e-05,1556632800,4.197e-05,4.197e-05,4.197e-05,5.61641311,0.00023572,4.197e-05,0.009307726666666847,0.022092649230769385,0.028866264117647082,4.216666666666668e-05,4.180461538461537e-05,4.31635294117647e-05
123,4.197e-05,1556640000,4.197e-05,4.162e-05,4.197e-05,118.33324449,0.00493021,4.166e-05,0.009410106666666846,0.019830040000000156,0.02895351441176473,4.210333333333334e-05,4.184153846153845e-05,4.313147058823528e-05
124,4.154e-05,1556647200,4.163e-05,4.154e-05,4.163e-05,291.73036742,0.012144,4.162e-05,0.005769976666666846,0.013221992307692462,0.02931069088235297,4.182666666666668e-05,4.180999999999998e-05,4.3086764705882344e-05
125,4.24e-05,1556654400,4.24e-05,4.194e-05,4.194e-05,2379.94199729,0.10076181,4.233e-05,0.039278673333333514,0.01698170000000015,0.03215566205882356,4.1970000000000006e-05,4.1851538461538435e-05,4.30670588235294e-05
126,4.279e-05,1556661600,4.279e-05,4.18e-05,4.181e-05,887.50622547,0.03795344,4.276e-05,0.050286416666666854,0.01988191153846169,0.031962266764705906,4.224333333333334e-05,4.195999999999997e-05,4.3039705882352935e-05
127,4.267e-05,1556668800,4.267e-05,4.267e-05,4.267e-05,8.82826566,0.0003767,4.267e-05,0.046363983333333525,0.019820950769230922,0.03194711558823532,4.2620000000000015e-05,4.202923076923074e-05,4.299470588235293e-05
128,4.267e-05,1556676000,4.267e-05,4.267e-05,4.267e-05,0.0,0.0,4.267e-05,0.012776713333333528,0.01695362307692323,0.029289444411764728,4.271000000000001e-05,4.211999999999997e-05,4.292117647058823e-05
129,4.27e-05,1556683200,4.27e-05,4.27e-05,4.27e-05,54.25784214,0.0023168,4.27e-05,0.0008978333333335281,0.016465559230769384,0.025787524705882376,4.268000000000002e-05,4.218230769230766e-05,4.2821176470588226e-05
130,4.262e-05,1556690400,4.262e-05,4.261e-05,4.261e-05,469.3492037,0.02000003,4.261e-05,0.007438943333333527,0.016699075384615538,0.025428517352941195,4.266333333333335e-05,4.226461538461535e-05,4.272970588235293e-05
131,4.262e-05,1556697600,4.262e-05,4.262e-05,4.262e-05,0.0,0.0,4.262e-05,0.007438943333333527,0.01662187307692323,0.02323906588235296,4.2646666666666686e-05,4.231692307692305e-05,4.2649705882352927e-05
132,4.196e-05,1556704800,4.197e-05,4.196e-05,4.197e-05,1732.70857536,0.07270935,4.196e-05,0.030903126666666864,0.02147042461538477,0.024893834411764727,4.240000000000002e-05,4.234153846153843e-05,4.2568823529411754e-05
133,4.219e-05,1556712000,4.221e-05,4.198e-05,4.221e-05,627.05985999,0.02644903,4.217e-05,0.03305279333333353,0.023149344615384766,0.02245374529411767,4.2256666666666685e-05,4.2343846153846125e-05,4.251676470588235e-05
134,4.197e-05,1556719200,4.21e-05,4.169e-05,4.21e-05,67.89491115,0.00284852,4.195e-05,0.034002300000000193,0.02159427769230785,0.022072309411764725,4.2040000000000024e-05,4.2313076923076896e-05,4.244999999999999e-05
135,4.146e-05,1556726400,4.194e-05,4.142e-05,4.163e-05,465.33811899,0.01935781,4.159e-05,0.016218453333333525,0.023065207692307847,0.022581826470588255,4.187333333333335e-05,4.227384615384612e-05,4.236970588235293e-05
136,4.194e-05,1556733600,4.195e-05,4.16e-05,4.16e-05,585.17131349,0.02453715,4.193e-05,0.015581160000000191,0.024573433846154,0.023257142058823548,4.179000000000002e-05,4.227153846153843e-05,4.2308235294117634e-05
137,4.195e-05,1556740800,4.195e-05,4.143e-05,4.143e-05,152.13392517,0.00633128,4.161e-05,0.01674208000000019,0.024126301538461695,0.02344335617647061,4.1783333333333344e-05,4.2303076923076895e-05,4.22470588235294e-05
138,4.143e-05,1556748000,4.164e-05,4.143e-05,4.164e-05,94.53604329,0.00392922,4.156e-05,0.011599216666666856,0.016677640769230926,0.02349891764705884,4.177333333333335e-05,4.2228461538461505e-05,4.215411764705881e-05
139,4.165e-05,1556755200,4.203e-05,4.164e-05,4.193e-05,1737.82714246,0.07280811,4.189e-05,0.027689536666666858,0.019358769230769384,0.024017977352941193,4.167666666666669e-05,4.214076923076919e-05,4.209029411764705e-05
140,4.102e-05,1556762400,4.178e-05,4.081e-05,4.143e-05,5180.73895886,0.21301456,4.111e-05,0.09658396333333352,0.03571552769230784,0.030263793529411782,4.136666666666668e-05,4.201384615384612e-05,4.201588235294116e-05
141,4.193e-05,1556769600,4.193e-05,4.193e-05,4.193e-05,30.27662923,0.00126949,4.193e-05,0.09569738666666684,0.035813180769230915,0.030258564117647078,4.153333333333335e-05,4.195692307692305e-05,4.196529411764705e-05
142,4.131e-05,1556776800,4.171e-05,4.04e-05,4.081e-05,1165.89484614,0.04746282,4.07e-05,0.08724895666666686,0.03928595153846169,0.03107178147058826,4.1420000000000013e-05,4.184999999999997e-05,4.19320588235294e-05
143,4.1e-05,1556784000,4.143e-05,4.012e-05,4.132e-05,115.80155404,0.00470346,4.061e-05,0.017811923333333524,0.03810929230769246,0.02826788911764708,4.141333333333334e-05,4.172538461538458e-05,4.191911764705881e-05
144,4.13e-05,1556791200,4.13e-05,4.1e-05,4.1e-05,10.80653969,0.00044529,4.12e-05,0.017537190000000192,0.038143545384615535,0.02727086441176473,4.120333333333334e-05,4.162384615384611e-05,4.1913529411764695e-05
145,4.125e-05,1556798400,4.125e-05,4.068e-05,4.068e-05,12.8875419,0.00052568,4.079e-05,0.001891476666666859,0.03259095538461553,0.024402542647058847,4.118333333333334e-05,4.156923076923073e-05,4.189294117647058e-05
146,4.024e-05,1556805600,4.114e-05,3.939e-05,4.029e-05,2166.53431157,0.08701766,4.016e-05,0.029329543333333524,0.03725008076923091,0.025435838235294137,4.093000000000001e-05,4.141923076923073e-05,4.1845294117647056e-05
147,4e-05,1556812800,4.091e-05,3.946e-05,4.024e-05,83.96923578,0.00336967,4.012e-05,0.03030433666666686,0.037290169230769374,0.025527572941176493,4.0496666666666675e-05,4.126769230769226e-05,4.1804705882352944e-05
148,4.004e-05,1556820000,4.086e-05,4.004e-05,4.031e-05,837.68072578,0.0340258,4.061e-05,0.04147104333333352,0.0384184761538463,0.02649394382352943,4.0093333333333345e-05,4.1158461538461497e-05,4.175382352941177e-05
149,4.005e-05,1556827200,4.005e-05,4.005e-05,4.005e-05,233.33994367,0.00934526,4.005e-05,0.015580243333333521,0.037249869230769374,0.025672473235294136,4.003000000000001e-05,4.1013076923076885e-05,4.17114705882353e-05
150,4.062e-05,1556834400,4.062e-05,4.052e-05,4.053e-05,15.34727676,0.00062235,4.055e-05,0.014664470000000188,0.03681072076923091,0.02543602382352943,4.0236666666666674e-05,4.091076923076919e-05,4.1674117647058824e-05
151,4.172e-05,1556841600,4.172e-05,4.023e-05,4.033e-05,2546.66371077,0.10446039,4.101e-05,0.03814266666666686,0.04454388769230784,0.028009437647058842,4.0796666666666675e-05,4.0933076923076886e-05,4.167911764705883e-05
152,4.051e-05,1556848800,4.07e-05,4.008e-05,4.07e-05,154.19904196,0.00627291,4.068e-05,0.037118550000000194,0.03942579538461553,0.02816441647058825,4.095000000000001e-05,4.084538461538458e-05,4.163705882352941e-05
153,4.008e-05,1556856000,4.04e-05,4.008e-05,4.039e-05,963.32689387,0.03875089,4.022e-05,0.04982806333333353,0.02602089769230784,0.029019496176470604,4.077000000000001e-05,4.077307692307688e-05,4.159117647058824e-05
154,3.87e-05,1556863200,4.047e-05,3.87e-05,4.008e-05,2145.39280437,0.08380719,3.906e-05,0.04294366333333353,0.032369951538461686,0.03134844088235295,3.9763333333333346e-05,4.052461538461534e-05,4.1489411764705885e-05
155,3.829e-05,1556870400,3.9e-05,3.8e-05,3.9e-05,4226.10901759,0.16261204,3.847e-05,0.09505670666666687,0.04122758384615399,0.03545278352941178,3.902333333333335e-05,4.029230769230765e-05,4.136941176470589e-05
156,3.882e-05,1556877600,3.886e-05,3.804e-05,3.886e-05,1412.0793895,0.05412159,3.832e-05,0.10018027333333353,0.04502897846153861,0.03703766205882354,3.860333333333335e-05,4.012461538461533e-05,4.127676470588236e-05
157,3.858e-05,1556884800,3.865e-05,3.813e-05,3.837e-05,543.80394027,0.02078696,3.822e-05,0.0791735300000002,0.04659372230769246,0.03750403705882354,3.856333333333335e-05,3.9915384615384564e-05,4.1177058823529424e-05
158,3.85e-05,1556892000,3.919e-05,3.805e-05,3.805e-05,2034.23803532,0.07822821,3.845e-05,0.051045586666666865,0.05257084000000015,0.03944769029411766,3.8633333333333355e-05,3.9703846153846096e-05,4.108764705882354e-05
159,3.867e-05,1556899200,3.925e-05,3.858e-05,3.858e-05,1781.11720502,0.06899114,3.873e-05,0.05600210333333353,0.051184184615384765,0.03851325882352943,3.8583333333333354e-05,3.9583076923076866e-05,4.09779411764706e-05
160,3.937e-05,1556906400,3.937e-05,3.859e-05,3.896e-05,4964.62421949,0.19268723,3.881e-05,0.11330219333333352,0.065747073846154,0.04306425264705884,3.884666666666669e-05,3.953461538461533e-05,4.087735294117648e-05
161,3.859e-05,1556913600,3.859e-05,3.859e-05,3.859e-05,1733.27094327,0.06688692,3.859e-05,0.10952176333333352,0.06827485230769245,0.04502043558823531,3.887666666666669e-05,3.942307692307687e-05,4.075735294117648e-05
162,3.883e-05,1556920800,3.883e-05,3.883e-05,3.883e-05,7.72598507,0.0003,3.883e-05,0.08662471666666686,0.06757906307692321,0.045029259117647075,3.8930000000000015e-05,3.932923076923071e-05,4.064441176470588e-05
163,3.848e-05,1556928000,3.959e-05,3.82e-05,3.909e-05,3288.44418071,0.12803846,3.893e-05,0.06507512666666686,0.07738030230769245,0.048726955000000016,3.863333333333335e-05,3.916461538461533e-05,4.0520294117647065e-05
164,3.877e-05,1556935200,3.877e-05,3.813e-05,3.831e-05,1173.29913286,0.04516903,3.849e-05,0.05783583000000018,0.07281942846153862,0.049467219705882366,3.869333333333336e-05,3.8937692307692256e-05,4.040705882352942e-05
165,3.877e-05,1556942400,3.877e-05,3.877e-05,3.877e-05,0.0,0.0,3.877e-05,0.05773583000000018,0.07233689692307708,0.049467219705882366,3.8673333333333355e-05,3.880384615384611e-05,4.0293823529411774e-05
166,3.825e-05,1556949600,3.831e-05,3.8e-05,3.8e-05,61.43069031,0.002341,3.81e-05,0.015836676666666855,0.06953613615384632,0.04739756235294119,3.8596666666666696e-05,3.8663076923076875e-05,4.0184705882352956e-05
167,3.798e-05,1556956800,3.824e-05,3.798e-05,3.824e-05,68.23270921,0.00259611,3.804e-05,0.0016457033333335213,0.06328913000000017,0.04669600588235295,3.8333333333333355e-05,3.860769230769226e-05,4.0060882352941186e-05
168,3.795e-05,1556964000,3.799e-05,3.759e-05,3.798e-05,3724.92608673,0.14074984,3.778e-05,0.04856231666666685,0.06160742230769248,0.050751927058823545,3.806000000000002e-05,3.8581538461538414e-05,3.994264705882354e-05
169,3.799e-05,1556971200,3.799e-05,3.737e-05,3.751e-05,743.43349842,0.02795268,3.759e-05,0.05709954333333351,0.0595944292307694,0.051004717352941195,3.797333333333335e-05,3.8517692307692264e-05,3.9840588235294125e-05
170,3.796e-05,1556978400,3.799e-05,3.786e-05,3.786e-05,87.41772091,0.00331716,3.794e-05,0.05733989333333351,0.058250598461538634,0.05038060000000002,3.7966666666666684e-05,3.846999999999996e-05,3.972352941176471e-05
171,3.825e-05,1556985600,3.825e-05,3.784e-05,3.799e-05,65.16124549,0.00247972,3.805e-05,0.011249853333333512,0.0524237915384617,0.05026731882352943,3.806666666666668e-05,3.845076923076919e-05,3.9614705882352946e-05
172,3.826e-05,1556992800,3.826e-05,3.825e-05,3.825e-05,30.14003857,0.00115311,3.825e-05,0.0023166633333335123,0.0472054815384617,0.05018566852941178,3.815666666666668e-05,3.841923076923073e-05,3.95214705882353e-05
173,3.79e-05,1557000000,3.79e-05,3.79e-05,3.79e-05,9.21436906,0.00034922,3.79e-05,0.001327350000000179,0.03241025000000016,0.04805452470588237,3.813666666666668e-05,3.83061538461538e-05,3.941117647058824e-05
174,3.79e-05,1557007200,3.802e-05,3.759e-05,3.759e-05,819.00752277,0.0309005,3.772e-05,0.010800943333333514,0.029642063846154008,0.04269822882352942,3.802000000000001e-05,3.825307692307688e-05,3.931941176470589e-05
175,3.79e-05,1557014400,3.79e-05,3.79e-05,3.79e-05,0.0,0.0,3.79e-05,0.010416573333333514,0.02961898692307708,0.042660890882352955,3.7900000000000006e-05,3.818153846153842e-05,3.9200882352941184e-05
176,3.796e-05,1557021600,3.796e-05,3.775e-05,3.775e-05,180.1998118,0.00680475,3.776e-05,0.012568416666666847,0.020293316923077086,0.041465065294117656,3.792000000000001e-05,3.814153846153841e-05,3.910235294117649e-05
177,3.826e-05,1557028800,3.83e-05,3.79e-05,3.79e-05,23.93329136,0.00091287,3.814e-05,0.002572540000000182,0.016888996923077087,0.041353577352941186,3.804000000000001e-05,3.810230769230764e-05,3.902176470588237e-05
178,3.783e-05,1557036000,3.826e-05,3.767e-05,3.773e-05,1168.67862958,0.04462547,3.818e-05,0.01744769666666685,0.02032172538461555,0.04265299441176471,3.801666666666668e-05,3.8029999999999946e-05,3.8919705882352954e-05
179,3.833e-05,1557043200,3.835e-05,3.79e-05,3.83e-05,245.63802117,0.00941842,3.834e-05,0.018318920000000183,0.020866142307692473,0.042914545588235306,3.814000000000001e-05,3.803615384615379e-05,3.883382352941178e-05
180,3.79e-05,1557050400,3.79e-05,3.79e-05,3.79e-05,17.81118991,0.00067504,3.79e-05,0.018239643333333517,0.02071836769230786,0.04037505676470589,3.802000000000001e-05,3.802999999999995e-05,3.876500000000001e-05
181,3.79e-05,1557057600,3.79e-05,3.79e-05,3.79e-05,0.0,0.0,3.79e-05,0.0033644866666668488,0.00989145692307709,0.04027594882352942,3.804333333333334e-05,3.80261538461538e-05,3.870323529411766e-05
182,3.828e-05,1557064800,3.85e-05,3.828e-05,3.835e-05,128.32462227,0.00492546,3.838e-05,0.0018668333333335153,0.008120132307692474,0.03942005647058824,3.802666666666667e-05,3.804846153846149e-05,3.8651470588235304e-05
183,3.873e-05,1557072000,3.9e-05,3.867e-05,3.869e-05,583.69171132,0.02263082,3.877e-05,0.009185426666666848,0.009605798461538627,0.03981080823529412,3.830333333333334e-05,3.810769230769226e-05,3.861264705882354e-05
184,3.859e-05,1557079200,3.894e-05,3.859e-05,3.867e-05,363.85517617,0.01408845,3.871e-05,0.013881576666666848,0.010498777692307858,0.040206870000000006,3.853333333333334e-05,3.813384615384611e-05,3.85529411764706e-05
185,3.858e-05,1557086400,3.858e-05,3.858e-05,3.858e-05,224.36737473,0.00865609,3.858e-05,0.015125120000000181,0.011075930000000166,0.03738909647058824,3.863333333333334e-05,3.8158461538461485e-05,3.846058823529413e-05
186,3.86e-05,1557093600,3.86e-05,3.85e-05,3.85e-05,51.36459834,0.0019814,3.857e-05,0.008241980000000182,0.011201482307692471,0.037262875588235295,3.859e-05,3.821230769230764e-05,3.8404411764705896e-05
187,3.812e-05,1557100800,3.843e-05,3.812e-05,3.841e-05,154.0,0.00590105,3.831e-05,0.0055128466666668485,0.009278447692307856,0.03629670382352941,3.843333333333334e-05,3.822923076923071e-05,3.8346764705882366e-05
188,3.797e-05,1557108000,3.825e-05,3.797e-05,3.825e-05,78.25218479,0.00299089,3.822e-05,0.0036244466666668484,0.009508516153846317,0.033919753823529415,3.823e-05,3.823461538461533e-05,3.832529411764707e-05
189,3.798e-05,1557115200,3.841e-05,3.798e-05,3.798e-05,1730.43427227,0.06623638,3.827e-05,0.025042773333333518,0.014080180000000162,0.0310851755882353,3.8023333333333326e-05,3.823615384615379e-05,3.831617647058824e-05
190,3.825e-05,1557122400,3.833e-05,3.795e-05,3.832e-05,99.35004047,0.0038035,3.828e-05,0.024343590000000182,0.014302536153846314,0.02960523176470589,3.806666666666666e-05,3.823538461538456e-05,3.8299411764705896e-05
191,3.881e-05,1557129600,3.881e-05,3.675e-05,3.826e-05,25478.84455553,0.95221919,3.737e-05,0.3407530233333335,0.08411743769230785,0.05700029735294118,3.834666666666666e-05,3.8310769230769174e-05,3.8306176470588246e-05
192,3.886e-05,1557136800,4.002e-05,3.858e-05,3.859e-05,4150.80994244,0.16300313,3.927e-05,0.37300860666666674,0.09593164615384632,0.05949367735294119,3.863999999999999e-05,3.8351538461538405e-05,3.831676470588237e-05
193,3.886e-05,1557144000,3.953e-05,3.886e-05,3.942e-05,275.02550898,0.01080808,3.929e-05,0.3753434666666668,0.09671111076923095,0.057782410882352954,3.884333333333332e-05,3.8425384615384563e-05,3.832235294117648e-05
194,3.92e-05,1557151200,3.92e-05,3.879e-05,3.879e-05,1163.00387789,0.04534669,3.899e-05,0.07305263333333341,0.10019931769230786,0.053448865588235306,3.897333333333332e-05,3.852538461538456e-05,3.831735294117649e-05
195,3.929e-05,1557158400,3.943e-05,3.921e-05,3.921e-05,4712.45338841,0.18546187,3.935e-05,0.08053888000000009,0.114086733846154,0.056936364117647076,3.911666666666666e-05,3.8603076923076866e-05,3.8337941176470603e-05
196,3.929e-05,1557165600,3.929e-05,3.929e-05,3.929e-05,115.02701447,0.00451941,3.929e-05,0.07844265666666676,0.11269354846153862,0.05706046441176472,3.926e-05,3.8646153846153796e-05,3.835147058823531e-05
197,3.929e-05,1557172800,3.929e-05,3.929e-05,3.929e-05,0.0,0.0,3.929e-05,0.06332709333333343,0.11160982153846169,0.05329462735294119,3.928999999999999e-05,3.8699999999999945e-05,3.837529411764707e-05
198,3.972e-05,1557180000,3.972e-05,3.972e-05,3.972e-05,50.35246727,0.00199999,3.972e-05,0.002173133333333429,0.11109781384615401,0.05202494970588237,3.943333333333333e-05,3.878769230769226e-05,3.8403235294117664e-05
199,3.993e-05,1557187200,4.001e-05,3.938e-05,3.951e-05,7200.07513229,0.28493465,3.957e-05,0.0956448800000001,0.13286344846153864,0.06040538058823531,3.964666666666666e-05,3.888999999999995e-05,3.8437352941176486e-05
200,3.81e-05,1557194400,3.973e-05,3.805e-05,3.973e-05,9599.85331935,0.37120528,3.866e-05,0.21937997333333345,0.160963773846154,0.07125433000000002,3.924999999999999e-05,3.8888461538461486e-05,3.84329411764706e-05
201,3.744e-05,1557201600,3.783e-05,3.744e-05,3.783e-05,187.83325239,0.00706716,3.762e-05,0.2210690300000001,0.16127733307692324,0.07138583147058826,3.848999999999999e-05,3.8847692307692256e-05,3.841705882352942e-05
202,3.795e-05,1557208800,3.796e-05,3.768e-05,3.768e-05,5547.99355481,0.20964352,3.778e-05,0.1959719866666668,0.17230865153846173,0.07341211617647062,3.782999999999999e-05,3.884538461538457e-05,3.841705882352942e-05
203,3.768e-05,1557216000,3.769e-05,3.768e-05,3.769e-05,417.83775886,0.01574812,3.768e-05,0.07748626666666679,0.17322746846153866,0.0730531585294118,3.768999999999999e-05,3.880153846153842e-05,3.84079411764706e-05
204,3.768e-05,1557223200,3.768e-05,3.768e-05,3.768e-05,0.0,0.0,3.768e-05,0.07513054666666678,0.09997983846153866,0.07295559500000004,3.776999999999999e-05,3.8714615384615345e-05,3.839970588235295e-05
205,3.77e-05,1557230400,3.773e-05,3.748e-05,3.768e-05,1358.69553986,0.05103596,3.756e-05,0.02226136000000013,0.09136697923076943,0.0743837197058824,3.768666666666666e-05,3.862538461538457e-05,3.8383529411764713e-05
206,3.735e-05,1557237600,3.772e-05,3.714e-05,3.771e-05,135.93652297,0.0050996,3.751e-05,0.01871185333333346,0.09092786538461559,0.0744997929411765,3.7576666666666655e-05,3.850923076923072e-05,3.835676470588236e-05
207,3.703e-05,1557244800,3.742e-05,3.7e-05,3.739e-05,406.16156097,0.01509916,3.717e-05,0.02374490666666679,0.08860113230769252,0.07493361470588239,3.735999999999999e-05,3.834230769230764e-05,3.833117647058825e-05
208,3.685e-05,1557252000,3.735e-05,3.685e-05,3.703e-05,2332.46938002,0.08641322,3.704e-05,0.03553732666666679,0.08098200538461561,0.0765663417647059,3.707666666666666e-05,3.815461538461534e-05,3.830029411764707e-05
209,3.678e-05,1557259200,3.72e-05,3.675e-05,3.72e-05,110.87311194,0.00409241,3.691e-05,0.0352015966666668,0.08094915923076947,0.07668670676470592,3.6886666666666653e-05,3.7961538461538424e-05,3.826735294117648e-05
210,3.705e-05,1557266400,3.705e-05,3.675e-05,3.679e-05,1622.41903411,0.05963757,3.675e-05,0.05004773333333346,0.08553666461538485,0.07824061323529415,3.6893333333333314e-05,3.7789230769230724e-05,3.824058823529412e-05
211,3.675e-05,1557273600,3.741e-05,3.675e-05,3.705e-05,504.71113222,0.01863223,3.691e-05,0.027454070000000132,0.08681606769230792,0.07876177088235298,3.6859999999999976e-05,3.756076923076918e-05,3.8196176470588235e-05
212,3.71e-05,1557280800,3.712e-05,3.677e-05,3.712e-05,123.46685753,0.00455734,3.691e-05,0.0276090466666668,0.06524858230769254,0.07758329647058826,3.6966666666666646e-05,3.7343076923076874e-05,3.817470588235294e-05
213,3.765e-05,1557288000,3.765e-05,3.686e-05,3.71e-05,437.95309773,0.01622313,3.704e-05,0.0131375666666668,0.0379422630769233,0.07778343500000004,3.716666666666665e-05,3.730846153846149e-05,3.8154705882352937e-05
214,3.686e-05,1557295200,3.69e-05,3.686e-05,3.69e-05,20.17567028,0.00074399,3.687e-05,0.007174820000000133,0.03745586538461561,0.07778546294117651,3.7203333333333317e-05,3.7263846153846106e-05,3.8124117647058826e-05
215,3.703e-05,1557302400,3.704e-05,3.703e-05,3.704e-05,15.05310225,0.00055741,3.703e-05,0.005841510000000133,0.021372318461538684,0.0778018573529412,3.7179999999999986e-05,3.719307692307687e-05,3.8098529411764705e-05
216,3.615e-05,1557309600,3.681e-05,3.614e-05,3.681e-05,415.74758252,0.01520649,3.657e-05,0.005502630000000134,0.02133065461538484,0.07810424058823534,3.667999999999999e-05,3.707538461538456e-05,3.803588235294118e-05
217,3.639e-05,1557316800,3.651e-05,3.59e-05,3.615e-05,951.86672323,0.0344935,3.623e-05,0.016752466666666802,0.023984000769230997,0.07845314294117652,3.652333333333332e-05,3.6976153846153786e-05,3.796705882352941e-05
218,3.639e-05,1557324000,3.661e-05,3.639e-05,3.661e-05,495.08123476,0.01808991,3.653e-05,0.022596633333333473,0.021449689230769457,0.07857083294117652,3.630999999999999e-05,3.687538461538455e-05,3.790235294117648e-05
219,3.668e-05,1557331200,3.698e-05,3.615e-05,3.661e-05,4213.40552742,0.15518662,3.683e-05,0.06925667666666681,0.03299484461538484,0.08288055441176474,3.648666666666665e-05,3.682384615384609e-05,3.78464705882353e-05
220,3.641e-05,1557338400,3.641e-05,3.622e-05,3.626e-05,169.16553764,0.00615401,3.637e-05,0.05981018000000013,0.03230675615384638,0.08300327823529416,3.649333333333332e-05,3.6776153846153775e-05,3.778205882352942e-05
221,3.609e-05,1557345600,3.615e-05,3.609e-05,3.615e-05,73.8543,0.00266598,3.609e-05,0.054668870000000126,0.025864660769230996,0.08290812911764711,3.639333333333333e-05,3.6717692307692234e-05,3.772235294117647e-05
222,3.59e-05,1557352800,3.65e-05,3.578e-05,3.61e-05,671.75206285,0.02428564,3.615e-05,0.011035210000000129,0.027417986153846382,0.08353444529411769,3.613333333333333e-05,3.664999999999993e-05,3.7661470588235295e-05
223,3.62e-05,1557360000,3.624e-05,3.544e-05,3.624e-05,11565.30969116,0.41448129,3.583e-05,0.14714430333333348,0.05471365692307714,0.09377694264705887,3.606333333333333e-05,3.658461538461531e-05,3.760911764705882e-05
224,3.55e-05,1557367200,3.62e-05,3.49e-05,3.62e-05,2898.67512193,0.10249252,3.535e-05,0.18041981666666682,0.06116444846153868,0.096679560882353,3.5866666666666667e-05,3.648846153846146e-05,3.752823529411764e-05
225,3.541e-05,1557374400,3.562e-05,3.507e-05,3.542e-05,180.39783617,0.00638181,3.537e-05,0.17445187333333348,0.06130479230769253,0.06886081441176475,3.5703333333333334e-05,3.635846153846147e-05,3.742823529411764e-05
226,3.484e-05,1557381600,3.545e-05,3.453e-05,3.541e-05,996.84190291,0.0345307,3.464e-05,0.04780167666666683,0.06271306692307715,0.06508221352941182,3.525e-05,3.614230769230762e-05,3.7309999999999993e-05
227,3.53e-05,1557388800,3.539e-05,3.451e-05,3.468e-05,917.27787652,0.03197989,3.486e-05,0.024297466666666833,0.06511582846153868,0.06570491382352947,3.518333333333334e-05,3.6022307692307615e-05,3.720529411764706e-05
228,3.466e-05,1557396000,3.525e-05,3.45e-05,3.525e-05,130.37915689,0.00452501,3.47e-05,0.023678533333333498,0.06542102846153869,0.06450427617647064,3.493333333333334e-05,3.583999999999992e-05,3.707176470588235e-05
229,3.386e-05,1557403200,3.557e-05,3.349e-05,3.462e-05,10251.93405595,0.34913745,3.405e-05,0.12854745000000015,0.09110802538461563,0.06931826382352947,3.460666666666667e-05,3.5663846153846074e-05,3.69120588235294e-05
230,3.422e-05,1557410400,3.441e-05,3.359e-05,3.367e-05,7344.93866336,0.24873468,3.386e-05,0.20079904666666681,0.1075881161538464,0.076501065882353,3.424666666666667e-05,3.549692307692299e-05,3.676294117647058e-05
231,3.36e-05,1557417600,3.411e-05,3.36e-05,3.388e-05,466.93563702,0.01576443,3.376e-05,0.20454552000000015,0.10740923307692332,0.07696472558823536,3.3893333333333336e-05,3.5282307692307606e-05,3.659558823529411e-05
232,3.352e-05,1557424800,3.457e-05,3.313e-05,3.357e-05,8629.60453358,0.29227072,3.386e-05,0.18558994333333345,0.11795416384615408,0.08550210000000007,3.378e-05,3.5039230769230684e-05,3.641323529411764e-05
233,3.357e-05,1557432000,3.379e-05,3.314e-05,3.351e-05,2259.13572818,0.07538606,3.336e-05,0.12780707000000013,0.1232797061538464,0.07933890617647066,3.356333333333333e-05,3.482076923076915e-05,3.622617647058822e-05
234,3.35e-05,1557439200,3.383e-05,3.306e-05,3.366e-05,833.38577132,0.02777112,3.332e-05,0.13180930000000013,0.12521087076923101,0.06923790147058831,3.352999999999999e-05,3.462153846153838e-05,3.609088235294116e-05
235,3.28e-05,1557446400,3.341e-05,3.268e-05,3.306e-05,909.90955756,0.02993671,3.29e-05,0.04436463000000013,0.1256455684615387,0.06991053529411773,3.329e-05,3.4383076923076835e-05,3.595441176470587e-05
236,3.21e-05,1557453600,3.28e-05,3.178e-05,3.28e-05,3076.26408795,0.09912821,3.222e-05,0.052278680000000126,0.10138763923076947,0.06666008500000006,3.2800000000000004e-05,3.406769230769222e-05,3.578235294117646e-05
237,3.221e-05,1557460800,3.226e-05,3.18e-05,3.201e-05,519.69378162,0.01666531,3.206e-05,0.04857674333333345,0.0947855461538464,0.06668706117647065,3.237e-05,3.38146153846153e-05,3.562147058823528e-05
238,3.185e-05,1557468000,3.281e-05,3.185e-05,3.23e-05,1419.97171193,0.04553497,3.206e-05,0.05377616333333345,0.09779732769230795,0.06802632500000005,3.205333333333334e-05,3.354076923076915e-05,3.544999999999998e-05
239,3.233e-05,1557475200,3.284e-05,3.134e-05,3.272e-05,6154.22962749,0.19611195,3.186e-05,0.08610407666666679,0.11022665461538488,0.072293265882353,3.2130000000000006e-05,3.3347692307692223e-05,3.529205882352939e-05
240,3.235e-05,1557482400,3.238e-05,3.194e-05,3.237e-05,2928.2981338,0.09405549,3.211e-05,0.11190080333333347,0.11500170076923102,0.07490961558823536,3.217666666666667e-05,3.312076923076915e-05,3.5144999999999976e-05
241,3.323e-05,1557489600,3.381e-05,3.204e-05,3.238e-05,8233.45468657,0.26952068,3.273e-05,0.18656270666666683,0.13538598307692334,0.0823926014705883,3.263666666666668e-05,3.301076923076915e-05,3.5033235294117626e-05
242,3.333e-05,1557496800,3.333e-05,3.275e-05,3.323e-05,377.81808759,0.01256188,3.324e-05,0.12537935000000014,0.10949555461538488,0.08022050323529417,3.297000000000001e-05,3.2969999999999916e-05,3.492970588235292e-05
243,3.211e-05,1557504000,3.311e-05,3.21e-05,3.3e-05,2751.62329771,0.08891728,3.231e-05,0.12366661333333347,0.09720190846153873,0.08271535235294124,3.289000000000001e-05,3.2807692307692225e-05,3.479235294117645e-05
244,3.213e-05,1557511200,3.299e-05,3.213e-05,3.214e-05,1329.07158238,0.0437144,3.289e-05,0.04839785333333346,0.09935190615384643,0.08224702382352946,3.252333333333334e-05,3.2694615384615304e-05,3.464764705882351e-05
245,3.208e-05,1557518400,3.296e-05,3.188e-05,3.239e-05,677.43652763,0.02181872,3.22e-05,0.051483466666666804,0.07854790615384641,0.08234074411764711,3.2106666666666675e-05,3.258384615384607e-05,3.451029411764703e-05
246,3.231e-05,1557525600,3.293e-05,3.231e-05,3.28e-05,469.85511307,0.01519455,3.233e-05,0.026909223333333468,0.07391779000000025,0.08265360323529417,3.217333333333334e-05,3.248692307692299e-05,3.436941176470586e-05
247,3.213e-05,1557532800,3.298e-05,3.213e-05,3.297e-05,979.77770431,0.03195199,3.261e-05,0.022988420000000134,0.07423939538461563,0.08311621676470593,3.217333333333333e-05,3.238153846153838e-05,3.4207058823529394e-05
248,3.212e-05,1557540000,3.296e-05,3.212e-05,3.213e-05,4122.63545999,0.13245093,3.212e-05,0.05986582333333346,0.08212510461538486,0.0869899502941177,3.218666666666667e-05,3.232923076923069e-05,3.4067647058823505e-05
249,3.064e-05,1557547200,3.229e-05,3.064e-05,3.158e-05,1436.65465613,0.04449197,3.096e-05,0.06963163000000012,0.07792231692307716,0.08828214323529417,3.163e-05,3.2216923076922995e-05,3.387970588235292e-05
250,3.003e-05,1557554400,3.064e-05,2.982e-05,3.064e-05,24884.59644551,0.75450652,3.032e-05,0.3104831400000001,0.1346793330769233,0.11002626176470594,3.0930000000000004e-05,3.204923076923069e-05,3.369970588235292e-05
251,3.156e-05,1557561600,3.156e-05,3.007e-05,3.007e-05,2055.41785508,0.06359886,3.094e-05,0.2875324500000001,0.1360688630769233,0.11088230176470593,3.074333333333334e-05,3.2026923076923e-05,3.35576470588235e-05
252,3.156e-05,1557568800,3.205e-05,3.156e-05,3.156e-05,1221.54805714,0.03896337,3.189e-05,0.28568958333333344,0.12398051076923101,0.11149622705882357,3.1050000000000016e-05,3.1967692307692227e-05,3.3415588235294084e-05
253,3.143e-05,1557576000,3.298e-05,3.143e-05,3.177e-05,1807.47313115,0.05851767,3.237e-05,0.05369330000000013,0.12124683230769256,0.10865302264705888,3.151666666666669e-05,3.1896923076923e-05,3.32611764705882e-05
