,close,date,high,low,open,quoteVolume,volume,weightedAverage,avg_vol_3,avg_vol_13,avg_vol_34,avg_close_3,avg_close_13,avg_close_34
0,0.00040181,1555892468,0.00040181,0.00040181,0.00040181,0.0,0.0,0.00040181,-99999.0,-99999.0,-99999.0,-99999.0,-99999.0,-99999.0
1,0.00042167,1555898400,0.00043069,0.00040114,0.00040114,641.60421498,0.26997585,0.00042078,-99999.0,-99999.0,-99999.0,-99999.0,-99999.0,-99999.0
2,0.00041425,1555905600,0.00043433,0.00041042,0.00042144,1346.79799848,0.57138601,0.00042425,0.28045395333333334,-99999.0,-99999.0,0.0004125766666666667,-99999.0,-99999.0
3,0.00041005,1555912800,0.000414,0.00040783,0.00041371,168.56432091,0.06925518,0.00041085,0.30353901333333333,-99999.0,-99999.0,0.00041532333333333337,-99999.0,-99999.0
4,0.00040974,1555920000,0.00041567,0.00040974,0.00041174,10.32725051,0.00428124,0.00041455,0.2149741433333333,-99999.0,-99999.0,0.0004113466666666667,-99999.0,-99999.0
5,0.00040282,1555927200,0.00042997,0.0004004,0.00041165,342.14538391,0.14098902,0.00041207,0.07150847999999999,-99999.0,-99999.0,0.0004075366666666666,-99999.0,-99999.0
6,0.00040663,1555934400,0.00041161,0.0004004,0.00040283,172.24159845,0.0693799,0.0004028,0.07155005333333332,-99999.0,-99999.0,0.0004063966666666666,-99999.0,-99999.0
7,0.00040207,1555941600,0.00041273,0.00040207,0.00040728,22.88454179,0.00934186,0.00040821,0.07323692666666666,-99999.0,-99999.0,0.00040383999999999993,-99999.0,-99999.0
8,0.00042364,1555948800,0.00042651,0.0004041,0.0004041,490.04125726,0.20451161,0.00041733,0.0944111233333333,-99999.0,-99999.0,0.0004107799999999999,-99999.0,-99999.0
9,0.000407,1555956000,0.00042358,0.00040114,0.00042358,209.1311529,0.08566318,0.00040961,0.09983888333333331,-99999.0,-99999.0,0.0004109033333333332,-99999.0,-99999.0
10,0.00040699,1555963200,0.00040699,0.0004041,0.00040603,154.42698881,0.0624608,0.00040446,0.11754519666666664,-99999.0,-99999.0,0.0004125433333333332,-99999.0,-99999.0
11,0.00040131,1555970400,0.000407,0.00039614,0.00040699,219.65331173,0.08735712,0.0003977,0.07849369999999999,-99999.0,-99999.0,0.0004050999999999998,-99999.0,-99999.0
12,0.00039395,1555977600,0.00040132,0.00039041,0.00039962,725.71941629,0.28416415,0.00039156,0.14466068999999998,0.14298199384615384,-99999.0,0.00040074999999999985,0.0004078407692307692,-99999.0
13,0.00040001,1555984800,0.0004227,0.00039112,0.00039598,585.01389085,0.23710633,0.0004053,0.20287586666666665,0.1612209423076923,-99999.0,0.0003984233333333332,0.0004077023076923077,-99999.0
14,0.00040001,1555992000,0.0004054,0.00039004,0.00039962,576.03479756,0.22646102,0.00039313,0.24924383333333333,0.1578736476923077,-99999.0,0.0003979899999999999,0.0004060361538461539,-99999.0
15,0.00040001,1555999200,0.00040001,0.00040001,0.00040001,0.0,0.0,0.00040001,0.15452245,0.11392087769230769,-99999.0,0.00040000999999999985,0.0004049407692307693,-99999.0
16,0.00039816,1556006400,0.00040001,0.00039609,0.00040001,5.6502054,0.00225403,0.00039892,0.07623835,0.10876694307692307,-99999.0,0.0003993933333333332,0.00040402615384615384,-99999.0
17,0.00039149,1556013600,0.00039778,0.00039002,0.00039778,98.24007444,0.03837669,0.00039064,0.013543573333333336,0.11138966999999998,-99999.0,0.00039655333333333317,0.0004026223076923077,-99999.0
18,0.00039873,1556020800,0.00040029,0.00039003,0.00039346,63.31443519,0.02496957,0.00039437,0.021866763333333334,0.10246509692307693,-99999.0,0.00039612666666666643,0.0004023076923076923,-99999.0
19,0.00040127,1556028000,0.00040127,0.00039779,0.00039779,5.27190748,0.00210024,0.00039838,0.0218155,0.09728973846153847,-99999.0,0.00039716333333333307,0.00040189538461538467,-99999.0
20,0.000399,1556035200,0.00040013,0.000399,0.00040013,163.36426658,0.06525347,0.00039943,0.03077442666666667,0.10159063153846157,-99999.0,0.00039966666666666644,0.00040165923076923083,-99999.0
21,0.00040226,1556042400,0.00040226,0.00040129,0.00040129,4.1230346,0.00165479,0.00040135,0.023002833333333337,0.08598626076923079,-99999.0,0.0004008433333333331,0.0004000146153846154,-99999.0
22,0.00039653,1556049600,0.00040283,0.00039653,0.00040283,88.71271747,0.03548939,0.00040004,0.034132550000000005,0.08212673846153848,-99999.0,0.0003992633333333331,0.0003992092307692308,-99999.0
23,0.00040119,1556056800,0.00041071,0.00039653,0.00039653,499.06079704,0.19895125,0.00039865,0.07869847666666668,0.09262600384615385,-99999.0,0.0003999933333333331,0.0003987630769230769,-99999.0
24,0.00039653,1556064000,0.00040288,0.00039653,0.00039954,71.97470185,0.02885578,0.00040091,0.08776547333333334,0.08812590076923077,-99999.0,0.00039808333333333313,0.0003983953846153846,-99999.0
25,0.00039653,1556071200,0.00039659,0.00039653,0.00039658,26.58080692,0.01054083,0.00039655,0.07944928666666667,0.06707795307692307,-99999.0,0.00039808333333333313,0.00039859384615384614,-99999.0
26,0.00039621,1556078400,0.00039622,0.00039621,0.00039622,0.51410832,0.00020369,0.00039621,0.013200100000000011,0.04885467307692307,-99999.0,0.00039642333333333307,0.0003983015384615385,-99999.0
27,0.00039306,1556085600,0.00039622,0.00039306,0.00039622,326.01544492,0.12852842,0.00039424,0.04642431333333335,0.04132139615384615,-99999.0,0.0003952666666666664,0.00039776692307692303,-99999.0
28,0.00039501,1556092800,0.0004,0.00039501,0.00039628,107.93600139,0.04280654,0.00039659,0.057179550000000016,0.04461420692307691,-99999.0,0.0003947599999999998,0.00039738230769230767,-99999.0
29,0.00039501,1556100000,0.00039501,0.00039501,0.00039501,108.54360952,0.04287581,0.00039501,0.07140359,0.047738959230769214,-99999.0,0.0003943599999999998,0.00039714000000000004,-99999.0
30,0.00038519,1556107200,0.00039501,0.00035984,0.00039501,1146.26735692,0.43131282,0.00037627,0.17233172333333335,0.07796481538461537,-99999.0,0.00039173666666666643,0.00039665538461538456,-99999.0
31,0.00036322,1556114400,0.00038459,0.0003579,0.00038459,352.59062565,0.13245237,0.00037565,0.2022136666666667,0.08623272307692306,-99999.0,0.0003811399999999997,0.0003939238461538461,-99999.0
32,0.0003626,1556121600,0.00036791,0.00035771,0.00036355,286.64628211,0.10366673,0.00036165,0.22247730666666674,0.09404552999999997,-99999.0,0.00037033666666666634,0.00039094923076923074,-99999.0
33,0.00035595,1556128800,0.00036142,0.00034899,0.00036142,143.64662488,0.05098668,0.00035494,0.09570192666666671,0.09294808461538459,0.10775330500000001,0.00036058999999999977,0.00038763769230769227,0.00039793823529411766
34,0.00036343,1556136000,0.00036587,0.00035761,0.00035766,361.8376947,0.13164296,0.00036381,0.0954321233333334,0.10294717461538459,0.11162515676470589,0.0003606599999999998,0.00038465076923076914,0.00039680941176470586
35,0.00036694,1556143200,0.00036694,0.00036124,0.00036128,98.12272323,0.0357292,0.00036412,0.07278628000000008,0.10296562153846153,0.10473554941176472,0.00036210666666666643,0.0003823746153846153,0.0003951997058823529
36,0.00036146,1556150400,0.00037082,0.00035876,0.00036694,200.47549881,0.07298127,0.00036404,0.08011781000000007,0.09327562307692308,0.09007658647058825,0.00036394333333333314,0.00037931846153846144,0.0003936470588235294
37,0.0003625,1556157600,0.00036319,0.00036146,0.00036146,2.3089268,0.00083677,0.0003624,0.03651574666666673,0.09112031461538463,0.08806428029411767,0.0003636333333333331,0.00037670076923076914,0.00039224852941176463
38,0.00035927,1556164800,0.00036494,0.000357,0.00036299,451.79223121,0.16312712,0.00036106,0.07898172000000005,0.10285772153846154,0.09273621794117648,0.0003610766666666664,0.0003738346153846153,0.00039076411764705875
39,0.00035898,1556172000,0.00035898,0.0003588,0.00035892,2.76222779,0.00099144,0.00035893,0.05498511000000006,0.10291831769230769,0.08861864205882354,0.00036024999999999973,0.0003709707692307691,0.0003894747058823529
40,0.00035934,1556179200,0.00035934,0.00035904,0.00035904,3.50272401,0.00125773,0.00035907,0.055125430000000065,0.0931282646153846,0.08661504882352943,0.00035919666666666647,0.00036837692307692296,0.0003880838235294117
41,0.00036056,1556186400,0.00036148,0.0003578,0.00036122,143.284015,0.05129983,0.00035802,0.017849666666666736,0.09378159461538461,0.08784910676470589,0.0003596266666666664,0.000365726923076923,0.0003868629411764705
42,0.00036282,1556193600,0.00036282,0.00036113,0.00036123,6.39485146,0.00231501,0.00036201,0.018290856666666733,0.09066153307692308,0.08190214794117646,0.0003609066666666664,0.0003632507692307691,0.00038507411764705877
43,0.00036516,1556200800,0.00037082,0.00036321,0.00036321,75.8683899,0.02801715,0.00036928,0.027210663333333402,0.05963878923076923,0.08020667647058824,0.0003628466666666665,0.00036170999999999984,0.0003838435294117647
44,0.00036452,1556208000,0.00036692,0.00036452,0.00036692,72.12008918,0.02642904,0.00036645,0.01892040000000007,0.05148314846153846,0.07914691882352941,0.0003641666666666665,0.00036180999999999984,0.00038259441176470587
45,0.0003688,1556215200,0.00036946,0.00036282,0.00036451,200.78778826,0.07308998,0.00036401,0.042512056666666735,0.049131090769230765,0.07872729705882353,0.00036615999999999987,0.0003622869230769229,0.00038163823529411764
46,0.00036516,1556222400,0.0003701,0.00036516,0.00036678,118.84706083,0.0438518,0.00036897,0.047790273333333404,0.04858225384615385,0.07165928676470588,0.00036615999999999987,0.0003629953846153844,0.00038079147058823527
47,0.00036678,1556229600,0.00036872,0.00036678,0.0003671,15.83107705,0.00581161,0.0003671,0.040917796666666735,0.03890291923076923,0.06485650088235294,0.0003669133333333331,0.00036325307692307675,0.00037981411764705884
48,0.0003579,1556236800,0.00036685,0.00035789,0.00036685,458.67367398,0.16586572,0.00036162,0.0718430433333334,0.04891342076923077,0.0630742861764706,0.00036327999999999973,0.0003625576923076922,0.00037857558823529416
49,0.00034,1556244000,0.00036308,0.00033998,0.00035789,1427.66455032,0.49539567,0.00034699,0.2223576666666667,0.08140683615384615,0.07764474705882354,0.0003548933333333331,0.000360906923076923,0.0003768105882352942
50,0.00035372,1556251200,0.00035964,0.00034,0.00034,55.77128374,0.01912324,0.00034288,0.22679487666666673,0.08281348769230769,0.07814090029411766,0.0003505399999999998,0.00036023153846153835,0.00037550352941176477
51,0.00036486,1556258400,0.00037082,0.00034019,0.00035268,240.04582853,0.08622569,0.0003592,0.20024820000000007,0.07689799307692308,0.07954822382352941,0.0003528599999999998,0.00036066153846153835,0.0003747202941176471
52,0.00034601,1556265600,0.00036312,0.00033984,0.00036312,213.31363209,0.07433847,0.00034849,0.059895800000000075,0.08254007230769232,0.08100025029411764,0.0003548633333333331,0.000359663846153846,0.000373169705882353
53,0.00035471,1556272800,0.00035471,0.00035158,0.00035158,0.9594139,0.00033808,0.00035239,0.05363408000000006,0.08246933,0.08094842205882354,0.0003551933333333331,0.00035930769230769225,0.0003718002941176471
54,0.00035568,1556280000,0.00035568,0.00035296,0.00035297,8.52604076,0.00301128,0.00035318,0.025895943333333404,0.07875482615384614,0.07911776941176471,0.0003521333333333331,0.00035893230769230757,0.0003705261764705883
55,0.00035295,1556287200,0.00036484,0.00035295,0.00035642,204.03399755,0.07409042,0.00036312,0.025813260000000074,0.08427601153846154,0.08124822911764706,0.0003544466666666665,0.00035817307692307684,0.0003690758823529412
56,0.00035955,1556294400,0.00036486,0.00035297,0.00035297,177.17094953,0.06327763,0.00035715,0.046793110000000075,0.08698835615384616,0.08206553029411766,0.0003560599999999998,0.0003577415384615384,0.00036798823529411766
57,0.00033692,1556301600,0.00036352,0.00033001,0.00036149,622.78760372,0.21276022,0.00034162,0.1167094233333334,0.10132152384615385,0.08247167647058824,0.0003498066666666665,0.00035561846153846146,0.00036609794117647065
58,0.00034719,1556308800,0.00034994,0.00033692,0.00033692,65.5451808,0.02261165,0.00034497,0.09954983333333339,0.0974385753846154,0.0822880255882353,0.00034788666666666653,0.0003539561538461538,0.0003646467647058824
59,0.00035365,1556316000,0.00035365,0.00035171,0.00035171,60.10929405,0.02114254,0.00035173,0.08550480333333339,0.09569170923076922,0.08259984058823529,0.00034591999999999994,0.0003530707692307692,0.00036338558823529417
60,0.00034787,1556323200,0.00035171,0.00033678,0.00035171,151.35595054,0.05164433,0.00034121,0.031799506666666734,0.09921730307692307,0.08411280058823528,0.00034956999999999984,0.0003516161538461538,0.0003619638235294118
61,0.00035224,1556330400,0.00035224,0.00034809,0.00034809,127.02332665,0.04424347,0.0003483,0.03901011333333341,0.08986174538461539,0.08163383147058823,0.00035125333333333315,0.0003511807692307692,0.0003607632352941177
62,0.0003548,1556337600,0.0003548,0.00035365,0.00035365,128.26222603,0.0454933,0.00035468,0.0471270333333334,0.055253870769230766,0.0817128538235294,0.0003516366666666665,0.0003523192307692307,0.0003595805882352942
63,0.00034864,1556344800,0.00036145,0.00034673,0.00035559,123.52756079,0.04411713,0.00035714,0.04461796666666673,0.05717647769230769,0.08174936323529411,0.00035189333333333314,0.00035192846153846147,0.00035821676470588245
64,0.00035297,1556352000,0.00035297,0.00034867,0.00034867,47.78419309,0.01674634,0.00035045,0.03545225666666673,0.0518319123076923,0.06955623147058823,0.00035213666666666644,0.0003510138461538461,0.0003572691176470589
65,0.00035297,1556359200,0.00035297,0.00035297,0.00035297,0.0,0.0,0.00035297,0.020287823333333396,0.046113568461538454,0.06566057352941175,0.0003515266666666665,0.0003515492307692307,0.0003569676470588236
66,0.00035109,1556366400,0.0003511,0.00035109,0.0003511,4.96305603,0.00174249,0.00035109,0.006162943333333395,0.04622159999999999,0.06266280176470586,0.0003523433333333332,0.0003512707692307692,0.00035662911764705894
67,0.00035602,1556373600,0.00035602,0.00035297,0.00035297,3.77685929,0.00133882,0.00035448,0.001027103333333396,0.046092949230769224,0.06120257058823528,0.0003533599999999999,0.0003512969230769231,0.0003566311764705883
68,0.00035602,1556380800,0.00035602,0.00035602,0.00035602,0.0,0.0,0.00035602,0.001027103333333396,0.04039368615384615,0.0573307188235294,0.0003543766666666666,0.0003515330769230769,0.00035641323529411777
69,0.00035602,1556388000,0.00035602,0.00035602,0.00035602,0.0,0.0,0.00035602,0.0004462733333333959,0.03552617615384615,0.05627985999999999,0.00035602,0.00035126153846153844,0.0003560920588235295
70,0.00035061,1556395200,0.00035555,0.00034091,0.00035428,132.89183695,0.04575879,0.00034433,0.015252930000000062,0.022679912307692306,0.0554791988235294,0.0003542166666666666,0.0003523146153846154,0.0003557729411764707
71,0.0003506,1556402400,0.00035061,0.00034451,0.00034451,5.7563676,0.00199545,0.00034665,0.015918080000000064,0.02109405076923077,0.0555132776470588,0.0003524099999999999,0.0003525769230769231,0.00035542294117647073
72,0.0003563,1556409600,0.00036495,0.00035061,0.00035061,102.0448766,0.03666297,0.00035928,0.02813907000000006,0.022287930000000004,0.051793743823529394,0.0003525033333333332,0.0003527807692307693,0.00035533558823529427
73,0.00035433,1556416800,0.00035471,0.0003381,0.00035471,288.39943743,0.09864243,0.00034203,0.04576695000000006,0.025903168461538464,0.054665831764705866,0.0003537433333333331,0.0003532776923076924,0.0003551988235294119
74,0.00034676,1556424000,0.00035171,0.00033003,0.00035171,117.15876694,0.03921152,0.00033468,0.05817230666666673,0.025516095384615387,0.05578211970588234,0.0003524633333333331,0.00035285615384615394,0.0003548288235294119
75,0.00034677,1556431200,0.00034677,0.00034677,0.00034677,25.605,0.00887904,0.00034677,0.04891099666666673,0.022699613846153845,0.05453444941176469,0.00034928666666666645,0.0003522384615384616,0.00035442323529411777
76,0.00034875,1556438400,0.00034875,0.00034854,0.00034854,0.33871333,0.00011805,0.00034855,0.016069536666666728,0.01931506923076923,0.05446983294117645,0.00034742666666666655,0.0003522469230769232,0.000354009411764706
77,0.00034683,1556445600,0.00034982,0.00034683,0.00034875,1.83538192,0.00063726,0.00034721,0.00321145000000006,0.018075909230769228,0.05366454205882351,0.00034744999999999985,0.00035177461538461545,0.00035347029411764716
78,0.00035171,1556452800,0.00035171,0.00034683,0.00034683,23.93934772,0.00830814,0.00034704,0.0030211500000000596,0.018714996923076918,0.05313157441176469,0.0003490966666666665,0.00035167769230769235,0.0003530935294117648
79,0.00035171,1556460000,0.00035171,0.00035171,0.00035171,0.0,0.0,0.00035171,0.00298180000000006,0.018580959230769224,0.050981869117647044,0.00035008333333333316,0.0003517253846153847,0.00035259088235294126
80,0.00035061,1556467200,0.00035074,0.00035061,0.00035074,303.8362271,0.10653557,0.00035063,0.038281236666666725,0.026673016923076918,0.052825509411764685,0.00035134333333333316,0.0003513092307692308,0.0003521629411764707
81,0.00035061,1556474400,0.00035061,0.00035061,0.00035061,0.0,0.0,0.00035061,0.03551185666666672,0.026673016923076918,0.05265457970588233,0.00035097666666666655,0.000350893076923077,0.00035168735294117655
82,0.00035189,1556481600,0.00035189,0.00035189,0.00035189,0.56835943,0.00019999,0.00035189,0.03557852000000006,0.02668840076923076,0.04778205823529409,0.00035103666666666663,0.0003505753846153846,0.0003515105882352942
83,0.00035189,1556488800,0.00035189,0.00035189,0.00035189,0.0,0.0,0.00035189,6.666333333339251e-05,0.02316849384615384,0.03321159735294116,0.00035146333333333337,0.0003506738461538461,0.0003518602941176472
84,0.00035189,1556496000,0.00035189,0.00035189,0.00035189,0.0,0.0,0.00035189,6.666333333339251e-05,0.023014997692307686,0.03264914911764703,0.0003518900000000001,0.0003507730769230768,0.0003518064705882354
85,0.00035189,1556503200,0.00035189,0.00035189,0.00035189,0.0,0.0,0.00035189,5.917936858150045e-17,0.02019476923076922,0.030113099411764682,0.0003518900000000001,0.000350433846153846,0.00035142500000000015
86,0.00035189,1556510400,0.00035189,0.00035189,0.00035189,0.0,0.0,0.00035189,5.917936858150045e-17,0.01260688999999999,0.027926673823529386,0.0003518900000000001,0.00035024615384615367,0.00035159794117647073
87,0.00035171,1556517600,0.00035463,0.00035171,0.00035188,27.51358487,0.00968654,0.00035206,0.003228846666666726,0.010335737692307683,0.02820162852941174,0.00035183,0.0003506269230769229,0.00035150970588235307
88,0.00038547,1556524800,0.00039274,0.00035061,0.00035171,1455.22441079,0.52798529,0.00036282,0.17922394333333339,0.05026698769230769,0.043642040588235266,0.0003630233333333334,0.00035360384615384596,0.00035238588235294134
89,0.00040826,1556532000,0.00041055,0.00038568,0.00038568,1305.56839873,0.52884859,0.00040507,0.35550680666666673,0.0909385676923077,0.05701728088235291,0.0003818133333333334,0.0003581815384615383,0.0003540126470588237
90,0.00041222,1556539200,0.00041222,0.00039147,0.00040826,169.65635992,0.06753361,0.00039806,0.3747891633333334,0.09608444076923076,0.05714245676470585,0.00040198333333333345,0.0003632115384615382,0.0003555617647058825
91,0.00040001,1556546400,0.00041022,0.00039758,0.00041022,144.82827645,0.05827685,0.00040238,0.2182196833333334,0.09992818769230769,0.05259882823529408,0.00040683000000000017,0.00036692692307692284,0.0003574173529411766
92,0.00040321,1556553600,0.00040321,0.00039699,0.00039883,359.87795671,0.14325103,0.00039805,0.08968716333333338,0.11094749769230769,0.05614704529411761,0.0004051466666666668,0.00037088846153846136,0.0003590650000000001
93,0.00040233,1556560800,0.00040384,0.00040213,0.00040321,135.65769862,0.05458525,0.00040237,0.08537104333333338,0.10695131923076923,0.05713065441176467,0.0004018500000000001,0.00037486692307692285,0.00036049676470588246
94,0.0004026,1556568000,0.00040862,0.00039147,0.00040211,609.19456115,0.24334255,0.00039944,0.14705961000000004,0.1256699769230769,0.06276883735294114,0.00040271333333333345,0.00037886615384615365,0.0003621064705882354
95,0.0004026,1556575200,0.00040329,0.0004026,0.0004027,164.81207235,0.06637919,0.00040275,0.12143566333333339,0.1307606846153846,0.06341988794117644,0.0004025100000000001,0.00038276692307692294,0.0003635876470588236
96,0.00040309,1556582400,0.00040309,0.0004026,0.0004026,15.74391614,0.00634597,0.00040307,0.10535590333333338,0.13124883615384614,0.062268495882352906,0.0004027633333333334,0.0003867053846153845,0.0003650079411764706
97,0.00039608,1556589600,0.00040754,0.00038902,0.00040298,548.25913468,0.2185916,0.0003987,0.0971055866666667,0.1480635746153846,0.06740009794117643,0.00040059000000000015,0.0003901046153846153,0.00036640323529411764
98,0.0003831,1556596800,0.00039608,0.00037942,0.00039608,56.13179297,0.02147551,0.00038259,0.08213769333333336,0.1497155369230769,0.06753919117647056,0.00039409000000000015,0.00039250538461538454,0.0003672894117647059
99,0.00036653,1556604000,0.00038582,0.00036339,0.00038388,602.10008736,0.22075672,0.00036664,0.15360794333333336,0.16669682307692305,0.0740320358823529,0.00038190333333333343,0.00039363153846153846,0.0003676882352941177
100,0.00037328,1556611200,0.0003736,0.0003685,0.0003685,794.37328914,0.29548371,0.00037197,0.1792386466666667,0.18868122076923075,0.08267148352941173,0.0003743033333333334,0.0003952907692307692,0.00036834088235294124
101,0.00041399,1556618400,0.00042,0.00037418,0.00037418,1020.91271078,0.41762014,0.00040906,0.3112868566666667,0.1801915938461538,0.09491505176470584,0.0003846000000000001,0.0003974846153846154,0.00037004588235294125
102,0.00040877,1556625600,0.00041399,0.00040877,0.00041399,43.73338606,0.01791229,0.00040957,0.24367204666666673,0.14088880153846148,0.09544188382352937,0.00039868000000000005,0.0003975238461538462,0.0003715973529411765
103,0.00041222,1556632800,0.00041222,0.00040877,0.00040877,9.03877287,0.00370723,0.00041014,0.14641322000000004,0.13597907999999997,0.09555091999999996,0.0004116600000000001,0.0003975238461538462,0.00037325029411764706
104,0.00042064,1556640000,0.000425,0.00040877,0.00041023,527.48412605,0.22367546,0.00042404,0.08176499333333337,0.14870204999999997,0.10078376323529407,0.00041387666666666684,0.0003991107692307693,0.00037531
105,0.00040959,1556647200,0.00042064,0.00040959,0.00042064,17.32416088,0.00713616,0.00041191,0.07817295000000003,0.13823167538461534,0.10093496058823526,0.00041415000000000023,0.00039960153846153846,0.000377045
106,0.00040754,1556654400,0.0004245,0.00040421,0.00041014,426.5009015,0.17316443,0.00040601,0.13465868333333336,0.14735315076923072,0.10494970941176467,0.0004125900000000002,0.00040000230769230766,0.0003785520588235294
107,0.00040754,1556661600,0.00040754,0.00040754,0.00040754,0.0,0.0,0.00040754,0.060100196666666696,0.12863449307692304,0.1020484614705882,0.0004082233333333335,0.00040038230769230763,0.0003801170588235294
108,0.000405,1556668800,0.00040555,0.000405,0.00040555,365.32011163,0.14797464,0.00040505,0.10704635666666669,0.13491106615384613,0.10524737676470586,0.0004066933333333335,0.00040056692307692294,0.00038183000000000005
109,0.00040499,1556676000,0.00040499,0.00040499,0.00040499,4.93839354,0.00199999,0.00040499,0.04999154333333336,0.13457675999999996,0.10504505176470584,0.0004058433333333335,0.0004007130769230768,0.00038354235294117646
110,0.00040499,1556683200,0.00040499,0.00040499,0.00040499,0.0,0.0,0.00040499,0.04999154333333336,0.1177620215384615,0.10504157970588231,0.0004049933333333335,0.00040139846153846144,0.0003851964705882353
111,0.0004065,1556690400,0.0004065,0.00040491,0.00040491,266.28312401,0.10788339,0.00040514,0.03662779333333336,0.12440878153846151,0.10819587764705878,0.00040549333333333347,0.00040319846153846143,0.00038695147058823533
112,0.00040357,1556697600,0.000405,0.00040357,0.000405,24.37665557,0.0098483,0.000404,0.039243896666666694,0.1081850569230769,0.10824117647058819,0.00040502000000000013,0.0004060476923076921,0.0003884767647058824
113,0.0004058,1556704800,0.0004058,0.00040325,0.00040325,13.56994889,0.00548106,0.00040391,0.04107091666666669,0.08587716076923073,0.10840238411764702,0.00040529000000000015,0.00040854923076923057,0.0003900676470588236
114,0.00040357,1556712000,0.0004058,0.00040357,0.0004058,91.32737788,0.03688335,0.00040385,0.017404236666666694,0.05658971538461536,0.10635378941176465,0.0004043133333333335,0.00040774769230769205,0.0003916252941176471
115,0.00040358,1556719200,0.0004058,0.00040358,0.0004058,1.67816493,0.00067858,0.00040435,0.014347663333333358,0.05526404538461535,0.10637374764705879,0.0004043166666666668,0.00040734846153846123,0.00039318323529411776
116,0.00040266,1556726400,0.00040358,0.00040266,0.00040358,163.73236193,0.06597679,0.00040295,0.03451290666666669,0.06005401153846151,0.10830835941176467,0.0004032700000000001,0.00040661307692307664,0.0003946764705882354
117,0.0004058,1556733600,0.0004058,0.00040523,0.00040523,2.85093642,0.00115665,0.00040571,0.022604006666666687,0.04293717999999997,0.10834237852941173,0.0004040133333333335,0.00040547153846153824,0.00039626205882352947
118,0.0004058,1556740800,0.0004058,0.0004058,0.0004058,0.0,0.0,0.0004058,0.022377813333333354,0.04238824461538459,0.10834237852941173,0.0004047533333333335,0.0004051799999999998,0.00039784764705882357
119,0.00040325,1556748000,0.00040357,0.00040325,0.00040357,2.82446821,0.00113974,0.00040352,0.0007654633333333549,0.02915557615384612,0.10837590029411762,0.0004049500000000001,0.0004048499999999998,0.00039935823529411773
120,0.000407,1556755200,0.000407,0.0004058,0.0004058,33.77556002,0.01373371,0.00040661,0.004957816666666688,0.030212015384615352,0.10877983294117644,0.0004053500000000001,0.0004048084615384614,0.00040097911764705885
121,0.000407,1556762400,0.000407,0.000407,0.000407,0.0,0.0,0.000407,0.004957816666666688,0.018829350769230736,0.10849493470588231,0.00040575000000000013,0.00040496230769230754,0.00040260529411764707
122,0.00040565,1556769600,0.00040565,0.00040565,0.00040565,6.14690733,0.00249349,0.00040565,0.005409066666666688,0.01886731230769227,0.09303929352941172,0.00040655000000000015,0.0004050130769230768,0.0004031988235294118
123,0.00040565,1556776800,0.00040565,0.00040565,0.00040565,0.0,0.0,0.00040565,0.0008311633333333545,0.01886731230769227,0.07748492323529407,0.00040610000000000017,0.00040506384615384604,0.00040312205882352944
124,0.00040461,1556784000,0.00040461,0.00040461,0.00040461,0.27362966,0.00011071,0.00040461,0.0008680666666666878,0.010577106153846121,0.07550189676470584,0.00040530333333333346,0.0004049184615384614,0.00040289823529411764
125,0.00040461,1556791200,0.00040461,0.00039478,0.00040461,93.68276752,0.03745661,0.00039982,0.012522440000000022,0.012700822307692273,0.07488953676470585,0.00040495666666666674,0.00040499846153846137,0.0004030335294117647
126,0.00039741,1556798400,0.00040461,0.00038365,0.00040461,205.11586665,0.08164103,0.00039802,0.03973611666666669,0.018559281538461505,0.07307747794117643,0.00040221000000000007,0.00040435307692307683,0.00040286294117647067
127,0.00039741,1556805600,0.00039741,0.00039741,0.00039741,0.30045289,0.0001194,0.00039741,0.03973901333333336,0.015731285384615348,0.07147554117647055,0.00039981,0.00040387923076923066,0.0004027182352941178
128,0.00039741,1556812800,0.00039741,0.00039741,0.00039741,0.60090578,0.0002388,0.00039741,0.027333076666666692,0.01569745615384612,0.0643254308823529,0.00039740999999999995,0.0004034046153846153,0.00040256558823529426
129,0.00036213,1556820000,0.00039741,0.00035,0.00039741,2101.9032875,0.76813535,0.00036544,0.2561645166666667,0.06970965307692303,0.08496531794117643,0.00038564999999999997,0.000400286923076923,0.0004013752941176472
130,0.00037998,1556827200,0.00038884,0.00035976,0.0003621,1013.87493691,0.38556632,0.00038028,0.3846468233333334,0.09927962769230765,0.09611885764705878,0.00037984,0.0003983007692307692,0.0004006955882352943
131,0.00037996,1556834400,0.00037998,0.00037995,0.00037998,17.01502253,0.00646518,0.00037996,0.3867222833333334,0.09977694923076919,0.08987984529411762,0.00037402333333333334,0.00039631307692307693,0.0004002214705882355
132,0.00037996,1556841600,0.00037996,0.00037996,0.00037996,0.0,0.0,0.00037996,0.13067716666666673,0.09968927692307689,0.08924821264705879,0.0003799666666666666,0.0003945215384615385,0.000400129117647059
133,0.00038394,1556848800,0.00038394,0.00038,0.00038,53.92002799,0.02068681,0.00038365,0.009050663333333394,0.10022413076923073,0.08336380352941174,0.0003812866666666666,0.00039274769230769233,0.0004006411764705884
134,0.0003859,1556856000,0.0003859,0.00038522,0.00038522,0.619921,0.00023901,0.00038554,0.006975273333333394,0.10024251615384612,0.07468013588235291,0.00038326666666666664,0.00039112461538461535,0.0004010123529411766
135,0.00038552,1556863200,0.00038552,0.00038552,0.00038552,0.26035922,0.00010037,0.00038552,0.00700873000000006,0.10005842999999996,0.0624001426470588,0.0003851199999999999,0.0003895761538461538,0.00040017500000000017
136,0.00038887,1556870400,0.00038887,0.0003859,0.0003859,499.51857617,0.19422287,0.00038882,0.06485408333333338,0.11499865076923073,0.06758574794117644,0.00038676333333333325,0.00038828538461538467,0.0003995897058823531
137,0.00038887,1556877600,0.00038887,0.00038887,0.00038887,67.90206487,0.02640507,0.00038887,0.07357610333333338,0.11702129384615381,0.06825333147058822,0.0003877533333333332,0.00038707461538461545,0.00039890294117647077
138,0.00039191,1556884800,0.00039191,0.00038887,0.00038887,47.22722866,0.01845092,0.00039068,0.07969295333333339,0.11555931769230766,0.062217315588235275,0.0003898833333333333,0.00038609769230769236,0.0003980579411764708
139,0.00038909,1556892000,0.00039191,0.00038909,0.00039191,36.44525297,0.0141822,0.00038913,0.01967939666666672,0.11037017692307688,0.06242455205882352,0.00038995666666666665,0.00038545769230769237,0.00039745500000000017
140,0.00038909,1556899200,0.00038909,0.00038909,0.00038909,0.0,0.0,0.00038909,0.010877706666666717,0.11036099230769227,0.057331480588235284,0.00039003,0.0003848176923076924,0.0003969123529411767
141,0.00039191,1556906400,0.00039191,0.00039119,0.00039119,106.89205518,0.04188221,0.00039181,0.01868813666666672,0.1135643315384615,0.05856331029411763,0.00039003,0.0003843946153846154,0.0003964526470588238
142,0.00039191,1556913600,0.00039191,0.00039191,0.00039191,0.0,0.0,0.00039191,0.013960736666666721,0.054476996923076886,0.05421111499999999,0.00039097000000000003,0.0003866853846153847,0.00039606764705882373
143,0.00039191,1556920800,0.00039191,0.00039191,0.00039191,0.0,0.0,0.00039191,0.013960736666666721,0.024818049230769194,0.05415229176470587,0.0003919100000000001,0.00038760307692307694,0.00039568294117647086
144,0.00039191,1556928000,0.00039191,0.00039191,0.00039191,0.0,0.0,0.00039191,5.3198186596622086e-17,0.024320727692307656,0.05415229176470587,0.0003919100000000001,0.00038852230769230765,0.00039529823529411794
145,0.00039191,1556935200,0.00039191,0.00039191,0.00039191,0.61238548,0.00023999,0.00039191,7.999666666671987e-05,0.024339188461538427,0.05098630941176469,0.0003919100000000001,0.00038944153846153835,0.00039486911764705914
146,0.00039191,1556942400,0.00039191,0.00039191,0.00039191,0.0,0.0,0.00039191,7.999666666671987e-05,0.02274789538461535,0.05069665352941175,0.0003919100000000001,0.00039005461538461526,0.00039452617647058855
147,0.00039191,1556949600,0.00039191,0.00039191,0.00039191,0.0,0.0,0.00039191,7.999666666671987e-05,0.022729509999999967,0.05053544588235293,0.0003919100000000001,0.00039051692307692294,0.0003941176470588239
148,0.00039305,1556956800,0.00040409,0.0003891,0.00039191,424.57460316,0.16702294,0.00039338,0.05567431333333339,0.035569707692307655,0.05436308088235293,0.00039229000000000016,0.00039109615384615366,0.00039380823529411795
149,0.00039305,1556964000,0.00039305,0.00039305,0.00039305,0.32120859,0.00012625,0.00039305,0.05571639666666672,0.020639198461538426,0.05434683588235294,0.0003926700000000002,0.0003914176923076921,0.000393498529411765
150,0.00039305,1556971200,0.00039305,0.00039305,0.00039305,0.0,0.0,0.00039305,0.05571639666666672,0.018608039230769195,0.052406342058823524,0.00039305000000000026,0.0003917392307692305,0.0003932158823529415
151,0.00039481,1556978400,0.00039481,0.00039481,0.00039481,18.0,0.00710658,0.00039481,0.0024109433333333874,0.017735397692307656,0.05258134,0.0003936366666666669,0.00039196230769230744,0.0003928926470588239
152,0.00039481,1556985600,0.00039481,0.00039297,0.00039297,15.70011249,0.00617089,0.00039304,0.0044258233333333875,0.01711914307692304,0.05276283676470588,0.00039422333333333356,0.0003924023076923074,0.00039256941176470626
153,0.00039481,1556992800,0.00039481,0.00039297,0.00039297,8.85308867,0.00348635,0.0003938,0.005587940000000054,0.01738732384615381,0.05283185470588235,0.0003948100000000002,0.0003928423076923074,0.00039232117647058863
154,0.00039481,1557000000,0.00039481,0.00039481,0.00039481,8.43479775,0.00333014,0.00039481,0.00432912666666672,0.014421779999999966,0.05252586735294118,0.0003948100000000002,0.00039306538461538436,0.00039196264705882393
155,0.00039481,1557007200,0.00039481,0.00039481,0.00039481,12.07956991,0.00476913,0.00039481,0.0038618733333333865,0.01478863615384612,0.052666135882352944,0.0003948100000000002,0.0003932884615384613,0.0003916041176470593
156,0.00039297,1557014400,0.00039297,0.00039297,0.00039297,0.26,0.00010217,0.00039297,0.002733813333333387,0.014796495384615352,0.05259580294117647,0.00039419666666666684,0.00039336999999999977,0.00039123117647058865
157,0.00039297,1557021600,0.00039297,0.00039297,0.00039297,0.0,0.0,0.00039297,0.0016237666666667199,0.014796495384615352,0.05259580294117647,0.0003935833333333335,0.0003934515384615383,0.000390858235294118
158,0.00039297,1557028800,0.00039297,0.00039297,0.00039297,0.0,0.0,0.00039297,3.405666666671999e-05,0.014778034615384582,0.05259254676470588,0.00039297000000000024,0.0003935330769230768,0.00039051588235294155
159,0.00039297,1557036000,0.00039297,0.00039297,0.00039297,0.0,0.0,0.00039297,5.3324676850078724e-17,0.014778034615384582,0.051490881764705884,0.0003929700000000003,0.0003936146153846153,0.0003901735294117651
160,0.00039676,1557043200,0.00039677,0.00039481,0.00039481,121.84456278,0.04824602,0.00039596,0.01608200666666672,0.01848926692307689,0.05050867558823529,0.00039423333333333366,0.0003939876923076923,0.00039015441176470624
161,0.00039378,1557050400,0.00039378,0.00039378,0.00039378,0.50480712,0.00019878,0.00039378,0.01614826666666672,0.005656639230769199,0.05051101029411764,0.00039450333333333363,0.00039404384615384616,0.0003900476470588238
162,0.00039733,1557057600,0.00039733,0.00039285,0.00039296,29.46346439,0.01168706,0.00039666,0.02004395333333339,0.006545932307692275,0.05084772382352941,0.000395956666666667,0.0003943730769230769,0.00039004529411764733
163,0.00039047,1557064800,0.00039733,0.00039047,0.00039733,55.82265945,0.02214722,0.00039674,0.011344353333333385,0.008249564615384583,0.02890689647058823,0.0003938600000000004,0.0003941746153846154,0.00039087882352941203
164,0.00039047,1557072000,0.00039047,0.00039047,0.00039047,0.0,0.0,0.00039047,0.011278093333333385,0.007702904615384583,0.01756671058823529,0.000392756666666667,0.0003938407692307693,0.00039118735294117675
165,0.00038325,1557079200,0.00038893,0.00037995,0.00038893,30.68699262,0.01176579,0.00038341,0.011304336666666718,0.008133281538461505,0.017722610882352937,0.0003880633333333337,0.00039295153846153854,0.0003912841176470591
166,0.00037999,1557086400,0.00038323,0.00037995,0.00038323,53.93082871,0.02050068,0.00038012,0.010755490000000053,0.009442076153846122,0.018325572058823528,0.00038457000000000037,0.0003918115384615386,0.0003912850000000003
167,0.00038268,1557093600,0.00038776,0.00038198,0.00038198,10.10203227,0.00389421,0.00038548,0.012053560000000053,0.009485466153846123,0.01783167205882353,0.0003819733333333337,0.00039087846153846163,0.00039124794117647085
168,0.00038745,1557100800,0.00039046,0.00038272,0.00038272,16.49098073,0.00639602,0.00038784,0.010263636666666721,0.009610611538461506,0.01801276058823529,0.0003833733333333338,0.0003903123076923078,0.00039129352941176494
169,0.00037925,1557108000,0.00038605,0.00037925,0.00038605,8.10088514,0.00309595,0.00038217,0.004462060000000055,0.009840902307692275,0.018100865882352938,0.00038312666666666715,0.0003892569230769232,0.00039110911764705903
170,0.00037744,1557115200,0.00037756,0.00037744,0.00037748,11.03654607,0.00416607,0.00037748,0.0045526800000000546,0.010161369230769197,0.012510959999999998,0.00038138000000000044,0.0003880623076923078,0.0003907729411764708
171,0.00037452,1557122400,0.00037726,0.0003721,0.00037726,4.61732292,0.00172735,0.0003741,0.002996456666666722,0.010294242307692273,0.011785144705882352,0.00037707000000000045,0.00038664307692307695,0.0003903508823529414
172,0.00037661,1557129600,0.00037661,0.00037658,0.00037658,23.53439779,0.00886285,0.00037659,0.0049187566666667225,0.010975999999999967,0.011503142647058822,0.0003761900000000004,0.00038538461538461545,0.0003899008823529414
173,0.00037756,1557136800,0.00037756,0.00037684,0.00037684,4.74184103,0.00178977,0.00037744,0.004126656666666722,0.007402442307692274,0.011138659411764706,0.00037623000000000046,0.0003839076923076923,0.00038956176470588257
174,0.00037756,1557144000,0.00037756,0.00037756,0.00037756,0.0,0.0,0.00037756,0.0035508733333333895,0.007387151538461505,0.011138659411764706,0.00037724333333333384,0.00038266,0.0003892226470588238
175,0.00036701,1557151200,0.00037827,0.00035,0.00037756,679.54432548,0.24467031,0.00036005,0.08215336000000005,0.025308939999999964,0.017103015294117646,0.00037404333333333387,0.00038032769230769237,0.0003884902941176473
176,0.00037093,1557158400,0.00037093,0.00036907,0.00036907,1.33943742,0.00049503,0.00036958,0.08172178000000006,0.023643386923076885,0.017117574999999996,0.0003718333333333338,0.00037882461538461543,0.00038787323529411785
177,0.00037225,1557165600,0.00037265,0.00036774,0.00037114,155.98818341,0.0578948,0.00037114,0.10102004666666674,0.028096833076923042,0.018820363235294114,0.00037006333333333377,0.00037742307692307695,0.0003872950000000002
178,0.00037174,1557172800,0.00037174,0.00036945,0.00036945,83.90197803,0.03117261,0.00037153,0.02985414666666673,0.029589665384615348,0.01973720470588235,0.0003716400000000004,0.0003765376923076923,0.00038670176470588253
179,0.00037076,1557180000,0.00037076,0.00037076,0.00037076,0.41396703,0.00015348,0.00037076,0.02974029666666673,0.028024496153846116,0.019734660294117648,0.00037158333333333374,0.0003758276923076923,0.0003860797058823531
180,0.00037076,1557187200,0.00037076,0.00037076,0.00037076,0.0,0.0,0.00037076,0.010442030000000062,0.0277249415384615,0.019734660294117648,0.00037108666666666704,0.0003749107692307693,0.00038545764705882364
181,0.00036808,1557194400,0.00037147,0.00036624,0.00037147,29.81530522,0.01098811,0.00036853,0.003713863333333397,0.028078179230769194,0.02005784,0.0003698666666666671,0.00037342076923076926,0.0003847567647058824
182,0.00036451,1557201600,0.00036868,0.00036451,0.00036868,8.27318115,0.00302289,0.00036538,0.004670333333333397,0.028072559230769192,0.015234309117647057,0.00036778333333333375,0.0003722869230769231,0.00038391735294117656
183,0.00036458,1557208800,0.00036458,0.00036272,0.00036272,0.60628582,0.00022047,0.00036364,0.004743823333333398,0.027769051538461494,0.015237080294117647,0.00036572333333333374,0.0003712976923076923,0.00038308000000000005
184,0.00035024,1557216000,0.00036458,0.00035003,0.00036458,123.73548442,0.04361974,0.00035252,0.015621033333333395,0.030991543076923034,0.01652001382352941,0.00035977666666666704,0.0003694300000000001,0.0003818208823529412
185,0.00035362,1557223200,0.00035362,0.00035341,0.00035341,0.60587012,0.00021418,0.00035351,0.014684796666666729,0.03032626076923073,0.016317296176470587,0.0003561466666666671,0.00036766153846153846,0.0003806094117647059
186,0.00035692,1557230400,0.00035692,0.00035185,0.00035341,46.9546994,0.01662146,0.00035398,0.020151793333333393,0.03146715999999995,0.016624665882352938,0.00035359333333333373,0.00036607384615384617,0.00037949500000000004
187,0.00035673,1557237600,0.00036695,0.00034283,0.00035535,1511.27477344,0.53184278,0.00035191,0.1828928066666667,0.07237814307692303,0.032164560882352936,0.00035575666666666706,0.00036447153846153854,0.00037837499999999997
188,0.00035185,1557244800,0.00035847,0.00035185,0.00035847,3.43830075,0.00122598,0.00035656,0.18323007333333338,0.05365165615384611,0.03210267382352941,0.00035516666666666704,0.0003633053846153847,0.0003771114705882353
189,0.00035525,1557252000,0.00035525,0.00035523,0.00035523,10.0,0.00355233,0.00035523,0.17887369666666672,0.05388683307692303,0.03206688558823529,0.0003546100000000004,0.00036209923076923077,0.00037594794117647054
190,0.00035525,1557259200,0.00035525,0.00035525,0.00035525,0.0,0.0,0.00035525,0.0015927700000000582,0.049433386923076875,0.0320638805882353,0.000354116666666667,0.00036079153846153844,0.00037483852941176465
191,0.00035678,1557266400,0.00035678,0.00035185,0.00035229,4.23160688,0.00149449,0.00035317,0.0016822733333333917,0.04715045461538457,0.03210783617647059,0.0003557600000000004,0.00035964076923076924,0.00037377411764705876
192,0.00035276,1557273600,0.00035349,0.00033936,0.00035349,10.57753452,0.00365406,0.00034545,0.0017161833333333917,0.04741972999999995,0.03221530852941176,0.0003549300000000004,0.0003582561538461538,0.0003725914705882353
193,0.0003683,1557280800,0.0003683,0.000352,0.000352,56.13705961,0.02046084,0.00036448,0.008536463333333391,0.048993640769230726,0.03281709794117647,0.00035928000000000045,0.00035806692307692304,0.0003718658823529412
194,0.00035186,1557288000,0.00036624,0.00035185,0.00036624,102.95815084,0.03635492,0.0003531,0.020156606666666726,0.0509449338461538,0.03246735970588235,0.0003576400000000005,0.00035681923076923074,0.00037054529411764713
195,0.00035848,1557295200,0.00036201,0.00035429,0.00035429,76.93593754,0.02768789,0.00035988,0.02816788333333339,0.052842241538461496,0.03327586294117646,0.0003595466666666672,0.0003563553846153845,0.0003695070588235295
196,0.00034697,1557302400,0.00035679,0.00034385,0.00035679,93.94623408,0.03243762,0.00034527,0.03216014333333339,0.0553204838461538,0.033886173529411756,0.0003524366666666672,0.00035500076923076915,0.00036802588235294127
197,0.00034697,1557309600,0.00034697,0.00034686,0.00034697,10.81212959,0.00375131,0.00034695,0.02129227333333339,0.05225368153846149,0.03334511735294116,0.0003508066666666672,0.0003547492307692307,0.00036674647058823536
198,0.00034063,1557316800,0.00034697,0.00033531,0.00034697,35.20634454,0.01196403,0.00033982,0.01605098666666672,0.05315751615384611,0.03369700058823528,0.0003448566666666672,0.00035374999999999995,0.0003652805882352942
199,0.00033783,1557324000,0.00033937,0.00031939,0.00033665,238.7195687,0.07841321,0.00032847,0.03137618333333339,0.05791072769230765,0.035657218823529395,0.0003418100000000005,0.0003522815384615384,0.000363944705882353
200,0.00036624,1557331200,0.00037303,0.00033287,0.00033287,661.77957622,0.23420406,0.0003539,0.1081937666666667,0.03501544153846149,0.04194261235294115,0.00034823333333333385,0.0003530130769230769,0.00036354029411764715
201,0.00036505,1557338400,0.00036587,0.00036505,0.00036587,2.63502216,0.00096381,0.00036576,0.1045270266666667,0.03499527461538457,0.04185642411764704,0.00035637333333333386,0.0003540284615384616,0.00036302176470588243
202,0.00036016,1557345600,0.00038005,0.00035334,0.00036505,1174.33830763,0.42750378,0.00036403,0.22089055000000005,0.06760692461538456,0.05424194647058821,0.0003638166666666672,0.0003544061538461539,0.0003622191176470589
203,0.00037938,1557352800,0.00038231,0.00034454,0.0003603,1656.28888435,0.59600302,0.00035984,0.3414902033333334,0.11345331076923074,0.07168038970588232,0.00036819666666666723,0.0003562623076923078,0.00036222294117647073
204,0.00033318,1557360000,0.00038511,0.00033318,0.00037763,1977.85703878,0.70141608,0.00035463,0.5749742933333334,0.16729343307692307,0.09218774294117645,0.0003575733333333339,0.0003544469230769232,0.0003609211764705884
205,0.00032806,1557367200,0.00035923,0.00032584,0.00033321,1281.54399438,0.4318645,0.00033698,0.5764278666666668,0.20023269769230767,0.10483883558823527,0.0003468733333333339,0.0003525469230769232,0.0003595547058823531
206,0.00032728,1557374400,0.00033231,0.000325,0.00032837,94.76049137,0.03108079,0.00032799,0.3881204566666668,0.20104961692307688,0.10549230441176469,0.00032950666666666726,0.00034939153846153854,0.00035810382352941195
207,0.00032238,1557381600,0.00033211,0.000321,0.00032729,392.36396783,0.12696275,0.00032358,0.1966360133333335,0.20801944999999997,0.1091738626470588,0.0003259066666666673,0.0003471238461538462,0.0003564808823529413
208,0.000321,1557388800,0.00032206,0.000321,0.00032203,87.79080819,0.02825404,0.00032183,0.062099193333333504,0.20806299999999997,0.1100048638235294,0.00032355333333333394,0.0003442407692307693,0.0003548173529411766
209,0.00032537,1557396000,0.0003257,0.00031987,0.000321,163.59786331,0.05252762,0.00032107,0.06924813666666683,0.2096083846153846,0.10435360823529412,0.00032291666666666726,0.00034257923076923085,0.0003535926470588237
210,0.00031364,1557403200,0.00032399,0.00031,0.00032399,739.18141622,0.23383766,0.00031634,0.10487310666666683,0.22730733461538458,0.11121662676470587,0.00032000333333333394,0.00034001538461538467,0.0003519076470588237
211,0.00030764,1557410400,0.00031332,0.00030615,0.00031332,27.33002816,0.00847594,0.00031013,0.09828040666666683,0.22703901999999992,0.10976313088235291,0.00031555000000000054,0.0003374776923076924,0.00035000735294117666
212,0.00030686,1557417600,0.0003072,0.00030339,0.00030688,38.26991317,0.01171084,0.000306,0.0846748133333335,0.2219080684615384,0.10919072588235292,0.0003093800000000006,0.00033509538461538467,0.000348099117647059
213,0.0003126,1557424800,0.00031291,0.00030655,0.00030655,17.40087788,0.00535624,0.00030781,0.008514340000000176,0.20430438999999992,0.1093437482352941,0.000309033333333334,0.0003309692307692308,0.0003463885294117649
214,0.00031159,1557432000,0.00031397,0.00031159,0.00031229,19.91289546,0.00623021,0.00031287,0.0077657633333335085,0.20470949769230762,0.10952698970588233,0.00031035000000000063,0.0003268569230769231,0.0003446482352941179
215,0.00031122,1557439200,0.00031122,0.00031122,0.00031122,11.21609164,0.00349067,0.00031122,0.005025706666666842,0.17209310461538457,0.10930647676470587,0.000311803333333334,0.0003230923076923077,0.0003429758823529414
216,0.00030743,1557446400,0.00031123,0.00030743,0.00031123,202.21653498,0.06235097,0.00030833,0.02402395000000018,0.13104294692307686,0.11105142029411763,0.00031008000000000066,0.0003175576923076923,0.0003412970588235296
217,0.00030941,1557453600,0.00030944,0.00030941,0.00030944,10.80878863,0.00334464,0.00030943,0.02306209333333351,0.07734514384615378,0.1111433076470588,0.0003093533333333339,0.00031572923076923076,0.00033967441176470603
218,0.00030917,1557460800,0.00030917,0.00030917,0.00030917,0.66630009,0.00020599,0.00030917,0.021967200000000176,0.044140643076923,0.1098664326470588,0.00030867000000000063,0.00031427615384615386,0.0003384664705882354
219,0.00030703,1557468000,0.00030914,0.00030703,0.00030914,55.70028969,0.01713753,0.00030767,0.00689605333333351,0.04306808461538454,0.1103641782352941,0.0003085366666666673,0.0003127184615384615,0.00033709617647058836
220,0.00029523,1557475200,0.00030518,0.00028061,0.00030518,1648.42985592,0.47991599,0.00029113,0.1657531700000002,0.07021833384615377,0.12399048794117645,0.00030381000000000066,0.00031063,0.0003352817647058825
221,0.00029709,1557482400,0.00029709,0.0002912,0.0002952,17.73025788,0.00519693,0.00029311,0.16741681666666686,0.06844470999999992,0.10850090411764705,0.000299783333333334,0.0003087907692307692,0.0003335276470588237
222,0.0002986,1557489600,0.0002986,0.00029731,0.00029731,84.58138463,0.02525524,0.00029859,0.1701227200000002,0.06634683461538454,0.10920764705882352,0.00029697333333333393,0.00030673153846153846,0.0003319614705882354
223,0.00030734,1557496800,0.00030951,0.00029937,0.00029937,123.45630536,0.03783156,0.00030643,0.02276124333333353,0.051269442307692224,0.11021585970588232,0.0003010100000000006,0.000306246923076923,0.00033055235294117657
224,0.00030133,1557504000,0.00031117,0.0003013,0.00030733,16.85198705,0.00519602,0.00030833,0.022760940000000198,0.05101714076923069,0.11036868382352939,0.0003024233333333339,0.00030576153846153837,0.00032896647058823546
225,0.0003034,1557511200,0.0003034,0.00030133,0.00030133,4.64518512,0.0014013,0.00030166,0.014809626666666862,0.050224099230769155,0.11036594294117645,0.0003040233333333339,0.00030549538461538455,0.00032739647058823546
226,0.00028906,1557518400,0.0003034,0.00027523,0.00030129,2980.53998632,0.84942822,0.00028499,0.28534184666666684,0.115152713076923,0.13524165352941175,0.0002979300000000006,0.0003036846153846153,0.00032552294117647076
227,0.000201,1557525600,0.00028903,0.00018821,0.00028903,17169.60319268,3.98187544,0.00023191,1.6109016533333336,0.42097157692307685,0.25175384764705877,0.0002644866666666672,0.0002951776923076922,0.00032060235294117663
228,0.00018469,1557532800,0.00023707,0.00017899,0.00020113,20019.54712557,4.01678803,0.00020064,2.9493638966666675,0.7296867584615383,0.3688254097058823,0.0002249166666666672,0.00028544461538461527,0.00031568558823529425
229,0.00019808,1557540000,0.00020609,0.00018632,0.00018633,2795.84235319,0.54152617,0.00019368,2.8467298800000003,0.766546389230769,0.3839383002941177,0.00019459000000000056,0.0002770330769230768,0.00031096794117647074
230,0.00019264,1557547200,0.00020774,0.00019264,0.00020059,2762.47544665,0.55742867,0.00020178,1.705247623333334,0.8091682376923075,0.3993792135294118,0.00019180333333333388,0.0002680507692307691,0.0003064288235294119
231,0.00016918,1557554400,0.00019833,0.00015971,0.00019472,17315.38393501,3.10635912,0.00017939,1.4017713200000008,1.0481030938461537,0.4906323844117648,0.00018663333333333388,0.00025728230769230757,0.0003011997058823531
232,0.00018459,1557561600,0.00019233,0.00015983,0.00016931,2858.67497957,0.50750597,0.00017753,1.390431253333334,1.085823743076923,0.5052071473529413,0.00018213666666666722,0.00024786384615384607,0.0002966102941176472
233,0.00019242,1557568800,0.0001994,0.00017954,0.0001854,3299.28710096,0.63273368,0.00019177,1.415532923333334,1.09757895,0.5215106905882354,0.00018206333333333388,0.00023995538461538452,0.00029233352941176484
234,0.00018041,1557576000,0.00019304,0.00017054,0.00019243,7705.52428068,1.39512677,0.00018105,0.8451221400000007,1.20449663,0.5556554761764707,0.0001858066666666672,0.00023097999999999988,0.00028686794117647075
235,0.00017721,1557583200,0.00018569,0.00016987,0.0001778,1993.8505333,0.35838052,0.00017974,0.7954136566666673,1.2301216515384614,0.5661677323529414,0.0001833466666666672,0.0002216423076923076,0.00028134323529411783
236,0.0001798,1557590400,0.00018316,0.00016983,0.00016983,1810.71575448,0.31922317,0.00017629,0.690910153333334,1.25176716,0.562983008529412,0.00017914000000000057,0.00021183153846153835,0.0002760385294117649
237,0.00018874,1557597600,0.00019075,0.0001798,0.0001798,1284.35139922,0.23542264,0.0001833,0.3043421100000006,1.2694769,0.5523777032352943,0.00018191666666666725,0.00020317076923076914,0.00027043147058823544
238,0.00019195,1557604800,0.00019999,0.00018875,0.00019015,904.51018501,0.17706384,0.00019575,0.24390321666666728,1.2829894030769229,0.5369555785294119,0.00018683000000000057,0.00019459769230769223,0.00026627764705882366
239,0.0002,1557612000,0.00020217,0.00018963,0.00019269,7352.22527111,1.44725788,0.00019684,0.6199147866666673,1.3289762999999997,0.5668200897058825,0.0001935633333333339,0.000187746923076923,0.0002625111764705884
240,0.00019826,1557619200,0.00020409,0.00019674,0.0002,1121.87714998,0.22163697,0.00019755,0.615319563333334,1.0397271869230766,0.5724246832352942,0.0001967366666666672,0.0001875361538461538,0.00025871647058823546
241,0.00019826,1557626400,0.00019828,0.00019826,0.00019828,298.65793443,0.05921339,0.00019826,0.5760360800000007,0.7352983684615381,0.570432055,0.00019884000000000056,0.00018857999999999996,0.0002550658823529414
242,0.00019674,1557633600,0.00019826,0.00019674,0.00019826,517.91445744,0.10231915,0.00019755,0.1277231700000007,0.7015132130769225,0.5726104405882353,0.00019775333333333386,0.00018847692307692303,0.00025141117647058846
243,0.00019675,1557640800,0.00020463,0.00019674,0.00019684,1053.82453191,0.21138822,0.00020059,0.12430692000000071,0.6748947169230763,0.5772828111764706,0.0001972500000000005,0.00018879307692307688,0.00024762823529411786
244,0.00019674,1557648000,0.0001971,0.00019674,0.00019677,380.06754123,0.07478357,0.00019676,0.1294969800000007,0.441696597692307,0.5726047497058824,0.00019674333333333382,0.00019091307692307687,0.00024419000000000025
245,0.00018944,1557655200,0.00019714,0.00018944,0.00019674,2451.19789847,0.47677756,0.0001945,0.2543164500000007,0.43933287384615316,0.5863783267647059,0.0001943100000000005,0.0001912861538461538,0.00024071352941176498
246,0.00017219,1557662400,0.00018944,0.00017208,0.00018944,1063.06545971,0.18956728,0.00017832,0.24704280333333403,0.4052431507692301,0.5916093985294117,0.00018612333333333384,0.00018972999999999993,0.00023675264705882374
247,0.00017213,1557669600,0.00017797,0.0001721,0.00017727,487.81696879,0.08453299,0.00017328,0.2502926100000007,0.3044282446153839,0.5939381264705882,0.00017792000000000055,0.00018909307692307684,0.00023262117647058846
248,0.0001726,1557676800,0.00017768,0.0001721,0.0001721,943.58365448,0.16284947,0.00017258,0.14564991333333405,0.28938739461538393,0.5985445752941176,0.00017230666666666718,0.00018873846153846146,0.00022853323529411788
249,0.00015996,1557684000,0.00019674,0.00015996,0.0001726,2990.76163692,0.50668617,0.00016941,0.25135621000000075,0.30380762538461475,0.6133444429411764,0.00016823000000000052,0.00018721230769230764,0.00022408441176470612
250,0.00016813,1557691200,0.00016858,0.00015967,0.00016666,842.99191536,0.13820733,0.00016394,0.2692476566666674,0.296329524615384,0.6155755123529412,0.0001668966666666672,0.000185626923076923,0.00021998735294117668
251,0.00017426,1557698400,0.00017602,0.00016704,0.00016814,475.9407677,0.08210742,0.00017251,0.24233364000000077,0.28902518461538396,0.6178920647058822,0.00016745000000000052,0.00018426615384615374,0.0002160123529411767
252,0.0001707,1557705600,0.00017426,0.0001707,0.00017426,121.06524646,0.02070913,0.00017105,0.08034129333333406,0.17929066538461474,0.6184950982352939,0.0001710300000000005,0.0001820123076923076,0.00021193970588235318
253,0.00017176,1557712800,0.00017176,0.00017166,0.00017166,21.61047795,0.00371173,0.00017175,0.0355094266666674,0.16252718538461475,0.6181002217647057,0.0001722400000000005,0.00017997384615384604,0.00020796117647058846
