,close,date,high,low,open,quoteVolume,volume,weightedAverage,avg_vol_3,avg_vol_13,avg_vol_34,avg_close_3,avg_close_13,avg_close_34
0,1.63e-06,1557598489,1.63e-06,1.63e-06,1.63e-06,0.0,0.0,1.63e-06,-99999.0,-99999.0,-99999.0,-99999.0,-99999.0,-99999.0
1,1.66e-06,1557604800,1.66e-06,1.61e-06,1.63e-06,1666760.5968888,2.73470904,1.64e-06,-99999.0,-99999.0,-99999.0,-99999.0,-99999.0,-99999.0
2,1.59e-06,1557612000,1.65e-06,1.59e-06,1.65e-06,2035807.3054058,3.28638464,1.61e-06,2.007031226666667,-99999.0,-99999.0,1.6266666666666666e-06,-99999.0,-99999.0
3,1.56e-06,1557619200,1.61e-06,1.56e-06,1.58e-06,1869688.9959189,2.93661725,1.57e-06,2.9859036433333332,-99999.0,-99999.0,1.6033333333333332e-06,-99999.0,-99999.0
4,1.56e-06,1557626400,1.57e-06,1.56e-06,1.57e-06,213468.84894881,0.33340347,1.56e-06,2.1854684533333333,-99999.0,-99999.0,1.57e-06,-99999.0,-99999.0
5,1.54e-06,1557633600,1.58e-06,1.54e-06,1.55e-06,1485714.4170429,2.29957557,1.54e-06,1.8565320966666665,-99999.0,-99999.0,1.5533333333333332e-06,-99999.0,-99999.0
6,1.48e-06,1557640800,1.55e-06,1.48e-06,1.53e-06,885796.75287177,1.3388739,1.51e-06,1.32395098,-99999.0,-99999.0,1.5266666666666665e-06,-99999.0,-99999.0
7,1.52e-06,1557648000,1.52e-06,1.46e-06,1.48e-06,5358116.4134752,7.98286917,1.48e-06,3.87377288,-99999.0,-99999.0,1.513333333333333e-06,-99999.0,-99999.0
8,1.53e-06,1557655200,1.53e-06,1.5e-06,1.51e-06,434985.95622271,0.66072048,1.51e-06,3.3274878500000002,-99999.0,-99999.0,1.5099999999999997e-06,-99999.0,-99999.0
9,1.51e-06,1557662400,1.54e-06,1.5e-06,1.53e-06,731403.086226,1.10922572,1.51e-06,3.250938456666667,-99999.0,-99999.0,1.5199999999999996e-06,-99999.0,-99999.0
10,1.52e-06,1557669600,1.53e-06,1.51e-06,1.52e-06,618336.51862266,0.94085975,1.52e-06,0.9036019833333334,-99999.0,-99999.0,1.5199999999999996e-06,-99999.0,-99999.0
11,1.52e-06,1557676800,1.53e-06,1.51e-06,1.52e-06,663865.31091576,1.01119657,1.52e-06,1.0204273466666667,-99999.0,-99999.0,1.5166666666666662e-06,-99999.0,-99999.0
12,1.53e-06,1557684000,1.54e-06,1.52e-06,1.52e-06,285248.41270736,0.43574704,1.52e-06,0.7959344533333333,1.9284755846153845,-99999.0,1.5233333333333329e-06,1.55e-06,-99999.0
13,1.52e-06,1557691200,1.54e-06,1.51e-06,1.53e-06,535159.81102396,0.81290571,1.51e-06,0.7532831066666666,1.9910067930769229,-99999.0,1.5233333333333329e-06,1.5415384615384614e-06,-99999.0
14,1.48e-06,1557698400,1.52e-06,1.47e-06,1.51e-06,817638.85005406,1.21825738,1.48e-06,0.8223033766666665,1.8743566653846153,-99999.0,1.5099999999999997e-06,1.5276923076923075e-06,-99999.0
15,1.47e-06,1557705600,1.49e-06,1.47e-06,1.47e-06,751353.74410955,1.10917102,1.47e-06,1.0467780366666666,1.7068786946153847,-99999.0,1.4899999999999995e-06,1.5184615384615383e-06,-99999.0
16,1.46e-06,1557712800,1.49e-06,1.45e-06,1.49e-06,1108041.6489846,1.632226,1.47e-06,1.3198847999999999,1.606540906153846,-99999.0,1.4699999999999997e-06,1.5107692307692306e-06,-99999.0
17,1.48e-06,1557720000,1.52e-06,1.46e-06,1.46e-06,2575331.470461,3.86586245,1.5e-06,2.2024198233333334,1.87826852,-99999.0,1.4699999999999997e-06,1.5046153846153845e-06,-99999.0
18,1.47e-06,1557727200,1.5e-06,1.46e-06,1.48e-06,3446862.6605225,5.0787727,1.47e-06,3.5256203833333335,2.0920529146153846,-99999.0,1.4700000000000001e-06,1.4992307692307694e-06,-99999.0
19,1.5e-06,1557734400,1.5e-06,1.47e-06,1.47e-06,556728.85045521,0.82621436,1.48e-06,3.256949836666667,2.0526175653846157,-99999.0,1.4833333333333332e-06,1.500769230769231e-06,-99999.0
20,1.49e-06,1557741600,1.51e-06,1.47e-06,1.5e-06,774356.80622396,1.15848834,1.49e-06,2.3544918000000004,1.527665193846154,-99999.0,1.4866666666666665e-06,1.4984615384615387e-06,-99999.0
21,1.46e-06,1557748800,1.49e-06,1.46e-06,1.48e-06,600670.55146718,0.88534136,1.47e-06,0.9566813533333338,1.5449437230769232,-99999.0,1.4833333333333332e-06,1.4930769230769233e-06,-99999.0
22,1.42e-06,1557756000,1.47e-06,1.41e-06,1.47e-06,3354354.5896714,4.84474437,1.44e-06,2.296191356666667,1.8322913115384618,-99999.0,1.4566666666666666e-06,1.4861538461538463e-06,-99999.0
23,1.42e-06,1557763200,1.45e-06,1.41e-06,1.42e-06,4444897.6552591,6.30293239,1.41e-06,4.011006040000001,2.2447584376923078,-99999.0,1.433333333333333e-06,1.4784615384615387e-06,-99999.0
24,1.41e-06,1557770400,1.44e-06,1.4e-06,1.41e-06,3739364.1852407,5.29712628,1.41e-06,5.481601013333335,2.574445338461538,-99999.0,1.4166666666666667e-06,1.4700000000000003e-06,-99999.0
25,1.34e-06,1557777600,1.42e-06,1.31e-06,1.41e-06,1935731.56826,2.65142855,1.36e-06,4.750495740000001,2.744882377692307,-99999.0,1.39e-06,1.4553846153846157e-06,-99999.0
26,1.34e-06,1557784800,1.37e-06,1.32e-06,1.34e-06,5782256.9279796,7.70981412,1.33e-06,5.219456316666668,3.2754137938461527,-99999.0,1.3633333333333333e-06,1.441538461538462e-06,-99999.0
27,1.3e-06,1557792000,1.36e-06,1.25e-06,1.36e-06,2314307.2540454,2.99117584,1.29e-06,4.450806170000001,3.4117921369230757,-99999.0,1.3266666666666667e-06,1.4276923076923085e-06,-99999.0
28,1.29e-06,1557799200,1.31e-06,1.27e-06,1.3e-06,1299225.9170345,1.67057524,1.28e-06,4.123855066666668,3.454977076923076,-99999.0,1.3100000000000002e-06,1.4138461538461543e-06,-99999.0
29,1.35e-06,1557806400,1.37e-06,1.29e-06,1.29e-06,2047372.9590604,2.71436191,1.32e-06,2.458704330000001,3.5382183007692296,-99999.0,1.3133333333333334e-06,1.405384615384616e-06,-99999.0
30,1.37e-06,1557813600,1.38e-06,1.34e-06,1.35e-06,3869649.6362092,5.25879716,1.35e-06,3.2145781033333343,3.645367124615383,-99999.0,1.3366666666666666e-06,1.3969230769230774e-06,-99999.0
31,1.37e-06,1557820800,1.41e-06,1.34e-06,1.36e-06,1971577.0121809,2.72096259,1.38e-06,3.5647072200000007,3.4639971161538443,-99999.0,1.3633333333333333e-06,1.3892307692307696e-06,-99999.0
32,1.34e-06,1557828000,1.38e-06,1.33e-06,1.37e-06,1134384.4541799,1.53712694,1.35e-06,3.1722955633333343,3.5186826992307676,-99999.0,1.36e-06,1.3769230769230772e-06,-99999.0
33,1.34e-06,1557835200,1.37e-06,1.33e-06,1.35e-06,2714620.285849,3.65628954,1.34e-06,2.6381263566666675,3.710821253076922,2.618022260294117,1.35e-06,1.3653846153846157e-06,1.4638235294117647e-06
34,1.34e-06,1557842400,1.35e-06,1.32e-06,1.35e-06,2985514.7148528,3.989346,1.33e-06,3.060920826666667,3.9495908407692295,2.73535596617647,1.34e-06,1.3561538461538465e-06,1.4552941176470586e-06
35,1.35e-06,1557849600,1.35e-06,1.31e-06,1.35e-06,1620349.0344193,2.14947405,1.32e-06,3.26503653,3.7422623546153835,2.718143172352941,1.3433333333333335e-06,1.350769230769231e-06,1.446176470588235e-06
36,1.38e-06,1557856800,1.39e-06,1.34e-06,1.34e-06,1642282.5095316,2.2475079,1.36e-06,2.7954426500000005,3.4303066246153833,2.6875879741176467,1.3566666666666669e-06,1.3476923076923082e-06,1.4399999999999998e-06
37,1.38e-06,1557864000,1.38e-06,1.35e-06,1.38e-06,410260.11338637,0.56259612,1.37e-06,1.653192690000001,3.066111996923076,2.6177638232352938,1.3700000000000002e-06,1.3453846153846157e-06,1.4347058823529408e-06
38,1.44e-06,1557871200,1.46e-06,1.37e-06,1.38e-06,4372665.0796637,6.1924935,1.41e-06,3.0008658400000012,3.338501608461537,2.790090000588235,1.4000000000000001e-06,1.3530769230769233e-06,1.431176470588235e-06
39,1.4e-06,1557878400,1.46e-06,1.39e-06,1.43e-06,1698975.8490414,2.42611642,1.42e-06,3.0604020133333343,2.932063323846153,2.7938117902941175,1.4066666666666668e-06,1.3576923076923079e-06,1.4270588235294114e-06
40,1.45e-06,1557885600,1.47e-06,1.39e-06,1.41e-06,2145097.8500623,3.05401087,1.42e-06,3.890873596666667,2.936896787692307,2.8442569952941175,1.4299999999999999e-06,1.3692307692307693e-06,1.4261764705882351e-06
41,1.51e-06,1557892800,1.52e-06,1.43e-06,1.44e-06,1181391.2128927,1.73226641,1.46e-06,2.4041312333333336,2.9416422623076914,2.6604157376470585,1.4533333333333333e-06,1.3861538461538464e-06,1.4258823529411761e-06
42,1.5e-06,1557900000,1.56e-06,1.48e-06,1.52e-06,4762119.7002902,7.26518395,1.52e-06,4.017153743333334,3.2917054961538454,2.854664663235294,1.4866666666666665e-06,1.397692307692308e-06,1.4249999999999997e-06
43,1.53e-06,1557907200,1.53e-06,1.47e-06,1.5e-06,1016345.9587811,1.51399513,1.48e-06,3.5038151633333334,3.003643801538461,2.8665696458823526,1.513333333333333e-06,1.4100000000000005e-06,1.4255882352941175e-06
44,1.56e-06,1557914400,1.58e-06,1.51e-06,1.52e-06,1590034.1043962,2.46125127,1.54e-06,3.746810116666667,2.9836660076923067,2.9112870435294114,1.5299999999999998e-06,1.424615384615385e-06,1.4267647058823528e-06
45,1.5e-06,1557921600,1.55e-06,1.5e-06,1.54e-06,1034918.8345921,1.58353616,1.53e-06,1.85292752,2.987235947692307,2.9281205608823524,1.5299999999999998e-06,1.4369230769230773e-06,1.4261764705882351e-06
46,1.59e-06,1557928800,1.6e-06,1.5e-06,1.5e-06,2015713.3232583,3.13943244,1.55e-06,2.394739956666667,2.947477709230768,3.0076407197058823,1.5499999999999998e-06,1.4561538461538464e-06,1.427941176470588e-06
47,1.7e-06,1557936000,1.81e-06,1.59e-06,1.59e-06,8427789.6744148,14.45969757,1.71e-06,6.394222056666668,3.7528893684615374,3.409016950882353,1.5966666666666663e-06,1.483846153846154e-06,1.433235294117647e-06
48,1.61e-06,1557943200,1.74e-06,1.61e-06,1.7e-06,3233325.3292173,5.37266174,1.66e-06,7.657263916666667,4.000826883076922,3.531205314411765,1.6333333333333329e-06,1.503846153846154e-06,1.4370588235294117e-06
49,1.75e-06,1557950400,1.82e-06,1.61e-06,1.62e-06,4212832.3434224,7.26116991,1.72e-06,9.031176406666667,4.3864931915384595,3.7121464582352943,1.6866666666666663e-06,1.5323076923076924e-06,1.4452941176470587e-06
50,1.83e-06,1557957600,1.93e-06,1.74e-06,1.74e-06,11440136.246808,21.00530283,1.83e-06,11.213044826666666,5.959009092307691,4.281942835588235,1.7299999999999997e-06,1.566923076923077e-06,1.4561764705882353e-06
51,1.81e-06,1557964800,1.85e-06,1.68e-06,1.82e-06,7550659.8927291,13.33609911,1.76e-06,13.867523949999999,6.5085172161538445,4.560479207941176,1.7966666666666665e-06,1.5953846153846158e-06,1.4658823529411764e-06
52,1.7e-06,1557972000,1.82e-06,1.68e-06,1.8e-06,6442515.0267345,11.2333421,1.74e-06,15.191581346666666,7.185996114615383,4.741495954999999,1.7799999999999997e-06,1.6184615384615388e-06,1.4726470588235294e-06
53,1.68e-06,1557979200,1.72e-06,1.65e-06,1.71e-06,5416168.1289634,9.08663745,1.67e-06,11.218692886666664,7.650044313076922,4.984449575294117,1.7299999999999995e-06,1.6361538461538466e-06,1.4779411764705881e-06
54,1.69e-06,1557986400,1.74e-06,1.68e-06,1.68e-06,3042260.3365156,5.20226592,1.71e-06,8.507415156666665,7.916967352307692,5.10338421,1.6899999999999997e-06,1.6500000000000003e-06,1.4838235294117645e-06
55,1.69e-06,1557993600,1.72e-06,1.68e-06,1.71e-06,604921.74720335,1.02558272,1.69e-06,5.104828696666664,7.436998026923077,5.107508955882352,1.6866666666666663e-06,1.664615384615385e-06,1.4905882352941173e-06
56,1.66e-06,1558000800,1.69e-06,1.63e-06,1.68e-06,1251565.818565,2.07678604,1.65e-06,2.768211559999998,7.480289635384616,5.026098416764705,1.6799999999999998e-06,1.6746153846153848e-06,1.4976470588235291e-06
57,1.61e-06,1558008000,1.69e-06,1.52e-06,1.66e-06,4991855.4124627,7.97410948,1.59e-06,3.6921594133333318,7.904355651538461,5.075250684117647,1.653333333333333e-06,1.6784615384615389e-06,1.5032352941176467e-06
58,1.68e-06,1558015200,1.7e-06,1.61e-06,1.61e-06,2345133.0509965,3.92621545,1.67e-06,4.659036989999998,8.08456175076923,5.034929777352941,1.6499999999999997e-06,1.6923076923076928e-06,1.511176470588235e-06
59,1.63e-06,1558022400,1.74e-06,1.63e-06,1.68e-06,3946188.4682204,6.60517084,1.67e-06,6.168498589999999,8.351157012307691,5.151216315294118,1.6399999999999998e-06,1.6953846153846157e-06,1.5197058823529408e-06
60,1.65e-06,1558029600,1.66e-06,1.62e-06,1.64e-06,939092.07718546,1.53981452,1.63e-06,4.023733603333333,7.357319854615383,4.969745738823529,1.6533333333333333e-06,1.691538461538462e-06,1.5288235294117645e-06
61,1.63e-06,1558036800,1.66e-06,1.61e-06,1.63e-06,1021845.0538479,1.66330279,1.62e-06,3.269429383333332,7.07198455076923,4.930690649117646,1.6366666666666665e-06,1.6930769230769235e-06,1.5385294117647058e-06
62,1.72e-06,1558044000,1.73e-06,1.6e-06,1.61e-06,2391661.9890053,4.00482681,1.67e-06,2.4026480399999985,6.821496619999999,4.999345107058822,1.6666666666666665e-06,1.6907692307692312e-06,1.551176470588235e-06
63,1.64e-06,1558051200,1.72e-06,1.64e-06,1.72e-06,1634878.5556714,2.74116958,1.67e-06,2.8030997266666655,5.416563293076921,5.000133567941175,1.663333333333333e-06,1.6761538461538466e-06,1.5597058823529409e-06
64,1.61e-06,1558058400,1.64e-06,1.56e-06,1.63e-06,3946132.9301614,6.3175693,1.6e-06,4.3545218966666654,4.876676384615383,5.031273924999999,1.6566666666666661e-06,1.660769230769231e-06,1.5667647058823527e-06
65,1.67e-06,1558065600,1.72e-06,1.59e-06,1.61e-06,6122633.1548223,10.12530791,1.65e-06,6.3946822633333325,4.791442985384614,5.24904878735294,1.6399999999999995e-06,1.6584615384615388e-06,1.5755882352941174e-06
66,1.62e-06,1558072800,1.67e-06,1.6e-06,1.66e-06,892326.14432072,1.45122309,1.62e-06,5.964700099999998,4.204103419230767,5.246522203529411,1.6333333333333329e-06,1.6538461538461541e-06,1.5838235294117646e-06
67,1.63e-06,1558080000,1.64e-06,1.6e-06,1.62e-06,595836.15144932,0.96318813,1.61e-06,4.179906376666665,3.8780205123076903,5.167313338529411,1.6399999999999995e-06,1.6492307692307696e-06,1.5923529411764705e-06
68,1.64e-06,1558087200,1.67e-06,1.62e-06,1.62e-06,617445.07807123,1.01456365,1.64e-06,1.1429916233333313,3.8771728915384593,5.079819739999999,1.6299999999999994e-06,1.645384615384616e-06,1.6011764705882354e-06
69,1.64e-06,1558094400,1.66e-06,1.59e-06,1.64e-06,2110349.2819123,3.42421274,1.62e-06,1.800654839999998,3.980821099230767,5.117312054411763,1.6366666666666663e-06,1.6438461538461544e-06,1.6097058823529412e-06
70,1.68e-06,1558101600,1.68e-06,1.62e-06,1.64e-06,3269597.0171681,5.40859814,1.65e-06,3.282458176666664,3.783474073076921,5.210285296764705,1.6533333333333327e-06,1.6492307692307698e-06,1.618529411764706e-06
71,1.64e-06,1558108800,1.67e-06,1.63e-06,1.67e-06,859777.26038382,1.42375619,1.65e-06,3.418855689999998,3.5909772069230743,5.235613534117647,1.6533333333333327e-06,1.6461538461538469e-06,1.6261764705882353e-06
72,1.67e-06,1558116000,1.71e-06,1.64e-06,1.65e-06,956040.27074708,1.61258483,1.68e-06,2.814979719999998,3.206932129230767,5.100910337941176,1.6633333333333326e-06,1.6492307692307698e-06,1.6329411764705884e-06
73,1.69e-06,1558123200,1.71e-06,1.66e-06,1.67e-06,1405484.9352701,2.38441824,1.69e-06,1.8069197533333314,3.271901646153844,5.099683920882352,1.666666666666666e-06,1.652307692307693e-06,1.6414705882352942e-06
74,1.75e-06,1558130400,1.76e-06,1.68e-06,1.69e-06,1372722.25684,2.38511661,1.73e-06,2.127373226666665,3.3274257861538437,5.0800105602941175,1.7033333333333328e-06,1.661538461538462e-06,1.6502941176470589e-06
75,1.73e-06,1558137600,1.77e-06,1.72e-06,1.76e-06,923599.73320873,1.60740088,1.74e-06,2.1256452433333313,3.143008406923075,5.076338044705882,1.7233333333333329e-06,1.6623076923076927e-06,1.656764705882353e-06
76,1.74e-06,1558144800,1.76e-06,1.73e-06,1.74e-06,340630.53326721,0.59467913,1.74e-06,1.5290655399999984,2.9778937569230752,4.8801467264705884,1.7399999999999996e-06,1.6700000000000003e-06,1.6638235294117647e-06
77,1.73e-06,1558152000,1.76e-06,1.72e-06,1.74e-06,284785.00928508,0.49406126,1.73e-06,0.8987137566666649,2.529931599999998,4.8501486714705875,1.7333333333333332e-06,1.6792307692307695e-06,1.669705882352941e-06
78,1.68e-06,1558159200,1.73e-06,1.66e-06,1.72e-06,1027530.3431513,1.73771581,1.69e-06,0.9421520666666648,1.8847322076923056,4.828868216764706,1.7166666666666666e-06,1.6800000000000004e-06,1.673235294117647e-06
79,1.67e-06,1558166400,1.69e-06,1.65e-06,1.67e-06,585042.60957577,0.97900208,1.67e-06,1.070259716666665,1.8484075146153827,4.811087802647059,1.6933333333333331e-06,1.683846153846154e-06,1.678235294117647e-06
80,1.69e-06,1558173600,1.7e-06,1.66e-06,1.67e-06,178677.09425754,0.30153269,1.68e-06,1.006083526666665,1.7975109423076903,4.727620162941175,1.6799999999999998e-06,1.6884615384615386e-06,1.6811764705882352e-06
81,1.67e-06,1558180800,1.7e-06,1.66e-06,1.69e-06,458352.01901395,0.77300691,1.68e-06,0.6845138933333316,1.7789296546153825,4.3250704376470575,1.6766666666666664e-06,1.6907692307692308e-06,1.680294117647059e-06
82,1.66e-06,1558188000,1.69e-06,1.65e-06,1.68e-06,626639.8355036,1.04406314,1.66e-06,0.7062009133333316,1.5958412238461517,4.197758714117645,1.6733333333333331e-06,1.6923076923076922e-06,1.681764705882353e-06
83,1.7e-06,1558195200,1.7e-06,1.67e-06,1.67e-06,1179258.2302785,1.98785399,1.68e-06,1.2683080133333313,1.3327070584615366,4.042661187058821,1.6766666666666664e-06,1.6938461538461537e-06,1.680294117647059e-06
84,1.7e-06,1558202400,1.72e-06,1.68e-06,1.68e-06,575267.08828396,0.98294928,1.7e-06,1.3382888033333311,1.2987988346153827,3.453768435588233,1.6866666666666663e-06,1.6984615384615385e-06,1.6764705882352943e-06
85,1.71e-06,1558209600,1.73e-06,1.69e-06,1.7e-06,161171.22125153,0.27631302,1.71e-06,1.0823720966666646,1.1960086953846134,3.069657079999998,1.7033333333333328e-06,1.7015384615384614e-06,1.673529411764706e-06
86,1.7e-06,1558216800,1.74e-06,1.7e-06,1.71e-06,370960.52315375,0.64057681,1.72e-06,0.6332797033333312,1.0618670469230749,2.7581051597058805,1.7033333333333328e-06,1.7023076923076923e-06,1.673529411764706e-06
87,1.72e-06,1558224000,1.75e-06,1.7e-06,1.71e-06,1748060.8232273,3.02617284,1.73e-06,1.3143542233333314,1.1111790646153825,2.5798562005882335,1.7099999999999997e-06,1.7000000000000002e-06,1.6747058823529415e-06
88,1.7e-06,1558231200,1.74e-06,1.69e-06,1.72e-06,747183.09458216,1.28026763,1.71e-06,1.6490057599999979,1.0860149684615363,2.46450330970588,1.7066666666666665e-06,1.697692307692308e-06,1.6750000000000003e-06
89,1.7e-06,1558238400,1.7e-06,1.67e-06,1.69e-06,537839.6383152,0.90430891,1.68e-06,1.736916459999998,1.1098326438461519,2.4609364329411743,1.7066666666666665e-06,1.6946153846153848e-06,1.675294117647059e-06
90,1.7e-06,1558245600,1.72e-06,1.69e-06,1.71e-06,310786.50908122,0.53007012,1.7e-06,0.9048822199999978,1.112602556153844,2.415444788235292,1.6999999999999996e-06,1.6923076923076928e-06,1.6764705882352943e-06
91,1.72e-06,1558252800,1.74e-06,1.69e-06,1.7e-06,603949.25658899,1.03875365,1.71e-06,0.824377559999998,1.0588362361538441,2.2114637344117627,1.7066666666666665e-06,1.6953846153846157e-06,1.6797058823529414e-06
92,1.63e-06,1558260000,1.75e-06,1.63e-06,1.73e-06,3869060.339329,6.55075718,1.69e-06,2.7065269833333314,1.4874327823076903,2.2886561382352926,1.6833333333333332e-06,1.6923076923076928e-06,1.6782352941176474e-06
93,1.65e-06,1558267200,1.67e-06,1.63e-06,1.65e-06,845877.54172878,1.39884634,1.65e-06,2.996119056666665,1.5718415246153827,2.135528947058822,1.6666666666666669e-06,1.6892307692307697e-06,1.678823529411765e-06
94,1.65e-06,1558274400,1.68e-06,1.64e-06,1.65e-06,1763550.8079031,2.9272546,1.65e-06,3.6256193733333313,1.7375528853846136,2.1763360082352925,1.6433333333333334e-06,1.6876923076923083e-06,1.678823529411765e-06
95,1.65e-06,1558281600,1.67e-06,1.64e-06,1.65e-06,295292.60096733,0.48808437,1.65e-06,1.6047284366666645,1.694785287692306,2.1417707605882335,1.65e-06,1.6869230769230774e-06,1.6794117647058826e-06
96,1.61e-06,1558288800,1.65e-06,1.6e-06,1.65e-06,1831548.590919,2.97644806,1.62e-06,2.130595676666665,1.7708309853846134,2.1115243267647044,1.6366666666666665e-06,1.6800000000000004e-06,1.6761764705882355e-06
97,1.62e-06,1558296000,1.62e-06,1.55e-06,1.6e-06,2699153.1798546,4.30395803,1.59e-06,2.5894968199999986,2.026293196923075,2.157488692941175,1.6266666666666664e-06,1.6738461538461541e-06,1.675588235294118e-06
98,1.6e-06,1558303200,1.64e-06,1.57e-06,1.62e-06,2717140.18656,4.33744719,1.59e-06,3.8726177599999985,2.338688133076921,2.0992498073529395,1.6099999999999996e-06,1.665384615384616e-06,1.675294117647059e-06
99,1.55e-06,1558310400,1.61e-06,1.52e-06,1.6e-06,1412426.8175707,2.20836021,1.56e-06,3.616588476666665,2.4592868561538443,1.866398404411763,1.5899999999999994e-06,1.6538461538461543e-06,1.6717647058823532e-06
100,1.55e-06,1558317600,1.56e-06,1.53e-06,1.55e-06,394940.89904821,0.61058905,1.54e-06,2.385465483333331,2.2734727184615364,1.8416738738235277,1.5666666666666663e-06,1.6407692307692313e-06,1.669705882352941e-06
101,1.54e-06,1558324800,1.56e-06,1.53e-06,1.55e-06,849911.53961194,1.31744749,1.55e-06,1.3787989166666643,2.2763327076923057,1.852093266764704,1.5466666666666665e-06,1.628461538461539e-06,1.6670588235294118e-06
102,1.55e-06,1558332000,1.57e-06,1.55e-06,1.56e-06,269113.39344922,0.42054924,1.56e-06,0.7828619266666643,2.239120425384613,1.8346222547058806,1.5466666666666665e-06,1.6169230769230774e-06,1.6644117647058823e-06
103,1.57e-06,1558339200,1.58e-06,1.56e-06,1.56e-06,974278.18824698,1.52800411,1.56e-06,1.0886669466666643,2.315884578461536,1.778851412647057,1.5533333333333332e-06,1.6069230769230773e-06,1.6623529411764707e-06
104,1.61e-06,1558346400,1.61e-06,1.57e-06,1.57e-06,388136.94384274,0.61633006,1.58e-06,0.8549611366666644,2.283390456153844,1.6379023514705864,1.5766666666666663e-06,1.5984615384615388e-06,1.660294117647059e-06
105,1.59e-06,1558353600,1.61e-06,1.58e-06,1.61e-06,779899.84949661,1.2396354,1.58e-06,1.1279898566666644,1.8748426269230747,1.6324870341176452,1.5899999999999994e-06,1.5953846153846158e-06,1.658823529411765e-06
106,1.59e-06,1558360800,1.6e-06,1.57e-06,1.58e-06,295105.23683464,0.47008818,1.59e-06,0.775351213333331,1.8033996915384594,1.5988841914705862,1.596666666666666e-06,1.5907692307692311e-06,1.6564705882352943e-06
107,1.59e-06,1558368000,1.61e-06,1.58e-06,1.59e-06,246327.06006996,0.39230947,1.59e-06,0.7006776833333309,1.60840391230769,1.5402927570588214,1.5899999999999994e-06,1.5861538461538466e-06,1.653529411764706e-06
108,1.57e-06,1558375200,1.6e-06,1.56e-06,1.58e-06,957127.63855853,1.51014832,1.57e-06,0.7908486566666643,1.687024216153844,1.5145583955882334,1.583333333333333e-06,1.5800000000000005e-06,1.6482352941176472e-06
109,1.58e-06,1558382400,1.58e-06,1.56e-06,1.56e-06,235095.2103596,0.3688863,1.56e-06,0.7571146966666643,1.4864425423076901,1.4781314961764684,1.5799999999999995e-06,1.577692307692308e-06,1.643823529411765e-06
110,1.57e-06,1558389600,1.58e-06,1.55e-06,1.56e-06,602432.8058189,0.9397718,1.55e-06,0.9396021399999976,1.2276589861538438,1.4882812805882333,1.573333333333333e-06,1.5738461538461543e-06,1.638823529411765e-06
111,1.6e-06,1558396800,1.62e-06,1.55e-06,1.56e-06,1248030.702094,1.98977297,1.59e-06,1.099477023333331,1.0470686615384595,1.532272801470586,1.583333333333333e-06,1.5738461538461543e-06,1.6350000000000002e-06
112,1.61e-06,1558404000,1.62e-06,1.58e-06,1.61e-06,496394.12472378,0.80004975,1.61e-06,1.2431981733333313,0.9387370876923055,1.5046943879411743,1.5933333333333328e-06,1.5784615384615388e-06,1.6329411764705886e-06
113,1.61e-06,1558411200,1.63e-06,1.6e-06,1.6e-06,1005590.7462087,1.63426869,1.62e-06,1.4746971366666646,1.0174816753846132,1.5239669352941154,1.606666666666666e-06,1.5830769230769233e-06,1.6311764705882355e-06
114,1.62e-06,1558418400,1.62e-06,1.61e-06,1.61e-06,200497.47161564,0.32367669,1.61e-06,0.919331709999998,0.9410377676923056,1.5246182294117625,1.6133333333333326e-06,1.5892307692307696e-06,1.6291176470588239e-06
115,1.61e-06,1558425600,1.62e-06,1.61e-06,1.61e-06,160977.47321892,0.25980191,1.61e-06,0.7392490966666648,0.9286725884615363,1.50952396470588,1.6133333333333326e-06,1.5938461538461543e-06,1.6273529411764708e-06
116,1.65e-06,1558432800,1.65e-06,1.61e-06,1.63e-06,1112738.3599402,1.82115862,1.63e-06,0.8015457399999981,0.9512229353846133,1.5323797141176447,1.626666666666666e-06,1.6000000000000004e-06,1.627058823529412e-06
117,1.62e-06,1558440000,1.66e-06,1.61e-06,1.65e-06,892596.7150159,1.46625015,1.64e-06,1.182403559999998,1.016601403846152,1.5170384247058801,1.626666666666666e-06,1.6007692307692312e-06,1.6247058823529413e-06
118,1.63e-06,1558447200,1.63e-06,1.61e-06,1.62e-06,654858.23880475,1.06276851,1.62e-06,1.4500590933333315,1.0029962584615364,1.5193860491176447,1.6333333333333329e-06,1.6038461538461542e-06,1.6226470588235296e-06
119,1.63e-06,1558454400,1.64e-06,1.61e-06,1.62e-06,142350.70386839,0.2307402,1.62e-06,0.9199196199999978,0.9845848753846134,1.5180456720588211,1.626666666666666e-06,1.6069230769230773e-06,1.6202941176470592e-06
120,1.61e-06,1558461600,1.63e-06,1.61e-06,1.61e-06,354244.3867791,0.57148624,1.61e-06,0.6216649833333312,0.9983677038461518,1.5160135964705859,1.6233333333333328e-06,1.608461538461539e-06,1.6176470588235297e-06
121,1.74e-06,1558468800,1.76e-06,1.62e-06,1.62e-06,5034180.91836,8.69333342,1.72e-06,3.1651866199999983,1.5509204038461517,1.6826947899999976,1.6599999999999994e-06,1.621538461538462e-06,1.6182352941176473e-06
122,1.85e-06,1558476000,1.92e-06,1.71e-06,1.75e-06,10938824.108082,19.84766875,1.81e-06,9.704162803333332,3.049288284615383,2.228794822941174,1.7333333333333325e-06,1.6423076923076929e-06,1.6226470588235296e-06
123,1.83e-06,1558483200,1.87e-06,1.78e-06,1.86e-06,3370246.4843326,6.15340672,1.82e-06,11.564802963333333,3.4503371246153827,2.383180052647057,1.806666666666666e-06,1.6623076923076929e-06,1.6264705882352944e-06
124,1.86e-06,1558490400,1.94e-06,1.82e-06,1.82e-06,4454768.8915413,8.46031673,1.89e-06,11.487130733333332,3.9480712599999985,2.6164225999999977,1.846666666666666e-06,1.6823076923076927e-06,1.6311764705882355e-06
125,1.88e-06,1558497600,1.89e-06,1.85e-06,1.86e-06,837344.15191285,1.5673083,1.87e-06,5.39367725,4.007091148461537,2.6319683249999977,1.856666666666666e-06,1.7030769230769234e-06,1.6358823529411769e-06
126,1.86e-06,1558504800,1.95e-06,1.85e-06,1.88e-06,1704558.2781103,3.2420107,1.9e-06,4.423211909999999,4.13076361076923,2.534652252058821,1.8666666666666658e-06,1.7223076923076927e-06,1.6426470588235297e-06
127,1.8e-06,1558512000,1.86e-06,1.79e-06,1.86e-06,1261190.1305315,2.29598745,1.82e-06,2.3684354833333323,4.282479823076922,2.5610387552941147,1.8466666666666656e-06,1.7361538461538462e-06,1.6470588235294122e-06
128,1.82e-06,1558519200,1.83e-06,1.78e-06,1.79e-06,1414436.3409607,2.55308869,1.8e-06,2.697028946666665,4.4588864984615375,2.550033875588232,1.8266666666666658e-06,1.7523076923076924e-06,1.6520588235294122e-06
129,1.82e-06,1558526400,1.83e-06,1.8e-06,1.82e-06,2222002.3666998,4.03398918,1.81e-06,2.9610217733333317,4.629104233846153,2.654325193529409,1.8133333333333326e-06,1.7653846153846155e-06,1.6570588235294121e-06
130,1.86e-06,1558533600,1.86e-06,1.82e-06,1.83e-06,1109224.181203,2.04693491,1.84e-06,2.8780042599999978,4.6737722923076905,2.6269865714705856,1.8333333333333327e-06,1.783846153846154e-06,1.6644117647058827e-06
131,1.89e-06,1558540800,1.94e-06,1.84e-06,1.85e-06,3316261.5163514,6.2993628,1.89e-06,4.126762296666665,5.076587237692307,2.685674947058821,1.856666666666666e-06,1.803846153846154e-06,1.6723529411764708e-06
132,1.87e-06,1558548000,1.92e-06,1.85e-06,1.89e-06,1426271.7903648,2.69183663,1.88e-06,3.679378113333332,5.265902347692306,2.6372746364705852,1.8733333333333323e-06,1.8223076923076924e-06,1.680294117647059e-06
133,1.84e-06,1558555200,1.9e-06,1.83e-06,1.87e-06,1120020.7504891,2.0850906,1.86e-06,3.692096676666665,5.382333452307691,2.6336490597058795,1.8666666666666658e-06,1.8400000000000002e-06,1.688823529411765e-06
134,1.9e-06,1558562400,1.94e-06,1.82e-06,1.84e-06,2148723.3893571,4.01679953,1.86e-06,2.9312422533333318,5.022600076153845,2.73383172088235,1.8699999999999992e-06,1.8523076923076923e-06,1.699117647058824e-06
135,1.88e-06,1558569600,1.91e-06,1.86e-06,1.9e-06,405771.81523994,0.76123719,1.87e-06,2.287709106666665,3.554413033076922,2.717472594411762,1.8733333333333327e-06,1.8546153846153844e-06,1.7091176470588241e-06
136,1.85e-06,1558576800,1.91e-06,1.84e-06,1.87e-06,1950878.7246215,3.64523344,1.86e-06,2.807756719999998,3.361476626923076,2.812316247352938,1.876666666666666e-06,1.856153846153846e-06,1.7179411764705888e-06
137,1.84e-06,1558584000,1.86e-06,1.82e-06,1.86e-06,316345.09456532,0.57861321,1.82e-06,1.6616946133333315,2.7551917407692295,2.7843929855882323,1.856666666666666e-06,1.8546153846153844e-06,1.725882352941177e-06
138,1.84e-06,1558591200,1.85e-06,1.82e-06,1.83e-06,304039.85887941,0.55443289,1.82e-06,1.5927598466666648,2.6772782476923065,2.7825724805882324,1.8433333333333326e-06,1.8515384615384614e-06,1.73264705882353e-06
139,1.82e-06,1558598400,1.84e-06,1.81e-06,1.84e-06,386731.18140655,0.70521293,1.82e-06,0.6127530099999982,2.4821399576923064,2.766854172647056,1.8333333333333324e-06,1.8484615384615383e-06,1.7394117647058829e-06
140,1.85e-06,1558605600,1.86e-06,1.81e-06,1.82e-06,180765.97343376,0.33083355,1.83e-06,0.5301597899999981,2.330974273076922,2.7627584482352914,1.8366666666666657e-06,1.8523076923076923e-06,1.7470588235294123e-06
141,1.87e-06,1558612800,1.87e-06,1.84e-06,1.85e-06,1214147.7098545,2.25703451,1.85e-06,1.0976936633333316,2.3082008746153835,2.8176033023529383,1.8466666666666656e-06,1.8561538461538462e-06,1.7552941176470592e-06
142,1.83e-06,1558620000,1.9e-06,1.82e-06,1.87e-06,2681739.2581804,4.98368428,1.85e-06,2.5238507799999983,2.3812543438461526,2.9197661247058795,1.8499999999999992e-06,1.856923076923077e-06,1.7629411764705886e-06
143,1.83e-06,1558627200,1.84e-06,1.82e-06,1.83e-06,359094.80946692,0.65540142,1.82e-06,2.632040069999998,2.274213306153845,2.9281930399999974,1.8433333333333326e-06,1.854615384615385e-06,1.7702941176470592e-06
144,1.83e-06,1558634400,1.85e-06,1.82e-06,1.82e-06,217062.21768406,0.39824319,1.83e-06,2.0124429633333314,1.8202810284615372,2.9122657279411737,1.8299999999999994e-06,1.8500000000000005e-06,1.7779411764705885e-06
145,1.88e-06,1558641600,1.89e-06,1.83e-06,1.84e-06,1034345.9145125,1.93159493,1.86e-06,0.9950798466666647,1.7618008976923063,2.910554609117644,1.846666666666666e-06,1.850769230769231e-06,1.7861764705882355e-06
146,1.82e-06,1558648800,1.89e-06,1.82e-06,1.89e-06,459592.99271402,0.84281821,1.83e-06,1.057552109999998,1.6662414830769217,2.911812504999997,1.8433333333333323e-06,1.8492307692307696e-06,1.7923529411764711e-06
147,1.84e-06,1558656000,1.89e-06,1.82e-06,1.84e-06,2622928.8901555,4.87844203,1.85e-06,2.5509517233333314,1.732521675384614,3.007229367941174,1.8466666666666656e-06,1.8446153846153849e-06,1.799117647058824e-06
148,1.86e-06,1558663200,1.88e-06,1.83e-06,1.85e-06,593749.73033454,1.10558901,1.86e-06,2.2756164166666646,1.7590102769230755,3.030226789117645,1.8399999999999991e-06,1.8430769230769233e-06,1.8061764705882355e-06
149,1.86e-06,1558670400,1.87e-06,1.85e-06,1.85e-06,341240.01136223,0.63318297,1.85e-06,2.2057380033333316,1.5273140869230757,3.0412085849999975,1.8533333333333325e-06,1.843846153846154e-06,1.813529411764706e-06
150,1.86e-06,1558677600,1.89e-06,1.83e-06,1.85e-06,1181824.1853478,2.192828,1.85e-06,1.3105333266666648,1.651484455384614,3.0521400373529386,1.8599999999999991e-06,1.8453846153846156e-06,1.8197058823529413e-06
151,1.91e-06,1558684800,1.92e-06,1.85e-06,1.86e-06,3871729.3414641,7.32713939,1.89e-06,3.3843834533333315,2.172461878461537,3.224519132647057,1.876666666666666e-06,1.850769230769231e-06,1.828235294117647e-06
152,1.89e-06,1558692000,1.92e-06,1.89e-06,1.9e-06,1295975.5726388,2.46312148,1.9e-06,3.9943629566666647,2.3076856130769214,3.26570598470588,1.8866666666666658e-06,1.8561538461538466e-06,1.8358823529411764e-06
153,1.87e-06,1558699200,1.91e-06,1.87e-06,1.9e-06,626446.40261496,1.18279196,1.88e-06,3.6576842766666644,2.3732208753846136,3.2937075070588215,1.889999999999999e-06,1.857692307692308e-06,1.8429411764705883e-06
154,1.85e-06,1558706400,1.89e-06,1.85e-06,1.89e-06,507218.07566066,0.94432527,1.86e-06,1.5300795699999978,2.27224324153846,3.304673360882351,1.869999999999999e-06,1.8561538461538466e-06,1.8499999999999999e-06
155,1.86e-06,1558713600,1.9e-06,1.85e-06,1.87e-06,1658914.7685303,3.10974066,1.87e-06,1.7456192966666644,2.1280937323076903,3.1404500444117622,1.8599999999999991e-06,1.8584615384615386e-06,1.853529411764706e-06
156,1.85e-06,1558720800,1.87e-06,1.85e-06,1.87e-06,491154.76341393,0.91398189,1.86e-06,1.6560159399999976,2.1479845376923055,2.583576901470586,1.8533333333333325e-06,1.8600000000000002e-06,1.853529411764706e-06
157,1.85e-06,1558728000,1.87e-06,1.85e-06,1.86e-06,463902.68873575,0.8641413,1.86e-06,1.6292879499999975,2.1838228538461517,2.428010271470586,1.8533333333333325e-06,1.8615384615384618e-06,1.8541176470588238e-06
158,1.86e-06,1558735200,1.88e-06,1.85e-06,1.87e-06,476595.77548915,0.8854505,1.85e-06,0.8878578966666643,2.1033502053846136,2.2052200882352917,1.8533333333333325e-06,1.8600000000000002e-06,1.8541176470588238e-06
159,1.92e-06,1558742400,1.92e-06,1.87e-06,1.87e-06,1347239.1633261,2.56537133,1.9e-06,1.4383210433333309,2.23585429153846,2.2345748832352923,1.876666666666666e-06,1.8676923076923078e-06,1.8552941176470588e-06
160,1.97e-06,1558749600,2e-06,1.91e-06,1.93e-06,3528385.3220817,6.93463589,1.96e-06,3.4618192399999974,2.394023049999998,2.3431815064705863,1.916666666666666e-06,1.8776923076923077e-06,1.8585294117647057e-06
161,1.99e-06,1558756800,2.01e-06,1.97e-06,1.97e-06,9206178.853593,18.38576285,1.99e-06,9.295256689999997,3.723267191538459,2.8164101947058806,1.9599999999999994e-06,1.8876923076923079e-06,1.8641176470588233e-06
162,1.99e-06,1558764000,2.01e-06,1.98e-06,2e-06,1399284.9378246,2.79488063,1.99e-06,9.371759789999997,3.8895516269230748,2.8235217223529396,1.983333333333333e-06,1.897692307692308e-06,1.869117647058823e-06
163,1.96e-06,1558771200,2e-06,1.91e-06,1.98e-06,2270157.0114087,4.40752388,1.94e-06,8.529389119999996,4.059912848461536,2.8345080370588214,1.9799999999999997e-06,1.9053846153846154e-06,1.8732352941176466e-06
164,1.91e-06,1558778400,1.96e-06,1.91e-06,1.96e-06,1557932.6818059,3.01928474,1.93e-06,3.407229749999997,3.728539413846152,2.863106561470586,1.9533333333333334e-06,1.9053846153846154e-06,1.8747058823529406e-06
165,1.92e-06,1558785600,1.92e-06,1.89e-06,1.92e-06,526027.54435705,1.00339614,1.9e-06,2.81006825333333,3.6162528492307677,2.707342836176469,1.93e-06,1.9076923076923077e-06,1.875588235294117e-06
166,1.93e-06,1558792800,1.97e-06,1.9e-06,1.91e-06,2179370.010345,4.24096711,1.94e-06,2.754549329999996,3.8514970915384596,2.7529054973529394,1.9200000000000003e-06,1.912307692307692e-06,1.8773529411764703e-06
167,1.94e-06,1558800000,1.95e-06,1.93e-06,1.94e-06,629895.96582031,1.22413592,1.94e-06,2.156166389999996,3.873020987692306,2.727583300882351,1.93e-06,1.9192307692307694e-06,1.8802941176470586e-06
168,1.95e-06,1558807200,1.97e-06,1.94e-06,1.94e-06,521753.79071003,1.01620295,1.94e-06,2.160435326666663,3.711979625384614,2.6393304602941154,1.94e-06,1.926153846153846e-06,1.8817647058823524e-06
169,1.97e-06,1558814400,1.98e-06,1.95e-06,1.96e-06,567070.87270266,1.11644525,1.96e-06,1.1189280399999966,3.7275537299999977,2.6497777561764684,1.9533333333333334e-06,1.9353846153846156e-06,1.8844117647058817e-06
170,1.96e-06,1558821600,2e-06,1.95e-06,1.98e-06,2374212.970666,4.71345214,1.98e-06,2.2820334466666634,4.023654563846152,2.6811959532352923,1.96e-06,1.9438461538461537e-06,1.8876470588235286e-06
171,1.95e-06,1558828800,1.97e-06,1.94e-06,1.95e-06,911324.56462124,1.77861223,1.95e-06,2.53616987333333,4.092359312307691,2.716490042058821,1.96e-06,1.9507692307692304e-06,1.8908823529411755e-06
172,1.97e-06,1558836000,1.98e-06,1.94e-06,1.97e-06,392529.51097412,0.76927825,1.95e-06,2.4204475399999965,3.9541983061538444,2.7228090232352917,1.96e-06,1.9546153846153845e-06,1.8947058823529402e-06
173,1.96e-06,1558843200,2e-06,1.94e-06,1.97e-06,1581738.3417288,3.11271728,1.96e-06,1.88686925333333,3.660204566923075,2.79361797470588,1.96e-06,1.9538461538461536e-06,1.8988235294117637e-06
174,1.92e-06,1558850400,1.96e-06,1.91e-06,1.94e-06,850275.34048603,1.64100879,1.92e-06,1.8410014399999965,2.3721465623076905,2.832152540588233,1.95e-06,1.948461538461538e-06,1.9008823529411752e-06
175,1.92e-06,1558857600,1.93e-06,1.9e-06,1.93e-06,465076.04873152,0.8883282,1.91e-06,1.8806847566666631,2.225488683076921,2.791896472647057,1.9333333333333336e-06,1.9430769230769228e-06,1.9023529411764692e-06
176,1.93e-06,1558864800,1.93e-06,1.91e-06,1.91e-06,337193.56276895,0.64618642,1.91e-06,1.05850780333333,1.9361550323076904,2.6643230061764687,1.9233333333333337e-06,1.94076923076923e-06,1.9052941176470577e-06
177,1.91e-06,1558872000,1.94e-06,1.91e-06,1.91e-06,465922.20031356,0.8962841,1.92e-06,0.8102662399999966,1.7728472907692288,2.671407790882351,1.9200000000000003e-06,1.94076923076923e-06,1.907647058823528e-06
178,1.91e-06,1558879200,1.92e-06,1.89e-06,1.92e-06,754966.20578315,1.43920938,1.9e-06,0.9938932999999966,1.8063713861538442,2.7020244435294094,1.916666666666667e-06,1.9399999999999996e-06,1.9099999999999987e-06
179,1.9e-06,1558886400,1.9e-06,1.87e-06,1.89e-06,585841.5261143,1.10173701,1.88e-06,1.145743496666663,1.564892147692306,2.677616857647056,1.9066666666666671e-06,1.9376923076923074e-06,1.9105882352941167e-06
180,1.87e-06,1558893600,1.92e-06,1.86e-06,1.9e-06,1556999.2365572,2.92631973,1.87e-06,1.8224220399999966,1.6958293638461521,2.7388963141176443,1.8933333333333338e-06,1.932307692307692e-06,1.91205882352941e-06
181,1.74e-06,1558900800,1.88e-06,1.74e-06,1.86e-06,4720448.0703527,8.435649,1.78e-06,4.154568579999997,2.2665559830769215,2.843520048529409,1.8366666666666672e-06,1.916153846153846e-06,1.909117647058822e-06
182,1.81e-06,1558908000,1.82e-06,1.73e-06,1.74e-06,3423639.3127279,6.05406264,1.76e-06,5.805343789999996,2.6463727053846138,2.9890633905882322,1.8066666666666668e-06,1.9038461538461536e-06,1.9076470588235278e-06
183,1.92e-06,1558915200,1.93e-06,1.8e-06,1.81e-06,4147497.8949825,7.68896262,1.85e-06,7.392891419999997,2.875258126923075,3.1965863214705856,1.8233333333333336e-06,1.9007692307692307e-06,1.9094117647058806e-06
184,1.87e-06,1558922400,1.91e-06,1.83e-06,1.91e-06,2898324.8994411,5.38331694,1.85e-06,6.375447399999996,3.1525431046153827,3.290424231470585,1.8666666666666669e-06,1.8946153846153846e-06,1.909705882352939e-06
185,1.87e-06,1558929600,1.88e-06,1.86e-06,1.87e-06,1029377.5241561,1.92510924,1.87e-06,4.999129599999997,3.241453180769229,3.131540991764703,1.8866666666666667e-06,1.886923076923077e-06,1.908529411764704e-06
186,1.86e-06,1558936800,1.88e-06,1.84e-06,1.86e-06,751367.12702427,1.3928245,1.85e-06,2.9004168933333307,3.1091537361538446,3.1000616688235265,1.8666666666666669e-06,1.8792307692307693e-06,1.9076470588235273e-06
187,1.86e-06,1558944000,1.86e-06,1.83e-06,1.85e-06,166167.28327241,0.30686011,1.84e-06,1.2082646166666642,3.006526914615383,3.0742989673529384,1.8633333333333336e-06,1.8746153846153848e-06,1.9073529411764687e-06
188,1.86e-06,1558951200,1.86e-06,1.84e-06,1.86e-06,337003.76036947,0.62539368,1.85e-06,0.7750260966666641,2.9863011823076913,3.0649186264705857,1.8600000000000002e-06,1.8700000000000003e-06,1.9076470588235273e-06
189,1.83e-06,1558958400,1.87e-06,1.82e-06,1.86e-06,2065805.8896789,3.80604321,1.84e-06,1.5794323333333307,3.229367089230768,3.0853981132352915,1.8500000000000003e-06,1.8623076923076927e-06,1.906764705882351e-06
190,1.82e-06,1558965600,1.88e-06,1.81e-06,1.83e-06,2271763.0806518,4.21049949,1.85e-06,2.880645459999997,3.484306734615383,3.1823545132352917,1.836666666666667e-06,1.8553846153846157e-06,1.9058823529411745e-06
191,1.8e-06,1558972800,1.86e-06,1.79e-06,1.83e-06,5590144.5845141,10.16690767,1.81e-06,6.061150123333331,4.1556681415384595,3.455965288823527,1.8166666666666667e-06,1.8469230769230771e-06,1.9044117647058804e-06
192,1.85e-06,1558980000,1.86e-06,1.79e-06,1.8e-06,1178610.3346147,2.14347493,1.81e-06,5.506960696666664,4.235801827692306,3.4929660073529383,1.8233333333333334e-06,1.8430769230769233e-06,1.9041176470588216e-06
193,1.86e-06,1558987200,1.87e-06,1.83e-06,1.85e-06,2372776.3186609,4.41214953,1.85e-06,5.574177376666665,4.350096427692306,3.547283013235291,1.8366666666666665e-06,1.8423076923076924e-06,1.902352941176469e-06
194,1.88e-06,1558994400,1.9e-06,1.85e-06,1.86e-06,932860.76122011,1.7488826,1.87e-06,2.768169019999997,3.8357297815384603,3.394760857647056,1.8633333333333332e-06,1.8530769230769232e-06,1.8997058823529397e-06
195,1.89e-06,1559001600,1.91e-06,1.87e-06,1.88e-06,1156362.1955483,2.19177504,1.89e-06,2.784269056666664,3.5386307353846145,2.9184670985294088,1.8766666666666666e-06,1.8592307692307693e-06,1.8967647058823514e-06
196,1.84e-06,1559008800,1.91e-06,1.81e-06,1.9e-06,1340854.0189726,2.47634289,1.84e-06,2.1390001766666638,3.137659986923076,2.9090983414705853,1.8699999999999999e-06,1.8530769230769232e-06,1.8923529411764689e-06
197,1.82e-06,1559016000,1.85e-06,1.82e-06,1.85e-06,744025.62670006,1.36035255,1.82e-06,2.0094901599999972,2.828201187692307,2.819475655294115,1.85e-06,1.8492307692307692e-06,1.8882352941176456e-06
198,1.82e-06,1559023200,1.85e-06,1.82e-06,1.82e-06,1173486.3981648,2.14460454,1.82e-06,1.9937666599999975,2.845085441538461,2.793749767058821,1.826666666666667e-06,1.8453846153846154e-06,1.8855882352941163e-06
199,1.86e-06,1559030400,1.87e-06,1.78e-06,1.82e-06,3065697.4602341,5.6010732,1.82e-06,3.0353434299999975,3.1687968799999995,2.9289755629411736,1.8333333333333335e-06,1.8453846153846154e-06,1.8838235294117634e-06
200,1.86e-06,1559037600,1.88e-06,1.83e-06,1.86e-06,3364988.0804686,6.26581581,1.86e-06,4.670497849999998,3.627178087692307,2.9885299364705857,1.846666666666667e-06,1.8453846153846154e-06,1.8817647058823516e-06
201,1.83e-06,1559044800,1.87e-06,1.82e-06,1.86e-06,1667954.3483532,3.0900713,1.85e-06,4.985653436666664,3.816768673846153,3.0434103888235273,1.8500000000000003e-06,1.843076923076923e-06,1.8785294117647047e-06
202,1.82e-06,1559052000,1.84e-06,1.79e-06,1.82e-06,1832176.6927996,3.34775427,1.82e-06,4.234547126666664,3.781515678461538,3.1119854276470567,1.836666666666667e-06,1.8423076923076922e-06,1.87470588235294e-06
203,1.81e-06,1559059200,1.83e-06,1.78e-06,1.81e-06,2278152.6925363,4.10328652,1.8e-06,3.5137040299999973,3.7732685269230757,3.1998337002941155,1.8200000000000004e-06,1.8415384615384615e-06,1.8699999999999988e-06
204,1.78e-06,1559066400,1.83e-06,1.78e-06,1.81e-06,614509.94630632,1.11270189,1.81e-06,2.8545808933333308,3.0767911592307677,3.093929281176468,1.8033333333333336e-06,1.8400000000000002e-06,1.8647058823529399e-06
205,1.82e-06,1559073600,1.83e-06,1.79e-06,1.8e-06,1638933.8582809,2.96399328,1.8e-06,2.726660563333331,3.139907955384614,3.12879342970588,1.8033333333333336e-06,1.8376923076923077e-06,1.8608823529411751e-06
206,1.84e-06,1559080800,1.84e-06,1.8e-06,1.81e-06,390469.82131588,0.71032734,1.81e-06,1.5956741699999972,2.8551524023076906,3.1270595794117626,1.8133333333333335e-06,1.8361538461538461e-06,1.8570588235294104e-06
207,1.82e-06,1559088000,1.83e-06,1.79e-06,1.82e-06,499056.63119744,0.90424434,1.81e-06,1.5261883199999973,2.7901802284615367,3.0621044929411747,1.8266666666666666e-06,1.8315384615384616e-06,1.852941176470587e-06
208,1.84e-06,1559095200,1.85e-06,1.81e-06,1.82e-06,785917.80979444,1.43634481,1.82e-06,1.0169721633333306,2.732070210769229,3.056084964117645,1.8333333333333333e-06,1.8276923076923076e-06,1.8505882352941164e-06
209,1.83e-06,1559102400,1.83e-06,1.8e-06,1.83e-06,588351.48402426,1.071937,1.82e-06,1.137508716666664,2.6240389884615363,3.0614852229411746,1.83e-06,1.8269230769230771e-06,1.8479411764705871e-06
210,1.82e-06,1559109600,1.83e-06,1.8e-06,1.82e-06,1417596.5382512,2.55994804,1.8e-06,1.6894099499999973,2.7163155646153827,3.1177723294117623,1.83e-06,1.8269230769230771e-06,1.8447058823529403e-06
211,1.85e-06,1559116800,1.85e-06,1.82e-06,1.82e-06,286074.79883635,0.52763279,1.84e-06,1.3865059433333304,2.59193312230769,3.106929643823527,1.8333333333333333e-06,1.8292307692307694e-06,1.8429411764705874e-06
212,1.84e-06,1559124000,1.87e-06,1.83e-06,1.84e-06,994884.85760414,1.84136424,1.85e-06,1.6429816899999972,2.302724740769228,3.1187577279411745,1.8366666666666665e-06,1.827692307692308e-06,1.8408823529411755e-06
213,1.88e-06,1559131200,1.89e-06,1.83e-06,1.85e-06,3294731.6246844,6.15214534,1.86e-06,2.840380789999997,2.2939808584615355,3.267299149411763,1.8566666666666663e-06,1.8292307692307694e-06,1.8402941176470577e-06
214,1.87e-06,1559138400,1.89e-06,1.86e-06,1.87e-06,935298.52659583,1.75466223,1.87e-06,3.24939060333333,2.191257083846151,3.2328386347058804,1.863333333333333e-06,1.8323076923076925e-06,1.8402941176470577e-06
215,1.9e-06,1559145600,1.9e-06,1.86e-06,1.87e-06,1631967.0505884,3.07777006,1.88e-06,3.6615258766666634,2.170489067692305,3.075253959999998,1.883333333333333e-06,1.8384615384615386e-06,1.8449999999999993e-06
216,1.88e-06,1559152800,1.9e-06,1.85e-06,1.88e-06,712578.11746382,1.33351343,1.87e-06,2.0553152399999965,1.9574295992307664,2.9364142773529394,1.883333333333333e-06,1.8438461538461538e-06,1.8470588235294111e-06
217,1.86e-06,1559160000,1.89e-06,1.86e-06,1.88e-06,180848.99852942,0.33856595,1.87e-06,1.5832831466666635,1.897880680769228,2.720226139999998,1.8799999999999998e-06,1.8499999999999999e-06,1.8452941176470583e-06
218,1.91e-06,1559167200,1.91e-06,1.86e-06,1.86e-06,1180686.5977452,2.23372716,1.89e-06,1.3019355133333301,1.841706363846151,2.6275911464705866,1.8833333333333328e-06,1.8569230769230768e-06,1.846470588235294e-06
219,1.94e-06,1559174400,1.95e-06,1.89e-06,1.9e-06,930240.8206813,1.792262,1.92e-06,1.4548517033333301,1.9249321069230743,2.6236838747058804,1.9033333333333328e-06,1.8646153846153847e-06,1.8485294117647058e-06
220,1.9e-06,1559181600,1.95e-06,1.88e-06,1.94e-06,757938.93706093,1.44275421,1.9e-06,1.8229144566666637,1.9663559430769202,2.6251523955882337,1.916666666666666e-06,1.8707692307692308e-06,1.8497058823529413e-06
221,1.86e-06,1559188800,1.9e-06,1.84e-06,1.89e-06,1290389.3417436,2.41687594,1.87e-06,1.8839640499999974,2.041781414615382,2.6872116847058805,1.8999999999999994e-06,1.8723076923076923e-06,1.8497058823529413e-06
222,1.86e-06,1559196000,1.88e-06,1.85e-06,1.86e-06,409690.65889422,0.75882094,1.85e-06,1.5394836966666638,2.017695563846151,2.691136015882351,1.8733333333333327e-06,1.8746153846153846e-06,1.8497058823529413e-06
223,1.85e-06,1559203200,1.88e-06,1.85e-06,1.87e-06,371159.90628555,0.69130263,1.86e-06,1.288999836666664,1.8739536092307663,2.5995259988235273,1.856666666666666e-06,1.8769230769230769e-06,1.850294117647059e-06
224,1.85e-06,1559210400,1.89e-06,1.84e-06,1.86e-06,2382571.0628339,4.45801998,1.87e-06,1.9693811833333303,2.1762910853846127,2.606806013235292,1.8533333333333325e-06,1.8769230769230769e-06,1.8511764705882353e-06
225,1.85e-06,1559217600,1.87e-06,1.83e-06,1.86e-06,1027783.1703374,1.89658106,1.84e-06,2.348634556666664,2.1805385330769202,2.3635611129411744,1.8499999999999992e-06,1.8776923076923077e-06,1.8526470588235296e-06
226,1.83e-06,1559224800,1.86e-06,1.81e-06,1.84e-06,3277728.9635766,6.00496779,1.83e-06,4.119856276666664,2.16921718307692,2.477134432352939,1.8433333333333326e-06,1.8738461538461541e-06,1.8520588235294117e-06
227,1.87e-06,1559232000,1.88e-06,1.81e-06,1.83e-06,1424981.3500056,2.62987646,1.84e-06,3.510475103333331,2.2365413546153814,2.424714636176469,1.8499999999999992e-06,1.8738461538461541e-06,1.8523529411764705e-06
228,1.82e-06,1559239200,1.87e-06,1.81e-06,1.86e-06,1260028.5709026,2.30962141,1.83e-06,3.6481552199999974,2.1774529969230736,2.4412069541176455,1.8399999999999991e-06,1.867692307692308e-06,1.8505882352941177e-06
229,1.73e-06,1559246400,1.82e-06,1.7e-06,1.82e-06,5974753.4902801,10.45564312,1.74e-06,5.13171366333333,2.8791552807692278,2.684261897647058,1.8066666666666655e-06,1.8561538461538466e-06,1.8458823529411765e-06
230,1.76e-06,1559253600,1.8e-06,1.74e-06,1.74e-06,2010917.9536495,3.53941835,1.76e-06,5.434894293333329,3.125374696153843,2.7155288229411756,1.769999999999999e-06,1.848461538461539e-06,1.8435294117647059e-06
231,1.77e-06,1559260800,1.78e-06,1.73e-06,1.76e-06,1029921.6806402,1.81312631,1.76e-06,5.269395926666663,3.093020784615381,2.7288456982352933,1.7533333333333324e-06,1.837692307692308e-06,1.8420588235294118e-06
232,1.73e-06,1559268000,1.79e-06,1.73e-06,1.78e-06,1041710.721443,1.82960934,1.75e-06,2.3940513333333295,3.0958936569230735,2.719581133529411,1.7533333333333324e-06,1.8215384615384617e-06,1.8394117647058821e-06
233,1.78e-06,1559275200,1.8e-06,1.71e-06,1.74e-06,1408609.6426814,2.47819711,1.75e-06,2.040310919999996,3.175543110769228,2.627731836764705,1.759999999999999e-06,1.8123076923076927e-06,1.8370588235294117e-06
234,1.78e-06,1559282400,1.79e-06,1.78e-06,1.78e-06,619276.89223791,1.1067936,1.78e-06,1.8048666833333293,3.0747675461538435,2.4759958894117635,1.7633333333333323e-06,1.8061538461538466e-06,1.834705882352941e-06
235,1.79e-06,1559289600,1.8e-06,1.77e-06,1.78e-06,928261.70647966,1.66682973,1.79e-06,1.7506068133333292,3.1446143761538434,2.4341358432352926,1.783333333333332e-06,1.8007692307692314e-06,1.8335294117647055e-06
236,1.79e-06,1559296800,1.82e-06,1.79e-06,1.79e-06,1362032.6588958,2.4455291,1.79e-06,1.7397174766666625,3.279554873846151,2.4075998088235284,1.7866666666666653e-06,1.7961538461538467e-06,1.8326470588235287e-06
237,1.8e-06,1559304000,1.81e-06,1.78e-06,1.8e-06,455122.2833779,0.81564246,1.79e-06,1.6426670966666628,2.9993719876923044,2.310904395294117,1.793333333333332e-06,1.792307692307693e-06,1.83235294117647e-06
238,1.79e-06,1559311200,1.8e-06,1.77e-06,1.79e-06,214756.18202784,0.38197365,1.77e-06,1.214381736666663,2.882863725384612,2.2894123882352937,1.793333333333332e-06,1.7876923076923084e-06,1.8326470588235287e-06
239,1.76e-06,1559318400,1.78e-06,1.74e-06,1.78e-06,1165045.8829676,2.04923056,1.75e-06,1.0822822233333296,2.578576246153842,2.2625076023529407,1.783333333333332e-06,1.7823076923076928e-06,1.8308823529411756e-06
240,1.77e-06,1559325600,1.78e-06,1.73e-06,1.75e-06,834731.24149306,1.47615788,1.76e-06,1.302454029999996,2.4898286630769197,2.2850320299999995,1.7733333333333322e-06,1.7746153846153851e-06,1.828823529411764e-06
241,1.77e-06,1559332800,1.78e-06,1.75e-06,1.76e-06,727241.08810837,1.27941617,1.75e-06,1.6016015366666627,2.4105821061538424,2.2960664955882346,1.7666666666666655e-06,1.7707692307692313e-06,1.82735294117647e-06
242,1.78e-06,1559340000,1.78e-06,1.74e-06,1.77e-06,994387.03403296,1.74022022,1.75e-06,1.4985980899999962,1.7401649599999964,2.3050040076470584,1.7733333333333322e-06,1.7746153846153851e-06,1.825588235294117e-06
243,1.78e-06,1559347200,1.79e-06,1.73e-06,1.78e-06,762424.88924997,1.34051403,1.75e-06,1.4533834733333295,1.5710184738461506,2.3129033320588226,1.7766666666666654e-06,1.7761538461538467e-06,1.8241176470588228e-06
244,1.77e-06,1559354400,1.8e-06,1.77e-06,1.78e-06,1684210.1550328,3.00542296,1.78e-06,2.028719069999996,1.6627336007692273,2.3260055355882345,1.7766666666666654e-06,1.776153846153847e-06,1.8226470588235288e-06
245,1.78e-06,1559361600,1.81e-06,1.77e-06,1.77e-06,363704.01110741,0.65409922,1.79e-06,1.6666787366666627,1.5723097453846118,2.329725136470588,1.7766666666666654e-06,1.780000000000001e-06,1.820588235294117e-06
246,1.8e-06,1559368800,1.82e-06,1.78e-06,1.79e-06,843304.45487666,1.52123738,1.8e-06,1.7269198533333292,1.498697458461535,2.320309640588235,1.783333333333332e-06,1.7815384615384625e-06,1.8194117647058817e-06
247,1.79e-06,1559376000,1.82e-06,1.79e-06,1.8e-06,455030.94308057,0.81800867,1.79e-06,0.9977817566666626,1.4764832330769195,2.163423267941176,1.7899999999999987e-06,1.7823076923076934e-06,1.8167647058823522e-06
248,1.8e-06,1559383200,1.81e-06,1.78e-06,1.81e-06,797900.22492988,1.43037373,1.79e-06,1.2565399266666626,1.4582943099999963,2.1538853708823527,1.7966666666666652e-06,1.7830769230769239e-06,1.8147058823529405e-06
249,1.8e-06,1559390400,1.81e-06,1.78e-06,1.81e-06,787563.42098666,1.4135108,1.79e-06,1.2206310666666627,1.3789082869230733,2.1049365691176463,1.7966666666666652e-06,1.7838461538461546e-06,1.8117647058823522e-06
250,1.77e-06,1559397600,1.8e-06,1.76e-06,1.79e-06,3104799.2531089,5.51582211,1.77e-06,2.786568879999996,1.7404605676923042,2.227945647941176,1.7899999999999987e-06,1.7815384615384625e-06,1.8085294117647054e-06
251,1.81e-06,1559404800,1.83e-06,1.77e-06,1.77e-06,1256671.1338228,2.26447531,1.8e-06,3.064602739999996,1.8852683876923044,2.2845900408823523,1.793333333333332e-06,1.7830769230769239e-06,1.807058823529411e-06
252,1.82e-06,1559412000,1.83e-06,1.81e-06,1.81e-06,114386.59475479,0.20837399,1.82e-06,2.6628904699999962,1.743664036153843,2.225020829999999,1.7999999999999986e-06,1.7876923076923086e-06,1.804411764705882e-06
