,close,date,high,low,open,quoteVolume,volume,weightedAverage,avg_vol_3,avg_vol_13,avg_vol_34,avg_close_3,avg_close_13,avg_close_34
0,5.1e-07,1555853249,5.1e-07,5.1e-07,5.1e-07,0.0,0.0,5.1e-07,-99999.0,-99999.0,-99999.0,-99999.0,-99999.0,-99999.0
1,5.1e-07,1555855200,5.2e-07,5e-07,5.2e-07,46329844.497884,23.77087439,5.1e-07,-99999.0,-99999.0,-99999.0,-99999.0,-99999.0,-99999.0
2,5e-07,1555862400,5.2e-07,5e-07,5.1e-07,9296359.4622589,4.74073302,5e-07,9.503869136666667,-99999.0,-99999.0,5.066666666666667e-07,-99999.0,-99999.0
3,5.2e-07,1555869600,5.2e-07,5e-07,5e-07,3455516.399897,1.76539475,5.1e-07,10.092334053333333,-99999.0,-99999.0,5.1e-07,-99999.0,-99999.0
4,5.3e-07,1555876800,5.3e-07,5.1e-07,5.1e-07,30050752.935679,15.63162263,5.2e-07,7.379250133333333,-99999.0,-99999.0,5.166666666666666e-07,-99999.0,-99999.0
5,5.3e-07,1555884000,5.3e-07,5.1e-07,5.3e-07,4676567.8466041,2.43445203,5.2e-07,6.610489803333333,-99999.0,-99999.0,5.266666666666666e-07,-99999.0,-99999.0
6,5.2e-07,1555891200,5.3e-07,5.1e-07,5.1e-07,7340256.9244697,3.81905197,5.2e-07,7.295042209999999,-99999.0,-99999.0,5.266666666666666e-07,-99999.0,-99999.0
7,5.1e-07,1555898400,5.3e-07,5.1e-07,5.3e-07,22623428.817053,11.60016851,5.1e-07,5.951224169999999,-99999.0,-99999.0,5.199999999999998e-07,-99999.0,-99999.0
8,5.2e-07,1555905600,5.2e-07,5.1e-07,5.2e-07,8386632.7603934,4.28997302,5.1e-07,6.5697311666666645,-99999.0,-99999.0,5.166666666666666e-07,-99999.0,-99999.0
9,5.2e-07,1555912800,5.2e-07,5.1e-07,5.2e-07,608935.82476679,0.31522009,5.1e-07,5.401787206666665,-99999.0,-99999.0,5.166666666666666e-07,-99999.0,-99999.0
10,5.1e-07,1555920000,5.2e-07,5.1e-07,5.2e-07,1443954.3662026,0.74909537,5.1e-07,1.7847628266666646,-99999.0,-99999.0,5.166666666666666e-07,-99999.0,-99999.0
11,5.2e-07,1555927200,5.2e-07,5.1e-07,5.2e-07,1570798.1583178,0.81562329,5.1e-07,0.626646249999998,-99999.0,-99999.0,5.166666666666666e-07,-99999.0,-99999.0
12,5.2e-07,1555934400,5.2e-07,5.1e-07,5.1e-07,5779531.5482077,2.96280636,5.1e-07,1.5091750066666645,5.607308879230771,-99999.0,5.166666666666666e-07,5.16923076923077e-07,-99999.0
13,5.2e-07,1555941600,5.2e-07,5.1e-07,5.1e-07,1884122.4188587,0.96594312,5.1e-07,1.5814575899999979,5.681612196153848,-99999.0,5.199999999999999e-07,5.176923076923077e-07,-99999.0
14,5.1e-07,1555948800,5.2e-07,5.1e-07,5.2e-07,9801976.7275468,5.09440526,5.1e-07,3.0077182466666645,4.244960724615386,-99999.0,5.166666666666666e-07,5.176923076923077e-07,-99999.0
15,5.2e-07,1555956000,5.3e-07,5.1e-07,5.2e-07,58473688.782717,30.3994925,5.1e-07,12.153280293333331,6.218711453846155,-99999.0,5.166666666666666e-07,5.192307692307693e-07,-99999.0
16,5.2e-07,1555963200,5.2e-07,5.1e-07,5.2e-07,8192960.2942627,4.25555982,5.1e-07,13.249819193333332,6.410262613076925,-99999.0,5.166666666666666e-07,5.192307692307693e-07,-99999.0
17,5.2e-07,1555970400,5.2e-07,5.1e-07,5.1e-07,2231571.4538365,1.14521174,5.1e-07,11.933421353333332,5.2959233138461554,-99999.0,5.199999999999999e-07,5.184615384615385e-07,-99999.0
18,5.2e-07,1555977600,5.2e-07,5.1e-07,5.2e-07,2424652.1635917,1.23720353,5.1e-07,2.2126583633333325,5.203827275384617,-99999.0,5.199999999999998e-07,5.176923076923077e-07,-99999.0
19,5.2e-07,1555984800,5.2e-07,5.1e-07,5.2e-07,3539054.940002,1.80737271,5.1e-07,1.3965959933333323,5.049082716923078,-99999.0,5.199999999999998e-07,5.176923076923077e-07,-99999.0
20,5.1e-07,1555992000,5.2e-07,5e-07,5.1e-07,47985836.929045,24.42942352,5e-07,9.15799992,6.035948486923077,-99999.0,5.166666666666666e-07,5.176923076923077e-07,-99999.0
21,5.1e-07,1555999200,5.2e-07,5e-07,5e-07,19467949.366806,9.92722821,5e-07,12.054674813333333,6.4695835015384615,-99999.0,5.133333333333332e-07,5.16923076923077e-07,-99999.0
22,5.1e-07,1556006400,5.2e-07,5e-07,5.2e-07,606130.11243032,0.30650261,5e-07,11.55438478,6.4689129261538465,-99999.0,5.099999999999999e-07,5.161538461538463e-07,-99999.0
23,5e-07,1556013600,5.1e-07,5e-07,5.1e-07,9380268.1628688,4.69356921,5e-07,4.975766676666666,6.77233399076923,-99999.0,5.066666666666665e-07,5.153846153846155e-07,-99999.0
24,5e-07,1556020800,5.1e-07,4.9e-07,5.1e-07,35327330.914316,17.65455125,4.9e-07,7.551541023333331,8.06763614153846,-99999.0,5.033333333333332e-07,5.138461538461539e-07,-99999.0
25,5e-07,1556028000,5.1e-07,4.9e-07,5e-07,11636878.544573,5.81327492,4.9e-07,9.38713179333333,8.286902953846152,-99999.0,5e-07,5.123076923076925e-07,-99999.0
26,4.9e-07,1556035200,5e-07,4.9e-07,5e-07,4309748.4935443,2.1171349,4.9e-07,8.528320356666663,8.375456167692304,-99999.0,4.966666666666665e-07,5.100000000000001e-07,-99999.0
27,5e-07,1556042400,5e-07,4.9e-07,5e-07,828454.69885971,0.41087882,4.9e-07,2.7804295466666638,8.01518490307692,-99999.0,4.966666666666665e-07,5.092307692307693e-07,-99999.0
28,5e-07,1556049600,5e-07,4.9e-07,4.9e-07,11499528.384002,5.73238276,4.9e-07,2.7534654933333305,6.117714923076918,-99999.0,4.966666666666665e-07,5.076923076923077e-07,-99999.0
29,5e-07,1556056800,5e-07,4.9e-07,5e-07,1921719.2856706,0.94340599,4.9e-07,2.362222523333331,5.862933859230765,-99999.0,4.999999999999999e-07,5.061538461538463e-07,-99999.0
30,4.8e-07,1556064000,5e-07,4.8e-07,4.9e-07,45919348.00248,22.26170766,4.8e-07,9.645832136666664,7.487279699230765,-99999.0,4.933333333333333e-07,5.030769230769231e-07,-99999.0
31,4.7e-07,1556071200,4.9e-07,4.7e-07,4.9e-07,28825476.982997,13.80474603,4.7e-07,12.33661989333333,8.454013737692303,-99999.0,4.833333333333334e-07,4.992307692307693e-07,-99999.0
32,4.8e-07,1556078400,4.9e-07,4.7e-07,4.8e-07,11557489.016367,5.53010144,4.7e-07,13.865518376666664,8.740377486153843,-99999.0,4.766666666666668e-07,4.961538461538462e-07,-99999.0
33,4.8e-07,1556085600,4.9e-07,4.7e-07,4.7e-07,30814792.343795,14.68681772,4.7e-07,11.340555063333332,7.990946270769227,7.238586151470589,4.766666666666668e-07,4.938461538461538e-07,5.08235294117647e-07
34,4.8e-07,1556092800,4.8e-07,4.7e-07,4.7e-07,5658172.7402028,2.67125956,4.7e-07,7.6293929066666655,7.432794836153842,7.317152609117648,4.800000000000002e-07,4.915384615384614e-07,5.073529411764706e-07
35,4.8e-07,1556100000,4.8e-07,4.6e-07,4.7e-07,24851172.984453,11.70776314,4.7e-07,9.688613473333332,8.309814876923072,6.962355219411767,4.800000000000001e-07,4.892307692307691e-07,5.064705882352941e-07
36,4.8e-07,1556107200,4.8e-07,4.6e-07,4.7e-07,58525116.521363,27.14901333,4.6e-07,13.842678676666665,10.03715673230769,7.621422287352942,4.800000000000001e-07,4.876923076923075e-07,5.058823529411765e-07
37,4.6e-07,1556114400,4.7e-07,4.6e-07,4.7e-07,18585186.21312,8.64640977,4.6e-07,15.834395413333331,9.344222772307688,7.823805082058825,4.7333333333333344e-07,4.846153846153844e-07,5.041176470588235e-07
38,4.7e-07,1556121600,4.7e-07,4.6e-07,4.7e-07,15256587.594865,7.05800578,4.6e-07,14.284476293333332,9.439971299999996,7.571639880588236,4.7000000000000016e-07,4.823076923076921e-07,5.023529411764705e-07
39,4.7e-07,1556128800,4.7e-07,4.6e-07,4.6e-07,15267876.66764,7.09678785,4.6e-07,7.600401133333332,9.823021526923073,7.708767404705884,4.666666666666669e-07,4.807692307692304e-07,5.005882352941176e-07
40,4.7e-07,1556136000,4.8e-07,4.6e-07,4.6e-07,38621701.036764,18.00057439,4.6e-07,10.718456006666665,11.17607503230769,8.125871005294119,4.7000000000000016e-07,4.784615384615381e-07,4.991176470588236e-07
41,4.7e-07,1556143200,4.7e-07,4.6e-07,4.7e-07,1134057.4709751,0.53273573,4.6e-07,8.543365989999998,10.77610218384615,7.8003582764705905,4.7000000000000016e-07,4.7615384615384576e-07,4.979411764705883e-07
42,4.7e-07,1556150400,4.8e-07,4.6e-07,4.7e-07,7326253.3576682,3.46228449,4.7e-07,7.3318648699999995,10.969862068461536,7.776014496176473,4.7000000000000016e-07,4.738461538461534e-07,4.964705882352943e-07
43,4.7e-07,1556157600,4.8e-07,4.6e-07,4.7e-07,5500760.5015061,2.58072363,4.6e-07,2.1919146166666663,9.455940219999997,7.842646953235296,4.7000000000000016e-07,4.7307692307692267e-07,4.950000000000002e-07
44,4.7e-07,1556164800,4.7e-07,4.6e-07,4.6e-07,574715.52075564,0.26773944,4.6e-07,2.1035825199999993,8.414632020769227,7.828489425882355,4.7000000000000016e-07,4.7307692307692267e-07,4.938235294117649e-07
45,4.6e-07,1556172000,4.7e-07,4.6e-07,4.7e-07,1272814.6748409,0.5886807,4.6e-07,1.1457145899999996,8.034522733076919,7.821814643823531,4.666666666666669e-07,4.7153846153846115e-07,4.920588235294119e-07
46,4.7e-07,1556179200,4.7e-07,4.6e-07,4.7e-07,2791053.5812583,1.30854303,4.6e-07,0.7216543899999995,7.0054246799999955,7.773159840000002,4.666666666666669e-07,4.7076923076923036e-07,4.905882352941179e-07
47,4.6e-07,1556186400,4.7e-07,4.6e-07,4.7e-07,2389284.6724063,1.12209658,4.6e-07,1.0064401033333328,6.8862582969230735,7.777752588823531,4.6333333333333354e-07,4.6923076923076884e-07,4.88823529411765e-07
48,4.6e-07,1556193600,4.7e-07,4.6e-07,4.6e-07,23133018.044725,10.64684843,4.6e-07,4.35916268,6.80464947307692,7.941059740882355,4.6333333333333354e-07,4.676923076923073e-07,4.873529411764709e-07
49,4.7e-07,1556200800,4.8e-07,4.6e-07,4.6e-07,17779094.167117,8.35637361,4.7e-07,6.7084395400000005,5.359061802307689,7.292732714705884,4.6333333333333354e-07,4.6692307692307654e-07,4.858823529411768e-07
50,4.8e-07,1556208000,4.8e-07,4.7e-07,4.7e-07,5848301.8883423,2.7528355,4.7e-07,7.2520191800000005,4.905709935384613,7.248534940588236,4.700000000000002e-07,4.6846153846153806e-07,4.847058823529415e-07
51,4.6e-07,1556215200,4.8e-07,4.6e-07,4.7e-07,6165178.9968903,2.89747303,4.6e-07,4.668894046666667,4.5856689546153815,7.300072037352941,4.700000000000002e-07,4.676923076923073e-07,4.829411764705886e-07
52,4.8e-07,1556222400,4.8e-07,4.6e-07,4.7e-07,16582791.349464,7.79135902,4.6e-07,4.48055585,4.639097506153844,7.492841316470589,4.7333333333333355e-07,4.6846153846153806e-07,4.817647058823533e-07
53,4.7e-07,1556229600,4.8e-07,4.7e-07,4.7e-07,13843108.111436,6.52116599,4.7e-07,5.736666013333333,3.7560660907692283,7.631482295294118,4.7000000000000016e-07,4.6846153846153806e-07,4.802941176470593e-07
54,4.6e-07,1556236800,4.8e-07,4.6e-07,4.8e-07,14084588.014617,6.61186162,4.6e-07,6.974795543333332,4.223691159230767,7.107436357058824,4.7000000000000016e-07,4.676923076923073e-07,4.788235294117651e-07
55,4.7e-07,1556244000,4.7e-07,4.6e-07,4.7e-07,10270132.039291,4.72498013,4.6e-07,5.952669246666666,4.3208215930769205,6.954429060588236,4.666666666666669e-07,4.676923076923073e-07,4.776470588235298e-07
56,4.6e-07,1556251200,4.7e-07,4.6e-07,4.6e-07,654770.28905303,0.3029003,4.6e-07,3.879914016666666,4.145604413846151,6.954323110294119,4.6333333333333354e-07,4.6692307692307654e-07,4.7617647058823566e-07
57,4.6e-07,1556258400,4.7e-07,4.6e-07,4.7e-07,2840616.9447676,1.3159588,4.6e-07,2.1146130766666666,4.226236672307689,6.85498162764706,4.6333333333333354e-07,4.661538461538458e-07,4.750000000000004e-07
58,4.7e-07,1556265600,4.7e-07,4.6e-07,4.7e-07,3669149.5353123,1.72023318,4.6e-07,1.11303076,4.313279170769228,6.386325213823532,4.6333333333333354e-07,4.6692307692307654e-07,4.7411764705882395e-07
59,4.6e-07,1556272800,4.7e-07,4.6e-07,4.6e-07,1241185.9790585,0.58266502,4.6e-07,1.2062856666666666,4.257442400769228,6.232483746176473,4.6333333333333354e-07,4.661538461538458e-07,4.7294117647058866e-07
60,4.7e-07,1556280000,4.7e-07,4.6e-07,4.7e-07,11412864.476288,5.36255037,4.6e-07,2.5551495233333332,4.5836311538461505,6.327937142352944,4.666666666666669e-07,4.6692307692307654e-07,4.7235294117647105e-07
61,4.7e-07,1556287200,4.8e-07,4.6e-07,4.6e-07,9188976.3788301,4.31869062,4.6e-07,3.421302003333334,4.096849783846151,6.442872783529415,4.666666666666669e-07,4.676923076923073e-07,4.714705882352946e-07
62,4.7e-07,1556294400,4.8e-07,4.6e-07,4.7e-07,14197523.710867,6.67341729,4.7e-07,5.451552760000001,3.9673916053846128,6.470550269705885,4.7000000000000016e-07,4.676923076923073e-07,4.705882352941182e-07
63,4.9e-07,1556301600,4.9e-07,4.7e-07,4.8e-07,26970187.396897,12.95382521,4.8e-07,7.981977706666666,4.752083121538458,6.8237978938235315,4.7666666666666683e-07,4.6846153846153806e-07,4.7029411764705944e-07
64,4.9e-07,1556308800,4.9e-07,4.7e-07,4.8e-07,26221002.933548,12.79095127,4.8e-07,10.80606459,5.513119909230766,6.545246235294121,4.833333333333334e-07,4.7076923076923036e-07,4.705882352941183e-07
65,4.9e-07,1556316000,4.9e-07,4.8e-07,4.9e-07,640382.74069176,0.3105146,4.8e-07,8.685097026666666,4.937670338461535,6.148357075588239,4.900000000000001e-07,4.7153846153846115e-07,4.71176470588236e-07
66,4.8e-07,1556323200,4.9e-07,4.8e-07,4.9e-07,3850054.5399381,1.84839241,4.8e-07,4.983286093333333,4.578226216923074,6.040071515882356,4.866666666666666e-07,4.723076923076919e-07,4.71176470588236e-07
67,4.9e-07,1556330400,4.9e-07,4.8e-07,4.9e-07,2510358.8076435,1.21962893,4.8e-07,1.1261786466666663,4.1634390869230735,5.64397772794118,4.866666666666666e-07,4.746153846153842e-07,4.7147058823529484e-07
68,4.8e-07,1556337600,4.9e-07,4.7e-07,4.8e-07,15660635.240633,7.49817722,4.7e-07,3.5220661866666663,4.376761939999997,5.785945894411768,4.833333333333334e-07,4.753846153846149e-07,4.7147058823529484e-07
69,4.8e-07,1556344800,4.8e-07,4.7e-07,4.8e-07,733202.11675829,0.34924993,4.7e-07,3.0223520266666655,4.380327296153843,5.451871976470592,4.833333333333334e-07,4.769230769230765e-07,4.7147058823529484e-07
70,4.8e-07,1556352000,4.8e-07,4.7e-07,4.8e-07,135135.62538609,0.06468034,4.7e-07,2.6373691633333327,4.2840751069230745,4.655273947352945,4.800000000000001e-07,4.78461538461538e-07,4.7147058823529484e-07
71,4.7e-07,1556359200,4.8e-07,4.7e-07,4.8e-07,650430.23028524,0.31186654,4.7e-07,0.2419322699999992,4.175739211538459,4.410140322941181,4.766666666666668e-07,4.78461538461538e-07,4.717647058823537e-07
72,4.7e-07,1556366400,4.8e-07,4.7e-07,4.8e-07,677602.21694615,0.32459336,4.7e-07,0.2337134133333325,4.155887545384613,4.212098781176474,4.7333333333333344e-07,4.792307692307687e-07,4.717647058823537e-07
73,4.7e-07,1556373600,4.8e-07,4.7e-07,4.7e-07,3785836.5859775,1.81653019,4.7e-07,0.8176633633333324,3.8831167623076897,4.0567970852941215,4.7000000000000016e-07,4.792307692307687e-07,4.717647058823537e-07
74,4.8e-07,1556380800,4.8e-07,4.7e-07,4.8e-07,6578486.8693264,3.15094844,4.7e-07,1.7640239966666655,3.7932904407692285,3.620043380882357,4.7333333333333355e-07,4.799999999999995e-07,4.7205882352941245e-07
75,4.7e-07,1556388000,4.8e-07,4.7e-07,4.7e-07,1133636.6921322,0.54244565,4.7e-07,1.8366414266666657,3.3216772376923056,3.6203289667647103,4.7333333333333355e-07,4.799999999999995e-07,4.7205882352941245e-07
76,4.9e-07,1556395200,4.9e-07,4.7e-07,4.8e-07,26893450.026747,13.08126702,4.8e-07,5.591553703333332,3.3314804538461518,3.9032402176470633,4.800000000000002e-07,4.799999999999994e-07,4.726470588235301e-07
77,4.9e-07,1556402400,4.9e-07,4.8e-07,4.8e-07,293672.05973101,0.14146873,4.8e-07,4.588393799999999,2.3584433353846133,3.8314974264705937,4.833333333333334e-07,4.799999999999994e-07,4.7323529411764774e-07
78,4.8e-07,1556409600,4.9e-07,4.8e-07,4.9e-07,2715544.1501393,1.3035458,4.8e-07,4.842093849999999,2.434830350769228,3.8619623194117696,4.866666666666667e-07,4.792307692307686e-07,4.7352941176470655e-07
79,4.9e-07,1556416800,4.9e-07,4.8e-07,4.9e-07,330885.94468931,0.15888006,4.8e-07,0.5346315299999986,2.30486786230769,3.849321124117652,4.866666666666666e-07,4.799999999999995e-07,4.74411764705883e-07
80,4.9e-07,1556424000,4.9e-07,4.8e-07,4.9e-07,712541.69944428,0.34429285,4.8e-07,0.6022395699999986,2.2375343176923055,3.8209608247058866,4.866666666666666e-07,4.799999999999994e-07,4.750000000000007e-07
81,4.7e-07,1556431200,4.9e-07,4.7e-07,4.9e-07,10041530.368774,4.82145646,4.8e-07,1.7748764566666653,2.0316327207692284,3.929765527058828,4.833333333333334e-07,4.792307692307686e-07,4.7529411764705955e-07
82,4.8e-07,1556438400,4.8e-07,4.7e-07,4.8e-07,685708.77615167,0.32758636,4.7e-07,1.8311118899999983,2.0299662923076904,3.626257819117651,4.800000000000001e-07,4.792307692307686e-07,4.7588235294117717e-07
83,4.7e-07,1556445600,4.8e-07,4.7e-07,4.8e-07,1496105.4134147,0.71527482,4.7e-07,1.9547725466666652,2.08001202153846,3.4015196194117685,4.7333333333333344e-07,4.78461538461538e-07,4.7588235294117717e-07
84,4.8e-07,1556452800,4.8e-07,4.7e-07,4.8e-07,6266055.0962543,2.9514582,4.7e-07,1.3314397933333317,2.283057533846152,3.4073614635294156,4.7666666666666683e-07,4.792307692307686e-07,4.7588235294117717e-07
85,4.7e-07,1556460000,4.8e-07,4.7e-07,4.7e-07,2343441.5283515,1.10473152,4.7e-07,1.5904881799999984,2.3430681615384596,3.3546337720588277,4.7333333333333344e-07,4.792307692307686e-07,4.761764705882361e-07
86,4.8e-07,1556467200,4.8e-07,4.7e-07,4.8e-07,1196355.2568445,0.56325857,4.7e-07,1.539816096666665,2.2466626523076907,3.1420425823529454,4.7666666666666683e-07,4.799999999999994e-07,4.761764705882361e-07
87,4.8e-07,1556474400,4.8e-07,4.7e-07,4.7e-07,359466.19875714,0.16903746,4.7e-07,0.6123425166666651,2.017284884615383,2.955215272647063,4.766666666666668e-07,4.799999999999994e-07,4.7647058823529484e-07
88,4.8e-07,1556481600,4.8e-07,4.7e-07,4.8e-07,10786484.983344,5.07164006,4.7e-07,1.9346453633333318,2.3656844546153826,2.909914638529416,4.800000000000002e-07,4.807692307692302e-07,4.770588235294125e-07
89,4.8e-07,1556488800,4.8e-07,4.7e-07,4.8e-07,9834685.56103,4.62555617,4.7e-07,3.288744563333332,1.7152451584615365,2.9069904044117685,4.800000000000001e-07,4.799999999999994e-07,4.773529411764712e-07
90,4.7e-07,1556496000,4.8e-07,4.7e-07,4.8e-07,2411828.0855733,1.1563897,4.7e-07,3.6178619766666653,1.7933160023076904,2.9320930338235334,4.766666666666668e-07,4.78461538461538e-07,4.776470588235301e-07
91,4.8e-07,1556503200,4.8e-07,4.7e-07,4.8e-07,562158.76326364,0.26481238,4.7e-07,2.015586083333332,1.7134134315384595,2.9011769626470625,4.766666666666668e-07,4.78461538461538e-07,4.782352941176477e-07
92,4.7e-07,1556510400,4.8e-07,4.6e-07,4.7e-07,4807593.7217802,2.25635966,4.6e-07,1.2258539133333324,1.8747580161538442,2.916945388529416,4.7333333333333344e-07,4.769230769230764e-07,4.782352941176477e-07
93,4.6e-07,1556517600,4.7e-07,4.6e-07,4.7e-07,1463213.4289568,0.68687627,4.6e-07,1.0693494366666656,1.9011105869230749,2.9200104252941217,4.7000000000000016e-07,4.7461538461538414e-07,4.782352941176477e-07
94,4.7e-07,1556524800,4.7e-07,4.6e-07,4.7e-07,1462591.8412695,0.68580812,4.6e-07,1.209681349999999,1.5829837915384597,2.782459182647063,4.666666666666669e-07,4.7461538461538414e-07,4.782352941176477e-07
95,4.6e-07,1556532000,4.7e-07,4.6e-07,4.7e-07,1063352.4096134,0.49839417,4.6e-07,0.6236928533333321,1.5961228538461518,2.6700975223529455,4.6333333333333354e-07,4.7307692307692256e-07,4.779411764705889e-07
96,4.7e-07,1556539200,4.7e-07,4.6e-07,4.7e-07,9157501.3454633,4.22080169,4.6e-07,1.8016679933333322,1.865778766923075,2.597961769411769,4.666666666666669e-07,4.7307692307692256e-07,4.779411764705889e-07
97,4.7e-07,1556546400,4.7e-07,4.6e-07,4.7e-07,1368148.8732436,0.64075546,4.6e-07,1.786650439999999,1.6880324023076905,2.2358126591176513,4.666666666666669e-07,4.7230769230769183e-07,4.773529411764712e-07
98,4.6e-07,1556553600,4.7e-07,4.6e-07,4.7e-07,586229.68245229,0.27342603,4.6e-07,1.7116610599999988,1.624085826153844,1.8676501520588273,4.666666666666669e-07,4.7153846153846104e-07,4.7647058823529473e-07
99,4.7e-07,1556560800,4.7e-07,4.6e-07,4.6e-07,4218470.38243,1.94218874,4.6e-07,0.9521234099999987,1.7301573776923056,1.91564056794118,4.666666666666669e-07,4.707692307692303e-07,4.758823529411771e-07
100,4.7e-07,1556568000,4.7e-07,4.6e-07,4.7e-07,3157888.2158021,1.4569879,4.6e-07,1.2242008899999985,1.8292304884615367,1.904128670588239,4.666666666666669e-07,4.699999999999995e-07,4.755882352941183e-07
101,4.7e-07,1556575200,4.7e-07,4.6e-07,4.7e-07,340740.88971127,0.1595895,4.6e-07,1.1862553799999984,1.4513804453846135,1.8729510402941212,4.7000000000000016e-07,4.692307692307688e-07,4.750000000000007e-07
102,4.6e-07,1556582400,4.7e-07,4.6e-07,4.7e-07,402599.10071425,0.18637133,4.6e-07,0.6009829099999985,1.1099046884615367,1.6578979258823565,4.666666666666669e-07,4.6769230769230727e-07,4.74411764705883e-07
103,4.7e-07,1556589600,4.7e-07,4.6e-07,4.7e-07,2934182.6319284,1.35081373,4.6e-07,0.5655915199999987,1.1248603830769213,1.687355684705886,4.666666666666669e-07,4.6769230769230727e-07,4.7411764705882427e-07
104,4.6e-07,1556596800,4.7e-07,4.6e-07,4.7e-07,55657.88090926,0.02562966,4.6e-07,0.5209382399999987,1.1064617123076905,1.686207135294121,4.6333333333333354e-07,4.6615384615384575e-07,4.7352941176470665e-07
105,4.6e-07,1556604000,4.7e-07,4.6e-07,4.7e-07,753822.57686493,0.34765537,4.6e-07,0.5746995866666653,0.9596383053846135,1.68725974794118,4.6333333333333354e-07,4.6538461538461496e-07,4.7323529411764774e-07
106,4.7e-07,1556611200,4.7e-07,4.6e-07,4.7e-07,252335.71847734,0.11751219,4.6e-07,0.16359907333333198,0.9158410684615366,1.681169125294121,4.6333333333333354e-07,4.6615384615384575e-07,4.7323529411764774e-07
107,4.6e-07,1556618400,4.7e-07,4.6e-07,4.7e-07,4147081.2694139,1.94701223,4.6e-07,0.8040599299999988,1.0128567692307673,1.6850068323529446,4.6333333333333354e-07,4.6538461538461496e-07,4.729411764705889e-07
108,4.6e-07,1556625600,4.7e-07,4.6e-07,4.7e-07,1431233.741018,0.67181187,4.6e-07,0.9121120966666654,1.0261965923076906,1.6120910508823563,4.6333333333333354e-07,4.6538461538461496e-07,4.7235294117647126e-07
109,4.6e-07,1556632800,4.7e-07,4.6e-07,4.6e-07,6821549.0309434,3.19774378,4.6e-07,1.9388559599999988,0.9474998299999983,1.6901880547058858,4.6000000000000025e-07,4.6461538461538423e-07,4.720588235294124e-07
110,4.6e-07,1556640000,4.7e-07,4.6e-07,4.6e-07,2148768.20216,1.00621571,4.6e-07,1.6252571199999988,0.9756121569230752,1.3350394867647093,4.6000000000000025e-07,4.6384615384615344e-07,4.7117647058823587e-07
111,4.7e-07,1556647200,4.7e-07,4.6e-07,4.6e-07,679703.97335311,0.31526519,4.6e-07,1.5064082266666654,0.9788305538461521,1.3401511473529446,4.6333333333333354e-07,4.6461538461538423e-07,4.705882352941182e-07
112,4.7e-07,1556654400,4.7e-07,4.6e-07,4.6e-07,10763362.785139,5.05822918,4.6e-07,2.126570026666665,1.2185259723076904,1.4505830114705915,4.666666666666669e-07,4.6461538461538423e-07,4.7029411764705944e-07
113,4.7e-07,1556661600,4.8e-07,4.6e-07,4.6e-07,9405184.9044946,4.43092558,4.7e-07,3.268139983333332,1.4472904092307672,1.5762314091176504,4.7000000000000016e-07,4.6461538461538423e-07,4.6970588235294183e-07
114,4.7e-07,1556668800,4.8e-07,4.6e-07,4.7e-07,3383694.0691122,1.58896289,4.6e-07,3.692705883333332,1.5572422084615367,1.6128393514705914,4.7000000000000016e-07,4.6461538461538423e-07,4.6911764705882416e-07
115,4.7e-07,1556676000,4.8e-07,4.6e-07,4.7e-07,6527003.2294268,3.06760269,4.6e-07,3.0291637199999992,1.7788753899999983,1.5612554170588266,4.7000000000000016e-07,4.6538461538461496e-07,4.6911764705882416e-07
116,4.7e-07,1556683200,4.7e-07,4.6e-07,4.7e-07,603843.61341696,0.28277631,4.6e-07,1.6464472966666654,1.6967186653846136,1.559937474411768,4.7000000000000016e-07,4.6538461538461496e-07,4.688235294117654e-07
117,4.6e-07,1556690400,4.7e-07,4.6e-07,4.7e-07,193955.55370054,0.09016777,4.6e-07,1.146848923333332,1.7016831353846138,1.54155197294118,4.666666666666669e-07,4.6538461538461496e-07,4.6852941176470654e-07
118,4.7e-07,1556697600,4.7e-07,4.6e-07,4.7e-07,1711987.6017029,0.79877858,4.6e-07,0.39057421999999864,1.7363849207692292,1.4782378664705915,4.666666666666669e-07,4.6615384615384575e-07,4.6823529411764773e-07
119,4.6e-07,1556704800,4.7e-07,4.6e-07,4.6e-07,2589760.9749547,1.21574082,4.6e-07,0.7015623899999985,1.8208640461538448,1.4815028458823563,4.6333333333333354e-07,4.6538461538461496e-07,4.6794117647058887e-07
120,4.6e-07,1556712000,4.7e-07,4.6e-07,4.7e-07,1056194.8493497,0.49172072,4.6e-07,0.8354133733333319,1.708918545384614,1.4793987914705917,4.6333333333333354e-07,4.6538461538461496e-07,4.6735294117647125e-07
121,4.6e-07,1556719200,4.7e-07,4.6e-07,4.7e-07,3121641.4048283,1.46268302,4.6e-07,1.056714853333332,1.7697547876923065,1.5174471902941211,4.6000000000000025e-07,4.6538461538461496e-07,4.667647058823536e-07
122,4.6e-07,1556726400,4.7e-07,4.6e-07,4.6e-07,3367090.0028553,1.56580383,4.6e-07,1.1734025233333318,1.6442209453846142,1.4143343600000033,4.6000000000000025e-07,4.6538461538461496e-07,4.6617647058823597e-07
123,4.7e-07,1556733600,4.7e-07,4.6e-07,4.6e-07,468069.00243237,0.21598962,4.6e-07,1.0814921566666653,1.583434323076922,1.284641226176474,4.6333333333333354e-07,4.6615384615384575e-07,4.658823529411772e-07
124,4.7e-07,1556740800,4.8e-07,4.6e-07,4.7e-07,11832753.207616,5.56062339,4.6e-07,2.447472279999998,1.986923415384614,1.414177511176474,4.666666666666669e-07,4.6615384615384575e-07,4.658823529411772e-07
125,4.7e-07,1556748000,4.7e-07,4.6e-07,4.7e-07,1320077.1998013,0.62018673,4.6e-07,2.1322665799999982,1.6455355346153833,1.4246296979411799,4.7000000000000016e-07,4.6615384615384575e-07,4.655882352941184e-07
126,4.7e-07,1556755200,4.8e-07,4.6e-07,4.7e-07,1601807.5143453,0.75411213,4.7e-07,2.3116407499999982,1.3627037307692293,1.3804459470588268,4.7000000000000016e-07,4.6615384615384575e-07,4.655882352941184e-07
127,4.8e-07,1556762400,4.8e-07,4.7e-07,4.7e-07,1289310.4728694,0.60662831,4.7e-07,0.660309056666665,1.2871395323076908,1.3780857129411799,4.7333333333333355e-07,4.669230769230765e-07,4.661764705882361e-07
128,4.8e-07,1556769600,4.8e-07,4.7e-07,4.7e-07,1110838.4560398,0.5232286,4.7e-07,0.6279896799999983,1.0914184484615368,1.3733039623529446,4.7666666666666683e-07,4.6769230769230727e-07,4.6647058823529483e-07
129,4.7e-07,1556776800,4.8e-07,4.7e-07,4.8e-07,2757117.9512462,1.32153593,4.7e-07,0.8171309466666651,1.1713230346153831,1.3975140141176507,4.7666666666666683e-07,4.6769230769230727e-07,4.667647058823537e-07
130,4.7e-07,1556784000,4.8e-07,4.7e-07,4.8e-07,5027841.5062491,2.38480809,4.7e-07,1.4098575399999984,1.3478338284615368,1.3435142023529447,4.7333333333333344e-07,4.68461538461538e-07,4.667647058823537e-07
131,4.8e-07,1556791200,4.8e-07,4.7e-07,4.8e-07,1527774.7528831,0.73319536,4.7e-07,1.4798464599999983,1.3427889653846137,1.34623302294118,4.7333333333333344e-07,4.692307692307688e-07,4.670588235294125e-07
132,4.7e-07,1556798400,4.8e-07,4.7e-07,4.7e-07,3462004.2749206,1.65302884,4.7e-07,1.590344096666665,1.3764265053846136,1.386809576176474,4.7333333333333344e-07,4.699999999999995e-07,4.6735294117647136e-07
133,4.7e-07,1556805600,4.8e-07,4.7e-07,4.8e-07,6225064.1257476,2.96582375,4.7e-07,1.784015983333332,1.5667421230769216,1.4169164882352976,4.7333333333333344e-07,4.707692307692303e-07,4.6735294117647136e-07
134,4.7e-07,1556812800,4.8e-07,4.7e-07,4.8e-07,4703795.4557132,2.2353533,4.7e-07,2.2847352966666654,1.626178298461537,1.4398095882352975,4.7000000000000016e-07,4.7153846153846104e-07,4.6735294117647136e-07
135,4.8e-07,1556820000,4.8e-07,4.7e-07,4.8e-07,5158436.6591309,2.46292722,4.7e-07,2.554701423333332,1.6951877899999985,1.507554815294121,4.7333333333333355e-07,4.7307692307692256e-07,4.676470588235301e-07
136,4.8e-07,1556827200,4.8e-07,4.7e-07,4.8e-07,5778574.5698462,2.75477075,4.7e-07,2.484350423333332,1.8904786461538448,1.5830959747058857,4.7666666666666683e-07,4.7384615384615335e-07,4.6823529411764773e-07
137,4.7e-07,1556834400,4.8e-07,4.7e-07,4.8e-07,1270295.4517159,0.60708944,4.7e-07,1.9415958033333318,1.5094375730769216,1.5612217308823564,4.7666666666666683e-07,4.7384615384615335e-07,4.6823529411764773e-07
138,4.7e-07,1556841600,4.8e-07,4.7e-07,4.8e-07,10368553.615816,4.8942307,4.7e-07,2.7520302966666654,1.8382101861538445,1.7044158791176505,4.7333333333333344e-07,4.7384615384615335e-07,4.6852941176470665e-07
139,4.8e-07,1556848800,4.8e-07,4.7e-07,4.8e-07,2428346.3778564,1.14267266,4.7e-07,2.214664266666665,1.868099457692306,1.727798740588239,4.7333333333333344e-07,4.7461538461538414e-07,4.6911764705882426e-07
140,4.7e-07,1556856000,4.8e-07,4.7e-07,4.7e-07,4451864.1159475,2.10562107,4.7e-07,2.714174809999999,1.9834065930769214,1.786272531176474,4.7333333333333344e-07,4.7384615384615335e-07,4.6911764705882426e-07
141,4.6e-07,1556863200,4.8e-07,4.6e-07,4.8e-07,16983391.618863,7.98927055,4.7e-07,3.7458547599999985,2.5577175123076903,1.9639860111764742,4.7000000000000016e-07,4.7230769230769183e-07,4.6911764705882426e-07
142,4.7e-07,1556870400,4.7e-07,4.6e-07,4.7e-07,18783318.432065,8.79280048,4.6e-07,6.295897366666666,3.1324301699999983,2.2028386173529446,4.666666666666669e-07,4.7230769230769183e-07,4.694117647058831e-07
143,4.7e-07,1556877600,4.7e-07,4.6e-07,4.6e-07,3287446.6982155,1.51911642,4.6e-07,6.100395816666666,3.0658385030769213,2.1534672244117683,4.666666666666669e-07,4.7230769230769183e-07,4.69705882352942e-07
144,4.6e-07,1556884800,4.7e-07,4.6e-07,4.6e-07,501104.47489962,0.23293088,4.6e-07,3.5149492599999994,3.027356619999998,2.13072355294118,4.666666666666669e-07,4.707692307692303e-07,4.69705882352942e-07
145,4.6e-07,1556892000,4.7e-07,4.6e-07,4.7e-07,3755814.0415062,1.73284019,4.6e-07,1.1616291633333322,3.0334959546153826,2.172416935294121,4.6333333333333354e-07,4.699999999999995e-07,4.694117647058831e-07
146,4.7e-07,1556899200,4.7e-07,4.6e-07,4.7e-07,7281409.6698451,3.36615477,4.6e-07,1.7773086133333322,3.0642906484615366,2.1226500408823563,4.6333333333333354e-07,4.699999999999995e-07,4.694117647058831e-07
147,4.7e-07,1556906400,4.7e-07,4.6e-07,4.6e-07,3471482.6314209,1.6002757,4.6e-07,2.233090219999999,3.015438525384613,2.039395632647062,4.666666666666669e-07,4.699999999999995e-07,4.694117647058831e-07
148,4.7e-07,1556913600,4.7e-07,4.6e-07,4.7e-07,27721287.673706,13.02830681,4.6e-07,5.998245759999999,3.8281600323076908,2.375846924411768,4.7000000000000016e-07,4.692307692307688e-07,4.694117647058831e-07
149,4.8e-07,1556920800,4.8e-07,4.6e-07,4.7e-07,9394332.6306122,4.41253136,4.6e-07,6.347037956666664,3.955680079230768,2.4154036500000036,4.7333333333333355e-07,4.692307692307688e-07,4.6970588235294193e-07
150,4.6e-07,1556928000,4.8e-07,4.6e-07,4.7e-07,14546701.383537,6.932426,4.7e-07,8.124421389999997,4.442244429999999,2.610981582058827,4.700000000000002e-07,4.68461538461538e-07,4.69411764705883e-07
151,4.7e-07,1556935200,4.8e-07,4.6e-07,4.7e-07,5732019.5960821,2.68902271,4.6e-07,4.677993356666664,4.272613046153845,2.6874184920588275,4.700000000000002e-07,4.68461538461538e-07,4.6970588235294193e-07
152,4.7e-07,1556942400,4.7e-07,4.6e-07,4.7e-07,202207.44671141,0.09305445,4.6e-07,3.2381677199999976,4.191873183846152,2.666661900000004,4.666666666666669e-07,4.6769230769230727e-07,4.6970588235294193e-07
153,4.7e-07,1556949600,4.7e-07,4.6e-07,4.6e-07,5750416.1069324,2.64620894,4.6e-07,1.8094286999999978,4.233456866153845,2.7087344917647096,4.7000000000000016e-07,4.6769230769230727e-07,4.700000000000008e-07
154,4.7e-07,1556956800,4.7e-07,4.6e-07,4.7e-07,13067913.578396,6.01354535,4.6e-07,2.917602913333331,4.081478004615383,2.8711410985294155,4.7000000000000016e-07,4.68461538461538e-07,4.7029411764705966e-07
155,4.5e-07,1556964000,4.7e-07,4.5e-07,4.6e-07,27293842.986149,12.43420597,4.5e-07,7.031320086666664,4.361586119230768,3.193832950000004,4.633333333333335e-07,4.669230769230765e-07,4.700000000000009e-07
156,4.5e-07,1556971200,4.6e-07,4.5e-07,4.5e-07,20919301.959943,9.60548372,4.5e-07,9.351078346666663,4.983614373076922,3.430294123235298,4.566666666666668e-07,4.6538461538461496e-07,4.697058823529421e-07
157,4.6e-07,1556978400,4.6e-07,4.5e-07,4.6e-07,498058.75757265,0.22907742,4.5e-07,7.422922369999996,4.983317953076921,3.4306790585294156,4.5333333333333353e-07,4.6538461538461496e-07,4.6941176470588323e-07
158,4.5e-07,1556985600,4.6e-07,4.5e-07,4.5e-07,822146.77230039,0.37587142,4.5e-07,3.4034775199999956,4.8789357399999975,3.2781863535294153,4.5333333333333353e-07,4.6461538461538423e-07,4.688235294117656e-07
159,4.6e-07,1556992800,4.6e-07,4.5e-07,4.6e-07,1247296.6496293,0.57323211,4.5e-07,0.3927269833333285,4.664095535384613,3.2768053352941213,4.5666666666666686e-07,4.6384615384615344e-07,4.6852941176470675e-07
160,4.7e-07,1557000000,4.7e-07,4.5e-07,4.5e-07,18782031.9108,8.64188996,4.6e-07,3.1969978299999955,5.205758170769229,3.5087988008823565,4.600000000000002e-07,4.6384615384615344e-07,4.6852941176470675e-07
161,4.5e-07,1557007200,4.7e-07,4.5e-07,4.6e-07,11501902.909028,5.28405774,4.5e-07,4.833059936666662,4.610046703846152,3.646370254705886,4.600000000000002e-07,4.623076923076919e-07,4.6764705882353033e-07
162,4.5e-07,1557014400,4.6e-07,4.5e-07,4.6e-07,745029.25874315,0.34077918,4.5e-07,4.755575626666663,4.296834997692305,3.641004095294121,4.566666666666668e-07,4.599999999999996e-07,4.667647058823539e-07
163,4.6e-07,1557021600,4.6e-07,4.5e-07,4.6e-07,4436199.247559,1.99631773,4.5e-07,2.540384883333329,3.917134361538459,3.6608506188235332,4.5333333333333353e-07,4.599999999999996e-07,4.6647058823529504e-07
164,4.5e-07,1557028800,4.6e-07,4.5e-07,4.5e-07,194400.41833615,0.08900618,4.5e-07,0.8087010299999958,3.7171330899999973,3.5933270332352976,4.5333333333333353e-07,4.584615384615381e-07,4.6588235294117737e-07
165,4.5e-07,1557036000,4.6e-07,4.5e-07,4.6e-07,1449618.5967671,0.66654512,4.5e-07,0.9172896766666624,3.7612477569230744,3.5913667320588267,4.5333333333333353e-07,4.569230769230766e-07,4.65000000000001e-07
166,4.6e-07,1557043200,4.6e-07,4.5e-07,4.5e-07,395765.15906548,0.17866013,4.5e-07,0.3114038099999957,3.5714363099999975,3.5480029464705916,4.5333333333333353e-07,4.5615384615384585e-07,4.647058823529421e-07
167,4.5e-07,1557050400,4.6e-07,4.5e-07,4.5e-07,468163.78547895,0.21200489,4.5e-07,0.3524033799999957,3.1251639669230746,3.4670082741176502,4.5333333333333353e-07,4.5461538461538433e-07,4.6411764705882447e-07
168,4.5e-07,1557057600,4.6e-07,4.5e-07,4.6e-07,859177.87192945,0.38832722,4.5e-07,0.2596640799999957,2.1985579092307668,3.412683977647062,4.5333333333333353e-07,4.5461538461538433e-07,4.635294117647068e-07
169,4.6e-07,1557064800,4.6e-07,4.5e-07,4.5e-07,98734.13439825,0.04497556,4.5e-07,0.21510255666666234,1.4631342046153823,3.3415677523529443,4.5333333333333353e-07,4.5538461538461506e-07,4.629411764705892e-07
170,4.6e-07,1557072000,4.6e-07,4.5e-07,4.5e-07,194573.67096493,0.08849742,4.5e-07,0.17393339999999569,1.452320358461536,3.2631479485294146,4.5666666666666686e-07,4.5538461538461506e-07,4.6235294117647157e-07
171,4.6e-07,1557079200,4.6e-07,4.5e-07,4.5e-07,228557.26347818,0.1047073,4.5e-07,0.07939342666666238,1.431461579999998,3.248372003235297,4.6000000000000025e-07,4.5615384615384585e-07,4.6205882352941265e-07
172,4.6e-07,1557086400,4.6e-07,4.5e-07,4.6e-07,326174.61591993,0.14952608,4.5e-07,0.11424359999999571,1.3988688084615364,3.1088218673529444,4.6000000000000025e-07,4.5615384615384585e-07,4.617647058823538e-07
173,4.6e-07,1557093600,4.6e-07,4.5e-07,4.5e-07,7215897.1327684,3.24814675,4.5e-07,1.167460043333329,0.9839654846153826,3.170747575882356,4.6000000000000025e-07,4.5538461538461506e-07,4.611764705882362e-07
174,4.5e-07,1557100800,4.6e-07,4.5e-07,4.5e-07,177743.95192602,0.08092266,4.5e-07,1.159531829999996,0.5837243246153826,3.111197622647062,4.5666666666666686e-07,4.5538461538461506e-07,4.605882352941185e-07
175,4.5e-07,1557108000,4.6e-07,4.4e-07,4.6e-07,24527839.136721,10.93218536,4.4e-07,4.753751589999996,1.3984478769230753,3.197753940588239,4.5333333333333353e-07,4.5538461538461506e-07,4.6029411764705975e-07
176,4.5e-07,1557115200,4.5e-07,4.4e-07,4.5e-07,3540358.1672209,1.57271479,4.4e-07,4.195274269999996,1.3658630353846135,2.985398479117651,4.5000000000000014e-07,4.5461538461538433e-07,4.597058823529421e-07
177,4.4e-07,1557122400,4.5e-07,4.3e-07,4.4e-07,44970848.343492,19.76848989,4.3e-07,10.757796679999998,2.8796694746153833,3.5221447576470624,4.4666666666666685e-07,4.5384615384615354e-07,4.588235294117656e-07
178,4.4e-07,1557129600,4.5e-07,4.4e-07,4.5e-07,6330345.2956662,2.79499521,4.4e-07,8.045399963333333,3.0433964046153834,3.5974995908823564,4.433333333333335e-07,4.5307692307692275e-07,4.5823529411764793e-07
179,4.4e-07,1557136800,4.5e-07,4.4e-07,4.4e-07,1156753.0163084,0.51117013,4.4e-07,7.691551743333334,3.0689740969230757,3.561568118529415,4.4000000000000023e-07,4.5153846153846123e-07,4.576470588235303e-07
180,4.4e-07,1557144000,4.5e-07,4.4e-07,4.4e-07,1783994.6885734,0.78998833,4.4e-07,1.3653845566666665,3.11343436153846,3.4857985173529444,4.4000000000000023e-07,4.507692307692305e-07,4.567647058823538e-07
181,4.4e-07,1557151200,4.5e-07,4.4e-07,4.4e-07,772325.86507198,0.34547759,4.4e-07,0.5488786833333331,3.1101382361538445,3.448892690588239,4.4000000000000023e-07,4.499999999999997e-07,4.558823529411773e-07
182,4.4e-07,1557158400,4.5e-07,4.4e-07,4.5e-07,2442393.7262299,1.07761465,4.4e-07,0.7376935233333329,3.189572012307691,3.097401744705886,4.4000000000000023e-07,4.484615384615382e-07,4.550000000000008e-07
183,4.5e-07,1557165600,4.5e-07,4.4e-07,4.4e-07,2491678.5247995,1.12028088,4.4e-07,0.8477910399999997,3.2689399707692295,3.0005708482352973,4.433333333333335e-07,4.4769230769230746e-07,4.5411764705882435e-07
184,4.5e-07,1557172800,4.5e-07,4.4e-07,4.4e-07,138825.2485919,0.06171327,4.4e-07,0.7532029333333329,3.2656327376923064,2.7984910620588264,4.4666666666666685e-07,4.469230769230767e-07,4.538235294117656e-07
185,4.5e-07,1557180000,4.5e-07,4.4e-07,4.5e-07,2367085.9466945,1.04576044,4.4e-07,0.7425848633333331,3.334573842307691,2.750159818823532,4.5000000000000014e-07,4.4615384615384594e-07,4.5323529411764793e-07
186,4.4e-07,1557187200,4.5e-07,4.4e-07,4.5e-07,4480148.8825618,1.97398619,4.4e-07,1.0271532999999995,3.23656149153846,2.8054813405882384,4.4666666666666685e-07,4.446153846153844e-07,4.5235294117647145e-07
187,4.5e-07,1557194400,4.5e-07,4.4e-07,4.4e-07,11832583.108977,5.21545687,4.4e-07,2.745067833333333,3.6315256615384603,2.8810474561764736,4.4666666666666685e-07,4.446153846153844e-07,4.517647058823538e-07
188,4.4e-07,1557201600,4.5e-07,4.3e-07,4.5e-07,4855804.3923755,2.13232702,4.3e-07,3.107256693333333,2.95461348153846,2.7668939758823563,4.433333333333335e-07,4.4384615384615364e-07,4.508823529411773e-07
189,4.3e-07,1557208800,4.4e-07,4.3e-07,4.3e-07,22940103.798125,9.86729225,4.3e-07,5.738358713333333,3.59265790153846,2.6913965135294156,4.400000000000002e-07,4.423076923076921e-07,4.5029411764705963e-07
190,4.4e-07,1557216000,4.4e-07,4.3e-07,4.3e-07,5416517.678801,2.36904117,4.3e-07,4.789553479999999,2.254238769230768,2.4785599679411803,4.3666666666666684e-07,4.423076923076921e-07,4.500000000000008e-07
191,4.3e-07,1557223200,4.4e-07,4.2e-07,4.4e-07,32631153.695288,13.99777547,4.2e-07,8.744702963333332,3.115991096923075,2.8835216752941215,4.3333333333333356e-07,4.4153846153846133e-07,4.4911764705882435e-07
192,4.2e-07,1557230400,4.3e-07,4.1e-07,4.2e-07,30350447.916692,12.76713028,4.2e-07,9.711315639999997,4.05875726230769,3.2479704652941215,4.300000000000003e-07,4.399999999999998e-07,4.4823529411764787e-07
193,4.3e-07,1557237600,4.3e-07,4.2e-07,4.2e-07,711495.18207144,0.30363338,4.2e-07,9.022846376666665,4.021345343076922,3.2400410908823565,4.2666666666666694e-07,4.392307692307691e-07,4.473529411764714e-07
194,4.3e-07,1557244800,4.3e-07,4.2e-07,4.3e-07,3245497.3741598,1.37001237,4.2e-07,4.813592009999998,4.100155710769228,3.026162338235298,4.2666666666666694e-07,4.384615384615383e-07,4.4617647058823605e-07
195,4.3e-07,1557252000,4.3e-07,4.2e-07,4.2e-07,1986055.887819,0.84945277,4.2e-07,0.8410328399999981,4.082604796923075,2.8957327802941215,4.3000000000000033e-07,4.3769230769230756e-07,4.4558823529411844e-07
196,4.3e-07,1557259200,4.3e-07,4.2e-07,4.3e-07,11868358.868183,5.0944827,4.2e-07,2.4379826133333315,4.388312629230767,3.035547589705886,4.300000000000003e-07,4.3615384615384604e-07,4.4500000000000077e-07
197,4.3e-07,1557266400,4.3e-07,4.2e-07,4.3e-07,3571407.6374739,1.50361069,4.2e-07,2.4825153866666647,4.4992278153846135,3.0210562061764743,4.300000000000003e-07,4.346153846153845e-07,4.441176470588243e-07
198,4.2e-07,1557273600,4.3e-07,4.2e-07,4.2e-07,1334409.3285146,0.57179738,4.2e-07,2.389963589999998,4.462769118461536,3.0352559473529452,4.2666666666666694e-07,4.323076923076922e-07,4.4323529411764787e-07
199,4.3e-07,1557280800,4.3e-07,4.2e-07,4.3e-07,1076157.1196328,0.45316747,4.2e-07,0.8428585133333314,4.3457830630769205,3.028980134117651,4.2666666666666694e-07,4.315384615384614e-07,4.426470588235302e-07
200,4.3e-07,1557288000,4.3e-07,4.2e-07,4.2e-07,1739968.8469397,0.7408594,4.2e-07,0.5886080833333313,4.001583257692305,3.0455154067647103,4.2666666666666694e-07,4.299999999999999e-07,4.417647058823537e-07
201,4.2e-07,1557295200,4.3e-07,4.2e-07,4.3e-07,1239436.8707375,0.52098356,4.2e-07,0.5716701433333312,3.8776337607692284,3.0546030147058865,4.2666666666666694e-07,4.284615384615384e-07,4.408823529411773e-07
202,4.3e-07,1557302400,4.3e-07,4.2e-07,4.3e-07,750044.16252774,0.31786724,4.2e-07,0.5265700666666646,3.1430626061538436,3.052530662352946,4.2666666666666694e-07,4.284615384615384e-07,4.402941176470596e-07
203,4.2e-07,1557309600,4.3e-07,4.2e-07,4.3e-07,14220664.622722,6.03367152,4.2e-07,2.2908407733333314,3.424957248461536,3.228668778823534,4.2333333333333366e-07,4.2692307692307687e-07,4.391176470588243e-07
204,4.2e-07,1557316800,4.3e-07,4.2e-07,4.2e-07,6838297.5756496,2.88300118,4.2e-07,3.0781799799999985,2.5699746107692283,3.3108600658823573,4.2333333333333366e-07,4.2615384615384613e-07,4.37941176470589e-07
205,4.2e-07,1557324000,4.3e-07,4.1e-07,4.3e-07,21653679.111948,9.10058699,4.2e-07,6.005753229999999,2.287932819230767,3.575444762647063,4.2000000000000037e-07,4.2615384615384613e-07,4.3676470588235377e-07
206,4.3e-07,1557331200,4.3e-07,4.1e-07,4.3e-07,22717636.471971,9.57993973,4.2e-07,7.187842633333332,3.001494846153844,3.852809870000005,4.233333333333337e-07,4.2615384615384613e-07,4.3588235294117724e-07
207,4.2e-07,1557338400,4.3e-07,4.2e-07,4.3e-07,1099067.1210326,0.46673203,4.2e-07,6.3824195833333315,2.932011743076921,3.7710035547058878,4.233333333333337e-07,4.2538461538461535e-07,4.347058823529419e-07
208,4.3e-07,1557345600,4.3e-07,4.2e-07,4.3e-07,20351327.944672,8.72177121,4.2e-07,6.256147656666665,3.537574699999998,4.025146159117653,4.2666666666666705e-07,4.2538461538461535e-07,4.3411764705882423e-07
209,4.3e-07,1557352800,4.3e-07,4.2e-07,4.3e-07,12417310.119703,5.21959767,4.2e-07,4.8027003033333315,3.5471989284615364,3.857128874117653,4.2666666666666694e-07,4.2538461538461535e-07,4.335294117647065e-07
210,4.1e-07,1557360000,4.3e-07,4.1e-07,4.2e-07,18103661.982934,7.49259501,4.1e-07,7.144654629999998,4.007890029999998,4.0312429982353,4.233333333333336e-07,4.2384615384615383e-07,4.3235294117647117e-07
211,4.2e-07,1557367200,4.2e-07,4.1e-07,4.1e-07,2152537.0796582,0.88440476,4.1e-07,4.532199146666664,4.03193675153846,3.4758287297058885,4.200000000000002e-07,4.2384615384615383e-07,4.317647058823535e-07
212,4.2e-07,1557374400,4.2e-07,4.1e-07,4.2e-07,440358.08343658,0.18335227,4.1e-07,2.853450679999998,4.011181736153845,3.3990157020588296,4.1666666666666693e-07,4.2307692307692304e-07,4.3117647058823583e-07
213,4.1e-07,1557381600,4.2e-07,4.1e-07,4.2e-07,10186184.92235,4.18060309,4.1e-07,1.7494533733333315,4.275777404615384,3.5069402008823594,4.1666666666666693e-07,4.215384615384615e-07,4.3029411764705935e-07
214,4.2e-07,1557388800,4.2e-07,4e-07,4.2e-07,28453062.245501,11.6071561,4e-07,5.323703819999998,5.128559907692306,3.8250921941176537,4.1666666666666693e-07,4.215384615384615e-07,4.297058823529417e-07
215,4e-07,1557396000,4.2e-07,4e-07,4.1e-07,6546299.480874,2.66331811,4e-07,6.150359099999998,5.308979205384615,3.893263974117654,4.1000000000000026e-07,4.192307692307692e-07,4.285294117647064e-07
216,4.1e-07,1557403200,4.1e-07,4e-07,4.1e-07,8070185.733283,3.29753928,4e-07,5.856004496666664,5.098507494615384,3.9585558750000067,4.100000000000003e-07,4.1846153846153843e-07,4.276470588235299e-07
217,4.2e-07,1557410400,4.2e-07,4e-07,4e-07,9919006.2955472,4.06345131,4e-07,3.34143623333333,5.189311350769231,4.045119711176477,4.100000000000003e-07,4.1846153846153843e-07,4.267647058823534e-07
218,4e-07,1557417600,4.2e-07,4e-07,4.2e-07,20477578.268352,8.20562208,4e-07,5.188870889999996,5.120467896153846,4.28464644088236,4.100000000000003e-07,4.169230769230769e-07,4.2529411764705924e-07
219,4e-07,1557424800,4.1e-07,3.9e-07,4e-07,43081719.994362,17.13253125,3.9e-07,9.800534879999997,5.701436474615384,4.757786758823536,4.06666666666667e-07,4.146153846153846e-07,4.238235294117651e-07
220,4.1e-07,1557432000,4.2e-07,3.9e-07,4e-07,44192393.290103,17.94078784,4e-07,14.42631372333333,7.045594613846153,5.22739857205883,4.0333333333333364e-07,4.1384615384615387e-07,4.2294117647058856e-07
221,4.1e-07,1557439200,4.1e-07,3.9e-07,4.1e-07,25047892.00046,10.05919699,4e-07,15.044172026666663,7.14847352,5.369861516764712,4.06666666666667e-07,4.1230769230769235e-07,4.217647058823532e-07
222,4e-07,1557446400,4.1e-07,3.9e-07,4e-07,5436572.15766,2.1788982,4e-07,10.059627676666663,6.914573560769231,5.371231257352948,4.06666666666667e-07,4.1000000000000004e-07,4.205882352941179e-07
223,4e-07,1557453600,4e-07,3.9e-07,3.9e-07,1263868.2145949,0.50023023,3.9e-07,4.246108473333329,6.376699346923076,5.0957294332353005,4.033333333333337e-07,4.092307692307693e-07,4.1970588235294146e-07
224,4e-07,1557460800,4.1e-07,3.9e-07,4e-07,19980838.909847,7.9840785,3.9e-07,3.5544023099999955,6.922828096153846,5.260877590000007,4.000000000000004e-07,4.0769230769230774e-07,4.185294117647061e-07
225,3.9e-07,1557468000,4e-07,3.9e-07,4e-07,2594262.4774509,1.01887229,3.9e-07,3.167727006666663,6.987098866923077,4.879145143529419,3.966666666666671e-07,4.0538461538461543e-07,4.1735294117647083e-07
226,4e-07,1557475200,4e-07,3.9e-07,4e-07,3978612.0806,1.55949352,3.9e-07,3.5208147699999963,6.785475053846154,4.549508768235301,3.966666666666671e-07,4.046153846153846e-07,4.1676470588235316e-07
227,3.9e-07,1557482400,4e-07,3.9e-07,4e-07,8757005.5617011,3.42048846,3.9e-07,1.9996180899999965,6.15573138923077,4.6411809764705945,3.933333333333338e-07,4.0230769230769223e-07,4.155882352941179e-07
228,3.9e-07,1557489600,4e-07,3.9e-07,3.9e-07,3578322.1063859,1.39655641,3.9e-07,2.125512796666663,6.058288181538462,4.641961683529417,3.933333333333338e-07,4.0153846153846145e-07,4.1441176470588265e-07
229,3.9e-07,1557496800,4e-07,3.9e-07,3.9e-07,1133188.197424,0.44638561,3.9e-07,1.7544768266666628,5.838968668461538,4.6301067670588285,3.900000000000005e-07,3.999999999999999e-07,4.1323529411764736e-07
230,3.9e-07,1557504000,4e-07,3.9e-07,3.9e-07,7976829.6527159,3.13099931,3.9e-07,1.65798044333333,5.76724159153846,4.57235725558824,3.900000000000005e-07,3.976923076923075e-07,4.1205882352941207e-07
231,3.8e-07,1557511200,4e-07,3.8e-07,3.9e-07,7564663.6594378,2.92326706,3.8e-07,2.16688399333333,5.360906589999999,4.614111854705888,3.866666666666671e-07,3.96153846153846e-07,4.105882352941179e-07
232,4e-07,1557518400,4e-07,3.8e-07,3.8e-07,18674287.51297,7.28323011,3.9e-07,4.445832159999997,4.603268040769231,4.811506935000005,3.9000000000000045e-07,3.96153846153846e-07,4.100000000000003e-07
233,4e-07,1557525600,4e-07,3.9e-07,4e-07,2263113.1916835,0.89948291,3.9e-07,3.7019933599999963,3.2923984307692304,4.824633859705887,3.9333333333333373e-07,3.9538461538461516e-07,4.0911764705882383e-07
234,3.9e-07,1557532800,4e-07,3.9e-07,4e-07,13557277.385217,5.29062759,3.9e-07,4.491113536666663,2.9255853999999997,4.958450571176476,3.966666666666671e-07,3.938461538461536e-07,4.0794117647058855e-07
235,3.9e-07,1557540000,4e-07,3.8e-07,3.9e-07,9962160.7562954,3.83140534,3.8e-07,3.3405052799999955,3.0527013338461537,5.055815917647064,3.933333333333338e-07,3.9307692307692285e-07,4.070588235294121e-07
236,3.8e-07,1557547200,3.9e-07,3.8e-07,3.9e-07,8290343.4892292,3.15811206,3.8e-07,4.0933816633333295,3.257153782307692,5.139352530000005,3.866666666666671e-07,3.9153846153846133e-07,4.05588235294118e-07
237,3.8e-07,1557554400,3.9e-07,3.7e-07,3.9e-07,49800199.949829,18.62598693,3.7e-07,8.53850144333333,4.075762123076922,5.509714747941182,3.833333333333338e-07,3.8999999999999976e-07,4.0441176470588274e-07
238,3.9e-07,1557561600,3.9e-07,3.7e-07,3.7e-07,31830529.260214,12.07551592,3.7e-07,11.28653830333333,4.926273171538461,5.780082828529417,3.833333333333338e-07,3.8999999999999976e-07,4.0352941176470626e-07
239,3.9e-07,1557568800,3.9e-07,3.8e-07,3.8e-07,9130515.3938953,3.5248183,3.8e-07,11.408773716666664,5.077452000769231,5.61608963176471,3.866666666666671e-07,3.8923076923076903e-07,4.026470588235298e-07
240,3.8e-07,1557576000,3.9e-07,3.8e-07,3.8e-07,11045328.536313,4.2140923,3.8e-07,6.604808839999996,5.13849845,5.4582705897058865,3.866666666666671e-07,3.8846153846153824e-07,4.011764705882357e-07
241,3.8e-07,1557583200,3.9e-07,3.8e-07,3.9e-07,6468139.9243785,2.50121692,3.8e-07,3.4133758399999956,5.223472335384615,5.518108380588239,3.833333333333338e-07,3.876923076923075e-07,4.000000000000004e-07
242,3.8e-07,1557590400,3.9e-07,3.7e-07,3.8e-07,38159718.056173,14.37558919,3.7e-07,7.030299469999996,6.294949533846155,5.684397144705887,3.800000000000004e-07,3.869230769230767e-07,3.985294117647063e-07
243,3.8e-07,1557597600,3.9e-07,3.8e-07,3.9e-07,2476513.9664227,0.95597902,3.8e-07,5.944261709999996,6.127640280769231,5.558996596176475,3.800000000000004e-07,3.86153846153846e-07,3.970588235294122e-07
244,3.9e-07,1557604800,3.9e-07,3.8e-07,3.9e-07,36490852.214747,14.2274491,3.8e-07,9.853005769999994,6.997192745384615,5.757080540000004,3.833333333333338e-07,3.869230769230767e-07,3.9647058823529455e-07
245,3.8e-07,1557612000,3.9e-07,3.7e-07,3.8e-07,34377731.159818,13.08386439,3.8e-07,9.422430836666662,7.443395382307693,6.115888176176475,3.833333333333338e-07,3.853846153846152e-07,3.9529411764705926e-07
246,3.7e-07,1557619200,3.9e-07,3.7e-07,3.8e-07,28223471.091004,10.57387017,3.7e-07,12.628394553333328,8.187579017692308,6.421491643823534,3.8000000000000044e-07,3.8307692307692295e-07,3.9382352941176517e-07
247,3.8e-07,1557626400,3.8e-07,3.7e-07,3.8e-07,1526249.4895444,0.57554982,3.7e-07,8.077761459999993,7.824880727692308,6.315460665294121,3.766666666666671e-07,3.8230769230769216e-07,3.929411764705887e-07
248,3.8e-07,1557633600,3.8e-07,3.7e-07,3.8e-07,3085222.3188054,1.17054421,3.7e-07,4.106654733333326,7.6201991023076925,6.008501492058827,3.766666666666671e-07,3.8153846153846143e-07,3.917647058823534e-07
249,3.7e-07,1557640800,3.8e-07,3.7e-07,3.8e-07,2390225.4601091,0.89731835,3.7e-07,0.8811374599999932,7.446291893846155,5.9565603226470625,3.766666666666671e-07,3.8076923076923064e-07,3.90882352941177e-07
250,3.8e-07,1557648000,3.8e-07,3.7e-07,3.8e-07,6000749.6622573,2.26148231,3.7e-07,1.44311495666666,6.187483846153848,5.926088058823533,3.766666666666671e-07,3.8076923076923064e-07,3.900000000000005e-07
251,3.7e-07,1557655200,3.8e-07,3.7e-07,3.7e-07,5430876.8177241,2.03193458,3.7e-07,1.7302450799999933,5.414900666153847,5.8663375667647095,3.7333333333333376e-07,3.792307692307691e-07,3.885294117647064e-07
252,3.8e-07,1557662400,3.8e-07,3.7e-07,3.7e-07,7458390.8937071,2.78243466,3.7e-07,2.3586171833333265,5.357794232307693,5.706832054411769,3.766666666666671e-07,3.7846153846153834e-07,3.8794117647058874e-07
253,3.8e-07,1557669600,3.9e-07,3.7e-07,3.7e-07,35652682.175851,13.50773306,3.7e-07,6.107367433333327,6.072689675384617,5.60022034294118,3.766666666666671e-07,3.7846153846153834e-07,3.873529411764711e-07
