,close,date,high,low,open,quoteVolume,volume,weightedAverage,avg_vol_3,avg_vol_13,avg_vol_34,avg_close_3,avg_close_13,avg_close_34
0,7.547e-05,1556456048,7.547e-05,7.547e-05,7.547e-05,0.0,0.0,7.547e-05,-99999.0,-99999.0,-99999.0,-99999.0,-99999.0,-99999.0
1,7.622e-05,1556460000,7.622e-05,7.49e-05,7.54e-05,35407.03422644,2.66175115,7.517e-05,-99999.0,-99999.0,-99999.0,-99999.0,-99999.0,-99999.0
2,7.8e-05,1556467200,7.808e-05,7.622e-05,7.622e-05,12277.44545199,0.95225361,7.756e-05,1.2046682533333335,-99999.0,-99999.0,7.656333333333334e-05,-99999.0,-99999.0
3,7.825e-05,1556474400,7.93e-05,7.779e-05,7.8e-05,22722.19868989,1.78526138,7.856e-05,1.79975538,-99999.0,-99999.0,7.749e-05,-99999.0,-99999.0
4,7.688e-05,1556481600,7.825e-05,7.644e-05,7.808e-05,37283.14361783,2.88218415,7.73e-05,1.8732330466666667,-99999.0,-99999.0,7.771e-05,-99999.0,-99999.0
5,7.644e-05,1556488800,7.768e-05,7.591e-05,7.688e-05,31236.37652564,2.40386724,7.695e-05,2.3571042566666667,-99999.0,-99999.0,7.719e-05,-99999.0,-99999.0
6,7.55e-05,1556496000,7.663e-05,7.55e-05,7.663e-05,24894.06743831,1.89790973,7.623e-05,2.394653706666667,-99999.0,-99999.0,7.627333333333333e-05,-99999.0,-99999.0
7,7.576e-05,1556503200,7.634e-05,7.52e-05,7.58e-05,4199.43730752,0.31727109,7.555e-05,1.5396826866666669,-99999.0,-99999.0,7.59e-05,-99999.0,-99999.0
8,7.538e-05,1556510400,7.576e-05,7.402e-05,7.565e-05,12666.84338256,0.94747462,7.479e-05,1.0542184800000005,-99999.0,-99999.0,7.554666666666667e-05,-99999.0,-99999.0
9,7.42e-05,1556517600,7.58e-05,7.401e-05,7.576e-05,18430.91384165,1.37544808,7.462e-05,0.8800645966666671,-99999.0,-99999.0,7.511333333333334e-05,-99999.0,-99999.0
10,7.383e-05,1556524800,7.42e-05,7.331e-05,7.42e-05,7556.47876921,0.55655176,7.365e-05,0.9598248200000006,-99999.0,-99999.0,7.447e-05,-99999.0,-99999.0
11,7.314e-05,1556532000,7.401e-05,7.217e-05,7.398e-05,24986.90062565,1.82776884,7.314e-05,1.2532562266666674,-99999.0,-99999.0,7.372333333333335e-05,-99999.0,-99999.0
12,7.326e-05,1556539200,7.435e-05,7.227e-05,7.285e-05,17858.15830987,1.31073659,7.339e-05,1.2316857300000006,1.455267556923077,-99999.0,7.341e-05,7.556384615384615e-05,-99999.0
13,7.357e-05,1556546400,7.51e-05,7.326e-05,7.329e-05,9678.2105597,0.71996529,7.439e-05,1.2861569066666674,1.5106495023076927,-99999.0,7.332333333333335e-05,7.541769230769231e-05,-99999.0
14,7.326e-05,1556553600,7.358e-05,7.284e-05,7.357e-05,18101.37363143,1.32288747,7.308e-05,1.1178631166666673,1.4076599884615388,-99999.0,7.336333333333336e-05,7.518999999999999e-05,-99999.0
15,7.291e-05,1556560800,7.317e-05,7.283e-05,7.317e-05,7179.89018099,0.52381091,7.295e-05,0.8555545566666671,1.3747028576923082,-99999.0,7.324666666666669e-05,7.479846153846153e-05,-99999.0
16,7.253e-05,1556568000,7.293e-05,7.236e-05,7.293e-05,14237.36591742,1.03210501,7.249e-05,0.9596011300000006,1.3167677523076926,-99999.0,7.290000000000002e-05,7.435846153846152e-05,-99999.0
17,7.178e-05,1556575200,7.233e-05,7.114e-05,7.227e-05,20638.12179126,1.47936726,7.168e-05,1.0117610600000007,1.208858760769231,-99999.0,7.240666666666669e-05,7.396615384615384e-05,-99999.0
18,7.279e-05,1556582400,7.287e-05,7.186e-05,7.186e-05,3317.65874455,0.24044466,7.247e-05,0.917305643333334,1.0424416392307694,-99999.0,7.236666666666669e-05,7.368538461538461e-05,-99999.0
19,7.199e-05,1556589600,7.314e-05,7.199e-05,7.281e-05,3352.30501654,0.24393076,7.276e-05,0.654580893333334,0.9152124876923078,-99999.0,7.218666666666667e-05,7.34153846153846e-05,-99999.0
20,7.179e-05,1556596800,7.199e-05,7.149e-05,7.199e-05,11207.24924505,0.80609152,7.192e-05,0.4301556466666672,0.9528140592307695,-99999.0,7.219000000000001e-05,7.310999999999998e-05,-99999.0
21,7.191e-05,1556604000,7.21e-05,7.167e-05,7.189e-05,3467.35468845,0.24945549,7.194e-05,0.43315925666666716,0.8991202800000002,-99999.0,7.189666666666669e-05,7.28430769230769e-05,-99999.0
22,7.183e-05,1556611200,7.221e-05,7.183e-05,7.192e-05,11561.75103749,0.83157409,7.192e-05,0.6290403666666672,0.8572838192307695,-99999.0,7.184333333333334e-05,7.266076923076921e-05,-99999.0
23,7.284e-05,1556618400,7.296e-05,7.117e-05,7.162e-05,9837.14508489,0.71418612,7.26e-05,0.598405233333334,0.8694095392307696,-99999.0,7.219333333333334e-05,7.258461538461536e-05,-99999.0
24,7.431e-05,1556625600,7.472e-05,7.248e-05,7.284e-05,17113.22448672,1.26073377,7.367e-05,0.9354979933333339,0.8257914569230772,-99999.0,7.299333333333334e-05,7.267461538461537e-05,-99999.0
25,7.312e-05,1556632800,7.431e-05,7.312e-05,7.431e-05,14472.14983702,1.06815087,7.38e-05,1.0143569200000007,0.8071310169230773,-99999.0,7.342333333333334e-05,7.266384615384613e-05,-99999.0
26,7.229e-05,1556640000,7.334e-05,7.229e-05,7.334e-05,9264.44394221,0.67581479,7.294e-05,1.0015664766666672,0.803734824615385,-99999.0,7.323999999999998e-05,7.256538461538459e-05,-99999.0
27,7.348e-05,1556647200,7.374e-05,7.191e-05,7.265e-05,2935.21909924,0.21355242,7.275e-05,0.6525060266666672,0.7184013592307696,-99999.0,7.296333333333332e-05,7.258230769230766e-05,-99999.0
28,7.27e-05,1556654400,7.36e-05,7.27e-05,7.352e-05,110.48882708,0.00811576,7.345e-05,0.29916099000000057,0.678732501538462,-99999.0,7.282333333333332e-05,7.256615384615382e-05,-99999.0
29,7.169e-05,1556661600,7.311e-05,7.055e-05,7.27e-05,223889.04657037,15.9643479,7.13e-05,5.395338693333334,1.8273665700000004,-99999.0,7.262333333333332e-05,7.250153846153842e-05,-99999.0
30,7.212e-05,1556668800,7.241e-05,7.139e-05,7.169e-05,18462.09490139,1.32710161,7.188e-05,5.766521756666667,1.8156538276923082,-99999.0,7.216999999999998e-05,7.252769230769227e-05,-99999.0
31,7.161e-05,1556676000,7.239e-05,7.161e-05,7.237e-05,978.07353952,0.07033504,7.191e-05,5.787261516666668,1.8025684723076927,-99999.0,7.180666666666665e-05,7.243692307692304e-05,-99999.0
32,7.122e-05,1556683200,7.168e-05,7.122e-05,7.15e-05,1218.09018103,0.08695117,7.138e-05,0.49479594000000066,1.7904931192307694,-99999.0,7.164999999999998e-05,7.237769230769227e-05,-99999.0
33,7.106e-05,1556690400,7.142e-05,7.055e-05,7.101e-05,7769.86906409,0.55038791,7.083e-05,0.23589137333333401,1.770823610769231,1.420817295882353,7.129666666666664e-05,7.232153846153843e-05,7.36214705882353e-05
34,7.105e-05,1556697600,7.123e-05,7.055e-05,7.106e-05,12005.70418322,0.85051867,7.084e-05,0.49595258333333403,1.8170592400000003,1.445832550882353,7.110999999999999e-05,7.225538461538459e-05,7.349147058823531e-05
35,7.105e-05,1556704800,7.11e-05,7.077e-05,7.106e-05,2994.20535664,0.2122702,7.089e-05,0.537725593333334,1.7694204792307695,1.3737889935294119,7.105333333333333e-05,7.21953846153846e-05,7.333941176470589e-05
36,7.047e-05,1556712000,7.094e-05,7.042e-05,7.079e-05,10920.72944268,0.77058741,7.056e-05,0.6111254266666674,1.7737590400000003,1.3684458700000002,7.085666666666666e-05,7.201307692307689e-05,7.311794117647059e-05
37,7.271e-05,1556719200,7.331e-05,7.064e-05,7.065e-05,34357.42484785,2.47278497,7.197e-05,1.1518808600000008,1.8669937476923077,1.3886671520588236,7.140999999999998e-05,7.188999999999996e-05,7.295500000000001e-05
38,7.222e-05,1556726400,7.359e-05,7.181e-05,7.273e-05,14263.21497763,1.03866543,7.282e-05,1.4273459366666676,1.864725636923077,1.3344460132352942,7.179999999999997e-05,7.18207692307692e-05,7.28179411764706e-05
39,7.166e-05,1556733600,7.223e-05,7.166e-05,7.223e-05,1136.09494708,0.081731,7.194e-05,1.1977271333333344,1.8190268838461539,1.266147888529412,7.219666666666664e-05,7.177230769230766e-05,7.267735294117647e-05
40,7.198e-05,1556740800,7.216e-05,7.139e-05,7.162e-05,5968.01040957,0.42754064,7.163e-05,0.5159790233333345,1.8354875161538462,1.2229017388235293,7.195333333333331e-05,7.165692307692304e-05,7.257382352941176e-05
41,7.206e-05,1556748000,7.206e-05,7.156e-05,7.166e-05,7035.50716679,0.50457703,7.171e-05,0.33794955666666776,1.8736768446153849,1.2284107370588235,7.189999999999997e-05,7.160769230769227e-05,7.2465e-05
42,7.13e-05,1556755200,7.239e-05,7.056e-05,7.219e-05,62093.58447989,4.4254119,7.127e-05,1.7858431900000014,0.9860663830769233,1.33070301,7.177999999999998e-05,7.157769230769228e-05,7.234500000000001e-05
43,7.141e-05,1556762400,7.141e-05,7.086e-05,7.131e-05,429.09673601,0.03049828,7.107e-05,1.6534957366666678,0.8863276653846156,1.2911456629411766,7.158999999999997e-05,7.152307692307689e-05,7.22629411764706e-05
44,7.116e-05,1556769600,7.141e-05,7.101e-05,7.141e-05,781.48097017,0.05556122,7.109e-05,1.5038238000000013,0.8851912176923078,1.2764106470588237,7.128999999999996e-05,7.14884615384615e-05,7.218441176470588e-05
45,7.149e-05,1556776800,7.185e-05,7.082e-05,7.097e-05,4034.17097604,0.28715193,7.117e-05,0.12440381000000134,0.9005912761538463,1.2310983850000004,7.13533333333333e-05,7.150923076923073e-05,7.213588235294117e-05
46,7.104e-05,1556784000,7.148e-05,7.076e-05,7.141e-05,10216.54738175,0.72400836,7.086e-05,0.35557383666666803,0.9139466953846155,1.2138416723529415,7.122999999999998e-05,7.150769230769227e-05,7.207058823529413e-05
47,7.246e-05,1556791200,7.248e-05,7.074e-05,7.077e-05,6233.01083728,0.45079002,7.232e-05,0.4873167700000014,0.8831983376923078,1.2059247526470591,7.16633333333333e-05,7.161615384615381e-05,7.20379411764706e-05
48,7.034e-05,1556798400,7.246e-05,6.952e-05,7.246e-05,114492.66645904,7.9877894,6.976e-05,3.0541959266666674,1.4813151992307694,1.4019512800000005,7.127999999999997e-05,7.156153846153841e-05,7.195205882352941e-05
49,6.901e-05,1556805600,7.023e-05,6.826e-05,7.023e-05,83788.64518746,5.79486118,6.916e-05,4.744480200000001,1.8677977969230768,1.556982170294118,7.060333333333331e-05,7.144923076923072e-05,7.183735294117648e-05
50,6.877e-05,1556812800,6.945e-05,6.861e-05,6.9e-05,7615.80090645,0.52625496,6.91e-05,4.769635180000001,1.718064719230769,1.5421042276470591,6.93733333333333e-05,7.114615384615379e-05,7.172676470588237e-05
51,6.866e-05,1556820000,6.921e-05,6.866e-05,6.884e-05,5584.27996698,0.38395422,6.875e-05,2.235023453333334,1.667702318461538,1.509886197058824,6.88133333333333e-05,7.087230769230764e-05,7.163500000000001e-05
52,6.964e-05,1556827200,6.964e-05,6.886e-05,6.89e-05,434.70329246,0.03021863,6.951e-05,0.3134759366666673,1.6637398284615381,1.503703078529412,6.90233333333333e-05,7.071692307692301e-05,7.154235294117649e-05
53,6.918e-05,1556834400,6.985e-05,6.897e-05,6.962e-05,2827.37672439,0.19588997,6.928e-05,0.20335427333333397,1.6459205461538458,1.5022901141176475,6.915999999999997e-05,7.05015384615384e-05,7.145970588235296e-05
54,6.914e-05,1556841600,6.95e-05,6.832e-05,6.918e-05,13601.21557822,0.93991832,6.91e-05,0.38867564000000066,1.6794083376923072,1.5062261964705885,6.931999999999995e-05,7.0276923076923e-05,7.138176470588237e-05
55,6.796e-05,1556848800,6.94e-05,6.796e-05,6.891e-05,11762.6010708,0.80223718,6.82e-05,0.6460151566666673,1.4007025899999994,1.5224844814705885,6.875999999999996e-05,7.001999999999993e-05,7.126558823529414e-05
56,6.791e-05,1556856000,6.853e-05,6.791e-05,6.831e-05,8028.4199517,0.54593553,6.8e-05,0.7626970100000006,1.4403516092307689,1.5140833473529416,6.833666666666663e-05,6.975076923076916e-05,7.115029411764707e-05
57,6.551e-05,1556863200,6.791e-05,6.54e-05,6.79e-05,123011.01245722,8.17714033,6.647e-05,3.1751043466666675,2.0650884638461533,1.7335820005882356,6.712666666666663e-05,6.931615384615376e-05,7.093470588235296e-05
58,6.524e-05,1556870400,6.62e-05,6.412e-05,6.553e-05,49980.54208972,3.23685414,6.476e-05,3.9866433333333338,2.2919886338461533,1.7917031879411767,6.621999999999997e-05,6.883538461538455e-05,7.066794117647059e-05
59,6.594e-05,1556877600,6.667e-05,6.556e-05,6.556e-05,12119.33154709,0.80498984,6.642e-05,4.07299477,2.298217978461538,1.7839631576470592,6.55633333333333e-05,6.844307692307686e-05,7.045676470588236e-05
60,6.538e-05,1556884800,6.634e-05,6.538e-05,6.627e-05,33194.96747736,2.18904808,6.594e-05,2.0769640200000006,2.431930136923077,1.8284700191176473,6.551999999999996e-05,6.789846153846147e-05,7.02535294117647e-05
61,6.449e-05,1556892000,6.61e-05,6.449e-05,6.553e-05,16471.51300995,1.07146136,6.504e-05,1.3551664266666672,1.899904903076923,1.8537026350000003,6.526999999999996e-05,6.744846153846147e-05,6.998911764705883e-05
62,6.416e-05,1556899200,6.472e-05,6.416e-05,6.449e-05,20026.41278927,1.28987576,6.44e-05,1.5167950666666672,1.553367563076923,1.891401458529412,6.467666666666663e-05,6.707538461538455e-05,6.97379411764706e-05
63,6.449e-05,1556906400,6.538e-05,6.362e-05,6.428e-05,24464.81055283,1.57648903,6.443e-05,1.3126087166666673,1.6341547992307695,1.4682291388235298,6.437999999999996e-05,6.674615384615378e-05,6.952617647058824e-05
64,6.521e-05,1556913600,6.521e-05,6.452e-05,6.483e-05,3427.6443563,0.22152391,6.462e-05,1.0292962333333342,1.62166016,1.4357121476470593,6.461999999999995e-05,6.648076923076917e-05,6.932294117647058e-05
65,6.567e-05,1556920800,6.611e-05,6.518e-05,6.521e-05,25065.42722821,1.64046243,6.544e-05,1.1461584566666672,1.7455250676923078,1.4818923650000004,6.512333333333327e-05,6.617538461538454e-05,6.914823529411763e-05
66,6.267e-05,1556928000,6.579e-05,6.267e-05,6.579e-05,41854.61913087,2.67908511,6.4e-05,1.5136904833333338,1.9365400784615383,1.5581315985294122,6.451666666666662e-05,6.567461538461532e-05,6.889676470588234e-05
67,6.386e-05,1556935200,6.393e-05,6.267e-05,6.269e-05,15725.50198235,0.99388749,6.32e-05,1.7711450100000004,1.9406915530769229,1.57117570382353,6.406666666666662e-05,6.526846153846147e-05,6.8685e-05
68,6.156e-05,1556942400,6.36e-05,6.156e-05,6.36e-05,31283.7515679,1.95737265,6.256e-05,1.8767817500000004,2.0295481276923075,1.6037302326470595,6.269666666666662e-05,6.477615384615378e-05,6.840588235294117e-05
69,6.193e-05,1556949600,6.286e-05,6.193e-05,6.207e-05,7395.12930145,0.46392134,6.273e-05,1.138393826666667,2.0232393438461536,1.6111317367647064,6.244999999999996e-05,6.431615384615378e-05,6.813764705882353e-05
70,6.348e-05,1556956800,6.352e-05,6.171e-05,6.177e-05,37567.33398179,2.34778765,6.249e-05,1.5896938800000004,1.574827599230769,1.6575199791176478,6.23233333333333e-05,6.415999999999993e-05,6.793205882352941e-05
71,6.258e-05,1556964000,6.371e-05,6.207e-05,6.333e-05,1584.28248991,0.10035959,6.334e-05,0.9706895266666672,1.3335587876923076,1.5877427620588243,6.26633333333333e-05,6.395538461538454e-05,6.763411764705881e-05
72,6.177e-05,1556971200,6.278e-05,6.133e-05,6.264e-05,19705.34239672,1.21595328,6.17e-05,1.2213668400000004,1.36517136,1.5929571105882359,6.260999999999997e-05,6.36346153846153e-05,6.732676470588234e-05
73,6.353e-05,1556978400,6.37e-05,6.183e-05,6.195e-05,4639.95569799,0.29142605,6.28e-05,0.5359129733333338,1.2192004346153844,1.5991246120588243,6.262666666666663e-05,6.349230769230762e-05,6.708764705882352e-05
74,6.534e-05,1556985600,6.599e-05,6.358e-05,6.381e-05,156712.34196591,10.22865061,6.527e-05,3.9120099800000006,1.9235996076923074,1.8873925523529418,6.354666666666663e-05,6.355769230769224e-05,6.689235294117646e-05
75,6.532e-05,1556992800,6.671e-05,6.473e-05,6.545e-05,52682.18818516,3.47520837,6.596e-05,4.665095010000001,2.091702116153846,1.974764062352942,6.472999999999997e-05,6.364692307692301e-05,6.669411764705881e-05
76,6.175e-05,1557000000,6.555e-05,6.158e-05,6.555e-05,80428.42615149,5.09605964,6.336e-05,6.266639540000001,2.3624383169230767,1.9944889958823537,6.413666666666664e-05,6.343615384615377e-05,6.641323529411763e-05
77,6.196e-05,1557007200,6.201e-05,6.133e-05,6.201e-05,12618.55615655,0.77859473,6.17e-05,3.1166209133333336,2.405289918461538,2.016491832647059,6.300999999999997e-05,6.318615384615378e-05,6.613529411764704e-05
78,6.301e-05,1557014400,6.313e-05,6.202e-05,6.202e-05,18774.00799886,1.16742723,6.218e-05,2.3473605333333336,2.3689025953846152,2.0491937741176476,6.223999999999997e-05,6.298153846153839e-05,6.589558823529411e-05
79,6.296e-05,1557021600,6.33e-05,6.279e-05,6.297e-05,4660.29755123,0.29436914,6.316e-05,0.7467970333333334,2.185462905384615,2.049406045000001,6.26433333333333e-05,6.300384615384608e-05,6.564470588235293e-05
80,6.255e-05,1557028800,6.302e-05,6.255e-05,6.294e-05,495.99704444,0.03113136,6.276e-05,0.4976425766666666,2.1114047415384616,2.0290273097058833,6.283999999999995e-05,6.290307692307685e-05,6.539499999999999e-05
81,6.276e-05,1557036000,6.365e-05,6.231e-05,6.294e-05,7889.43129181,0.49787482,6.31e-05,0.27445844,1.9991356776923075,2.030412156764707,6.275666666666662e-05,6.299538461538455e-05,6.510970588235294e-05
82,6.222e-05,1557043200,6.297e-05,6.195e-05,6.276e-05,2156.55674158,0.1341608,6.221e-05,0.22105566,1.9737694823076923,1.799423080294119,6.250999999999996e-05,6.301769230769224e-05,6.487088235294117e-05
83,6.278e-05,1557050400,6.278e-05,6.22e-05,6.252e-05,14203.71714126,0.88836264,6.254e-05,0.50679942,1.86150602,1.6551142997058836,6.258666666666663e-05,6.296384615384609e-05,6.468764705882353e-05
84,6.24e-05,1557057600,6.278e-05,6.212e-05,6.243e-05,2171.66529005,0.1356988,6.248e-05,0.38607408,1.8642244207692307,1.6436273538235306,6.246666666666664e-05,6.294999999999993e-05,6.450029411764705e-05
85,6.25e-05,1557064800,6.271e-05,6.201e-05,6.226e-05,7914.34765489,0.49255287,6.223e-05,0.5055381033333333,1.8085782353846154,1.646821431764707,6.255999999999998e-05,6.300615384615378e-05,6.431911764705882e-05
86,6.376e-05,1557072000,6.456e-05,6.259e-05,6.259e-05,39316.09421055,2.50167335,6.362e-05,1.0433083399999998,1.9785972584615386,1.7195112764705893,6.288666666666665e-05,6.302384615384608e-05,6.414617647058822e-05
87,6.322e-05,1557079200,6.432e-05,6.322e-05,6.351e-05,4641.14811477,0.29467838,6.349e-05,1.0963015333333332,1.2144455484615386,1.7224168179411774,6.315999999999998e-05,6.286076923076916e-05,6.397088235294117e-05
88,6.215e-05,1557086400,6.322e-05,6.214e-05,6.307e-05,15822.22190083,0.99048682,6.26e-05,1.2622795166666665,1.0233131215384614,1.7239041267647068,6.304333333333332e-05,6.2616923076923e-05,6.376529411764705e-05
89,6.21e-05,1557093600,6.252e-05,6.177e-05,6.249e-05,16575.4267454,1.02687473,6.195e-05,0.7706799766666667,0.7102988976923077,1.730511113529413,6.248999999999999e-05,6.264384615384609e-05,6.359294117647056e-05
90,6.161e-05,1557100800,6.21e-05,6.161e-05,6.182e-05,3755.69247436,0.23192653,6.175e-05,0.7497626933333333,0.6682474976923077,1.7212755547058836,6.195333333333332e-05,6.261692307692302e-05,6.340764705882351e-05
91,6.15e-05,1557108000,6.189e-05,6.15e-05,6.171e-05,4153.33814134,0.25599255,6.163e-05,0.5049312699999998,0.5981371376923078,1.4883006200000013,6.173666666666665e-05,6.250076923076917e-05,6.328970588235292e-05
92,6.044e-05,1557115200,6.169e-05,6e-05,6.148e-05,16711.84589459,1.01318647,6.062e-05,0.5003685166666665,0.6534307784615385,1.4228986297058837,6.118333333333331e-05,6.230692307692301e-05,6.31485294117647e-05
93,6.027e-05,1557122400,6.065e-05,5.972e-05,6.021e-05,72757.95178292,4.3799665,6.019e-05,1.8830485066666665,0.9879565584615386,1.528045002058825,6.0736666666666644e-05,6.21315384615384e-05,6.298176470588234e-05
94,6.003e-05,1557129600,6.037e-05,5.888e-05,6.037e-05,15984.40806843,0.95055383,5.946e-05,2.114568933333333,1.022778020769231,1.4916187005882366,6.024666666666664e-05,6.19215384615384e-05,6.282441176470588e-05
95,6.025e-05,1557136800,6.025e-05,5.963e-05,6.022e-05,8803.46402276,0.52759843,5.993e-05,1.9527062533333333,1.053042453846154,1.4756227320588249,6.01833333333333e-05,6.176999999999993e-05,6.269970588235294e-05
96,5.966e-05,1557144000,6.025e-05,5.95e-05,6.025e-05,2074.5339671,0.12444815,5.998e-05,0.5342001366666667,0.9942798007692308,1.441345449411766,5.997999999999998e-05,6.152999999999993e-05,6.256735294117646e-05
97,5.989e-05,1557151200,5.989e-05,5.943e-05,5.961e-05,4929.25753697,0.29435438,5.971e-05,0.31546698666666667,1.006484076153846,1.4036356067647073,5.993333333333331e-05,6.133692307692301e-05,6.24320588235294e-05
98,6.027e-05,1557158400,6.027e-05,5.922e-05,5.971e-05,28294.17900351,1.68616091,5.959e-05,0.7016544800000001,1.098300079230769,1.4467131655882366,5.993999999999997e-05,6.116538461538456e-05,6.228676470588234e-05
99,6.003e-05,1557165600,6.084e-05,5.976e-05,6.02e-05,67091.9512292,4.06459221,6.058e-05,2.015035833333333,1.2185246069230768,1.518011100294119,6.0063333333333304e-05,6.0878461538461484e-05,6.212088235294117e-05
100,5.987e-05,1557172800,6.008e-05,5.976e-05,6.002e-05,4485.27045941,0.26860292,5.988e-05,2.0064520133333335,1.216518802307692,1.4471145652941189,6.005666666666664e-05,6.062076923076917e-05,6.203852941176469e-05
101,6.02e-05,1557180000,6.057e-05,5.994e-05,5.994e-05,451.45986502,0.02728847,6.044e-05,1.4534945333333333,1.1424266215384615,1.4186851823529425,6.003333333333331e-05,6.047076923076918e-05,6.193088235294117e-05
102,5.949e-05,1557187200,6.044e-05,5.947e-05,6.02e-05,9038.01402485,0.538984,5.963e-05,0.27829179666666687,1.1048965653846152,1.3769678691176481,5.9853333333333305e-05,6.026999999999995e-05,6.187e-05
103,5.783e-05,1557194400,5.949e-05,5.76e-05,5.949e-05,13092.11314949,0.76284659,5.826e-05,0.4430396866666669,1.14573657,1.3857597882352954,5.9173333333333304e-05,5.997923076923071e-05,6.174941176470588e-05
104,5.692e-05,1557201600,5.795e-05,5.663e-05,5.781e-05,21707.8523014,1.23900671,5.707e-05,0.846945766666667,1.2213530438461537,1.3531485841176483,5.8079999999999966e-05,5.9626923076923026e-05,6.15564705882353e-05
105,5.704e-05,1557208800,5.725e-05,5.659e-05,5.664e-05,1530.17832451,0.08697172,5.683e-05,0.6962750066666671,1.1501057553846152,1.3527548232352955,5.72633333333333e-05,5.9365384615384556e-05,6.13935294117647e-05
106,5.726e-05,1557216000,5.766e-05,5.671e-05,5.709e-05,1252.00758727,0.07158302,5.717e-05,0.465853816666667,0.8186916415384614,1.319096874411766,5.70733333333333e-05,5.913384615384609e-05,6.126088235294117e-05
107,5.834e-05,1557223200,5.895e-05,5.715e-05,5.715e-05,30926.04908893,1.78885569,5.784e-05,0.6491368100000003,0.8831763999999999,1.36313892264706,5.754666666666664e-05,5.90038461538461e-05,6.110823529411764e-05
108,5.75e-05,1557230400,5.83e-05,5.75e-05,5.828e-05,42293.65621072,2.45515718,5.805e-05,1.4385319633333336,1.03145015,1.1345067629411776,5.769999999999997e-05,5.879230769230764e-05,6.0877647058823514e-05
109,5.759e-05,1557237600,5.797e-05,5.723e-05,5.753e-05,4893.02428175,0.28135321,5.75e-05,1.5084553600000001,1.04351977,1.0405698464705895,5.780999999999997e-05,5.8633076923076876e-05,6.065029411764705e-05
110,5.622e-05,1557244800,5.735e-05,5.562e-05,5.735e-05,8139.95610202,0.45770637,5.622e-05,1.0647389200000001,1.0560853076923078,0.9041476914705894,5.710333333333331e-05,5.835076923076919e-05,6.048764705882352e-05
111,5.554e-05,1557252000,5.617e-05,5.554e-05,5.617e-05,3172.29033829,0.17730926,5.589e-05,0.3054562800000002,0.9400197961538462,0.8864628247058834,5.644999999999997e-05,5.798692307692304e-05,6.029882352941177e-05
112,5.517e-05,1557259200,5.58e-05,5.485e-05,5.552e-05,5194.41347668,0.28641211,5.513e-05,0.3071425800000002,0.6493905576923077,0.8605506152941187,5.564333333333331e-05,5.761307692307689e-05,6.006823529411764e-05
113,5.414e-05,1557266400,5.517e-05,5.414e-05,5.509e-05,14396.4916632,0.78906031,5.48e-05,0.4175938933333336,0.6894257415384616,0.8751003555882364,5.4949999999999974e-05,5.717230769230766e-05,5.980882352941176e-05
114,5.493e-05,1557273600,5.511e-05,5.334e-05,5.403e-05,15291.19688238,0.82439832,5.391e-05,0.6332902466666669,0.7507418838461539,0.898431736764707,5.4746666666666635e-05,5.676692307692305e-05,5.9584705882352926e-05
115,5.407e-05,1557280800,5.469e-05,5.407e-05,5.469e-05,5015.04188267,0.27249805,5.433e-05,0.6286522266666669,0.7302429646153847,0.8918030082352952,5.437999999999997e-05,5.6349999999999974e-05,5.932911764705881e-05
116,5.6e-05,1557288000,5.6e-05,5.423e-05,5.423e-05,6165.50947914,0.33896849,5.497e-05,0.4786216200000002,0.6976369569230769,0.8978267638235304,5.4999999999999975e-05,5.620923076923074e-05,5.914617647058822e-05
117,5.555e-05,1557295200,5.651e-05,5.55e-05,5.609e-05,5126.95731663,0.28768642,5.611e-05,0.2997176533333335,0.624458473076923,0.8801598161764717,5.520666666666664e-05,5.610384615384612e-05,5.893352941176469e-05
118,5.522e-05,1557302400,5.567e-05,5.522e-05,5.554e-05,106.06415448,0.00589727,5.56e-05,0.21085072666666682,0.618221976923077,0.876342124117648,5.5589999999999974e-05,5.596384615384613e-05,5.872235294117646e-05
119,5.455e-05,1557309600,5.512e-05,5.422e-05,5.506e-05,10433.65767605,0.57000241,5.463e-05,0.2878620333333335,0.6565619300000001,0.8786200517647069,5.510666666666664e-05,5.5755384615384596e-05,5.848852941176469e-05
120,5.421e-05,1557316800,5.462e-05,5.393e-05,5.429e-05,3014.84021589,0.16298777,5.406e-05,0.2462958166666668,0.5314951669230771,0.8098351817647069,5.465999999999997e-05,5.543769230769228e-05,5.8207647058823514e-05
121,5.407e-05,1557324000,5.438e-05,5.393e-05,5.432e-05,10697.96906245,0.57731448,5.396e-05,0.4367682200000002,0.3870457284615386,0.818148008235295,5.4276666666666634e-05,5.517384615384612e-05,5.7938529411764685e-05
122,5.369e-05,1557331200,5.403e-05,5.351e-05,5.38e-05,9049.03281091,0.48576993,5.368e-05,0.40869072666666684,0.40277009153846166,0.8033033938235303,5.398999999999997e-05,5.487384615384612e-05,5.768970588235292e-05
123,5.34e-05,1557338400,5.417e-05,5.318e-05,5.365e-05,8331.16011077,0.4464915,5.359e-05,0.5031919700000002,0.40190740923076934,0.7862332988235303,5.3719999999999974e-05,5.465692307692304e-05,5.7433823529411735e-05
124,5.309e-05,1557345600,5.34e-05,5.283e-05,5.318e-05,4916.22728292,0.2614715,5.318e-05,0.3979109766666669,0.40838142769230773,0.7871022685294127,5.339333333333331e-05,5.44684615384615e-05,5.718323529411762e-05
125,5.244e-05,1557352800,5.337e-05,5.243e-05,5.324e-05,14099.48225553,0.7481189,5.306e-05,0.4853606333333336,0.44389733461538466,0.8015765729411775,5.2976666666666637e-05,5.4258461538461496e-05,5.691676470588234e-05
126,5.12e-05,1557360000,5.233e-05,5.105e-05,5.233e-05,16067.52931737,0.82739254,5.149e-05,0.612327646666667,0.4468459676923077,0.7961120455882363,5.224333333333331e-05,5.403230769230765e-05,5.6644999999999984e-05
127,5.17e-05,1557367200,5.236e-05,5.117e-05,5.118e-05,14076.35714375,0.73132822,5.195e-05,0.7689465533333336,0.43968672923076924,0.688799155000001,5.1779999999999975e-05,5.3783846153846104e-05,5.6392941176470565e-05
128,5.031e-05,1557374400,5.207e-05,5.031e-05,5.191e-05,18757.14545368,0.96377185,5.138e-05,0.8408308700000003,0.4928616369230769,0.6891879202941187,5.106999999999998e-05,5.3494615384615336e-05,5.6107058823529384e-05
129,4.96e-05,1557381600,5.059e-05,4.914e-05,5.031e-05,321255.67630101,15.8364961,4.929e-05,5.84386539,1.6849791453846155,1.1394496164705894,5.0536666666666646e-05,5.3002307692307646e-05,5.579382352941174e-05
130,4.982e-05,1557388800,5.03e-05,4.925e-05,4.943e-05,36446.00031179,1.80957555,4.965e-05,6.203281166666666,1.80204754,1.1890121870588246,4.990999999999998e-05,5.256153846153842e-05,5.550441176470585e-05
131,4.962e-05,1557396000,4.975e-05,4.822e-05,4.975e-05,57462.16269604,2.8097355,4.889e-05,6.818602383333332,2.0177274038461537,1.2629939847058835,4.967999999999998e-05,5.213076923076919e-05,5.520235294117644e-05
132,4.867e-05,1557403200,5.005e-05,4.867e-05,4.924e-05,27245.68766994,1.35347444,4.967e-05,1.9909284966666647,2.077994483076923,1.253209088529413,4.936999999999999e-05,5.167846153846149e-05,5.4861176470588205e-05
133,4.701e-05,1557410400,4.881e-05,4.673e-05,4.867e-05,436893.73047559,20.72685524,4.744e-05,8.296688393333332,3.6598304423076917,1.7432756482352953,4.8433333333333316e-05,5.112461538461534e-05,5.4478235294117614e-05
134,4.515e-05,1557417600,4.706e-05,4.512e-05,4.686e-05,170868.10504026,7.96063738,4.658e-05,10.013655686666665,4.227778357692308,1.969511955882354,4.6943333333333315e-05,5.0438461538461496e-05,5.404529411764703e-05
135,4.569e-05,1557424800,4.794e-05,4.522e-05,4.524e-05,249932.1057448,11.59088437,4.637e-05,13.426125663333332,5.08201793,2.30961771764706,4.594999999999998e-05,4.982307692307688e-05,5.3618529411764665e-05
136,4.602e-05,1557432000,4.649e-05,4.545e-05,4.597e-05,210269.59026256,9.63534585,4.582e-05,9.728955866666666,5.788852879999999,2.5771577720588246,4.561999999999998e-05,4.925538461538457e-05,5.3222352941176434e-05
137,4.563e-05,1557439200,4.632e-05,4.495e-05,4.616e-05,75219.9823544,3.44098734,4.574e-05,8.222405853333333,6.033431021538462,2.65592661764706,4.5779999999999985e-05,4.8681538461538416e-05,5.286352941176467e-05
138,4.718e-05,1557446400,4.771e-05,4.577e-05,4.578e-05,90968.6974363,4.24025106,4.661e-05,5.77219475,6.302056572307693,2.7441985102941193,4.627666666666665e-05,4.8276923076923034e-05,5.2577058823529376e-05
139,4.723e-05,1557453600,4.844e-05,4.682e-05,4.683e-05,59550.16324455,2.84326268,4.774e-05,3.5081670266666656,6.457123506153847,2.8252658914705897,4.667999999999998e-05,4.797153846153841e-05,5.228852941176467e-05
140,5.198e-05,1557460800,5.375e-05,4.741e-05,4.741e-05,278476.16881286,14.40299681,5.172e-05,7.162170183333333,7.508790320769232,3.2467780617647075,4.8796666666666646e-05,4.799307692307687e-05,5.2133235294117615e-05
141,5.032e-05,1557468000,5.24e-05,5.014e-05,5.198e-05,108150.71628418,5.50453401,5.089e-05,7.583597833333333,7.858079717692309,3.356062718235296,4.984333333333331e-05,4.79938461538461e-05,5.1897352941176435e-05
142,5.222e-05,1557475200,5.335e-05,5.052e-05,5.052e-05,86808.76691294,4.55919209,5.251e-05,8.155574303333333,6.990594793846155,3.417946097941178,5.150666666666665e-05,4.819538461538455e-05,5.1742058823529374e-05
143,5.558e-05,1557482400,5.619e-05,5.253e-05,5.253e-05,250653.27033088,13.85845108,5.528e-05,7.974059060000002,7.917431373076923,3.8172725058823547,5.2706666666666654e-05,4.863846153846147e-05,5.168294117647055e-05
144,5.418e-05,1557489600,5.975e-05,5.393e-05,5.533e-05,432497.04540346,24.82864642,5.74e-05,14.415429863333335,9.611193751538462,4.534064860294119,5.3993333333333323e-05,4.8989230769230705e-05,5.1622941176470555e-05
145,5.271e-05,1557496800,5.638e-05,5.262e-05,5.418e-05,201407.04390099,10.94530582,5.434e-05,16.544134440000004,10.349026934615383,4.85077064147059,5.415666666666665e-05,4.929999999999994e-05,5.153970588235291e-05
146,5.339e-05,1557504000,5.42e-05,5.145e-05,5.276e-05,433875.07340332,22.64950827,5.22e-05,19.474486836666667,10.496923321538459,5.508508763823532,5.342666666666665e-05,4.979076923076916e-05,5.148735294117644e-05
147,5.375e-05,1557511200,5.483e-05,5.259e-05,5.347e-05,35457.68904417,1.89706426,5.35e-05,11.83062611666667,10.030494619999997,5.541097115294121,5.328333333333332e-05,5.0452307692307625e-05,5.1475882352941137e-05
148,5.538e-05,1557518400,5.75e-05,5.376e-05,5.382e-05,124684.86204448,6.98690445,5.603e-05,10.511158993333334,9.676342318461536,5.722347295588238,5.417333333333332e-05,5.119769230769224e-05,5.148911764705879e-05
149,5.696e-05,1557525600,5.739e-05,5.518e-05,5.528e-05,95614.95585095,5.38321099,5.63e-05,4.755726566666669,9.349255021538461,5.872662382058827,5.536333333333332e-05,5.20392307692307e-05,5.157411764705879e-05
150,5.801e-05,1557532800,5.993e-05,5.682e-05,5.715e-05,178135.34326142,10.4891984,5.888e-05,7.619771280000002,9.891425103076923,6.171198555882356,5.6783333333333315e-05,5.29915384615384e-05,5.1633235294117617e-05
151,5.397e-05,1557540000,5.851e-05,5.356e-05,5.797e-05,398108.60978187,22.01999849,5.531e-05,12.63080262666667,11.259097982307692,6.810384205000003,5.6313333333333315e-05,5.3513846153846094e-05,5.158676470588232e-05
152,5.197e-05,1557547200,5.612e-05,5.177e-05,5.375e-05,163190.33657043,8.76545135,5.371e-05,13.758216080000002,11.714650956923077,7.068018148529415,5.464999999999998e-05,5.3878461538461476e-05,5.14911764705882e-05
153,5.307e-05,1557554400,5.43e-05,4.967e-05,5.192e-05,171929.59422207,8.95921667,5.21e-05,13.248222170000004,11.295898638461539,7.314759744411767,5.300333333333332e-05,5.396230769230764e-05,5.14476470588235e-05
154,5.291e-05,1557561600,5.443e-05,5.273e-05,5.342e-05,39228.551846,2.10801707,5.373e-05,6.6108950300000044,11.034628104615383,7.371966488529415,5.2649999999999985e-05,5.4161538461538404e-05,5.1409411764705844e-05
155,5.295e-05,1557568800,5.34e-05,5.207e-05,5.322e-05,41405.9594835,2.18202825,5.269e-05,4.416420663333338,10.851769347692304,7.419163952352943,5.297666666666666e-05,5.421769230769225e-05,5.1376470588235254e-05
156,5.411e-05,1557576000,5.411e-05,5.255e-05,5.269e-05,16439.56228669,0.87061819,5.295e-05,1.720221170000005,9.852705279230765,7.430483018823531,5.3323333333333325e-05,5.410461538461533e-05,5.138882352941173e-05
157,5.297e-05,1557583200,5.477e-05,5.269e-05,5.41e-05,75818.30148619,4.08400848,5.386e-05,2.378884973333338,8.256963899230765,7.537468812352944,5.334333333333332e-05,5.401153846153841e-05,5.13761764705882e-05
158,5.258e-05,1557590400,5.309e-05,5.205e-05,5.295e-05,20951.48779637,1.10080731,5.254e-05,2.018477993333338,7.499694783076918,7.562155159705884,5.321999999999998e-05,5.4001538461538406e-05,5.13611764705882e-05
159,5.298e-05,1557597600,5.377e-05,5.241e-05,5.256e-05,62173.35958738,3.28780561,5.288e-05,2.824207133333338,6.0103330399999955,7.63685182764706,5.284333333333331e-05,5.396999999999994e-05,5.137705882352938e-05
160,5.248e-05,1557604800,5.342e-05,5.224e-05,5.322e-05,55722.0861307,2.95876029,5.309e-05,2.4491244033333377,6.092001965384611,7.699539114411766,5.267999999999997e-05,5.3872307692307636e-05,5.141470588235291e-05
161,5.139e-05,1557612000,5.229e-05,4.988e-05,5.229e-05,74244.75403287,3.78572248,5.098e-05,3.344096126666671,5.845757198461535,7.789374239705883,5.2283333333333314e-05,5.356538461538456e-05,5.1405588235294086e-05
162,5.473e-05,1557619200,5.682e-05,5.139e-05,5.16e-05,306887.04505983,16.93132364,5.517e-05,7.891935470000004,6.734073556153843,8.259008115882354,5.286666666666665e-05,5.3393846153846096e-05,5.1535588235294086e-05
163,5.337e-05,1557626400,5.517e-05,5.332e-05,5.484e-05,65689.90799755,3.52659696,5.368e-05,8.081214360000004,6.198488829999998,7.896952258823531,5.3163333333333326e-05,5.303692307692301e-05,5.164647058823526e-05
164,5.241e-05,1557633600,5.376e-05,5.221e-05,5.325e-05,9041.43677343,0.47632027,5.268e-05,6.978080290000004,4.541282813076921,7.8577388682352955,5.350333333333332e-05,5.291692307692302e-05,5.17226470588235e-05
165,5.124e-05,1557640800,5.276e-05,5.124e-05,5.268e-05,37228.74390705,1.93924397,5.208e-05,1.9807204000000038,4.016189937692306,7.832136176176473,5.233999999999998e-05,5.286076923076917e-05,5.177029411764703e-05
166,5.07e-05,1557648000,5.191e-05,4.956e-05,5.123e-05,42999.32055454,2.18300898,5.076e-05,1.532857740000004,3.4949431923076903,7.856534250882355,5.144999999999998e-05,5.2678461538461474e-05,5.182999999999997e-05
167,4.928e-05,1557655200,5.085e-05,4.907e-05,5.031e-05,33292.54155963,1.65549703,4.972e-05,1.925916660000004,3.4601339584615363,7.2956119505882375,5.040666666666665e-05,5.239923076923071e-05,5.189676470588233e-05
168,4.977e-05,1557662400,5.071e-05,4.928e-05,4.928e-05,9521.68072198,0.47552738,4.994e-05,1.438011130000004,3.328864660769229,7.07546165647059,4.991666666666665e-05,5.2154615384615325e-05,5.20326470588235e-05
169,4.963e-05,1557669600,5.033e-05,4.956e-05,4.995e-05,8806.54457828,0.43873467,4.981e-05,0.856586360000004,3.2956428515384597,6.747457253529413,4.955999999999998e-05,5.180999999999994e-05,5.214852941176468e-05
170,4.981e-05,1557676800,5.083e-05,4.957e-05,5.01e-05,31245.19309667,1.56693957,5.014e-05,0.8270672066666706,3.1020221661538443,6.51015118647059,4.973666666666665e-05,5.156692307692301e-05,5.225999999999998e-05
171,5.116e-05,1557684000,5.12e-05,4.962e-05,5.001e-05,43311.18812964,2.18036015,5.034e-05,1.3953447966666703,3.1850646923076904,6.473073916176473,5.019999999999997e-05,5.145769230769224e-05,5.24226470588235e-05
172,5.012e-05,1557691200,5.091e-05,4.931e-05,5.091e-05,32702.34037203,1.62826646,4.979e-05,1.7918553933333372,3.0574078346153826,6.396250839705885,5.036333333333331e-05,5.123769230769224e-05,5.25091176470588e-05
173,5.092e-05,1557698400,5.095e-05,5e-05,5e-05,10817.70021983,0.5480596,5.066e-05,1.4522287366666706,2.871969319999998,6.3287448667647075,5.073333333333332e-05,5.111769230769223e-05,5.26176470588235e-05
174,5.073e-05,1557705600,5.277e-05,5.063e-05,5.08e-05,52557.45797607,2.72621317,5.187e-05,1.634179743333337,2.7904686038461524,5.9853100538235315,5.058999999999999e-05,5.1066923076923e-05,5.258088235294115e-05
175,5.142e-05,1557712800,5.142e-05,5.055e-05,5.1e-05,2649.73829953,0.13414033,5.062e-05,1.1361377000000037,1.4983775799999985,5.827357298529414,5.1023333333333316e-05,5.081230769230762e-05,5.261323529411762e-05
176,5.154e-05,1557720000,5.154e-05,5.078e-05,5.132e-05,14344.4506544,0.73467202,5.121e-05,1.1983418400000037,1.2836141230769218,5.714871414117649,5.1229999999999975e-05,5.067153846153839e-05,5.259323529411762e-05
177,5.114e-05,1557727200,5.178e-05,5.114e-05,5.17e-05,8949.07779346,0.46110984,5.152e-05,0.44330739666667024,1.2824440899999987,5.3208319658823555,5.1366666666666644e-05,5.057384615384608e-05,5.246264705882351e-05
178,5.115e-05,1557734400,5.126e-05,5.085e-05,5.112e-05,5471.55052249,0.28043996,5.125e-05,0.4920739400000036,1.1548437815384602,4.598825893529414,5.127666666666664e-05,5.0566923076923e-05,5.237352941176468e-05
179,4.965e-05,1557741600,5.148e-05,4.95e-05,5.131e-05,3975.86652813,0.20004579,5.031e-05,0.31386519666667023,1.0023081515384602,4.282788833823531,5.0646666666666644e-05,5.048615384615378e-05,5.228352941176468e-05
180,4.873e-05,1557748800,4.978e-05,4.836e-05,4.968e-05,40865.69727693,1.99283508,4.876e-05,0.8244402766666704,1.028257232307691,3.675239622352943,4.984333333333331e-05,5.0443846153846085e-05,5.2146470588235275e-05
181,4.59e-05,1557756000,4.898e-05,4.581e-05,4.893e-05,102843.67001344,4.84340297,4.709e-05,2.3454279466666703,1.3642476623076911,3.7618966432352963,4.8093333333333316e-05,5.014615384615378e-05,5.19155882352941e-05
182,4.609e-05,1557763200,4.63e-05,4.512e-05,4.615e-05,128377.34317315,5.9041249,4.599e-05,4.2467876500000035,1.784662295384614,3.7300501858823556,4.690666666666665e-05,4.987384615384608e-05,5.1642352941176445e-05
183,4.581e-05,1557770400,4.654e-05,4.581e-05,4.609e-05,19264.93757747,0.89263705,4.633e-05,3.8800549733333365,1.7327928707692297,3.597974481764709,4.593333333333331e-05,4.956615384615378e-05,5.131441176470586e-05
184,4.391e-05,1557777600,4.625e-05,4.391e-05,4.576e-05,54479.39105517,2.46238599,4.519e-05,3.0863826466666695,1.7544871661538453,3.3618917638235324,4.526999999999998e-05,4.900846153846147e-05,5.0899705882352924e-05
185,4.576e-05,1557784800,4.584e-05,4.358e-05,4.372e-05,63962.10825103,2.86089078,4.472e-05,2.0719712733333364,1.8493044215384606,2.798388595882356,4.515999999999998e-05,4.867307692307686e-05,5.065823529411763e-05
186,4.385e-05,1557792000,4.541e-05,4.337e-05,4.541e-05,48628.76488775,2.14829718,4.417e-05,2.4905246500000024,1.9723996199999994,2.6037664144117683,4.450666666666665e-05,4.812923076923071e-05,5.041941176470586e-05
187,4.553e-05,1557799200,4.561e-05,4.394e-05,4.416e-05,91964.07628874,4.09753136,4.455e-05,3.0355731066666696,2.077885634615384,2.4607756700000034,4.504666666666665e-05,4.772923076923071e-05,5.0197647058823515e-05
188,4.606e-05,1557806400,4.708e-05,4.526e-05,4.548e-05,62026.87470344,2.86860039,4.624e-05,3.0381429766666694,2.2882287161538453,2.4831457676470623,4.514666666666665e-05,4.731692307692301e-05,4.999617647058822e-05
189,4.432e-05,1557813600,4.607e-05,4.412e-05,4.603e-05,29649.4719798,1.32370434,4.464e-05,2.7632786966666694,2.333538894615384,2.4579009467647093,4.5303333333333324e-05,4.67615384615384e-05,4.974235294117645e-05
190,4.503e-05,1557820800,4.503e-05,4.426e-05,4.443e-05,32128.13708202,1.43377095,4.462e-05,1.875358560000003,2.408358979999999,2.4744642632352973,4.513666666666665e-05,4.6291538461538407e-05,4.947529411764704e-05
191,4.449e-05,1557828000,4.555e-05,4.442e-05,4.51e-05,19652.73454754,0.8800719,4.478e-05,1.2125157300000027,2.454484513846153,2.380230834411768,4.4613333333333315e-05,4.5779230769230714e-05,4.9225882352941156e-05
192,4.424e-05,1557835200,4.449e-05,4.39e-05,4.449e-05,17870.72368345,0.78864062,4.413e-05,1.0341611566666693,2.4997610392307688,2.371049461176474,4.4586666666666644e-05,4.536307692307686e-05,4.8980588235294095e-05
193,4.47e-05,1557842400,4.518e-05,4.402e-05,4.425e-05,14019.99001417,0.62217176,4.437e-05,0.763628093333336,2.3943253992307687,2.292648465588239,4.447666666666665e-05,4.505307692307687e-05,4.873705882352939e-05
194,4.458e-05,1557849600,4.512e-05,4.438e-05,4.49e-05,6900.6612011,0.31008208,4.493e-05,0.5736314866666694,2.045608407692307,2.214746165294121,4.4506666666666645e-05,4.495153846153841e-05,4.8504705882352924e-05
195,4.536e-05,1557856800,4.581e-05,4.438e-05,4.462e-05,10780.27395641,0.49046196,4.549e-05,0.4742386000000028,1.6291727969230767,2.1178267382352978,4.487999999999997e-05,4.489538461538456e-05,4.8327352941176454e-05
196,4.533e-05,1557864000,5e-05,4.524e-05,4.535e-05,328779.43707632,15.49092914,4.711e-05,5.430491060000002,2.7521183423076923,2.0754621941176508,4.508999999999997e-05,4.4858461538461485e-05,4.8050882352941155e-05
197,4.595e-05,1557871200,4.595e-05,4.484e-05,4.532e-05,40255.49880272,1.8464417,4.586e-05,5.942610933333335,2.7047380123076925,2.0260458629411797,4.554666666666665e-05,4.5015384615384566e-05,4.78326470588235e-05
198,4.582e-05,1557878400,4.582e-05,4.501e-05,4.577e-05,44888.5038155,2.03704586,4.538e-05,6.458138900000002,2.641365326153846,2.0719495567647095,4.569999999999997e-05,4.501999999999995e-05,4.763882352941174e-05
199,4.643e-05,1557885600,4.725e-05,4.582e-05,4.583e-05,41274.54846684,1.91487796,4.639e-05,1.9327885066666675,2.6234100015384616,2.071232909411768,4.606666666666664e-05,4.521846153846149e-05,4.749735294117645e-05
200,4.664e-05,1557892800,4.695e-05,4.609e-05,4.643e-05,36662.14750315,1.69831224,4.632e-05,1.8834120200000009,2.438854684615385,2.05697712294118,4.629666666666664e-05,4.5303846153846104e-05,4.7377941176470564e-05
201,4.7e-05,1557900000,4.821e-05,4.647e-05,4.662e-05,24871.60808021,1.17424657,4.721e-05,1.5958122566666677,2.3085197753846156,2.042822697647062,4.6689999999999975e-05,4.537615384615379e-05,4.731088235294115e-05
202,4.735e-05,1557907200,4.775e-05,4.659e-05,4.7e-05,8579.06136868,0.40696834,4.743e-05,1.0931757166666676,2.2380016215384617,2.040806255294121,4.699666666666664e-05,4.5609230769230714e-05,4.7239705882352915e-05
203,4.707e-05,1557914400,4.743e-05,4.681e-05,4.74e-05,13812.60324609,0.64997785,4.705e-05,0.7437309200000009,2.177709844615385,2.0470192900000033,4.713999999999998e-05,4.576615384615378e-05,4.716441176470586e-05
204,4.869e-05,1557921600,4.965e-05,4.626e-05,4.706e-05,52068.69826668,2.52747365,4.854e-05,1.1948066133333342,2.3044330561538464,2.0752702923529442,4.770333333333331e-05,4.608923076923071e-05,4.713147058823527e-05
205,4.869e-05,1557928800,4.988e-05,4.812e-05,4.871e-05,34684.51874604,1.69467591,4.885e-05,1.624042470000001,2.374128078461539,2.060985461764709,4.814999999999997e-05,4.64315384615384e-05,4.705882352941175e-05
206,4.821e-05,1557936000,4.919e-05,4.75e-05,4.893e-05,102277.68085239,4.92999592,4.82e-05,3.0507151600000006,2.7054991676923077,2.1580951517647087,4.852999999999997e-05,4.67015384615384e-05,4.700264705882351e-05
207,4.752e-05,1557943200,4.845e-05,4.601e-05,4.845e-05,39716.03806741,1.87598449,4.723e-05,2.833552106666667,2.8259531992307694,2.1971517661764732,4.8139999999999976e-05,4.6927692307692246e-05,4.69026470588235e-05
208,4.871e-05,1557950400,4.893e-05,4.69e-05,4.746e-05,12431.0863957,0.60213018,4.843e-05,2.469370196666667,2.834543062307693,2.1346787370588265,4.814666666666664e-05,4.718538461538455e-05,4.6843235294117623e-05
209,4.964e-05,1557957600,4.972e-05,4.778e-05,4.875e-05,92069.56648086,4.49885266,4.886e-05,2.325655776666667,1.988998717692308,2.26305262911765,4.86233333333333e-05,4.751692307692301e-05,4.679088235294116e-05
210,4.996e-05,1557964800,5.081e-05,4.913e-05,4.987e-05,85086.46090292,4.2819151,5.032e-05,3.1276326466666666,2.1763428253846158,2.3673833079411795,4.943666666666664e-05,4.782538461538455e-05,4.674441176470586e-05
211,5.006e-05,1557972000,5.16e-05,4.954e-05,4.998e-05,48988.19277915,2.46521342,5.032e-05,3.748660393333333,2.209278791538462,2.426327530882356,4.988666666666664e-05,4.815153846153839e-05,4.67126470588235e-05
212,4.951e-05,1557979200,5.075e-05,4.82e-05,5.009e-05,40623.75442423,2.01040046,4.948e-05,2.919176326666667,2.2166266761538465,2.4772087220588266,4.984333333333331e-05,4.838846153846147e-05,4.6664411764705854e-05
213,5.001e-05,1557986400,5.029e-05,4.904e-05,4.942e-05,3181.08314864,0.15691879,4.932e-05,1.544177556666667,2.0980579492307694,2.475940280882356,4.9859999999999966e-05,4.8647692307692236e-05,4.6674999999999976e-05
214,4.939e-05,1557993600,5.007e-05,4.931e-05,5.002e-05,81848.08266294,4.06402771,4.965e-05,2.0771156533333337,2.3203488061538464,2.5368577111764736,4.9636666666666645e-05,4.883153846153839e-05,4.669441176470585e-05
215,4.768e-05,1558000800,4.939e-05,4.76e-05,4.939e-05,59709.1150203,2.91701745,4.885e-05,2.379321316666667,2.513429506923077,2.4801993135294147,4.902666666666664e-05,4.8856923076923005e-05,4.6746764705882326e-05
216,4.76e-05,1558008000,4.816e-05,4.696e-05,4.791e-05,8924.35717136,0.42382754,4.749e-05,2.4682909000000004,2.4960333292307695,2.319014097058827,4.822333333333331e-05,4.8897692307692236e-05,4.679117647058822e-05
217,4.88e-05,1558015200,4.887e-05,4.756e-05,4.764e-05,14434.96130616,0.69643053,4.824e-05,1.3457585066666669,2.3551838584615385,2.3132433170588267,4.8026666666666645e-05,4.8906153846153775e-05,4.6879117647058805e-05
218,4.826e-05,1558022400,4.9e-05,4.817e-05,4.887e-05,17981.73809182,0.87151457,4.846e-05,0.6639242133333334,2.2918637553846155,2.266452981176474,4.8219999999999975e-05,4.887307692307685e-05,4.700705882352939e-05
219,4.872e-05,1558029600,4.875e-05,4.723e-05,4.793e-05,40670.98266693,1.94038581,4.77e-05,1.1694436366666667,2.0618937469230767,2.2393793055882383,4.8593333333333314e-05,4.891230769230762e-05,4.70941176470588e-05
220,4.822e-05,1558036800,4.909e-05,4.748e-05,4.853e-05,1230.75118905,0.05975976,4.855e-05,0.9572200466666668,1.9221841523076921,2.1779517344117676,4.8399999999999984e-05,4.896615384615377e-05,4.722264705882351e-05
221,4.792e-05,1558044000,4.868e-05,4.792e-05,4.851e-05,1899.49460201,0.09210668,4.849e-05,0.6974174166666668,1.8829515753846153,2.0601451261764736,4.828666666666665e-05,4.8905384615384544e-05,4.729294117647057e-05
222,4.791e-05,1558051200,4.822e-05,4.788e-05,4.813e-05,1336.43385846,0.06410434,4.796e-05,0.0719902600000002,1.541817089230769,1.9776599482352972,4.801666666666665e-05,4.8772307692307614e-05,4.734735294117645e-05
223,4.859e-05,1558058400,4.909e-05,4.718e-05,4.776e-05,95640.64854874,4.60837086,4.818e-05,1.58819396,1.5669290707692307,2.074267787058826,4.813999999999998e-05,4.8666923076923e-05,4.747294117647057e-05
224,4.852e-05,1558065600,4.926e-05,4.822e-05,4.845e-05,15462.69496163,0.75781208,4.9e-05,1.81009576,1.435590506153846,2.054386643823532,4.833999999999998e-05,4.8548461538461465e-05,4.75755882352941e-05
225,4.797e-05,1558072800,4.855e-05,4.73e-05,4.851e-05,30325.98667084,1.44370277,4.76e-05,2.2699619033333334,1.3919983761538464,2.0709640223529435,4.835999999999998e-05,4.842999999999993e-05,4.7677941176470565e-05
226,4.869e-05,1558080000,4.869e-05,4.803e-05,4.821e-05,5175.55327559,0.24996322,4.829e-05,0.8171593566666665,1.3991556400000003,2.055120569411767,4.839333333333331e-05,4.832846153846147e-05,4.7808823529411745e-05
227,4.9e-05,1558087200,4.999e-05,4.835e-05,4.845e-05,18434.36826364,0.91356858,4.955e-05,0.8690781899999998,1.1568126300000001,2.06369106411765,4.855333333333331e-05,4.829846153846147e-05,4.793529411764704e-05
228,4.889e-05,1558094400,4.931e-05,4.837e-05,4.893e-05,47201.89463325,2.31704493,4.908e-05,1.1601922433333332,1.110660897692308,2.1227193832352964,4.885999999999998e-05,4.8391538461538397e-05,4.8062058823529396e-05
229,4.9e-05,1558101600,4.953e-05,4.898e-05,4.917e-05,7086.57474374,0.34844995,4.917e-05,1.193021153333333,1.1048626215384618,2.1185425594117673,4.896333333333331e-05,4.849923076923071e-05,4.816911764705881e-05
230,4.875e-05,1558108800,4.95e-05,4.875e-05,4.9e-05,5266.40450315,0.25910547,4.919e-05,0.9748667833333332,1.0712222323076925,1.6705477455882376,4.887999999999998e-05,4.849538461538455e-05,4.826970588235293e-05
231,4.971e-05,1558116000,4.971e-05,4.909e-05,4.909e-05,7202.67189565,0.3560782,4.943e-05,0.3212112066666665,1.031573280769231,1.6267135250000022,4.915333333333331e-05,4.8606923076923006e-05,4.838029411764705e-05
232,5.029e-05,1558123200,5.101e-05,4.942e-05,4.942e-05,85465.06337137,4.31371129,5.047e-05,1.6429649866666665,1.2141367792307696,1.6936742729411787,4.958333333333331e-05,4.8727692307692235e-05,4.8511764705882334e-05
233,5.054e-05,1558130400,5.054e-05,4.952e-05,5.005e-05,14315.80467733,0.71561963,4.998e-05,1.7951363733333332,1.2645875384615388,1.6584019691176495,5.017999999999998e-05,4.8906153846153775e-05,4.863264705882351e-05
234,5.008e-05,1558137600,5.061e-05,4.967e-05,5.054e-05,4894.17795942,0.24512437,5.008e-05,1.7581517633333332,1.2763581300000004,1.615661149411767,5.030333333333331e-05,4.907230769230762e-05,4.873382352941175e-05
235,5.007e-05,1558144800,5.037e-05,5.003e-05,5.019e-05,5749.95898477,0.28945243,5.033e-05,0.4167321433333333,1.2936925984615388,1.5896377923529434,5.0229999999999965e-05,4.923846153846147e-05,4.882411764705881e-05
236,5.01e-05,1558152000,5.037e-05,5.004e-05,5.018e-05,4849.15133145,0.24309759,5.013e-05,0.2592247966666667,0.9579023469230774,1.5848180644117669,5.0083333333333295e-05,4.935461538461531e-05,4.890499999999998e-05
237,5.247e-05,1558159200,5.247e-05,5.022e-05,5.037e-05,30730.92767152,1.59568833,5.192e-05,0.7094127833333334,1.0223543661538466,1.612633078529414,5.087999999999995e-05,4.9658461538461466e-05,4.9063823529411746e-05
238,5.33e-05,1558166400,5.509e-05,5.202e-05,5.237e-05,156768.47944984,8.35659983,5.33e-05,3.3984619166666667,1.5541156784615386,1.784077966176473,5.1956666666666616e-05,5.0068461538461464e-05,4.919941176470586e-05
239,5.312e-05,1558173600,5.312e-05,5.175e-05,5.3e-05,5343.33025192,0.27974237,5.235e-05,3.410676843333333,1.5564063823076923,1.7424622738235318,5.296333333333329e-05,5.0409230769230695e-05,4.9329705882352924e-05
240,5.333e-05,1558180800,5.333e-05,5.243e-05,5.28e-05,26348.53500377,1.39682071,5.301e-05,3.3443876366666667,1.5935796230769232,1.6385453558823553,5.324999999999996e-05,5.074230769230762e-05,4.948029411764704e-05
241,5.261e-05,1558188000,5.434e-05,5.216e-05,5.342e-05,21337.52155499,1.13974145,5.341e-05,0.9387681766666667,1.503017816923077,1.616891148823532,5.3019999999999957e-05,5.102846153846147e-05,4.962999999999999e-05
242,5.24e-05,1558195200,5.354e-05,5.202e-05,5.253e-05,21556.3555474,1.13463944,5.263e-05,1.2237338666666666,1.563493931538462,1.6325531858823554,5.277999999999996e-05,5.1289999999999924e-05,4.9738529411764695e-05
243,5.156e-05,1558202400,5.234e-05,5.156e-05,5.221e-05,16229.34380203,0.84117449,5.183e-05,1.03851846,1.6082684715384619,1.5249744161764731,5.218999999999995e-05,5.150615384615377e-05,4.9794999999999987e-05
244,5.214e-05,1558209600,5.214e-05,5.127e-05,5.167e-05,3824.59653555,0.19740692,5.161e-05,0.72440695,1.5960629884615387,1.4048418226470614,5.203333333333329e-05,5.169307692307685e-05,4.985911764705881e-05
245,5.144e-05,1558216800,5.243e-05,5.144e-05,5.23e-05,5263.44777184,0.27415214,5.208e-05,0.43757785,1.2853276692307696,1.340398843823532,5.171333333333329e-05,5.178153846153839e-05,4.9899705882352927e-05
246,5.044e-05,1558224000,5.154e-05,5.013e-05,5.144e-05,50178.53322515,2.52944637,5.04e-05,1.0003351433333334,1.4248528030769234,1.3556649000000025,5.133999999999995e-05,5.177384615384608e-05,4.992705882352939e-05
247,4.854e-05,1558231200,5.044e-05,4.854e-05,5.044e-05,79957.07361962,3.94999815,4.94e-05,2.251198886666667,1.7098430938461542,1.4672260576470615,5.013999999999995e-05,5.165538461538455e-05,4.988382352941174e-05
248,4.892e-05,1558238400,4.919e-05,4.845e-05,4.874e-05,7037.48370814,0.34371289,4.884e-05,2.2743858033333333,1.7140169753846155,1.3578050335294145,4.9299999999999945e-05,5.156692307692301e-05,4.986999999999998e-05
249,4.881e-05,1558245600,4.893e-05,4.856e-05,4.877e-05,12371.00028136,0.60309391,4.875e-05,1.6322683166666667,1.741709,1.289748458823532,4.875666666666661e-05,5.1467692307692247e-05,4.9903235294117625e-05
250,4.855e-05,1558252800,4.933e-05,4.855e-05,4.892e-05,15361.8521576,0.75004315,4.882e-05,0.5656166499999999,1.6766593707692306,1.299343035588238,4.875999999999995e-05,5.1166153846153784e-05,4.993117647058822e-05
251,4.813e-05,1558260000,4.87e-05,4.801e-05,4.87e-05,66032.05890341,3.18509339,4.823e-05,1.512743483333333,1.2788511830769227,1.3725390020588262,4.849666666666662e-05,5.076846153846147e-05,4.991147058823527e-05
252,4.826e-05,1558267200,4.893e-05,4.825e-05,4.842e-05,4574.55928489,0.22304222,4.875e-05,1.3860595866666665,1.2744896330769226,1.3534662858823556,4.831333333333329e-05,5.039461538461531e-05,4.991147058823527e-05
