,close,date,high,low,open,quoteVolume,volume,weightedAverage,avg_vol_3,avg_vol_13,avg_vol_34,avg_close_3,avg_close_13,avg_close_34
0,0.0014923,1555892468,0.0014923,0.0014923,0.0014923,0.0,0.0,0.0014923,-99999.0,-99999.0,-99999.0,-99999.0,-99999.0,-99999.0
1,0.00151658,1555898400,0.00151658,0.0015,0.0015,46.42561008,0.07036382,0.00151562,-99999.0,-99999.0,-99999.0,-99999.0,-99999.0,-99999.0
2,0.00151658,1555905600,0.00151658,0.00151658,0.00151658,22.97029179,0.03483628,0.00151658,0.0350667,-99999.0,-99999.0,0.0015084866666666668,-99999.0,-99999.0
3,0.0014817,1555912800,0.00151658,0.00147001,0.00151658,330.55025648,0.49288476,0.0014911,0.19936162,-99999.0,-99999.0,0.0015049533333333332,-99999.0,-99999.0
4,0.00147798,1555920000,0.00147899,0.00147798,0.0014789,0.41964847,0.00062036,0.0014783,0.1761138,-99999.0,-99999.0,0.0014920866666666666,-99999.0,-99999.0
5,0.00145056,1555927200,0.00147797,0.00145055,0.00147797,285.11922695,0.4176,0.00146465,0.3037017066666667,-99999.0,-99999.0,0.0014700800000000001,-99999.0,-99999.0
6,0.00148594,1555934400,0.00148594,0.00145059,0.00147073,1089.22996532,1.61118294,0.00147919,0.6764677666666667,-99999.0,-99999.0,0.0014714933333333333,-99999.0,-99999.0
7,0.00144601,1555941600,0.00146827,0.00144601,0.00146039,199.30190904,0.28966699,0.0014534,0.7728166433333334,-99999.0,-99999.0,0.0014608366666666666,-99999.0,-99999.0
8,0.00144254,1555948800,0.00146321,0.0014425,0.00144251,346.31260307,0.50663459,0.00146294,0.80249484,-99999.0,-99999.0,0.0014581633333333333,-99999.0,-99999.0
9,0.00138381,1555956000,0.00144347,0.00136103,0.00144253,1166.50673956,1.62237324,0.00139079,0.8062249400000002,-99999.0,-99999.0,0.00142412,-99999.0,-99999.0
10,0.00144694,1555963200,0.00144707,0.0014088,0.0014088,119.69130832,0.17245058,0.00144079,0.7671528033333335,-99999.0,-99999.0,0.00142443,-99999.0,-99999.0
11,0.00141946,1555970400,0.00143921,0.00141405,0.00142856,74.08795367,0.10484615,0.00141515,0.6332233233333335,-99999.0,-99999.0,0.0014167366666666666,-99999.0,-99999.0
12,0.00141101,1555977600,0.00144213,0.00141002,0.00141947,492.90347003,0.70000316,0.00142016,0.3257666300000002,0.46334329769230764,-99999.0,0.0014258033333333332,0.0014593392307692308,-99999.0
13,0.00144266,1555984800,0.0014457,0.00141003,0.00141193,56.29481839,0.08076655,0.0014347,0.29520528666666696,0.4695561092307692,-99999.0,0.0014243766666666667,0.0014555207692307692,-99999.0
14,0.00141642,1555992000,0.00144277,0.00136137,0.00144266,4000.09555912,5.6408697,0.00141018,2.14054647,0.8980565615384614,-99999.0,0.0014233633333333333,0.0014478161538461541,-99999.0
15,0.00140013,1555999200,0.00147438,0.00136257,0.00141283,313.11874176,0.44444433,0.00141941,2.055360193333333,0.9295648730769229,-99999.0,0.0014197366666666668,0.0014388584615384616,-99999.0
16,0.00145,1556006400,0.00145,0.00138859,0.00142082,98.28214131,0.13903767,0.00141467,2.0747839,0.9023458661538459,-99999.0,0.0014221833333333334,0.0014364200000000003,-99999.0
17,0.00139387,1556013600,0.00146409,0.00135,0.00139985,1895.37453829,2.5947037,0.00136896,1.0593952333333334,1.1018907384615384,-99999.0,0.0014146666666666667,0.0014299500000000001,-99999.0
18,0.00136612,1556020800,0.00139386,0.00135955,0.0013844,43.55581723,0.06005762,0.00137886,0.93126633,1.0743874784615384,-99999.0,0.0014033300000000002,0.0014234546153846154,-99999.0
19,0.00140832,1556028000,0.00141979,0.00138057,0.00139386,410.04698886,0.57185326,0.0013946,1.0755381933333334,0.9944390415384613,-99999.0,0.001389436666666667,0.001417483846153846,-99999.0
20,0.00136615,1556035200,0.001392,0.00136613,0.00139102,135.06801524,0.1878013,0.00139042,0.27323739333333324,0.986603219230769,-99999.0,0.0013801966666666667,0.001411340769230769,-99999.0
21,0.00139714,1556042400,0.00139714,0.00137351,0.00139614,211.35622916,0.29408137,0.0013914,0.3512453099999999,0.9702529715384612,-99999.0,0.0013905366666666667,0.0014078484615384615,-99999.0
22,0.00138093,1556049600,0.00145,0.001371,0.0013971,161.5556488,0.22895828,0.0014172,0.23694698333333328,0.8630672053846151,-99999.0,0.0013814066666666665,0.001407626923076923,-99999.0
23,0.00137538,1556056800,0.00138152,0.00137538,0.00138093,187.80647385,0.2583874,0.00137581,0.26047568333333326,0.8696777299999998,-99999.0,0.001384483333333333,0.0014021223076923076,-99999.0
24,0.00139317,1556064000,0.00140594,0.0013764,0.0013764,13.65894354,0.01903486,0.00139358,0.16879351333333326,0.8630768615384613,-99999.0,0.0013831599999999998,0.0014000999999999998,-99999.0
25,0.00138318,1556071200,0.00146408,0.00137814,0.00138064,253.46723485,0.36534293,0.00144138,0.2142550633333333,0.8373337669230767,-99999.0,0.0013839100000000001,0.0013979592307692306,-99999.0
26,0.00137998,1556078400,0.00139014,0.00137813,0.00139012,57.60452127,0.07968888,0.00138337,0.15468888999999994,0.8372508692307691,-99999.0,0.0013854433333333335,0.001393137692307692,-99999.0
27,0.00137814,1556085600,0.00137814,0.00137814,0.00137814,0.08036062,0.00011074,0.00137814,0.14838084999999995,0.40334633384615376,-99999.0,0.0013804333333333335,0.0013901930769230767,-99999.0
28,0.00138133,1556092800,0.00138133,0.00137998,0.00137998,24.77778305,0.03419364,0.00138001,0.03799775333333327,0.3717885884615384,-99999.0,0.001379816666666667,0.0013887469230769228,-99999.0
29,0.0013868,1556100000,0.0013868,0.0013868,0.0013868,16.568,0.0229765,0.0013868,0.01909362666666661,0.3628608061538461,-99999.0,0.0013820900000000005,0.0013838853846153845,-99999.0
30,0.00139657,1556107200,0.00139657,0.0013878,0.00138782,14.924726,0.02072787,0.00138882,0.025966003333333276,0.1648626653846153,-99999.0,0.0013882333333333338,0.001384093076923077,-99999.0
31,0.00139656,1556114400,0.00139656,0.00139656,0.00139656,0.78546778,0.00109695,0.00139656,0.014933773333333275,0.16032722923076917,-99999.0,0.0013933100000000003,0.0013864346153846156,-99999.0
32,0.00141207,1556121600,0.00143873,0.00139892,0.00139892,281.79238981,0.40149252,0.00142478,0.14110577999999993,0.14722255692307687,-99999.0,0.0014017333333333337,0.0013867230769230771,-99999.0
33,0.00141575,1556128800,0.00144,0.00137537,0.00143587,1069.66155358,1.47886399,0.00138255,0.6271511533333333,0.2465350715384615,0.5572927332352943,0.0014081266666666672,0.0013905384615384617,0.001420355294117647
34,0.00142347,1556136000,0.00145997,0.00141575,0.00141575,71.72915437,0.10379702,0.00144706,0.66138451,0.23189781384615377,0.560345586764706,0.001417096666666667,0.0013925638461538463,0.0014183308823529413
35,0.00142946,1556143200,0.00142946,0.00139917,0.00142349,9.70260248,0.01363439,0.00140523,0.5320984666666666,0.21533443769230762,0.5586770741176472,0.001422893333333334,0.0013962969230769233,0.0014157685294117646
36,0.0014016,1556150400,0.00143653,0.00139602,0.00141118,185.29353973,0.26449965,0.00142746,0.1273103533333332,0.21580461076923066,0.5654318791176473,0.0014181766666666676,0.0013983138461538464,0.0014123867647058822
37,0.001396,1556157600,0.0014016,0.001396,0.0014016,2.28216676,0.00318631,0.00139618,0.09377344999999988,0.2145854915384614,0.551028983529412,0.001409020000000001,0.0013985315384615388,0.0014098661764705882
38,0.00139317,1556164800,0.001396,0.0013607,0.001396,435.44702031,0.60297803,0.00138473,0.2902213299999999,0.23286511461538448,0.5687453855882355,0.0013969233333333345,0.0013993000000000002,0.0014073717647058823
39,0.00139317,1556172000,0.00139317,0.00139317,0.00139317,0.43707077,0.00060891,0.00139317,0.2022577499999999,0.22678203999999985,0.5564809417647061,0.0013941133333333345,0.0014003146153846156,0.0014056838235294116
40,0.00137696,1556179200,0.0013829,0.00137545,0.0013829,4.4716364,0.00615572,0.00137661,0.20324755333333322,0.22724703846153832,0.5092742588235296,0.0013877666666666677,0.0014002238461538463,0.0014024785294117646
41,0.00139708,1556186400,0.0013973,0.00139708,0.0013973,7.3506899,0.0102696,0.00139709,0.005678076666666532,0.22540672769230757,0.501056688529412,0.0013890700000000011,0.0014014353846153846,0.0014010394117647059
42,0.00139706,1556193600,0.00140407,0.00139706,0.00139709,4.08747755,0.00572182,0.00139984,0.007382379999999865,0.2240794446153845,0.4863239600000002,0.001390366666666668,0.0014022246153846153,0.0013997017647058823
43,0.00137617,1556200800,0.00138032,0.00137616,0.00138012,17.48438825,0.02408583,0.00137756,0.013359083333333197,0.22433774923076916,0.4393155067647061,0.0013901033333333344,0.0014006553846153845,0.0013994770588235295
44,0.00131956,1556208000,0.00139123,0.0012876,0.00137616,295.20965263,0.38668325,0.00130985,0.13883029999999985,0.2539982338461538,0.4456164676470591,0.0013642633333333343,0.0013947323076923075,0.001395730588235294
45,0.00131385,1556215200,0.00131957,0.00128002,0.00129002,161.14788027,0.20840644,0.00129326,0.20639183999999985,0.23914545846153837,0.448662358529412,0.0013365266666666676,0.0013871769230769228,0.001392624411764706
46,0.00130008,1556222400,0.00131463,0.00130004,0.00131463,18.29944845,0.02396187,0.00130943,0.20635051999999987,0.12722991076923068,0.4287787911764709,0.0013111633333333344,0.0013782792307692302,0.0013893617647058824
47,0.00131462,1556229600,0.00131462,0.00131458,0.00131458,47.57483287,0.06254182,0.00131459,0.09830337666666654,0.12405643384615375,0.4282427697058826,0.0013095166666666676,0.0013699061538461532,0.0013855958823529415
48,0.00131956,1556236800,0.00131956,0.0013,0.00130056,24.47270763,0.03206571,0.00131026,0.03952313333333319,0.1254742276923076,0.2632779464705885,0.0013114200000000009,0.0013614523076923072,0.0013827470588235295
49,0.00130021,1556244000,0.00131956,0.00130004,0.00130384,39.92171398,0.0525743,0.00131693,0.04906060999999986,0.10917227769230758,0.25175235735294144,0.0013114633333333344,0.0013536530769230764,0.001379808235294118
50,0.0013067,1556251200,0.00130806,0.00130004,0.00130806,35.1155573,0.04588619,0.00130671,0.04350873333333319,0.11245688384615374,0.24901260794117672,0.0013088233333333344,0.0013467838461538456,0.001375593529411765
51,0.00130669,1556258400,0.00130669,0.0013,0.00130002,53.55842609,0.06962736,0.00130002,0.05602928333333319,0.07142990923076911,0.1747456567647061,0.0013045333333333343,0.001340131538461538,0.001373029411764706
52,0.00130669,1556265600,0.00130669,0.00130669,0.00130669,0.0,0.0,0.00130669,0.03850451666666652,0.0713830699999999,0.1729792561764708,0.0013066933333333343,0.0013334792307692302,0.0013712814705882355
53,0.00131006,1556272800,0.00131008,0.0013,0.00130669,277.68013955,0.36291142,0.00130694,0.1441795933333332,0.09882581615384606,0.1668339079411767,0.0013078133333333344,0.0013283330769230765,0.0013683914705882357
54,0.00131,1556280000,0.00135857,0.00127783,0.00131006,597.95142454,0.78172252,0.00130733,0.38154464666666654,0.15816834846153835,0.18430217911764726,0.0013089166666666674,0.001321634615384615,0.0013667400000000002
55,0.00131,1556287200,0.00131,0.00129714,0.00129716,16.80246942,0.02179852,0.00129734,0.38881081999999983,0.15940501769230758,0.1762938600000002,0.0013100200000000005,0.001314937692307692,0.0013641770588235297
56,0.00136079,1556294400,0.00136079,0.00130077,0.00131,81.66882241,0.10902193,0.00133492,0.3041809899999998,0.1659385638461537,0.17276632029411787,0.0013269300000000005,0.001313754615384615,0.0013635847058823532
57,0.00139578,1556301600,0.00141936,0.00137093,0.00137093,544.65984696,0.7654808,0.00140542,0.2987670833333331,0.1950768369230768,0.18768083205882372,0.001355523333333334,0.001319617692307692,0.001364184705882353
58,0.00140995,1556308800,0.00140995,0.00137628,0.00139525,4.18300781,0.00580749,0.00138835,0.2934367399999998,0.17949230230769217,0.1872917917647061,0.0013888400000000006,0.0013270099999999998,0.0013646782352941178
59,0.00140855,1556316000,0.00140996,0.0013745,0.00140995,153.33134733,0.21593055,0.00140826,0.3290729466666665,0.1942591238461537,0.1828973100000002,0.0014047600000000006,0.001335353846153846,0.0013654244117647062
60,0.00140633,1556323200,0.00140888,0.00138306,0.00140754,81.72837834,0.11490399,0.00140592,0.11221400999999982,0.19828698307692297,0.18393304852941197,0.0014082766666666672,0.0013424084615384615,0.001366199411764706
61,0.0013863,1556330400,0.00139828,0.0013863,0.00139828,0.93313729,0.00130155,0.00139481,0.11071202999999981,0.19592050923076915,0.18396807235294138,0.0014003933333333338,0.0013475423076923078,0.001366439411764706
62,0.00139,1556337600,0.00139,0.00137176,0.00138632,9.08149402,0.01250231,0.00137668,0.042902616666666483,0.19283804846153837,0.18333009205882375,0.0013942100000000005,0.0013544492307692307,0.001366694411764706
63,0.00139569,1556344800,0.00141792,0.00138863,0.00138863,123.48729051,0.17437843,0.00141211,0.06272742999999982,0.20272206692307682,0.1877830900000002,0.0013906633333333337,0.0013612946153846153,0.0013669558823529414
64,0.00141786,1556352000,0.00141789,0.00139572,0.00141788,250.13642914,0.35455471,0.00141744,0.18047848333333316,0.22463955538461527,0.19760152647058846,0.0014011833333333337,0.001369846153846154,0.0013675820588235296
65,0.001404,1556359200,0.001404,0.00137093,0.00139965,140.24256958,0.19234596,0.00137152,0.2404263666666665,0.23943539846153833,0.2032264973529414,0.0014058500000000004,0.0013773315384615385,0.0013678008823529413
66,0.00137093,1556366400,0.00139,0.00137093,0.00138617,514.68976755,0.70918456,0.00137788,0.41869507666666655,0.26607179384615376,0.21227626323529436,0.0013975966666666673,0.001382013846153846,0.0013665908823529414
67,0.00138412,1556373600,0.00138999,0.00137093,0.00138999,85.10549925,0.11719344,0.00137703,0.33957465333333325,0.2149541723076922,0.17222712941176496,0.0013863500000000006,0.0013877153846153845,0.0013656605882352943
68,0.001381,1556380800,0.001381,0.00137093,0.00137097,304.51891685,0.41747657,0.00137093,0.41461818999999994,0.24539094538461528,0.181452998529412,0.0013786833333333341,0.0013931769230769232,0.0013644114705882355
69,0.001394,1556388000,0.00141935,0.001381,0.001381,460.14998053,0.65068482,0.00141407,0.3951182766666666,0.2870573215384614,0.2001897758823532,0.001386373333333334,0.0013957315384615385,0.0013633685294117649
70,0.00140558,1556395200,0.00142,0.00139402,0.00141129,238.74824393,0.33799974,0.00141571,0.4687203766666666,0.25417416307692303,0.20235154323529436,0.0013935266666666674,0.0013964853846153845,0.0013634855882352942
71,0.00141489,1556402400,0.00141489,0.00137095,0.0014056,71.72629248,0.1005787,0.00140225,0.36308775333333326,0.26146425615384605,0.20521602529411787,0.0014048233333333342,0.0013968653846153844,0.0013640411764705884
72,0.00141404,1556409600,0.00142999,0.00141404,0.00141489,161.96976702,0.23109969,0.0014268,0.22322604333333326,0.262631113076923,0.19427842705882375,0.001411503333333334,0.0013972876923076922,0.0013646550000000002
73,0.00142998,1556416800,0.00142998,0.00142998,0.00142998,6.58417445,0.00941523,0.00142998,0.11369787333333325,0.254516593076923,0.19453743647058844,0.0014196366666666673,0.001399106923076923,0.0013657376470588237
74,0.00141835,1556424000,0.0014399,0.00141401,0.00142998,196.88396543,0.28144996,0.00142952,0.17398829333333324,0.27606647076923074,0.20263432588235314,0.0014207900000000006,0.0014015723076923074,0.0013669550000000002
75,0.0014211,1556431200,0.0014211,0.0014211,0.0014211,1.40736,0.00199999,0.0014211,0.09762172666666658,0.27525859999999996,0.20239110205882374,0.0014231433333333338,0.0014039646153846154,0.0013676614705882355
76,0.00143226,1556438400,0.00143226,0.00141911,0.00141913,4.13150025,0.00586481,0.00141953,0.09643825333333324,0.26229601384615375,0.20239530764705904,0.0014239033333333338,0.0014067776923076922,0.0013686967647058826
77,0.00144124,1556445600,0.00145996,0.00141513,0.00141513,292.99644237,0.42717856,0.00145796,0.1450144533333332,0.2678824638461538,0.21425097617647082,0.0014315333333333336,0.0014085761538461538,0.0013706105882352942
78,0.00143678,1556452800,0.00145996,0.0014362,0.00144126,125.0265535,0.18233018,0.00145833,0.20512451666666656,0.26711201923076916,0.2082405917647061,0.0014367600000000005,0.0014110976923076923,0.0013740582352941178
79,0.0014315,1556460000,0.00143682,0.00140973,0.0014368,86.46614294,0.12252192,0.00141699,0.24401021999999992,0.2219841238461538,0.20571457647058844,0.0014365066666666671,0.001415756923076923,0.001377518529411765
80,0.00143109,1556467200,0.00143118,0.00143108,0.00143118,13.65326311,0.019539,0.00143108,0.10813036666666657,0.21447224384615382,0.20558449205882373,0.001433123333333334,0.0014193699999999999,0.0013813717647058828
81,0.00143109,1556474400,0.00143109,0.00143109,0.00143109,17.70145706,0.02533237,0.00143109,0.05579776333333323,0.18430730538461537,0.20449009647058847,0.0014312266666666677,0.0014232230769230768,0.0013847973529411768
82,0.00143302,1556481600,0.00143302,0.00143109,0.00143109,31.7335806,0.04542341,0.00143139,0.030098259999999894,0.13774873538461538,0.2048829700000002,0.0014317333333333342,0.0014262246153846153,0.0013881344117647064
83,0.00143801,1556488800,0.00145995,0.00143302,0.00143302,20.43341059,0.0297623,0.00145655,0.03350602666666656,0.11403816307692308,0.20421202882352962,0.0014340400000000008,0.0014287192307692307,0.0013921873529411767
84,0.001435,1556496000,0.00145994,0.001435,0.00145699,49.46924476,0.07172712,0.00144993,0.04897094333333323,0.11181881076923077,0.2049720561764708,0.0014353433333333338,0.0014302661538461538,0.0013959608823529413
85,0.00144044,1556503200,0.00145996,0.00143979,0.00145093,145.39298162,0.21214758,0.00145913,0.10454566666666655,0.11036095615384614,0.20916382735294137,0.0014378166666666671,0.0014322969230769233,0.001399894705882353
86,0.00143734,1556510400,0.00143734,0.00143734,0.00143734,0.10078034,0.00014485,0.00143734,0.0946731833333332,0.10964784999999999,0.20916808764705902,0.001437593333333334,0.001432863076923077,0.0014037373529411767
87,0.00145382,1556517600,0.00145382,0.00145382,0.00145382,8.25405996,0.01199991,0.00145382,0.0747641133333332,0.08892092307692306,0.19884716088235316,0.0014438666666666672,0.0014355915384615388,0.0014079655882352944
88,0.00143109,1556524800,0.001435,0.00143109,0.001435,20.99216382,0.03006064,0.00143199,0.014068466666666538,0.0910794346153846,0.17673945852941197,0.0014407500000000004,0.00143636,0.00141152705882353
89,0.0014564,1556532000,0.0014564,0.00145035,0.00145035,3.45241946,0.00501387,0.00145227,0.015691473333333206,0.09101397769230767,0.1762457923529414,0.0014471033333333337,0.001438216923076923,0.001415832941176471
90,0.00140052,1556539200,0.00143756,0.00137093,0.00143756,1008.85510071,1.38862934,0.00137644,0.4745679499999999,0.16497173,0.21388130441176492,0.001429336666666667,0.0014350846153846153,0.001417001470588236
91,0.00138396,1556546400,0.00140368,0.00136,0.00137812,186.53482284,0.25679855,0.00137667,0.5501472533333333,0.17070006615384617,0.1989200617647061,0.0014136266666666668,0.0014310215384615384,0.0014166538235294123
92,0.00135855,1556553600,0.00136153,0.0013,0.00136153,579.41702357,0.77727965,0.00134148,0.8075691799999999,0.2210660453846154,0.22161041941176493,0.0013810100000000002,0.00142541,0.00141514205882353
93,0.00135352,1556560800,0.00136998,0.00135352,0.00136153,131.12880817,0.17853693,0.00136153,0.40420504333333324,0.2332966553846154,0.22051060705882375,0.0013653433333333338,0.0014194430769230771,0.0014135235294117652
94,0.00136898,1556568000,0.00136998,0.00136127,0.00136998,4.92859511,0.00671323,0.00136209,0.32084326999999985,0.23186441384615383,0.21732852588235316,0.0013603500000000004,0.0014146653846153847,0.0014124250000000004
95,0.00137136,1556575200,0.00138006,0.00136194,0.00136194,10.6214359,0.01454994,0.00136986,0.06660003333333316,0.22948953153846155,0.2177181844117649,0.0013646200000000004,0.0014099223076923077,0.0014119855882352946
96,0.00138965,1556582400,0.0014349,0.00138459,0.00138459,141.78170166,0.20055906,0.00141456,0.07394074333333316,0.24262774384615388,0.22324926529411784,0.001376663333333334,0.0014062023076923077,0.0014119752941176475
97,0.0014013,1556589600,0.00143591,0.00135805,0.00142462,330.90147593,0.45491696,0.00137478,0.2233419866666665,0.27210388538461544,0.23150039852941195,0.0013874366666666675,0.00140361,0.0014121402941176477
98,0.00140135,1556596800,0.00143721,0.00135802,0.00135802,169.89336651,0.23869014,0.00140494,0.2980553866666665,0.2741456207692308,0.22809261705882372,0.001397433333333334,0.001400603076923077,0.0014116547058823535
99,0.00139485,1556604000,0.0014387,0.00136169,0.00142138,39.23113116,0.05483498,0.00139774,0.24948069333333314,0.27835255384615387,0.22404817647058842,0.0013991666666666675,0.0013973346153846153,0.0014113855882352947
100,0.00139367,1556611200,0.00139367,0.00139367,0.00139367,3.51419439,0.00489762,0.00139367,0.0994742466666665,0.2778062238461539,0.20333385470588256,0.0013966233333333343,0.0013927076923076923,0.0014120544117647066
101,0.0014,1556618400,0.0014,0.00139621,0.00139621,9.5889645,0.01341057,0.00139854,0.024381056666666512,0.27652544923076927,0.20028141735294136,0.0013961733333333344,0.0013903161538461536,0.0014125214705882358
102,0.00138998,1556625600,0.00139942,0.00137476,0.00139367,11.12088526,0.0153302,0.0013785,0.011212796666666512,0.27731901307692314,0.18845358294117667,0.0013945500000000007,0.0013852069230769228,0.0014127855882352946
103,0.00138807,1556632800,0.00138999,0.00137394,0.00138998,1239.50083418,1.71613539,0.00138453,0.5816253866666665,0.3025117861538462,0.2197903644117649,0.0013926833333333343,0.0013842492307692307,0.0014126111764705886
104,0.00134072,1556640000,0.00138784,0.00130018,0.00138774,666.82273284,0.90141869,0.00135181,0.8776280933333331,0.3520979507692309,0.23636151000000016,0.001372923333333334,0.001380923076923077,0.001410703529411765
105,0.00133322,1556647200,0.0013589,0.00132,0.0013589,277.74870745,0.36854919,0.00132691,0.9953677566666664,0.32065714615384633,0.24424299500000016,0.0013540033333333341,0.0013789746153846153,0.0014083014705882355
106,0.00139428,1556654400,0.00142,0.00133234,0.00133234,1094.4955419,1.52868252,0.0013967,0.9328834666666665,0.4245144992307694,0.2824071958823531,0.0013560733333333342,0.00138211,0.0014077202941176472
107,0.00141595,1556661600,0.001425,0.00139437,0.00139437,469.01136493,0.66660881,0.0014213,0.8546135066666666,0.4752756976923079,0.30173641882352953,0.001381150000000001,0.001385723076923077,0.0014073076470588238
108,0.00136736,1556668800,0.00141307,0.00136736,0.00141307,7.55246044,0.01045412,0.0013842,0.7352484833333333,0.4749606346153848,0.29376595294117663,0.0013925300000000005,0.0013854153846153848,0.0014058079411764708
109,0.00137792,1556676000,0.00137792,0.00137792,0.00137792,0.0971071,0.0001338,0.00137792,0.22573224333333322,0.45954330692307716,0.29371106500000016,0.0013870766666666673,0.0013845130769230773,0.0014045379411764707
110,0.00137306,1556683200,0.00139504,0.00134815,0.00139504,62.09888874,0.08440605,0.00135922,0.03166465666666655,0.4310424676923079,0.2960211014705884,0.0013727800000000005,0.0013823407692307695,0.0014027967647058826
111,0.00139002,1556690400,0.00139662,0.00136767,0.00137214,129.09825886,0.17918861,0.001388,0.08790948666666654,0.4264654269230771,0.2887272794117649,0.001380333333333334,0.001381469230769231,0.0014012902941176473
112,0.00140112,1556697600,0.00142,0.00138997,0.00138997,153.58549644,0.21678035,0.00141146,0.1601250033333332,0.43892276307692324,0.28974051970588255,0.0013880666666666677,0.0013819515384615386,0.0014002414705882355
113,0.0013866,1556704800,0.00147557,0.00138653,0.00140171,2173.21573777,3.18375445,0.00146499,1.1932411366666664,0.6834502115384617,0.3797767705882355,0.0013925800000000011,0.0013814076923076926,0.0013989208823529413
114,0.00142385,1556712000,0.00146095,0.00140281,0.00144695,43.09637228,0.0615678,0.0014286,1.1540341999999997,0.6871546138461541,0.3810129117647061,0.0014038566666666676,0.001383242307692308,0.0013987079411764706
115,0.00139993,1556719200,0.00142385,0.00139522,0.00142385,27.13945061,0.03793209,0.00139767,1.094418113333333,0.6888932207692311,0.38138349176470615,0.0014034600000000011,0.001384007692307693,0.0013977914705882353
116,0.00141891,1556726400,0.00141891,0.00141475,0.00141475,30.4873552,0.04316311,0.00141577,0.04755433333333311,0.5602030453846157,0.38131701235294146,0.001414230000000001,0.0013863800000000006,0.0013973764705882354
117,0.00142375,1556733600,0.00146119,0.00142049,0.00142049,58.83269996,0.08411936,0.0014298,0.05507151999999977,0.49733386615384645,0.382915749411765,0.0014141966666666678,0.0013927669230769239,0.0013969570588235295
118,0.00142917,1556740800,0.00142917,0.00142917,0.00142917,2.09123365,0.00298872,0.00142917,0.04342372999999977,0.4692138300000003,0.38089403176470615,0.0014239433333333345,0.0014001476923076932,0.0013967855882352942
119,0.001474,1556748000,0.001475,0.0014447,0.0014447,120.24836089,0.17562452,0.00146051,0.08757753333333311,0.3651324453846157,0.3798198241176473,0.001442306666666668,0.0014062800000000006,0.0013977726470588237
120,0.00145993,1556755200,0.00145993,0.00144489,0.00144566,7.20928626,0.01047464,0.00145293,0.0630292933333331,0.3146605861538465,0.38012364147058847,0.0014543666666666677,0.0014096630769230775,0.0013984370588235296
121,0.00147556,1556762400,0.00147556,0.00144459,0.00145992,326.7507545,0.47805132,0.00146304,0.2213834933333331,0.35062960153846184,0.3938310358823532,0.0014698300000000012,0.0014179861538461543,0.0013990764705882354
122,0.0014567,1556769600,0.00147556,0.00145664,0.00147556,164.09283503,0.24206116,0.00147514,0.24352903999999978,0.3692393984615387,0.40006634529411794,0.0014640633333333347,0.0014240461538461543,0.0013998297058823528
123,0.00145209,1556776800,0.00147556,0.00144458,0.00145686,56.82747247,0.08368981,0.00147269,0.26793409666666645,0.3691843030769233,0.402380343529412,0.0014614500000000013,0.0014301253846153853,0.0013997029411764708
124,0.00144741,1556784000,0.00146623,0.0014267,0.00145228,37.0818656,0.0541838,0.00146119,0.12664492333333313,0.3595685484615387,0.3631319452941179,0.001452066666666668,0.0014345400000000006,0.0014010820588235295
125,0.00145492,1556791200,0.00147184,0.00142173,0.00144743,247.9045618,0.36145581,0.00145804,0.1664431399999998,0.3706974300000002,0.3662101000000003,0.0014514733333333347,0.0014386784615384623,0.001403169117647059
126,0.00146716,1556798400,0.00146716,0.00145101,0.00145492,17.16521061,0.02497407,0.00145492,0.14687122666666644,0.12771432384615405,0.34408346529411793,0.0014564966666666679,0.0014448753846153853,0.001406363529411765
127,0.00144481,1556805600,0.00147174,0.00144481,0.00146716,29.88254487,0.04354857,0.00145732,0.1433261499999998,0.12632822923076945,0.34011321941176503,0.0014556300000000012,0.0014464876923076932,0.001409048529411765
128,0.00146568,1556812800,0.00146568,0.00142852,0.00144704,41.07510694,0.06006318,0.00146227,0.042861939999999786,0.128030620769231,0.3416823355882356,0.001459216666666668,0.0014515453846153854,0.0014118926470588237
129,0.00144667,1556820000,0.00147176,0.00144667,0.00146294,195.55682171,0.28744095,0.00146985,0.13035089999999977,0.14682122384615406,0.34970854176470617,0.001452386666666668,0.0014536807692307702,0.0014141076470588236
130,0.00138215,1556827200,0.0014511,0.00135986,0.00145109,520.05337145,0.72950354,0.00140274,0.3590025566666664,0.19646616076923099,0.36526573235294146,0.0014315000000000016,0.0014504807692307699,0.0014138870588235296
131,0.0013892,1556834400,0.0013892,0.00138919,0.00138919,9.1854301,0.0127603,0.00138919,0.34323492999999977,0.197217820769231,0.35226112470588267,0.0014060066666666683,0.0014474061538461544,0.0014135311764705883
132,0.00138438,1556841600,0.00139618,0.00137956,0.0013892,44.19292956,0.06133361,0.00138786,0.2678658166666665,0.18842621230769255,0.3470447561764709,0.001385243333333335,0.0014405123076923084,0.0014130320588235292
133,0.00138003,1556848800,0.00142314,0.00137752,0.00138227,29.42326509,0.04069914,0.00138323,0.0382643499999998,0.1907511738461541,0.34662899617647086,0.0013845366666666685,0.0014343661538461549,0.001412596176470588
134,0.0013929,1556856000,0.0013929,0.00138814,0.00138814,10.71756723,0.01488823,0.00138914,0.0389736599999998,0.15512324384615409,0.3469228376470591,0.0013857700000000017,0.0014280076923076932,0.0014125735294117645
135,0.00137654,1556863200,0.00140692,0.00133336,0.00139722,278.34979895,0.38073298,0.00136782,0.14544011666666648,0.16579030692307717,0.35772643794117676,0.0013831566666666682,0.0014218415384615393,0.0014118835294117647
136,0.00137346,1556870400,0.00137346,0.00133334,0.00135789,357.39127654,0.47835718,0.00133846,0.2913261299999998,0.19614933538461563,0.37134487852941206,0.0013809666666666682,0.0014157930769230778,0.0014113976470588234
137,0.00133333,1556877600,0.00137103,0.00133333,0.00137103,56.74728101,0.07644785,0.00134716,0.3118460033333332,0.19786195461538486,0.323118774411765,0.0013611100000000015,0.0014070176923076934,0.0014097876470588236
138,0.00136549,1556884800,0.00136549,0.00133006,0.00135453,240.56758319,0.32460152,0.00134931,0.29313551666666654,0.1950270092307695,0.3061535635294121,0.0013574266666666684,0.0014001384615384626,0.0014105161764705883
139,0.00133218,1556892000,0.00149247,0.00127453,0.00137209,4105.06755051,5.89704041,0.00143652,2.09936326,0.6467244200000002,0.46875624647058856,0.0013436666666666684,0.0013897553846153857,0.0014104855882352942
140,0.00130678,1556899200,0.00137599,0.00127452,0.00133342,997.73478888,1.33778112,0.00134081,2.519807683333333,0.7462807700000003,0.463141499411765,0.0013348166666666687,0.0013791376923076933,0.0014079120588235295
141,0.00138,1556906400,0.00138,0.00132638,0.00132638,370.2991121,0.50203705,0.00135576,2.57895286,0.7802787600000003,0.45830115352941203,0.0013396533333333352,0.001372546923076924,0.0014068547058823531
142,0.00135667,1556913600,0.00140918,0.00132609,0.00134911,1198.19769388,1.62434968,0.00135566,1.1547226166666666,0.8831178930769232,0.5057686700000003,0.0013478166666666686,0.0013656238461538471,0.001406540294117647
143,0.00136672,1556920800,0.00139196,0.00131013,0.00136032,1572.87436934,2.12997211,0.00135419,1.41878628,0.990846244615385,0.5684109732352943,0.0013677966666666684,0.001364436923076924,0.0014062108823529413
144,0.00138201,1556928000,0.0013824,0.00137926,0.00137926,32.69299248,0.04519179,0.0013823,1.2665045266666664,0.993340974615385,0.5672576126470591,0.0013684666666666683,0.001363883846153847,0.001406474117647059
145,0.00136385,1556935200,0.00138201,0.00134047,0.00138201,315.05512021,0.43462268,0.00137951,0.8699288599999999,1.0220555184615387,0.574770379411765,0.0013708600000000015,0.0013623046153846163,0.0014057044117647061
146,0.00135431,1556942400,0.00136576,0.0013418,0.00136339,197.73149678,0.26733885,0.00135202,0.24905110666666644,1.0394893423076927,0.5762573941176474,0.001366723333333335,0.0013603261538461546,0.0014043276470588238
147,0.00136663,1556949600,0.001368,0.00135368,0.00135368,19.09543281,0.02599055,0.00136108,0.2426506933333331,1.0403433669230773,0.483381985294118,0.0013615966666666683,0.0013583053846153855,0.0014037402941176472
148,0.00132547,1556956800,0.00136663,0.00131001,0.00136663,401.49362631,0.53582827,0.00133458,0.2763858899999998,1.0522737738461543,0.4973308226470592,0.001348803333333335,0.001354376923076924,0.0014008467647058827
149,0.00132546,1556964000,0.00132547,0.00131001,0.00132547,3.77073317,0.00496763,0.00131741,0.18892881666666647,1.0158591930769234,0.4963612797058827,0.0013391866666666687,0.0013506846153846163,0.0013986564705882356
150,0.001315,1556971200,0.00132547,0.00131002,0.00132545,145.94134802,0.1919717,0.0013154,0.24425586666666646,1.0247456430769235,0.5007380029411769,0.0013219766666666688,0.0013492746153846162,0.0013956002941176472
151,0.00138513,1556978400,0.00138513,0.001315,0.00131516,296.81972728,0.4066138,0.0013699,0.20118437666666653,1.0310542800000004,0.5102231335294122,0.0013418633333333353,0.0013507853846153853,0.0013944644117647059
152,0.00135195,1556985600,0.0014,0.00135188,0.00138676,128.70971775,0.17978527,0.00139682,0.2594569233333332,0.5912654230769235,0.5154230320588239,0.0013506933333333356,0.0013523061538461547,0.0013921932352941176
153,0.00138748,1556992800,0.00140296,0.00138733,0.00138733,35.64634702,0.04983628,0.00139807,0.21207844999999984,0.4921927430769235,0.5117233779411768,0.0013748533333333354,0.001358513846153847,0.0013896485294117647
154,0.00136234,1557000000,0.00139999,0.00136234,0.00139998,157.34337142,0.21831597,0.00138751,0.1493125066666665,0.47036804461538506,0.5178363582352944,0.0013672566666666688,0.0013571553846153856,0.0013867782352941177
155,0.00136234,1557007200,0.001364,0.00136234,0.001364,3.46467331,0.0047249,0.00136373,0.09095904999999983,0.34578152307692356,0.5039149929411768,0.0013707200000000021,0.0013575915384615395,0.001383448235294118
156,0.00136895,1557014400,0.00136895,0.00136895,0.00136895,0.07764125,0.00010628,0.00136895,0.07438238333333318,0.18194569000000044,0.49679867294117686,0.0013645433333333353,0.001357763076923078,0.0013808673529411768
157,0.00135757,1557021600,0.00135757,0.00135354,0.00135354,3.7217956,0.00504353,0.00135513,0.0032915699999998362,0.17885736230769272,0.49448554705882386,0.0013629533333333352,0.001355883076923078,0.0013780873529411768
158,0.00134292,1557028800,0.00135755,0.0013429,0.00135755,4.09752876,0.00551493,0.00134591,0.00355491333333317,0.14584907384615425,0.4930541097058827,0.001356480000000002,0.0013542730769230782,0.001375014117647059
159,0.00132492,1557036000,0.00138177,0.00130002,0.00134292,744.6242929,0.99952557,0.00134232,0.3366946766666665,0.20217112923076963,0.5118208673529415,0.0013418033333333355,0.0013520123076923088,0.0013711905882352942
160,0.00132462,1557043200,0.00136585,0.00132,0.00132031,53.44770744,0.0710164,0.0013287,0.3586856333333332,0.20563465615384655,0.5131750535294122,0.0013308200000000023,0.0013487807692307702,0.0013669982352941177
161,0.00136539,1557050400,0.00137826,0.00132002,0.00134443,439.95654632,0.59513098,0.0013527,0.5552243166666665,0.21019640307692347,0.5293980655882358,0.0013383100000000023,0.0013518515384615395,0.0013646623529411767
162,0.00136852,1557057600,0.0014,0.00132002,0.00136634,429.13469241,0.58479099,0.00136272,0.4169794566666665,0.2547982000000004,0.5448312364705886,0.0013528433333333354,0.0013551638461538475,0.001361804705882353
163,0.00132253,1557064800,0.00137044,0.00132253,0.00137044,208.67727152,0.27898628,0.00133692,0.4863027499999999,0.26149162923076963,0.5445825697058828,0.0013521466666666685,0.0013557430769230781,0.001358153529411765
164,0.0013416,1557072000,0.0013416,0.00132,0.00132998,104.33128655,0.1377775,0.00132057,0.3338515899999999,0.24081191384615422,0.5271788626470593,0.0013442166666666686,0.0013523946153846166,0.0013569608823529415
165,0.00133296,1557079200,0.00133296,0.00131161,0.00132002,9.2340436,0.01215786,0.00131663,0.14297387999999997,0.22791749769230807,0.5271611438235297,0.0013323633333333354,0.0013509338461538472,0.0013553067647058827
166,0.00135661,1557086400,0.00138827,0.00131224,0.00131224,806.15832137,1.08317679,0.00134362,0.41103738333333334,0.3074052292307696,0.5572153550000004,0.0013437233333333356,0.0013485592307692319,0.0013544900000000005
167,0.00137826,1557093600,0.00141,0.00135885,0.00135885,269.22497133,0.37669441,0.00139918,0.49067635333333337,0.31958818615384654,0.5670975688235298,0.0013559433333333356,0.0013497838461538473,0.0013544379411764712
168,0.00138149,1557100800,0.00138149,0.00137973,0.00137973,0.45650207,0.00063033,0.00138078,0.4868338433333333,0.31927321923076957,0.5666782188235298,0.001372120000000002,0.001351256923076924,0.001354102352941177
169,0.00139438,1557108000,0.0014,0.00137238,0.00138149,65.24116665,0.09114951,0.00139711,0.15615808333333328,0.326276544615385,0.5581610579411768,0.0013847100000000019,0.001353213076923078,0.0013546270588235298
170,0.00146165,1557115200,0.00149247,0.00138533,0.00139438,1586.21639979,2.34226318,0.00147663,0.8113476733333332,0.506062671538462,0.6129818226470591,0.0014125066666666687,0.001361219230769232,0.0013572208823529417
171,0.00138066,1557122400,0.00145999,0.00134006,0.00145999,788.37799203,1.07765594,0.00136692,1.17035621,0.5885350569230773,0.642429119411765,0.001412230000000002,0.0013641223076923089,0.0013586129411764709
172,0.00135586,1557129600,0.00135615,0.00134009,0.00135398,102.2477444,0.13721965,0.00134203,1.1857129233333332,0.5222038323076925,0.6369178879411767,0.0013993900000000019,0.0013665023076923088,0.0013583297058823534
173,0.00134009,1557136800,0.00134022,0.00134009,0.00134022,30.37324204,0.04070626,0.0013402,0.41852728333333333,0.5198722830769233,0.4646727658823532,0.0013588700000000016,0.001367692307692309,0.001358562352941177
174,0.00136775,1557144000,0.00136816,0.00134221,0.00134998,363.98940229,0.49426738,0.00135791,0.22406442999999995,0.5121135446153849,0.43986353823529434,0.0013545666666666685,0.0013678738461538472,0.0013603555882352946
175,0.00134229,1557151200,0.00138174,0.0013422,0.00134577,1061.46019255,1.43850421,0.00135521,0.6578259499999999,0.5777837923076926,0.46740669000000024,0.0013500433333333353,0.0013658561538461547,0.0013592464705882358
176,0.00134423,1557158400,0.00134423,0.00132828,0.0013423,611.15318117,0.81991403,0.00134158,0.9175618733333333,0.6193936192307695,0.4437468179411767,0.0013514233333333351,0.0013675253846153856,0.001358880588235295
177,0.00134009,1557165600,0.00135993,0.001321,0.00134,569.70029447,0.76343258,0.00134006,1.0072836066666666,0.6675209330769233,0.4035544788235296,0.0013422033333333353,0.0013674092307692316,0.001358097352941177
178,0.00135508,1557172800,0.0013822,0.00134019,0.00134036,110.14552119,0.15202682,0.00138023,0.5784578099999999,0.678280083846154,0.4066966855882355,0.0013464666666666684,0.0013691107692307702,0.0013573052941176478
179,0.0013999,1557180000,0.0014,0.00138163,0.00138163,1315.37210169,1.83950216,0.00139846,0.9183205199999999,0.7364589584615386,0.44801667029411785,0.001365023333333335,0.00137244076923077,0.001358365588235295
180,0.00141141,1557187200,0.00141141,0.00139992,0.0014,194.81215519,0.27297915,0.00140124,0.7548360433333331,0.7284808615384617,0.44818256147058844,0.0013887966666666686,0.00137499076923077,0.001360045000000001
181,0.00141585,1557194400,0.00141585,0.00140131,0.00141141,12.03224691,0.01699616,0.00141255,0.7098258233333331,0.7297397715384617,0.4479180205882355,0.0014090533333333353,0.001377633846153847,0.0013614926470588244
182,0.00141996,1557201600,0.00141996,0.00141585,0.00141585,15.77068396,0.02239342,0.00141993,0.10412290999999985,0.7244508415384617,0.4328169955882355,0.001415740000000002,0.0013796015384615393,0.0013642717647058833
183,0.00141997,1557208800,0.001425,0.00141996,0.00141998,37.17958034,0.05287984,0.00142228,0.030756473333333183,0.5483444307692309,0.4342261782352943,0.0014185933333333352,0.0013763953846153852,0.0013670514705882361
184,0.00141996,1557216000,0.00142405,0.00141996,0.00142405,11.77784713,0.01672867,0.00142035,0.03066730999999985,0.4667346407692309,0.42907197147058845,0.0014199633333333353,0.0013794184615384625,0.0013701385294117656
185,0.00142404,1557223200,0.00142404,0.00141996,0.00142,11.35058111,0.01611835,0.00142004,0.028575619999999854,0.4574191561538463,0.4175868111764708,0.0014213233333333353,0.0013846630769230779,0.0013712829411764715
186,0.00141996,1557230400,0.00142,0.00141996,0.00142,46.67665352,0.06628057,0.00141999,0.033042529999999855,0.45938641076923087,0.41424843764705904,0.001421320000000002,0.0013908069230769242,0.0013732832352941187
187,0.00141585,1557237600,0.00144993,0.00141585,0.00141996,467.21006762,0.66449541,0.00142226,0.24896477666666653,0.4724808746153847,0.4323266473529414,0.001419950000000002,0.0013945069230769241,0.0013741176470588247
188,0.00141588,1557244800,0.00141588,0.001415,0.00141585,78.23121882,0.11076177,0.00141582,0.28051258333333323,0.3703468407692308,0.429163288529412,0.001417230000000002,0.0014001676923076935,0.0013756923529411778
189,0.00135957,1557252000,0.001415,0.00130021,0.001415,843.28881706,1.11364164,0.00132059,0.6296329399999999,0.3929412723076924,0.4617784867647061,0.0013971000000000018,0.0014013476923076934,0.0013756108823529424
190,0.00136,1557259200,0.00139,0.00133947,0.0013594,344.04780605,0.46623553,0.00135514,0.5635463133333333,0.37007996076923083,0.47548817058823545,0.0013784833333333353,0.001402879230769232,0.0013753476470588248
191,0.00134764,1557266400,0.00134764,0.00133947,0.00134661,11.02300527,0.01478855,0.0013416,0.5315552399999999,0.3595231707692308,0.4757747888235296,0.0013557366666666684,0.0014023069230769242,0.0013750555882352954
192,0.001345,1557273600,0.00134764,0.001345,0.001345,65.23915432,0.08776451,0.00134527,0.18959619666666652,0.2247741207692308,0.4781938941176472,0.0013508800000000016,0.0013980838461538473,0.0013751167647058835
193,0.00135963,1557280800,0.00139526,0.001345,0.001345,138.26191514,0.19071842,0.00137939,0.09775715999999988,0.21844637230769237,0.4544054485294119,0.001350756666666668,0.0013941007692307706,0.0013761376470588246
194,0.00130024,1557288000,0.00135963,0.0013002,0.00135963,1979.96968244,2.61294271,0.00131968,0.9638085466666665,0.41813456846153857,0.5291679870588236,0.0013349566666666683,0.0013852076923076937,0.0013754205882352954
195,0.00132893,1557295200,0.00132893,0.0013002,0.00132539,512.99631688,0.66720556,0.0013006,1.1569555633333333,0.46773550230769245,0.5312878276470588,0.0013296000000000017,0.001378205384615386,0.0013743482352941189
196,0.00139996,1557302400,0.0014,0.001302,0.00132018,808.51060527,1.12216787,0.00138794,1.4674387133333333,0.5499884276923078,0.5470930300000001,0.001343043333333335,0.0013766661538461551,0.001375272941176472
197,0.0013648,1557309600,0.00149998,0.00134827,0.00136805,1817.15953755,2.67715597,0.00147326,1.488843133333333,0.7546366815384616,0.6176274326470589,0.001364563333333335,0.001372423076923078,0.0013765161764705894
198,0.001482,1557316800,0.001482,0.00137,0.00137,384.62803747,0.56585975,0.00147118,1.455061196666666,0.7969244815384617,0.6302180870588237,0.0014155866666666682,0.0013768815384615394,0.0013806455882352953
199,0.00137572,1557324000,0.001482,0.00137174,0.001482,324.16888603,0.47219038,0.00145661,1.2384020333333325,0.8281483130769233,0.6437484552941178,0.001407506666666668,0.0013734784615384624,0.0013819032352941187
200,0.00142315,1557331200,0.00142315,0.00137572,0.00137572,86.74757266,0.12160154,0.00140178,0.386550556666666,0.7863872461538464,0.6154668302941179,0.0014269566666666679,0.001374040000000001,0.001383860294117648
201,0.00142343,1557338400,0.00143492,0.00142205,0.00142912,62.63993735,0.08982495,0.00143398,0.22787228999999928,0.7847767215384618,0.6070294932352943,0.0014074333333333345,0.0013746207692307702,0.0013851888235294127
202,0.00142202,1557345600,0.00143057,0.00142202,0.00142348,12.23410318,0.01741763,0.00142369,0.07628137333333258,0.700451797692308,0.6075232373529414,0.0014228666666666675,0.0013794246153846163,0.0013863808823529422
203,0.00142202,1557352800,0.00142202,0.00142202,0.00142202,0.0,0.0,0.00142202,0.035747526666665926,0.6645875261538465,0.604842369411765,0.0014224900000000009,0.0013841953846153855,0.001387193823529413
204,0.00136707,1557360000,0.00142203,0.00136022,0.00142203,188.30084364,0.26146345,0.00138854,0.09296035999999924,0.6835625184615388,0.5436423773529414,0.001403703333333334,0.0013856900000000008,0.0013844120588235305
205,0.0013672,1557367200,0.0013887,0.0013403,0.0013661,97.46008538,0.13457633,0.00138083,0.13201325999999922,0.6871634276923081,0.5159047417647062,0.0013854300000000006,0.0013873976923076932,0.0013840161764705893
206,0.00138832,1557374400,0.00138832,0.00134347,0.00136847,77.8651494,0.10478982,0.00134578,0.1669431999999992,0.6805535353846158,0.5149509232352945,0.0013741966666666675,0.001389604615384616,0.0013849708823529421
207,0.00137498,1557381600,0.00137797,0.00134028,0.00137591,39.11305368,0.05278564,0.00134956,0.09738392999999922,0.48361837615384656,0.5153061991176474,0.001376833333333334,0.0013953538461538469,0.0013859970588235304
208,0.00137016,1557388800,0.00138881,0.0013549,0.00135496,14.5768332,0.02003741,0.0013746,0.05920428999999921,0.4338362107692311,0.5013582588235298,0.001377820000000001,0.0013985253846153854,0.0013860679411764716
209,0.00137,1557396000,0.00137665,0.0013649,0.00136491,6.81043688,0.00930643,0.00136649,0.02737649333333254,0.34823148461538495,0.45932303000000035,0.0013717133333333341,0.00139622076923077,0.0013868829411764715
210,0.00136865,1557403200,0.00138726,0.00136495,0.00136495,43.65821468,0.06021168,0.00137916,0.029851839999999203,0.14692807769230803,0.43697884323529446,0.0013696033333333343,0.001396516923076924,0.001387601176470589
211,0.00139215,1557410400,0.00139999,0.00138573,0.00138573,303.0153431,0.42087116,0.00138894,0.16346308999999923,0.13577510923076955,0.4269035073529416,0.0013769333333333341,0.0013896053846153853,0.0013891323529411773
212,0.0013449,1557417600,0.00138476,0.0013449,0.00138467,89.89862251,0.12267609,0.0013646,0.2012529766666659,0.10888939461538492,0.4260402505882357,0.0013685666666666673,0.0013872346153846159,0.0013888329411764714
213,0.00138978,1557424800,0.00139,0.0013449,0.00134494,188.54201065,0.25832646,0.00137012,0.2672912366666659,0.11940669615384647,0.3795350829411768,0.0013756100000000009,0.0013846676923076927,0.001388535294117648
214,0.00134876,1557432000,0.0014,0.00134491,0.00139282,365.72320073,0.50600175,0.00138356,0.29566809999999927,0.15142029615384647,0.3863886888235298,0.0013611466666666675,0.0013789238461538466,0.0013866926470588242
215,0.00134849,1557439200,0.00134931,0.00134849,0.00134876,44.77463709,0.06038447,0.00134863,0.2749042266666659,0.154725437692308,0.3876648155882357,0.001362343333333334,0.0013732676923076928,0.001384711470588236
216,0.00133996,1557446400,0.00135009,0.00133684,0.00134849,92.49197337,0.12449969,0.00134605,0.2302953033333326,0.16430233692307722,0.390667941176471,0.0013457366666666673,0.0013669553846153853,0.0013823585294117655
217,0.00132748,1557453600,0.00134,0.00132748,0.00133677,65.03977247,0.08658327,0.00133123,0.09048914333333258,0.1508500153846157,0.3916592185294122,0.0013386433333333338,0.0013639100000000005,0.0013796382352941183
218,0.00131,1557460800,0.00133969,0.00131,0.00132756,162.63077947,0.21531949,0.00132397,0.14213414999999924,0.15706102769230806,0.3975001250000004,0.0013258133333333337,0.0013595100000000004,0.0013764041176470595
219,0.00130608,1557468000,0.0013108,0.00130525,0.00131,81.70104616,0.1068897,0.0013083,0.13626415333333258,0.15722255692307727,0.4001698705882357,0.0013145200000000004,0.0013531838461538468,0.0013729347058823536
220,0.00130525,1557475200,0.00131009,0.00130525,0.00130608,86.62146681,0.11314888,0.00130624,0.1451193566666659,0.1618658830769234,0.4015483502941181,0.0013071100000000004,0.0013478200000000007,0.001369560882352942
221,0.0012826,1557482400,0.00130525,0.0012826,0.00130525,463.06232197,0.60238235,0.00130086,0.2741403099999993,0.20666164769230802,0.3997214955882357,0.0012979766666666671,0.0013410846153846163,0.0013656417647058832
222,0.0013026,1557489600,0.00130263,0.00128258,0.00129846,4.91171367,0.00631248,0.00128519,0.24061456999999928,0.20643134384615416,0.3966494576470593,0.001296816666666667,0.001335900000000001,0.0013623100000000007
223,0.00131424,1557496800,0.00138999,0.00129317,0.00129395,980.53204592,1.29730476,0.00132306,0.635333196666666,0.3015923500000003,0.4020513141176475,0.0012998133333333337,0.0013317146153846164,0.0013609767647058833
224,0.00131155,1557504000,0.00136726,0.00131155,0.00131424,69.44889397,0.09141926,0.00131635,0.465012166666666,0.2762498961538465,0.391027306176471,0.0013094633333333337,0.0013255146153846166,0.0013595517647058833
225,0.00129019,1557511200,0.00130092,0.00129019,0.0013009,7.32265035,0.00950342,0.00129781,0.46607581333333264,0.2675443061538465,0.390871861176471,0.001305326666666667,0.001321306153846155,0.0013578620588235303
226,0.00129002,1557518400,0.00133947,0.00129001,0.00130092,115.02874425,0.14986732,0.00130286,0.08359666666666594,0.25920129538461567,0.3926984144117651,0.0012972533333333338,0.0013136323076923088,0.001356245000000001
227,0.00133944,1557525600,0.00133944,0.00129062,0.00131192,66.02064741,0.08676328,0.00131418,0.08204467333333261,0.2269521823076926,0.38964091029411807,0.0013065500000000007,0.0013129153846153858,0.0013556511764705893
228,0.00128,1557532800,0.00131004,0.00127999,0.00129571,175.44887115,0.22605501,0.00128843,0.15422853666666594,0.23969607000000032,0.31943833088235335,0.0013031533333333338,0.0013076469230769241,0.0013550558823529422
229,0.00125239,1557540000,0.00127757,0.00122,0.00127757,186.73216785,0.23163611,0.00124047,0.18148479999999925,0.2479373330769234,0.3066274647058828,0.0012906100000000004,0.0013009107692307702,0.0013528047058823539
230,0.00122594,1557547200,0.00124569,0.0011184,0.00124569,433.58839395,0.52133345,0.00120236,0.3263415233333326,0.28137965461538494,0.2889558641176475,0.0012527766666666671,0.001293100000000001,0.0013476864705882364
231,0.00121021,1557554400,0.00122594,0.00111839,0.00122594,666.15385465,0.74596687,0.00111981,0.49964547666666587,0.3221986838461542,0.2321561847058828,0.0012295133333333338,0.0012854238461538472,0.0013431397058823542
232,0.00121749,1557561600,0.00122789,0.00111839,0.00119189,256.1312167,0.29695725,0.00115939,0.5214191899999993,0.336819264615385,0.2242472876470593,0.0012178800000000004,0.0012786092307692316,0.0013353600000000014
233,0.00126158,1557568800,0.00130078,0.0012,0.00122756,122.54216769,0.15212647,0.00124142,0.3983501966666659,0.33981754076923115,0.2148336432352946,0.0012297600000000005,0.0012752500000000008,0.001332002941176472
234,0.0012479,1557576000,0.00126144,0.00120782,0.00126144,75.51253924,0.0915609,0.00121252,0.18021487333333255,0.30052358307692345,0.21395009500000048,0.0012423233333333338,0.0012725807692307702,0.0013268485294117662
235,0.00123321,1557583200,0.00125006,0.00122614,0.00124732,197.07300856,0.24594239,0.00124797,0.1632099199999992,0.31895665307692345,0.2185417844117652,0.001247563333333334,0.0012672430769230776,0.0013212538235294132
236,0.00124094,1557590400,0.00124971,0.00120008,0.00123315,257.1109856,0.31369977,0.00122009,0.21706768666666587,0.24329473076923114,0.2272559650000005,0.001240683333333334,0.0012616046153846158,0.001315927941176472
237,0.00124999,1557597600,0.00124999,0.0011801,0.00120019,151.68654329,0.1814105,0.00119595,0.24701755333333253,0.25021713384615424,0.23259156794117697,0.001241380000000001,0.001256869230769231,0.001310868235294119
238,0.00103856,1557604800,0.00123784,0.00103856,0.00120676,333.12272983,0.39025009,0.00117149,0.29512011999999915,0.2795053392307696,0.23637941029411813,0.0011764966666666674,0.0012375130769230773,0.0013012061764705895
239,0.00111612,1557612000,0.0011882,0.00104375,0.00104375,486.48508258,0.52762154,0.00108455,0.36642737666666586,0.30856335615384645,0.24793956352941227,0.0011348900000000006,0.0012241361538461541,0.0012938214705882367
240,0.00108995,1557619200,0.001119,0.00106027,0.00111399,28.22812522,0.03055335,0.00108237,0.31614165999999916,0.3042395153846157,0.24575613794117696,0.001081543333333334,0.0012049446153846156,0.0012850458823529425
241,0.00106003,1557626400,0.00115,0.00106003,0.00106642,633.04888726,0.67453704,0.00106553,0.41090397666666584,0.3387381330769234,0.2640429438235299,0.0010887000000000006,0.0011880238461538463,0.001275782647058825
242,0.00106001,1557633600,0.00108,0.00106001,0.00106004,345.77259272,0.3665874,0.00106019,0.3572259299999992,0.34911900153846187,0.27423559058823577,0.0010699966666666673,0.0011732253846153849,0.0012666605882352955
243,0.00106001,1557640800,0.00106107,0.00106001,0.00106001,206.73591419,0.21917308,0.00106015,0.4200991733333326,0.3258758961538465,0.2804081391176475,0.0010600166666666674,0.0011604615384615388,0.0012575432352941191
244,0.00106001,1557648000,0.00106081,0.00106001,0.00106001,276.77132931,0.29338691,0.00106003,0.2930491299999992,0.2910620530769234,0.2872662341176475,0.0010600100000000008,0.0011489076923076925,0.0012484655882352956
245,0.00106,1557655200,0.00106201,0.00106,0.00106001,142.64329989,0.15120312,0.00106,0.22125436999999923,0.2798501969230772,0.279334821176471,0.0010600066666666675,0.001136793076923077,0.0012386964705882366
246,0.00106,1557662400,0.00107142,0.00106,0.00106,167.30674642,0.177386,0.00106024,0.20732534333333255,0.28179323769230796,0.280943936176471,0.0010600033333333341,0.0011212869230769233,0.0012303170588235306
247,0.00106,1557669600,0.00114987,0.00106,0.00106,386.85037424,0.41035442,0.00106075,0.24631451333333257,0.3063158161538464,0.28541534676470637,0.0010600000000000008,0.001106833076923077,0.0012206176470588247
248,0.00106,1557676800,0.00106201,0.00106,0.00106001,449.50666733,0.47663412,0.00106034,0.3547915133333326,0.3240613338461541,0.284551592941177,0.0010600000000000008,0.0010935092307692309,0.001212124705882354
249,0.0010505,1557684000,0.00107546,0.0010505,0.00106002,951.37316233,1.00106412,0.00105223,0.6293508866666658,0.3769355146153848,0.31221864147058875,0.001056833333333334,0.00107886,0.0012033602941176483
250,0.0010505,1557691200,0.00105053,0.0010505,0.00105053,27.1967229,0.02857023,0.0010505,0.5020894899999991,0.36517857076923094,0.30939718676470634,0.0010536666666666674,0.0010635146153846154,0.0011948467647058835
251,0.00110087,1557698400,0.00123,0.0010505,0.00105051,812.45759154,0.95961475,0.00118112,0.6630830333333325,0.40897585230769246,0.3350745832352946,0.001067290000000001,0.0010683076923076924,0.0011881817647058836
252,0.00123149,1557705600,0.00123149,0.0011234,0.00113837,91.00122141,0.10674579,0.00117301,0.36497692333333265,0.37660079461538476,0.3318812391176475,0.0011276200000000008,0.0010771823076923077,0.0011858726470588248
253,0.00123784,1557712800,0.00123784,0.00122002,0.00123149,103.35127139,0.12782427,0.00123679,0.3980616033333327,0.3840831730769232,0.33249696176470633,0.0011900666666666672,0.0010885584615384616,0.0011838655882352952
