,close,date,high,low,open,quoteVolume,volume,weightedAverage,avg_vol_3,avg_close_3,avg_close_13,avg_close_34,std_close,std_high,std_low,std_open
0,1.62e-05,1566326232,1.62e-05,1.62e-05,1.62e-05,0.0,0.0,1.62e-05,0,0,0,0,1.0,1.0,1.0,1.0
1,1.627e-05,1566331200,1.627e-05,1.606e-05,1.611e-05,706.48913183,0.01146889,1.623e-05,0,0,0,0,1.0,1.0,0.9870928088506454,0.9901659496004918
2,1.612e-05,1566338400,1.615e-05,1.604e-05,1.615e-05,50.02286392,0.00080528,1.609e-05,1,1,0,0,0.9981424148606812,1.0,0.993188854489164,1.0
3,1.611e-05,1566345600,1.611e-05,1.604e-05,1.604e-05,1281.53109113,0.02056588,1.604e-05,0,1,0,0,1.0,1.0,0.9956548727498448,0.9956548727498448
4,1.592e-05,1566352800,1.614e-05,1.588e-05,1.613e-05,3684.78853658,0.05893117,1.599e-05,0,1,0,0,0.9863692688971498,1.0,0.9838909541511771,0.9993804213135067
5,1.6e-05,1566360000,1.613e-05,1.595e-05,1.597e-05,8202.39560898,0.13147712,1.602e-05,0,1,0,0,0.9919404835709857,1.0,0.9888406695598265,0.9900805951642903
6,1.62e-05,1566367200,1.62e-05,1.619e-05,1.619e-05,796.03271605,0.01289549,1.619e-05,1,0,0,0,1.0,1.0,0.9993827160493827,0.9993827160493827
7,1.611e-05,1566374400,1.633e-05,1.611e-05,1.626e-05,6267.46970713,0.1023223,1.632e-05,0,0,0,0,0.9865278628291487,1.0,0.9865278628291487,0.9957134109001836
8,1.615e-05,1566381600,1.626e-05,1.615e-05,1.626e-05,113.66720213,0.00183991,1.618e-05,1,1,0,0,0.9932349323493235,1.0,0.9932349323493235,1.0
9,1.603e-05,1566388800,1.609e-05,1.601e-05,1.603e-05,4104.47624723,0.06585251,1.604e-05,0,1,0,0,0.9962709757613425,1.0,0.99502796768179,0.9962709757613425
10,1.604e-05,1566396000,1.604e-05,1.604e-05,1.604e-05,886.41954896,0.01421816,1.604e-05,1,1,0,0,1.0,1.0,1.0,1.0
11,1.637e-05,1566403200,1.637e-05,1.616e-05,1.616e-05,387.27880885,0.00628868,1.623e-05,1,0,0,0,1.0,1.0,0.9871716554673183,0.9871716554673183
12,1.649e-05,1566410400,1.658e-05,1.634e-05,1.635e-05,4869.18346911,0.0797771,1.638e-05,0,0,0,0,0.9945717732207479,1.0,0.985524728588661,0.9861278648974668
13,1.64e-05,1566417600,1.64e-05,1.636e-05,1.637e-05,7820.02780776,0.12807064,1.637e-05,0,1,0,0,1.0,1.0,0.9975609756097561,0.9981707317073172
14,1.638e-05,1566424800,1.638e-05,1.629e-05,1.629e-05,122.20481923,0.00200031,1.636e-05,1,1,0,0,1.0,1.0,0.9945054945054946,0.9945054945054946
15,1.638e-05,1566432000,1.643e-05,1.638e-05,1.643e-05,532.81689526,0.00873222,1.638e-05,1,1,0,0,0.9969567863664028,1.0,0.9969567863664028,1.0
16,1.639e-05,1566439200,1.639e-05,1.629e-05,1.629e-05,665.83833713,0.010871,1.632e-05,0,0,0,0,1.0,1.0,0.9938987187309336,0.9938987187309336
17,1.635e-05,1566446400,1.638e-05,1.635e-05,1.638e-05,23.08107135,0.00037775,1.636e-05,1,1,0,0,0.9981684981684983,1.0,0.9981684981684983,1.0
18,1.632e-05,1566453600,1.643e-05,1.632e-05,1.643e-05,5684.28050822,0.09304182,1.636e-05,0,1,0,0,0.9933049300060864,1.0,0.9933049300060864,1.0
19,1.656e-05,1566460800,1.656e-05,1.649e-05,1.651e-05,2154.39969924,0.0356159,1.653e-05,1,0,0,0,1.0,1.0,0.9957729468599034,0.9969806763285023
20,1.631e-05,1566468000,1.65e-05,1.63e-05,1.645e-05,2924.4470867,0.04783085,1.635e-05,1,1,1,0,0.9884848484848485,1.0,0.9878787878787878,0.996969696969697
21,1.655e-05,1566475200,1.662e-05,1.644e-05,1.658e-05,3529.1752808,0.05836337,1.653e-05,0,0,0,0,0.9957882069795426,1.0,0.9891696750902526,0.9975932611311673
22,1.656e-05,1566482400,1.656e-05,1.656e-05,1.656e-05,7.57608696,0.00012546,1.656e-05,1,0,0,0,1.0,1.0,1.0,1.0
23,1.694e-05,1566489600,1.694e-05,1.658e-05,1.662e-05,659.56429822,0.0111116,1.684e-05,1,0,0,0,1.0,1.0,0.9787485242030697,0.9811097992916175
24,1.709e-05,1566496800,1.709e-05,1.682e-05,1.682e-05,1754.91972704,0.02968598,1.691e-05,0,0,0,0,1.0,1.0,0.9842012873025161,0.9842012873025161
25,1.733e-05,1566504000,1.74e-05,1.707e-05,1.709e-05,5675.43665318,0.09773025,1.721e-05,0,0,0,0,0.9959770114942528,1.0,0.9810344827586208,0.9821839080459771
26,1.721e-05,1566511200,1.721e-05,1.721e-05,1.721e-05,761.99872221,0.01311399,1.721e-05,1,0,0,0,1.0,1.0,1.0,1.0
27,1.706e-05,1566518400,1.719e-05,1.706e-05,1.719e-05,280.23090738,0.00479466,1.71e-05,1,1,0,0,0.9924374636416521,1.0,0.9924374636416521,1.0
28,1.717e-05,1566525600,1.717e-05,1.714e-05,1.714e-05,69.23392758,0.0011874,1.715e-05,1,0,0,0,1.0,1.0,0.9982527664531158,0.9982527664531158
29,1.737e-05,1566532800,1.737e-05,1.737e-05,1.737e-05,179.21013241,0.00311287,1.737e-05,0,0,0,0,1.0,1.0,1.0,1.0
30,1.723e-05,1566540000,1.738e-05,1.723e-05,1.738e-05,479.97789999,0.00832521,1.734e-05,0,1,0,0,0.9913693901035673,1.0,0.9913693901035673,1.0
31,1.726e-05,1566547200,1.74e-05,1.726e-05,1.74e-05,1103.00721414,0.01904601,1.726e-05,0,1,0,0,0.9919540229885059,1.0,0.9919540229885059,1.0
32,1.773e-05,1566554400,1.773e-05,1.734e-05,1.74e-05,4457.01201636,0.07816362,1.753e-05,0,0,0,0,1.0,1.0,0.9780033840947546,0.9813874788494077
33,1.739e-05,1566561600,1.769e-05,1.737e-05,1.766e-05,9254.40876259,0.16246936,1.755e-05,0,1,0,1,0.98304126625212,1.0,0.9819106840022613,0.9983041266252121
34,1.751e-05,1566568800,1.751e-05,1.728e-05,1.733e-05,3815.82610835,0.06608734,1.731e-05,1,1,0,1,1.0,1.0,0.9868646487721302,0.9897201599086235
35,1.729e-05,1566576000,1.747e-05,1.729e-05,1.745e-05,1050.26117088,0.01828245,1.74e-05,1,1,0,1,0.9896966227819117,1.0,0.9896966227819117,0.9988551803091014
36,1.737e-05,1566583200,1.744e-05,1.723e-05,1.729e-05,1535.77045331,0.02671826,1.739e-05,1,1,0,1,0.9959862385321102,1.0,0.9879587155963303,0.9913990825688074
37,1.737e-05,1566590400,1.737e-05,1.737e-05,1.737e-05,0.0,0.0,1.737e-05,1,0,0,1,1.0,1.0,1.0,1.0
38,1.734e-05,1566597600,1.734e-05,1.734e-05,1.734e-05,6.0,0.00010404,1.734e-05,1,1,0,1,1.0,1.0,1.0,1.0
39,1.742e-05,1566604800,1.75e-05,1.742e-05,1.743e-05,322.10213648,0.00563168,1.748e-05,0,0,0,1,0.9954285714285714,1.0,0.9954285714285714,0.9960000000000001
40,1.734e-05,1566612000,1.761e-05,1.734e-05,1.75e-05,2145.32677204,0.03755464,1.75e-05,0,1,1,1,0.9846678023850086,1.0,0.9846678023850086,0.9937535491198183
41,1.792e-05,1566619200,1.792e-05,1.76e-05,1.76e-05,3837.25985531,0.0680652,1.773e-05,0,0,0,1,1.0,1.0,0.9821428571428571,0.9821428571428571
42,1.828e-05,1566626400,1.854e-05,1.802e-05,1.802e-05,10975.02474815,0.2005332,1.827e-05,0,0,0,1,0.9859762675296657,1.0,0.9719525350593312,0.9719525350593312
43,1.826e-05,1566633600,1.863e-05,1.815e-05,1.84e-05,6650.50722352,0.1225094,1.842e-05,1,0,0,1,0.9801395598497049,1.0,0.9742351046698874,0.9876543209876544
44,1.846e-05,1566640800,1.846e-05,1.795e-05,1.802e-05,1112.19953006,0.02022645,1.818e-05,1,0,0,1,1.0,1.0,0.9723726977248104,0.9761646803900326
45,1.894e-05,1566648000,1.894e-05,1.836e-05,1.865e-05,10538.1723127,0.19782686,1.877e-05,0,0,0,1,1.0,1.0,0.969376979936642,0.9846884899683209
46,1.855e-05,1566655200,1.894e-05,1.845e-05,1.866e-05,25820.32080695,0.4849062,1.878e-05,0,1,0,1,0.9794086589229144,1.0,0.9741288278775079,0.9852164730728616
47,1.861e-05,1566662400,1.861e-05,1.837e-05,1.859e-05,419.69169622,0.00778783,1.855e-05,1,1,0,1,1.0,1.0,0.9871037076840408,0.99892530897367
48,1.863e-05,1566669600,1.88e-05,1.863e-05,1.88e-05,159.95503209,0.00299512,1.872e-05,1,0,0,1,0.9909574468085106,1.0,0.9909574468085106,1.0
49,1.862e-05,1566676800,1.863e-05,1.862e-05,1.863e-05,238.0,0.00443162,1.862e-05,1,0,0,1,0.9994632313472894,1.0,0.9994632313472894,1.0
50,1.852e-05,1566684000,1.862e-05,1.852e-05,1.862e-05,1434.48232885,0.02663245,1.856e-05,0,1,0,1,0.9946294307196561,1.0,0.9946294307196561,1.0
51,1.871e-05,1566691200,1.893e-05,1.866e-05,1.87e-05,8710.38156836,0.16404371,1.883e-05,0,0,0,1,0.9883782356048599,1.0,0.9857369255150555,0.9878499735868991
52,1.89e-05,1566698400,1.89e-05,1.885e-05,1.885e-05,2103.61450949,0.03968435,1.886e-05,1,0,0,1,1.0,1.0,0.9973544973544974,0.9973544973544974
53,1.874e-05,1566705600,1.881e-05,1.874e-05,1.881e-05,925.85023123,0.01740511,1.879e-05,1,1,0,1,0.9962785752259435,1.0,0.9962785752259435,1.0
54,1.901e-05,1566712800,1.911e-05,1.881e-05,1.881e-05,3483.35234863,0.06616597,1.899e-05,0,0,0,1,0.9947671376242804,1.0,0.9843014128728415,0.9843014128728415
55,1.908e-05,1566720000,1.923e-05,1.9e-05,1.9e-05,2479.06625552,0.04726401,1.906e-05,0,0,0,1,0.9921996879875195,1.0,0.9880395215808633,0.9880395215808633
56,1.897e-05,1566727200,1.908e-05,1.897e-05,1.908e-05,236.16334873,0.00449463,1.903e-05,1,1,0,1,0.9942348008385744,1.0,0.9942348008385744,1.0
57,1.921e-05,1566734400,1.921e-05,1.868e-05,1.915e-05,7340.0436072,0.13920449,1.896e-05,0,0,0,1,1.0,1.0,0.9724102030192608,0.9968766267568975
58,1.861e-05,1566741600,1.885e-05,1.84e-05,1.885e-05,6972.90845043,0.13027727,1.868e-05,0,1,1,1,0.9872679045092838,1.0,0.9761273209549072,1.0
59,1.843e-05,1566748800,2.015e-05,1.825e-05,1.831e-05,62619.69012831,1.20053355,1.917e-05,0,1,1,1,0.9146401985111664,1.0,0.9057071960297768,0.9086848635235732
60,1.844e-05,1566756000,1.887e-05,1.844e-05,1.862e-05,1036.70618467,0.0193787,1.869e-05,1,1,1,1,0.9772125066242713,1.0,0.9772125066242713,0.9867514573396927
61,1.844e-05,1566763200,1.844e-05,1.844e-05,1.844e-05,0.0,0.0,1.844e-05,1,0,1,1,1.0,1.0,1.0,1.0
62,1.832e-05,1566770400,1.832e-05,1.832e-05,1.832e-05,28.28529237,0.00051818,1.832e-05,1,1,1,1,1.0,1.0,1.0,1.0
63,1.783e-05,1566777600,1.826e-05,1.768e-05,1.826e-05,19847.48296625,0.35712464,1.799e-05,0,1,1,1,0.9764512595837896,1.0,0.9682365826944139,1.0
64,1.779e-05,1566784800,1.783e-05,1.779e-05,1.783e-05,290.69905986,0.00518284,1.782e-05,1,1,1,1,0.9977565900168256,1.0,0.9977565900168256,1.0
65,1.779e-05,1566792000,1.779e-05,1.762e-05,1.774e-05,828.14016612,0.01468187,1.772e-05,1,1,1,1,1.0,1.0,0.9904440697020798,0.9971894322653175
66,1.773e-05,1566799200,1.773e-05,1.773e-05,1.773e-05,108.26431859,0.00191952,1.773e-05,1,1,1,1,1.0,1.0,1.0,1.0
67,1.771e-05,1566806400,1.771e-05,1.766e-05,1.767e-05,976.8859272,0.01728924,1.769e-05,0,1,1,1,1.0,1.0,0.9971767363071711,0.9977413890457367
68,1.786e-05,1566813600,1.789e-05,1.785e-05,1.789e-05,1108.54808451,0.01983108,1.788e-05,0,0,1,1,0.9983230855226383,1.0,0.9977641140301845,1.0
69,1.772e-05,1566820800,1.772e-05,1.749e-05,1.771e-05,1247.82968884,0.02203316,1.765e-05,0,1,1,1,1.0,1.0,0.9870203160270881,0.9994356659142213
70,1.767e-05,1566828000,1.767e-05,1.749e-05,1.765e-05,9589.17492036,0.1678154,1.75e-05,0,1,1,1,1.0,1.0,0.9898132427843804,0.9988681380871534
71,1.747e-05,1566835200,1.767e-05,1.747e-05,1.767e-05,149.88011206,0.00262987,1.754e-05,1,1,1,1,0.9886813808715338,1.0,0.9886813808715338,1.0
72,1.747e-05,1566842400,1.747e-05,1.747e-05,1.747e-05,0.0,0.0,1.747e-05,1,1,1,1,1.0,1.0,1.0,1.0
73,1.763e-05,1566849600,1.763e-05,1.763e-05,1.763e-05,27.74532048,0.00048915,1.763e-05,1,0,1,1,1.0,1.0,1.0,1.0
74,1.777e-05,1566856800,1.777e-05,1.765e-05,1.765e-05,579.3,0.01029076,1.776e-05,0,0,0,1,1.0,1.0,0.9932470455824421,0.9932470455824421
75,1.762e-05,1566864000,1.765e-05,1.746e-05,1.765e-05,4192.83753311,0.07396781,1.764e-05,0,1,1,1,0.9983002832861191,1.0,0.9892351274787535,1.0
76,1.742e-05,1566871200,1.753e-05,1.725e-05,1.745e-05,2308.982929,0.04005384,1.734e-05,1,1,1,1,0.9937250427837991,1.0,0.9840273816314888,0.995436394751854
77,1.744e-05,1566878400,1.744e-05,1.727e-05,1.728e-05,2239.0269341,0.03868662,1.727e-05,1,1,1,1,1.0,1.0,0.9902522935779816,0.9908256880733946
78,1.728e-05,1566885600,1.741e-05,1.728e-05,1.741e-05,14.70483398,0.00025502,1.734e-05,1,1,1,1,0.9925330269959793,1.0,0.9925330269959793,1.0
79,1.733e-05,1566892800,1.757e-05,1.704e-05,1.735e-05,33919.95996619,0.58524284,1.725e-05,0,1,1,1,0.9863403528742174,1.0,0.9698349459305634,0.987478656801366
80,1.743e-05,1566900000,1.743e-05,1.726e-05,1.727e-05,4297.2,0.07446189,1.732e-05,1,0,1,1,1.0,1.0,0.9902467010900746,0.9908204245553642
81,1.738e-05,1566907200,1.746e-05,1.736e-05,1.746e-05,4690.59287922,0.08153794,1.738e-05,1,0,1,1,0.995418098510882,1.0,0.9942726231386025,1.0
82,1.739e-05,1566914400,1.739e-05,1.739e-05,1.739e-05,7.09085681,0.0001233,1.739e-05,1,1,1,1,1.0,1.0,1.0,1.0
83,1.728e-05,1566921600,1.734e-05,1.728e-05,1.734e-05,62.94850726,0.00108933,1.73e-05,1,1,1,1,0.9965397923875433,1.0,0.9965397923875433,1.0
84,1.757e-05,1566928800,1.757e-05,1.737e-05,1.737e-05,5357.47299558,0.09358845,1.746e-05,0,0,0,1,1.0,1.0,0.9886169607285146,0.9886169607285146
85,1.773e-05,1566936000,1.773e-05,1.773e-05,1.773e-05,6.4949621,0.00011515,1.773e-05,1,0,0,1,1.0,1.0,1.0,1.0
86,1.763e-05,1566943200,1.763e-05,1.763e-05,1.763e-05,567.21497448,0.01,1.763e-05,1,1,0,1,1.0,1.0,1.0,1.0
87,1.763e-05,1566950400,1.763e-05,1.763e-05,1.763e-05,0.0,0.0,1.763e-05,1,1,0,1,1.0,1.0,1.0,1.0
88,1.775e-05,1566957600,1.775e-05,1.77e-05,1.77e-05,313.26451741,0.00555978,1.774e-05,0,0,0,1,1.0,1.0,0.9971830985915492,0.9971830985915492
89,1.764e-05,1566964800,1.829e-05,1.764e-05,1.777e-05,24460.74524168,0.43953501,1.796e-05,0,1,0,1,0.9644614543466375,1.0,0.9644614543466375,0.97156916347731
90,1.765e-05,1566972000,1.784e-05,1.765e-05,1.784e-05,502.18178371,0.00891214,1.774e-05,1,1,0,1,0.9893497757847534,1.0,0.9893497757847534,1.0
91,1.765e-05,1566979200,1.765e-05,1.765e-05,1.765e-05,0.0,0.0,1.765e-05,1,0,0,1,1.0,1.0,1.0,1.0
92,1.779e-05,1566986400,1.779e-05,1.779e-05,1.779e-05,50.52051714,0.00089875,1.779e-05,1,0,0,1,1.0,1.0,1.0,1.0
93,1.758e-05,1566993600,1.758e-05,1.758e-05,1.758e-05,20.25062657,0.000356,1.758e-05,1,1,1,1,1.0,1.0,1.0,1.0
94,1.745e-05,1567000800,1.75e-05,1.745e-05,1.75e-05,1457.41921553,0.02550452,1.749e-05,0,1,1,1,0.9971428571428572,1.0,0.9971428571428572,1.0
95,1.695e-05,1567008000,1.768e-05,1.685e-05,1.76e-05,15194.9534411,0.26170571,1.722e-05,0,1,1,1,0.9587104072398189,1.0,0.9530542986425339,0.995475113122172
96,1.677e-05,1567015200,1.687e-05,1.65e-05,1.683e-05,5884.52645537,0.09796941,1.664e-05,1,1,1,1,0.99407231772377,1.0,0.9780675755779491,0.997628927089508
97,1.709e-05,1567022400,1.724e-05,1.685e-05,1.685e-05,22058.7709962,0.37516956,1.7e-05,0,0,1,1,0.9912993039443155,1.0,0.9773781902552203,0.9773781902552203
98,1.703e-05,1567029600,1.703e-05,1.702e-05,1.702e-05,132.09453904,0.00224839,1.702e-05,1,0,1,1,1.0,1.0,0.9994128009395185,0.9994128009395185
99,1.679e-05,1567036800,1.682e-05,1.679e-05,1.682e-05,396.6228776,0.00666366,1.68e-05,1,1,1,1,0.9982164090368608,1.0,0.9982164090368608,1.0
100,1.662e-05,1567044000,1.678e-05,1.65e-05,1.678e-05,1995.08020916,0.03303995,1.656e-05,0,1,1,1,0.9904648390941598,1.0,0.9833134684147796,1.0
101,1.65e-05,1567051200,1.665e-05,1.65e-05,1.665e-05,318.63879676,0.00528754,1.659e-05,1,1,1,1,0.990990990990991,1.0,0.990990990990991,1.0
102,1.659e-05,1567058400,1.659e-05,1.659e-05,1.659e-05,1003.3739765,0.01664597,1.659e-05,1,0,1,1,1.0,1.0,1.0,1.0
103,1.679e-05,1567065600,1.69e-05,1.675e-05,1.688e-05,410.05069718,0.00690829,1.684e-05,1,0,1,1,0.993491124260355,1.0,0.9911242603550295,0.9988165680473373
104,1.666e-05,1567072800,1.666e-05,1.666e-05,1.666e-05,107.31576117,0.00178788,1.666e-05,1,1,1,1,1.0,1.0,1.0,1.0
105,1.726e-05,1567080000,1.744e-05,1.706e-05,1.706e-05,4690.55635438,0.08106429,1.728e-05,0,0,0,1,0.9896788990825689,1.0,0.9782110091743119,0.9782110091743119
106,1.701e-05,1567087200,1.729e-05,1.701e-05,1.712e-05,702.53839991,0.01197531,1.704e-05,1,0,0,1,0.9838056680161945,1.0,0.9838056680161945,0.9901677270098322
107,1.704e-05,1567094400,1.719e-05,1.704e-05,1.711e-05,287.40056458,0.00491849,1.711e-05,1,1,0,1,0.9912739965095986,1.0,0.9912739965095986,0.995346131471786
108,1.695e-05,1567101600,1.695e-05,1.695e-05,1.695e-05,469.35331384,0.00795553,1.695e-05,1,1,0,1,1.0,1.0,1.0,1.0
109,1.695e-05,1567108800,1.695e-05,1.695e-05,1.695e-05,0.0,0.0,1.695e-05,1,1,0,1,1.0,1.0,1.0,1.0
110,1.695e-05,1567116000,1.695e-05,1.695e-05,1.695e-05,0.0,0.0,1.695e-05,1,0,0,1,1.0,1.0,1.0,1.0
111,1.685e-05,1567123200,1.7e-05,1.685e-05,1.7e-05,2626.74667338,0.04426266,1.685e-05,0,1,0,1,0.9911764705882353,1.0,0.9911764705882353,1.0
112,1.685e-05,1567130400,1.685e-05,1.685e-05,1.685e-05,0.0,0.0,1.685e-05,1,1,0,1,1.0,1.0,1.0,1.0
113,1.712e-05,1567137600,1.712e-05,1.712e-05,1.712e-05,138.9375,0.00237861,1.712e-05,1,0,0,1,1.0,1.0,1.0,1.0
114,1.712e-05,1567144800,1.712e-05,1.712e-05,1.712e-05,0.0,0.0,1.712e-05,1,0,0,1,1.0,1.0,1.0,1.0
115,1.712e-05,1567152000,1.712e-05,1.712e-05,1.712e-05,0.0,0.0,1.712e-05,1,0,0,1,1.0,1.0,1.0,1.0
116,1.712e-05,1567159200,1.712e-05,1.712e-05,1.712e-05,0.0,0.0,1.712e-05,1,0,0,1,1.0,1.0,1.0,1.0
117,1.709e-05,1567166400,1.709e-05,1.709e-05,1.709e-05,175.5412522,0.003,1.709e-05,0,1,0,1,1.0,1.0,1.0,1.0
118,1.694e-05,1567173600,1.695e-05,1.691e-05,1.695e-05,7815.65026576,0.13233865,1.693e-05,0,1,1,1,0.9994100294985252,1.0,0.9976401179941004,1.0
119,1.695e-05,1567180800,1.709e-05,1.695e-05,1.699e-05,752.46236687,0.01279295,1.7e-05,1,1,1,1,0.9918080748976008,1.0,0.9918080748976008,0.9941486249268578
120,1.694e-05,1567188000,1.712e-05,1.694e-05,1.712e-05,19.39384582,0.00033027,1.703e-05,1,1,1,1,0.9894859813084114,1.0,0.9894859813084114,1.0
121,1.693e-05,1567195200,1.693e-05,1.685e-05,1.685e-05,214.19800091,0.00362397,1.691e-05,1,1,1,1,1.0,1.0,0.9952746603662138,0.9952746603662138
122,1.7e-05,1567202400,1.7e-05,1.699e-05,1.699e-05,703.53213586,0.01195352,1.699e-05,0,0,0,1,1.0,1.0,0.9994117647058824,0.9994117647058824
123,1.745e-05,1567209600,1.752e-05,1.704e-05,1.704e-05,9079.11927603,0.15776782,1.737e-05,0,0,0,1,0.9960045662100456,1.0,0.9726027397260273,0.9726027397260273
124,1.734e-05,1567216800,1.734e-05,1.734e-05,1.734e-05,12.73790323,0.00022087,1.734e-05,1,0,0,1,1.0,1.0,1.0,1.0
125,1.729e-05,1567224000,1.729e-05,1.729e-05,1.729e-05,11.67611336,0.00020187,1.729e-05,1,1,0,1,1.0,1.0,1.0,1.0
126,1.729e-05,1567231200,1.729e-05,1.729e-05,1.729e-05,283.33468209,0.00489885,1.729e-05,0,1,0,1,1.0,1.0,1.0,1.0
127,1.729e-05,1567238400,1.729e-05,1.729e-05,1.729e-05,0.0,0.0,1.729e-05,1,0,0,1,1.0,1.0,1.0,1.0
128,1.729e-05,1567245600,1.729e-05,1.729e-05,1.729e-05,0.0,0.0,1.729e-05,1,0,0,1,1.0,1.0,1.0,1.0
129,1.718e-05,1567252800,1.718e-05,1.718e-05,1.718e-05,1298.59893304,0.02230992,1.718e-05,0,1,0,1,1.0,1.0,1.0,1.0
130,1.74e-05,1567260000,1.74e-05,1.74e-05,1.74e-05,545.03678161,0.00948364,1.74e-05,1,0,0,1,1.0,1.0,1.0,1.0
131,1.74e-05,1567267200,1.74e-05,1.74e-05,1.74e-05,0.0,0.0,1.74e-05,1,0,0,1,1.0,1.0,1.0,1.0
132,1.715e-05,1567274400,1.715e-05,1.715e-05,1.715e-05,21.6959433,0.00037208,1.715e-05,1,1,1,1,1.0,1.0,1.0,1.0
133,1.715e-05,1567281600,1.715e-05,1.715e-05,1.715e-05,0.0,0.0,1.715e-05,1,1,1,1,1.0,1.0,1.0,1.0
134,1.727e-05,1567288800,1.727e-05,1.727e-05,1.727e-05,61.95536563,0.00106996,1.727e-05,0,0,0,1,1.0,1.0,1.0,1.0
135,1.72e-05,1567296000,1.746e-05,1.72e-05,1.744e-05,846.91390171,0.01477485,1.744e-05,0,1,1,1,0.9851088201603667,1.0,0.9851088201603667,0.9988545246277205
136,1.736e-05,1567303200,1.736e-05,1.736e-05,1.736e-05,5.78343264,0.0001004,1.736e-05,1,0,0,1,1.0,1.0,1.0,1.0
137,1.736e-05,1567310400,1.736e-05,1.736e-05,1.736e-05,0.0,0.0,1.736e-05,1,0,0,1,1.0,1.0,1.0,1.0
138,1.736e-05,1567317600,1.736e-05,1.736e-05,1.736e-05,0.0,0.0,1.736e-05,1,0,0,1,1.0,1.0,1.0,1.0
139,1.723e-05,1567324800,1.723e-05,1.723e-05,1.723e-05,46.47,0.00080067,1.723e-05,0,1,1,1,1.0,1.0,1.0,1.0
140,1.723e-05,1567332000,1.723e-05,1.723e-05,1.723e-05,12.34,0.00021261,1.723e-05,1,1,1,1,1.0,1.0,1.0,1.0
141,1.707e-05,1567339200,1.72e-05,1.707e-05,1.72e-05,325.73780118,0.00557428,1.711e-05,0,1,1,1,0.9924418604651163,1.0,0.9924418604651163,1.0
142,1.707e-05,1567346400,1.707e-05,1.707e-05,1.707e-05,1431.27077728,0.02443179,1.707e-05,0,1,1,1,1.0,1.0,1.0,1.0
143,1.712e-05,1567353600,1.713e-05,1.712e-05,1.712e-05,1706.0,0.02922005,1.712e-05,0,0,1,1,0.9994162288382953,1.0,0.9994162288382953,0.9994162288382953
144,1.689e-05,1567360800,1.706e-05,1.689e-05,1.706e-05,1124.94828648,0.01907266,1.695e-05,1,1,1,1,0.9900351699882767,1.0,0.9900351699882767,1.0
145,1.689e-05,1567368000,1.689e-05,1.689e-05,1.689e-05,0.0,0.0,1.689e-05,1,1,1,1,1.0,1.0,1.0,1.0
146,1.717e-05,1567375200,1.717e-05,1.717e-05,1.717e-05,565.52882936,0.00971013,1.717e-05,0,0,1,1,1.0,1.0,1.0,1.0
147,1.717e-05,1567382400,1.717e-05,1.717e-05,1.717e-05,0.0,0.0,1.717e-05,1,0,0,1,1.0,1.0,1.0,1.0
148,1.685e-05,1567389600,1.685e-05,1.685e-05,1.685e-05,15.003504,0.0002528,1.685e-05,1,1,1,1,1.0,1.0,1.0,1.0
149,1.685e-05,1567396800,1.685e-05,1.685e-05,1.685e-05,0.0,0.0,1.685e-05,1,1,1,1,1.0,1.0,1.0,1.0
150,1.665e-05,1567404000,1.685e-05,1.665e-05,1.685e-05,1082.71382527,0.01810137,1.671e-05,0,1,1,1,0.9881305637982197,1.0,0.9881305637982197,1.0
151,1.665e-05,1567411200,1.665e-05,1.665e-05,1.665e-05,0.0,0.0,1.665e-05,1,1,1,1,1.0,1.0,1.0,1.0
152,1.676e-05,1567418400,1.676e-05,1.676e-05,1.676e-05,6.65396777,0.00011152,1.676e-05,1,0,1,1,1.0,1.0,1.0,1.0
153,1.675e-05,1567425600,1.675e-05,1.665e-05,1.665e-05,675.58491174,0.01127348,1.668e-05,0,0,1,1,1.0,1.0,0.9940298507462687,0.9940298507462687
154,1.676e-05,1567432800,1.677e-05,1.663e-05,1.665e-05,1510.42450607,0.02522503,1.67e-05,0,0,1,1,0.9994036970781156,1.0,0.9916517590936195,0.9928443649373883
155,1.632e-05,1567440000,1.665e-05,1.632e-05,1.663e-05,5156.34153017,0.08454086,1.639e-05,0,1,1,1,0.98018018018018,1.0,0.98018018018018,0.9987987987987986
156,1.635e-05,1567447200,1.635e-05,1.634e-05,1.634e-05,223.54375497,0.00365277,1.634e-05,1,1,1,1,1.0,1.0,0.9993883792048929,0.9993883792048929
157,1.61e-05,1567454400,1.631e-05,1.59e-05,1.631e-05,2168.09777051,0.03484116,1.606e-05,1,1,1,1,0.9871244635193132,1.0,0.9748620478234211,1.0
158,1.617e-05,1567461600,1.617e-05,1.609e-05,1.61e-05,1284.59121042,0.02067575,1.609e-05,0,1,1,1,1.0,1.0,0.9950525664811379,0.9956709956709956
159,1.596e-05,1567468800,1.623e-05,1.593e-05,1.604e-05,4757.41229849,0.0765851,1.609e-05,0,1,1,1,0.9833641404805915,1.0,0.9815157116451019,0.9882932840418978
160,1.582e-05,1567476000,1.596e-05,1.581e-05,1.581e-05,1622.53222805,0.02576065,1.587e-05,1,1,1,1,0.9912280701754387,1.0,0.9906015037593985,0.9906015037593985
161,1.587e-05,1567483200,1.587e-05,1.581e-05,1.582e-05,854.63673601,0.01353013,1.583e-05,1,1,1,1,1.0,1.0,0.9962192816635161,0.9968494013862635
162,1.58e-05,1567490400,1.589e-05,1.58e-05,1.587e-05,4027.23820566,0.06383736,1.585e-05,0,1,1,1,0.9943360604153557,1.0,0.9943360604153557,0.9987413467589679
163,1.593e-05,1567497600,1.593e-05,1.581e-05,1.581e-05,3010.10534975,0.0476614,1.583e-05,0,0,1,1,1.0,1.0,0.9924670433145008,0.9924670433145008
164,1.59e-05,1567504800,1.59e-05,1.59e-05,1.59e-05,978.0,0.0155502,1.59e-05,1,0,1,1,1.0,1.0,1.0,1.0
165,1.555e-05,1567512000,1.58e-05,1.555e-05,1.58e-05,5106.90668013,0.07952452,1.557e-05,0,1,1,1,0.9841772151898732,1.0,0.9841772151898732,1.0
166,1.559e-05,1567519200,1.559e-05,1.548e-05,1.553e-05,2016.53524139,0.03131731,1.553e-05,1,1,1,1,1.0,1.0,0.9929441949967928,0.9961513790891595
167,1.549e-05,1567526400,1.56e-05,1.549e-05,1.559e-05,294.27043886,0.00457294,1.553e-05,1,1,1,1,0.9929487179487179,1.0,0.9929487179487179,0.9993589743589745
168,1.549e-05,1567533600,1.564e-05,1.549e-05,1.56e-05,2942.231447,0.04596932,1.562e-05,0,1,1,1,0.9904092071611253,1.0,0.9904092071611253,0.9974424552429668
169,1.549e-05,1567540800,1.55e-05,1.548e-05,1.55e-05,7512.03405911,0.11632239,1.548e-05,0,0,1,1,0.9993548387096773,1.0,0.9987096774193549,1.0
170,1.564e-05,1567548000,1.564e-05,1.549e-05,1.549e-05,3513.29257609,0.05454607,1.552e-05,1,0,1,1,1.0,1.0,0.9904092071611253,0.9904092071611253
171,1.565e-05,1567555200,1.577e-05,1.564e-05,1.564e-05,949.4827193,0.01487008,1.566e-05,1,0,1,1,0.9923906150919468,1.0,0.9917564996829422,0.9917564996829422
172,1.578e-05,1567562400,1.595e-05,1.578e-05,1.595e-05,125.245995,0.00198703,1.586e-05,1,0,0,1,0.9893416927899686,1.0,0.9893416927899686,1.0
173,1.571e-05,1567569600,1.573e-05,1.556e-05,1.573e-05,96.55231699,0.00151569,1.569e-05,1,1,0,1,0.9987285441830897,1.0,0.9891926255562619,1.0
174,1.574e-05,1567576800,1.574e-05,1.574e-05,1.574e-05,6.38754765,0.00010054,1.574e-05,1,1,0,1,1.0,1.0,1.0,1.0
175,1.568e-05,1567584000,1.582e-05,1.568e-05,1.578e-05,433.90177439,0.00683106,1.574e-05,0,1,0,1,0.991150442477876,1.0,0.991150442477876,0.9974715549936789
176,1.574e-05,1567591200,1.574e-05,1.574e-05,1.574e-05,213.89383887,0.00336668,1.574e-05,1,0,0,1,1.0,1.0,1.0,1.0
177,1.574e-05,1567598400,1.574e-05,1.574e-05,1.574e-05,0.0,0.0,1.574e-05,1,0,0,1,1.0,1.0,1.0,1.0
178,1.565e-05,1567605600,1.565e-05,1.565e-05,1.565e-05,905.08215546,0.01416453,1.565e-05,0,1,0,1,1.0,1.0,1.0,1.0
179,1.558e-05,1567612800,1.568e-05,1.558e-05,1.565e-05,3490.21685973,0.05469971,1.567e-05,0,1,1,1,0.9936224489795918,1.0,0.9936224489795918,0.9980867346938777
180,1.548e-05,1567620000,1.548e-05,1.548e-05,1.548e-05,60.72,0.00093994,1.548e-05,1,1,1,1,1.0,1.0,1.0,1.0
181,1.542e-05,1567627200,1.55e-05,1.542e-05,1.548e-05,722.5501502,0.01114801,1.542e-05,1,1,1,1,0.9948387096774194,1.0,0.9948387096774194,0.9987096774193549
182,1.541e-05,1567634400,1.547e-05,1.541e-05,1.547e-05,119.70000001,0.00184533,1.541e-05,1,1,1,1,0.9961215255332903,1.0,0.9961215255332903,1.0
183,1.616e-05,1567641600,1.616e-05,1.547e-05,1.547e-05,19604.85789666,0.30872542,1.574e-05,0,0,0,1,1.0,1.0,0.9573019801980197,0.9573019801980197
184,1.615e-05,1567648800,1.652e-05,1.615e-05,1.616e-05,698.47272663,0.01149979,1.646e-05,1,0,0,1,0.9776029055690072,1.0,0.9776029055690072,0.9782082324455206
185,1.64e-05,1567656000,1.64e-05,1.634e-05,1.634e-05,1459.9999,0.02390025,1.637e-05,1,0,0,1,1.0,1.0,0.9963414634146341,0.9963414634146341
186,1.69e-05,1567663200,1.69e-05,1.652e-05,1.652e-05,12017.85131189,0.20092073,1.671e-05,0,0,0,1,1.0,1.0,0.9775147928994083,0.9775147928994083
187,1.7e-05,1567670400,1.7e-05,1.67e-05,1.674e-05,10364.61688476,0.17423432,1.681e-05,0,0,0,1,1.0,1.0,0.9823529411764705,0.9847058823529411
188,1.683e-05,1567677600,1.685e-05,1.653e-05,1.685e-05,9685.10306315,0.16185296,1.671e-05,1,1,0,1,0.998813056379822,1.0,0.9810089020771513,1.0
189,1.638e-05,1567684800,1.65e-05,1.638e-05,1.65e-05,996.40872136,0.01639645,1.645e-05,1,1,0,1,0.9927272727272726,1.0,0.9927272727272726,1.0
190,1.653e-05,1567692000,1.655e-05,1.638e-05,1.649e-05,1811.34885684,0.02993575,1.652e-05,1,1,0,1,0.9987915407854985,1.0,0.9897280966767371,0.9963746223564955
191,1.637e-05,1567699200,1.66e-05,1.637e-05,1.656e-05,2039.9736313,0.03382967,1.658e-05,0,1,0,1,0.9861445783132531,1.0,0.9861445783132531,0.9975903614457832
192,1.649e-05,1567706400,1.649e-05,1.649e-05,1.649e-05,9.84042553,0.00016226,1.649e-05,1,0,0,1,1.0,1.0,1.0,1.0
193,1.639e-05,1567713600,1.643e-05,1.639e-05,1.643e-05,8598.6197586,0.14101333,1.639e-05,0,1,0,1,0.9975654290931224,1.0,0.9975654290931224,1.0
194,1.639e-05,1567720800,1.639e-05,1.639e-05,1.639e-05,0.0,0.0,1.639e-05,1,1,1,1,1.0,1.0,1.0,1.0
195,1.628e-05,1567728000,1.638e-05,1.628e-05,1.638e-05,745.88204137,0.0121824,1.633e-05,1,1,1,1,0.9938949938949939,1.0,0.9938949938949939,1.0
196,1.595e-05,1567735200,1.62e-05,1.595e-05,1.62e-05,5820.36982717,0.0941245,1.617e-05,0,1,1,1,0.9845679012345679,1.0,0.9845679012345679,1.0
197,1.587e-05,1567742400,1.604e-05,1.587e-05,1.601e-05,2176.36733907,0.034599,1.589e-05,1,1,1,1,0.9894014962593516,1.0,0.9894014962593516,0.998129675810474
198,1.595e-05,1567749600,1.595e-05,1.595e-05,1.595e-05,304.97315436,0.00486432,1.595e-05,1,0,1,1,1.0,1.0,1.0,1.0
199,1.596e-05,1567756800,1.596e-05,1.595e-05,1.595e-05,1030.46626906,0.01644309,1.595e-05,1,0,1,1,1.0,1.0,0.99937343358396,0.99937343358396
200,1.579e-05,1567764000,1.598e-05,1.579e-05,1.593e-05,437.41707031,0.00697402,1.594e-05,1,1,1,1,0.9881101376720901,1.0,0.9881101376720901,0.9968710888610764
201,1.579e-05,1567771200,1.579e-05,1.572e-05,1.572e-05,32.0,0.0005036,1.573e-05,1,1,1,1,1.0,1.0,0.9955668144395187,0.9955668144395187
202,1.572e-05,1567778400,1.572e-05,1.572e-05,1.572e-05,15.52,0.00024397,1.572e-05,1,1,1,1,1.0,1.0,1.0,1.0
203,1.605e-05,1567785600,1.605e-05,1.579e-05,1.579e-05,544.19207505,0.00872837,1.603e-05,0,0,1,1,1.0,1.0,0.9838006230529595,0.9838006230529595
204,1.61e-05,1567792800,1.61e-05,1.61e-05,1.61e-05,2076.0,0.0334236,1.61e-05,0,0,0,1,1.0,1.0,1.0,1.0
205,1.624e-05,1567800000,1.625e-05,1.624e-05,1.625e-05,1392.82900902,0.02262017,1.624e-05,0,0,0,1,0.9993846153846155,1.0,0.9993846153846155,1.0
206,1.606e-05,1567807200,1.606e-05,1.606e-05,1.606e-05,99.85,0.00160359,1.606e-05,1,1,0,1,1.0,1.0,1.0,1.0
207,1.623e-05,1567814400,1.623e-05,1.623e-05,1.623e-05,229.8,0.00372965,1.623e-05,1,0,0,1,1.0,1.0,1.0,1.0
208,1.587e-05,1567821600,1.587e-05,1.587e-05,1.587e-05,253.29329536,0.00401976,1.587e-05,0,1,1,1,1.0,1.0,1.0,1.0
209,1.587e-05,1567828800,1.587e-05,1.587e-05,1.587e-05,0.0,0.0,1.587e-05,1,1,1,1,1.0,1.0,1.0,1.0
210,1.59e-05,1567836000,1.59e-05,1.59e-05,1.59e-05,6.918239,0.00011,1.59e-05,1,0,1,1,1.0,1.0,1.0,1.0
211,1.59e-05,1567843200,1.59e-05,1.59e-05,1.59e-05,0.0,0.0,1.59e-05,1,0,1,1,1.0,1.0,1.0,1.0
212,1.587e-05,1567850400,1.587e-05,1.573e-05,1.585e-05,742.44500061,0.01176379,1.584e-05,0,1,1,1,1.0,1.0,0.9911783238815376,0.9987397605545054
213,1.573e-05,1567857600,1.573e-05,1.573e-05,1.573e-05,30.0,0.0004719,1.573e-05,1,1,1,1,1.0,1.0,1.0,1.0
214,1.595e-05,1567864800,1.595e-05,1.595e-05,1.595e-05,10.65162908,0.00016989,1.595e-05,1,0,1,1,1.0,1.0,1.0,1.0
215,1.586e-05,1567872000,1.6e-05,1.568e-05,1.6e-05,2275.66094903,0.03574753,1.57e-05,0,0,1,1,0.9912500000000001,1.0,0.98,1.0
216,1.593e-05,1567879200,1.593e-05,1.583e-05,1.584e-05,31.51786211,0.00050049,1.587e-05,1,0,1,1,1.0,1.0,0.9937225360954173,0.9943502824858756
217,1.597e-05,1567886400,1.603e-05,1.593e-05,1.593e-05,31.29315443,0.00050037,1.598e-05,1,0,0,1,0.9962570180910792,1.0,0.9937616968184655,0.9937616968184655
218,1.6e-05,1567893600,1.605e-05,1.587e-05,1.599e-05,999.62454192,0.01593852,1.594e-05,0,0,0,1,0.9968847352024921,1.0,0.9887850467289718,0.9962616822429907
219,1.59e-05,1567900800,1.6e-05,1.587e-05,1.599e-05,50.29415296,0.00080067,1.591e-05,1,1,1,1,0.99375,1.0,0.991875,0.9993750000000001
220,1.59e-05,1567908000,1.59e-05,1.59e-05,1.59e-05,0.0,0.0,1.59e-05,1,1,0,1,1.0,1.0,1.0,1.0
221,1.6e-05,1567915200,1.6e-05,1.593e-05,1.593e-05,799.16522677,0.01273113,1.593e-05,0,0,0,1,1.0,1.0,0.9956250000000001,0.9956250000000001
222,1.598e-05,1567922400,1.598e-05,1.598e-05,1.598e-05,12.5281602,0.00020019,1.598e-05,1,0,0,1,1.0,1.0,1.0,1.0
223,1.597e-05,1567929600,1.602e-05,1.584e-05,1.584e-05,558.2930066,0.00885824,1.586e-05,0,1,0,1,0.9968789013732835,1.0,0.9887640449438203,0.9887640449438203
224,1.589e-05,1567936800,1.589e-05,1.589e-05,1.589e-05,6.48376624,0.00010302,1.589e-05,1,1,1,1,1.0,1.0,1.0,1.0
225,1.604e-05,1567944000,1.604e-05,1.595e-05,1.595e-05,152.01569642,0.00243185,1.599e-05,1,0,0,1,1.0,1.0,0.9943890274314217,0.9943890274314217
226,1.6e-05,1567951200,1.618e-05,1.6e-05,1.6e-05,317.44498711,0.00513122,1.616e-05,0,0,0,1,0.9888751545117428,1.0,0.9888751545117428,0.9888751545117428
227,1.605e-05,1567958400,1.62e-05,1.605e-05,1.62e-05,122.03101126,0.00196136,1.607e-05,1,0,0,1,0.9907407407407407,1.0,0.9907407407407407,1.0
228,1.603e-05,1567965600,1.605e-05,1.593e-05,1.605e-05,660.11060461,0.01051994,1.593e-05,0,0,0,1,0.9987538940809969,1.0,0.9925233644859813,1.0
229,1.584e-05,1567972800,1.604e-05,1.584e-05,1.603e-05,999.58880304,0.01599303,1.599e-05,0,1,1,1,0.9875311720698255,1.0,0.9875311720698255,0.9993765586034914
230,1.579e-05,1567980000,1.584e-05,1.559e-05,1.584e-05,2524.98323355,0.03964232,1.57e-05,0,1,1,1,0.9968434343434343,1.0,0.9842171717171717,1.0
231,1.581e-05,1567987200,1.583e-05,1.579e-05,1.579e-05,609.32271378,0.00962183,1.579e-05,1,1,1,1,0.9987365761212887,1.0,0.9974731522425774,0.9974731522425774
232,1.578e-05,1567994400,1.578e-05,1.562e-05,1.562e-05,35.59096418,0.00055843,1.569e-05,1,1,1,1,1.0,1.0,0.9898605830164764,0.9898605830164764
233,1.539e-05,1568001600,1.57e-05,1.539e-05,1.57e-05,4345.54342677,0.06756302,1.554e-05,0,1,1,1,0.9802547770700638,1.0,0.9802547770700638,1.0
234,1.559e-05,1568008800,1.559e-05,1.536e-05,1.541e-05,7616.32296056,0.11718334,1.538e-05,0,0,1,1,1.0,1.0,0.985246953175112,0.988454137267479
235,1.562e-05,1568016000,1.566e-05,1.542e-05,1.542e-05,2828.05573191,0.04420524,1.563e-05,1,0,1,1,0.9974457215836526,1.0,0.9846743295019158,0.9846743295019158
236,1.578e-05,1568023200,1.588e-05,1.557e-05,1.562e-05,7947.39876658,0.12451657,1.566e-05,0,0,1,1,0.9937027707808564,1.0,0.9804785894206548,0.9836272040302266
237,1.582e-05,1568030400,1.582e-05,1.574e-05,1.574e-05,19.975,0.0003152,1.578e-05,1,0,0,1,1.0,1.0,0.9949431099873576,0.9949431099873576
238,1.579e-05,1568037600,1.579e-05,1.579e-05,1.579e-05,10.0,0.0001579,1.579e-05,1,1,1,1,1.0,1.0,1.0,1.0
239,1.584e-05,1568044800,1.584e-05,1.584e-05,1.584e-05,10.81443654,0.0001713,1.584e-05,1,0,0,1,1.0,1.0,1.0,1.0
240,1.589e-05,1568052000,1.59e-05,1.574e-05,1.59e-05,889.97643519,0.0141099,1.585e-05,0,0,0,1,0.9993710691823898,1.0,0.9899371069182389,1.0
241,1.608e-05,1568059200,1.608e-05,1.592e-05,1.592e-05,2965.60186177,0.04733208,1.596e-05,0,0,0,1,1.0,1.0,0.9900497512437811,0.9900497512437811
242,1.601e-05,1568066400,1.608e-05,1.567e-05,1.608e-05,30189.8412814,0.47934125,1.587e-05,0,0,0,1,0.9956467661691544,1.0,0.9745024875621892,1.0
243,1.622e-05,1568073600,1.622e-05,1.596e-05,1.596e-05,1722.47321199,0.02786358,1.617e-05,1,0,0,1,1.0,1.0,0.9839704069050554,0.9839704069050554
244,1.624e-05,1568080800,1.626e-05,1.622e-05,1.622e-05,6982.30371363,0.11348568,1.625e-05,1,0,0,1,0.998769987699877,1.0,0.997539975399754,0.997539975399754
245,1.624e-05,1568088000,1.624e-05,1.624e-05,1.624e-05,0.0,0.0,1.624e-05,1,0,0,1,1.0,1.0,1.0,1.0
246,1.624e-05,1568095200,1.624e-05,1.624e-05,1.624e-05,0.0,0.0,1.624e-05,1,0,0,1,1.0,1.0,1.0,1.0
247,1.611e-05,1568102400,1.611e-05,1.603e-05,1.603e-05,432.50226558,0.00695589,1.608e-05,0,1,0,1,1.0,1.0,0.9950341402855369,0.9950341402855369
248,1.592e-05,1568109600,1.592e-05,1.592e-05,1.592e-05,602.58107587,0.00959309,1.592e-05,0,1,1,1,1.0,1.0,1.0,1.0
249,1.615e-05,1568116800,1.627e-05,1.615e-05,1.623e-05,297.58812214,0.00482253,1.62e-05,1,0,0,1,0.9926244622003688,1.0,0.9926244622003688,0.9975414874001229
250,1.607e-05,1568124000,1.616e-05,1.607e-05,1.616e-05,2605.41788451,0.04206864,1.614e-05,0,0,0,1,0.9944306930693069,1.0,0.9944306930693069,1.0
251,1.612e-05,1568131200,1.612e-05,1.612e-05,1.612e-05,10.15237575,0.00016365,1.612e-05,1,0,0,1,1.0,1.0,1.0,1.0
252,1.614e-05,1568138400,1.62e-05,1.614e-05,1.62e-05,85.371,0.00138028,1.616e-05,1,0,0,1,0.9962962962962963,1.0,0.9962962962962963,1.0
253,1.622e-05,1568145600,1.622e-05,1.613e-05,1.613e-05,470.94562,0.00760823,1.615e-05,0,0,0,1,1.0,1.0,0.9944512946979037,0.9944512946979037
254,1.622e-05,1568152800,1.622e-05,1.622e-05,1.622e-05,0.0,0.0,1.622e-05,1,0,0,1,1.0,1.0,1.0,1.0
255,1.615e-05,1568160000,1.615e-05,1.615e-05,1.615e-05,192.985,0.0031167,1.615e-05,1,1,1,1,1.0,1.0,1.0,1.0
256,1.593e-05,1568167200,1.607e-05,1.593e-05,1.607e-05,185.19302741,0.00297049,1.603e-05,0,1,1,1,0.9912881144990666,1.0,0.9912881144990666,1.0
257,1.59e-05,1568174400,1.599e-05,1.578e-05,1.593e-05,5117.24890138,0.0811697,1.586e-05,0,1,1,1,0.9943714821763602,1.0,0.9868667917448406,0.9962476547842402
258,1.59e-05,1568181600,1.59e-05,1.59e-05,1.59e-05,0.0,0.0,1.59e-05,1,1,1,1,1.0,1.0,1.0,1.0
259,1.59e-05,1568188800,1.59e-05,1.59e-05,1.59e-05,0.0,0.0,1.59e-05,1,0,1,1,1.0,1.0,1.0,1.0
260,1.59e-05,1568196000,1.59e-05,1.59e-05,1.59e-05,0.0,0.0,1.59e-05,1,0,1,1,1.0,1.0,1.0,1.0
261,1.581e-05,1568203200,1.581e-05,1.581e-05,1.581e-05,101.16824794,0.00159946,1.581e-05,0,1,1,1,1.0,1.0,1.0,1.0
262,1.58e-05,1568210400,1.581e-05,1.577e-05,1.581e-05,273.2219358,0.00431276,1.578e-05,0,1,1,1,0.9993674889310564,1.0,0.9974699557242251,1.0
263,1.569e-05,1568217600,1.581e-05,1.564e-05,1.581e-05,130.29172674,0.00204212,1.567e-05,1,1,1,1,0.9924098671726755,1.0,0.989247311827957,1.0
264,1.564e-05,1568224800,1.564e-05,1.564e-05,1.564e-05,174.83614837,0.00273443,1.564e-05,1,1,1,1,1.0,1.0,1.0,1.0
265,1.565e-05,1568232000,1.565e-05,1.565e-05,1.565e-05,626.57263814,0.00980586,1.565e-05,0,1,1,1,1.0,1.0,1.0,1.0
266,1.565e-05,1568239200,1.565e-05,1.565e-05,1.565e-05,0.0,0.0,1.565e-05,1,0,1,1,1.0,1.0,1.0,1.0
267,1.565e-05,1568246400,1.565e-05,1.565e-05,1.565e-05,0.0,0.0,1.565e-05,1,0,1,1,1.0,1.0,1.0,1.0
268,1.559e-05,1568253600,1.559e-05,1.559e-05,1.559e-05,11.63088838,0.00018132,1.559e-05,0,1,1,1,1.0,1.0,1.0,1.0
269,1.556e-05,1568260800,1.558e-05,1.541e-05,1.558e-05,1187.61822828,0.01844375,1.553e-05,0,1,1,1,0.9987163029525032,1.0,0.9890885750962772,1.0
270,1.559e-05,1568268000,1.559e-05,1.559e-05,1.559e-05,6.47851187,0.000101,1.559e-05,1,0,1,1,1.0,1.0,1.0,1.0
271,1.55e-05,1568275200,1.55e-05,1.55e-05,1.55e-05,188.0,0.002914,1.55e-05,1,1,1,1,1.0,1.0,1.0,1.0
272,1.534e-05,1568282400,1.551e-05,1.534e-05,1.551e-05,1014.80049442,0.01558939,1.536e-05,0,1,1,1,0.9890393294648614,1.0,0.9890393294648614,1.0
273,1.498e-05,1568289600,1.525e-05,1.488e-05,1.525e-05,4258.38929256,0.06382901,1.498e-05,0,1,1,1,0.9822950819672132,1.0,0.9757377049180328,1.0
274,1.504e-05,1568296800,1.504e-05,1.498e-05,1.498e-05,130.12015938,0.0019539,1.501e-05,1,1,1,1,1.0,1.0,0.9960106382978724,0.9960106382978724
275,1.5e-05,1568304000,1.522e-05,1.5e-05,1.511e-05,376.20621771,0.00570205,1.515e-05,1,1,1,1,0.985545335085414,1.0,0.985545335085414,0.9927726675427069
276,1.512e-05,1568311200,1.512e-05,1.501e-05,1.502e-05,118.63860879,0.00178287,1.502e-05,1,0,1,1,1.0,1.0,0.9927248677248678,0.9933862433862435
277,1.505e-05,1568318400,1.527e-05,1.5e-05,1.501e-05,2893.82226773,0.04381152,1.513e-05,0,1,1,1,0.9855926653569089,1.0,0.9823182711198428,0.982973149967256
278,1.502e-05,1568325600,1.502e-05,1.502e-05,1.502e-05,272.04589569,0.00408612,1.502e-05,1,1,1,1,1.0,1.0,1.0,1.0
279,1.506e-05,1568332800,1.506e-05,1.506e-05,1.506e-05,1122.39580471,0.01690328,1.506e-05,1,0,1,1,1.0,1.0,1.0,1.0
280,1.535e-05,1568340000,1.535e-05,1.526e-05,1.526e-05,725.9299999,0.01113428,1.533e-05,0,0,0,1,1.0,1.0,0.9941368078175895,0.9941368078175895
281,1.531e-05,1568347200,1.531e-05,1.53e-05,1.53e-05,50.0,0.00076518,1.53e-05,1,0,0,1,1.0,1.0,0.9993468321358588,0.9993468321358588
282,1.515e-05,1568354400,1.538e-05,1.514e-05,1.531e-05,3555.30964731,0.05445366,1.531e-05,0,1,1,1,0.9850455136540963,1.0,0.9843953185955788,0.9954486345903772
283,1.505e-05,1568361600,1.507e-05,1.505e-05,1.507e-05,484.07339419,0.00728627,1.505e-05,1,1,1,1,0.9986728599867286,1.0,0.9986728599867286,1.0
284,1.507e-05,1568368800,1.507e-05,1.507e-05,1.507e-05,39.688,0.00059809,1.507e-05,1,1,1,1,1.0,1.0,1.0,1.0
285,1.507e-05,1568376000,1.507e-05,1.507e-05,1.507e-05,0.0,0.0,1.507e-05,1,0,1,1,1.0,1.0,1.0,1.0
286,1.513e-05,1568383200,1.513e-05,1.513e-05,1.513e-05,135.53800397,0.00205069,1.513e-05,0,0,0,1,1.0,1.0,1.0,1.0
287,1.505e-05,1568390400,1.505e-05,1.505e-05,1.505e-05,199.50000001,0.00300247,1.505e-05,0,1,1,1,1.0,1.0,1.0,1.0
288,1.539e-05,1568397600,1.554e-05,1.512e-05,1.52e-05,28331.22937802,0.43164358,1.523e-05,0,0,0,1,0.9903474903474904,1.0,0.9729729729729729,0.9781209781209781
289,1.538e-05,1568404800,1.542e-05,1.527e-05,1.542e-05,4074.19413024,0.0627517,1.54e-05,1,0,0,1,0.9974059662775614,1.0,0.9902723735408561,1.0
290,1.531e-05,1568412000,1.534e-05,1.525e-05,1.526e-05,1780.07527827,0.02716612,1.526e-05,1,1,0,1,0.9980443285528032,1.0,0.9941329856584095,0.9947848761408083
291,1.511e-05,1568419200,1.522e-05,1.511e-05,1.522e-05,971.24798034,0.01476347,1.52e-05,1,1,1,1,0.9927726675427069,1.0,0.9927726675427069,1.0
292,1.519e-05,1568426400,1.519e-05,1.519e-05,1.519e-05,94.49506254,0.00143537,1.519e-05,1,1,1,1,1.0,1.0,1.0,1.0
293,1.519e-05,1568433600,1.519e-05,1.515e-05,1.516e-05,518.4500196,0.00786076,1.516e-05,1,0,0,1,1.0,1.0,0.9973666886109283,0.9980250164581962
294,1.517e-05,1568440800,1.519e-05,1.517e-05,1.519e-05,155.89867746,0.00236754,1.518e-05,1,1,1,1,0.9986833443054641,1.0,0.9986833443054641,1.0
295,1.528e-05,1568448000,1.528e-05,1.514e-05,1.515e-05,466.47492237,0.00707786,1.517e-05,0,0,0,1,1.0,1.0,0.9908376963350786,0.9914921465968587
296,1.528e-05,1568455200,1.528e-05,1.528e-05,1.528e-05,0.0,0.0,1.528e-05,1,0,0,1,1.0,1.0,1.0,1.0
297,1.522e-05,1568462400,1.522e-05,1.522e-05,1.522e-05,9.26049606,0.00014094,1.522e-05,1,1,0,1,1.0,1.0,1.0,1.0
298,1.552e-05,1568469600,1.563e-05,1.532e-05,1.532e-05,3034.83993095,0.04700394,1.548e-05,0,0,0,1,0.9929622520793345,1.0,0.9801663467690338,0.9801663467690338
299,1.545e-05,1568476800,1.545e-05,1.545e-05,1.545e-05,372.34316461,0.0057527,1.545e-05,1,0,0,1,1.0,1.0,1.0,1.0
300,1.551e-05,1568484000,1.551e-05,1.551e-05,1.551e-05,506.28237264,0.00785243,1.551e-05,1,0,0,1,1.0,1.0,1.0,1.0
301,1.546e-05,1568491200,1.546e-05,1.546e-05,1.546e-05,163.39807481,0.00252613,1.546e-05,1,1,0,1,1.0,1.0,1.0,1.0
302,1.546e-05,1568498400,1.546e-05,1.546e-05,1.546e-05,0.0,0.0,1.546e-05,1,1,0,1,1.0,1.0,1.0,1.0
303,1.573e-05,1568505600,1.573e-05,1.573e-05,1.573e-05,608.07628734,0.00956503,1.573e-05,0,0,0,1,1.0,1.0,1.0,1.0
304,1.559e-05,1568512800,1.559e-05,1.559e-05,1.559e-05,10.0,0.0001559,1.559e-05,1,1,0,1,1.0,1.0,1.0,1.0
305,1.559e-05,1568520000,1.559e-05,1.559e-05,1.559e-05,0.0,0.0,1.559e-05,1,1,0,1,1.0,1.0,1.0,1.0
306,1.565e-05,1568527200,1.565e-05,1.559e-05,1.559e-05,48.2535497,0.00075335,1.561e-05,0,0,0,1,1.0,1.0,0.9961661341853035,0.9961661341853035
307,1.549e-05,1568534400,1.549e-05,1.549e-05,1.549e-05,28.85269936,0.00044692,1.549e-05,0,1,0,1,1.0,1.0,1.0,1.0
308,1.555e-05,1568541600,1.559e-05,1.547e-05,1.559e-05,221.16168324,0.00342991,1.55e-05,0,1,0,1,0.9974342527261063,1.0,0.9923027581783193,1.0
309,1.542e-05,1568548800,1.543e-05,1.54e-05,1.543e-05,2713.80708508,0.04184982,1.542e-05,0,1,1,1,0.999351911860013,1.0,0.998055735580039,1.0
310,1.551e-05,1568556000,1.554e-05,1.551e-05,1.554e-05,199.32409088,0.00309177,1.551e-05,1,0,1,1,0.998069498069498,1.0,0.998069498069498,1.0
311,1.548e-05,1568563200,1.549e-05,1.538e-05,1.538e-05,271.45857352,0.00417768,1.538e-05,1,0,1,1,0.9993544222078762,1.0,0.9928986442866365,0.9928986442866365
312,1.553e-05,1568570400,1.554e-05,1.539e-05,1.549e-05,5324.58475365,0.08269013,1.552e-05,0,0,1,1,0.9993564993564993,1.0,0.9903474903474904,0.9967824967824968
313,1.549e-05,1568577600,1.55e-05,1.549e-05,1.55e-05,32.30699932,0.0005005,1.549e-05,1,1,1,1,0.9993548387096773,1.0,0.9993548387096773,1.0
314,1.549e-05,1568584800,1.55e-05,1.548e-05,1.549e-05,38.76923841,0.0006006,1.549e-05,1,1,1,1,0.9993548387096773,1.0,0.9987096774193549,0.9993548387096773
315,1.548e-05,1568592000,1.549e-05,1.53e-05,1.549e-05,1573.43979683,0.02423686,1.54e-05,0,1,1,1,0.9993544222078762,1.0,0.987734021949645,1.0
316,1.536e-05,1568599200,1.549e-05,1.536e-05,1.549e-05,786.35140091,0.01208809,1.537e-05,1,1,1,1,0.9916074887023886,1.0,0.9916074887023886,1.0
317,1.543e-05,1568606400,1.543e-05,1.542e-05,1.542e-05,778.21011673,0.01200306,1.542e-05,1,0,1,1,1.0,1.0,0.999351911860013,0.999351911860013
318,1.543e-05,1568613600,1.543e-05,1.543e-05,1.543e-05,0.0,0.0,1.543e-05,1,0,1,1,1.0,1.0,1.0,1.0
319,1.527e-05,1568620800,1.543e-05,1.526e-05,1.543e-05,4406.14195542,0.06730671,1.527e-05,0,1,1,1,0.9896305897602075,1.0,0.9889825016202204,1.0
320,1.526e-05,1568628000,1.527e-05,1.524e-05,1.527e-05,3153.54463725,0.04815309,1.526e-05,0,1,1,1,0.9993451211525867,1.0,0.9980353634577602,1.0
321,1.515e-05,1568635200,1.543e-05,1.515e-05,1.53e-05,925.00208605,0.01422627,1.537e-05,1,1,1,1,0.981853532080363,1.0,0.981853532080363,0.9915748541801684
322,1.515e-05,1568642400,1.527e-05,1.515e-05,1.524e-05,304.47830372,0.00461953,1.517e-05,1,1,1,1,0.9921414538310412,1.0,0.9921414538310412,0.9980353634577602
323,1.523e-05,1568649600,1.526e-05,1.515e-05,1.515e-05,1004.52575724,0.01523546,1.516e-05,0,0,1,1,0.9980340760157274,1.0,0.9927916120576672,0.9927916120576672
324,1.515e-05,1568656800,1.528e-05,1.515e-05,1.528e-05,39.45203512,0.00060097,1.523e-05,1,1,1,1,0.9914921465968587,1.0,0.9914921465968587,1.0
325,1.517e-05,1568664000,1.517e-05,1.515e-05,1.515e-05,104.50459969,0.00158506,1.516e-05,1,1,1,1,1.0,1.0,0.998681608437706,0.998681608437706
326,1.52e-05,1568671200,1.522e-05,1.517e-05,1.517e-05,1606.01949496,0.02436779,1.517e-05,0,0,1,1,0.9986859395532195,1.0,0.9967148488830486,0.9967148488830486
