0,1
998.2562189054727 
994.0069794910341 
1003.7749886172285 
995.9969436350198 
989.8281493387854 
996.8015689780069 
985.8050226238498 
990.6327746817724 
983.1229381472261 
976.9541438509916 
986.609647966837 
960.3252200959248 
919.8257444989073 
924.3852881091675 
899.7101109242296 
896.2234011046189 
903.1968207438405 
899.4419024765673 
916.3390346792964 
905.3424883251394 
902.9286122961781 
892.7366912850081 
904.0014460868275 
907.219947458776 
899.173694028905 
899.7101109242296 
901.3193616102038 
859.7470522225368 
860.8198860131863 
864.306595832797 
856.2603424029261 
862.1609282514981 
884.9586463027994 
892.7366912850081 
885.4950631981242 
872.3528492626681 
871.0118070243562 
869.1343478907197 
870.2071816813692 
869.402556338382 
849.5551312113669 
847.4094636300679 
847.6776720777302 
857.3331761935755 
872.6210577103304 
861.0880944608487 
867.2568887570832 
859.2106353272121 
857.0649677459131 
882.8129787215005 
903.7332376391652 
929.7494570624149 
906.4153221157889 
906.4153221157889 
900.5147362672168 
897.5644433429308 
849.0187143160421 
825.9527878170785 
819.783993520844 
821.1786774486883 
817.1019090442203 
818.1747428348698 
817.3164758023503 
840.7042524385087 
835.8765003805861 
821.6614526544805 
829.1712891890269 
818.1747428348698 
827.2938300553902 
817.3701174918826 
815.7608668059084 
810.3966978526611 
799.6683599461663 
770.9700560462929 
780.0891432668135 
765.0694701977209 
770.4336391509682 
579.4692244153622 
634.3983144966152 
617.9839574996782 
630.4288294712121 
632.0380801571864 
610.1522708279372 
624.3136768645102 
654.4603063817603 
632.0380801571864 
643.3028349590058 
635.2565815291348 
642.1227177892913 
632.789063810641 
617.8766741206133 
613.6926223370804 
634.612881254745 
626.9957613411339 
625.0646605179647 
624.52824362264 
653.8166061073707 
651.134521630747 
669.265412692723 
669.5872628299178 
667.0124617323592 
653.1729058329809 
659.6099085768778 
662.5065598116314 
679.1354835666982 
670.7673799996323 
669.265412692723 
657.4642409955788 
647.4868867425387 
651.6709385260717 
652.5292055585912 
652.2073554213964 
658.5370747862282 
661.9701429163066 
662.2919930535014 
670.6600966205674 
686.1089032059197 
681.0665843898672 
671.6256470321518 
674.9514317831652 
647.8087368797335 
639.1187831754728 
619.5932081856524 
616.374706813704 
614.2290392324051 
640.835317240512 
645.019369024045 
639.5479166917327 
644.0538186124604 
662.0774262953715 
650.9199548726172 
629.2487123014977 
640.5134671033172 
632.789063810641 
637.8313826266935 
634.827448012875 
632.1453635362514 
642.9809848218109 
651.8855052842016 
644.4829521287202 
637.8313826266935 
640.4061837242523 
623.4554098319906 
625.0646605179647 
628.7122954061729 
621.8461591460164 
624.635527001705 
631.0725297456019 
637.8313826266935 
634.72016463381 
632.789063810641 
647.2723199844088 
661.9701429163066 
647.0577532262789 
648.8815706703831 
658.2152246490334 
652.2073554213964 
649.9544044610325 
648.4524371541233 
649.2034208075779 
645.5557859193698 
639.3333499336027 
649.8471210819675 
644.804802265915 
651.134521630747 
648.0233036378634 
642.766418063681 
637.0803989732389 
644.1611019915254 
635.0420147710049 
639.7624834498625 
642.766418063681 
651.9927886632665 
651.2418050098119 
648.0233036378634 
648.8815706703831 
648.4524371541233 
643.9465352333955 
648.1305870169284 
646.0922028146945 
645.3412191612398 
643.5174017171357 
640.4061837242523 
635.0420147710049 
636.4366986988491 
629.9996959549524 
633.2181973269007 
630.1069793340173 
628.7122954061729 
627.2103280992637 
626.1374943086142 
621.8461591460164 
622.2752926622761 
620.9878921134967 
623.2408430738607 
631.7162300199915 
627.2103280992637 
633.3254807059657 
629.1414289224329 
634.827448012875 
639.7624834498625 
642.2300011683562 
640.942600619577 
633.9691809803554 
636.6512654569791 
632.681780431576 
632.789063810641 
629.1414289224329 
632.789063810641 
629.3559956805627 
630.536112850277 
642.8737014427461 
709.7112466002081 
714.6462820371958 
730.416938759743 
714.3244319000008 
724.8382030483657 
731.3824891713275 
725.0527698064956 
720.5468678857678 
727.8421376621842 
726.9838706296646 
716.5773828603648 
704.025227509766 
717.1137997556896 
709.2821130839484 
720.0104509904431 
704.025227509766 
728.485837936574 
736.1029578501851 
721.6197016764172 
729.2368215900285 
722.9071022251967 
718.9376171997935 
721.0832847810925 
718.4012003044688 
712.2860476977669 
709.7112466002081 
714.3244319000008 
699.4120422099732 
701.772276549402 
699.626608968103 
701.772276549402 
702.0941266865968 
688.5764209244135 
675.0587151622302 
674.4150148878405 
681.8175680433219 
682.1394181805167 
686.1089032059197 
675.0587151622302 
673.0203309599962 
671.6256470321518 
667.0124617323592 
664.6522273929303 
665.403211046385 
660.1463254722025 
662.2919930535014 
662.3992764325665 
667.7634453858138 
660.6827423675272 
665.5104944254499 
666.2614780789045 
663.150260086021 
692.1167724335568 
688.2545707872187 
679.8864672201528 
685.6797696896599 
682.7831184549063 
680.8520176317373 
688.8982710616083 
680.6374508736075 
687.610870512829 
684.7142192780755 
698.8756253146485 
691.0439386429073 
692.5459059498165 
694.9061402892455 
686.9671702384393 
685.572486310595 
676.5606824691395 
671.8402137902817 
679.564617082958 
678.0626497760486 
673.234897718126 
665.7250611835798 
669.4799794508529 
676.3461157110096 
673.234897718126 
649.7398377029026 
650.0616878400974 
661.111875883787 
660.0390420931376 
658.7516415443581 
657.249674237449 
660.2536088512675 
665.188644288255 
674.9514317831652 
669.0508459345931 
659.8244753350077 
665.5104944254499 
669.3726960717879 
673.449464476256 
661.2191592628519 
668.1925789020736 
669.0508459345931 
682.4612683177115 
678.2772165341786 
698.9829086937134 
690.6148051266475 
696.0862574589598 
697.695508144934 
696.0862574589598 
703.5960939935062 
699.948459105298 
711.9641975605721 
710.4622302536627 
703.4888106144413 
702.6305435819216 
701.1285762750124 
698.8756253146485 
700.1630258634278 
698.7683419355835 
695.1207070473754 
693.618739740466 
695.4425571845702 
697.9100749030639 
703.917944130701 
698.8756253146485 
704.025227509766 
698.8756253146485 
693.2968896032712 
692.5459059498165 
696.9445244914793 
694.7988569101805 
692.2240558126218 
698.7683419355835 
701.4504264122072 
713.3588814884163 
709.6039632211432 
702.6305435819216 
701.3431430331423 
702.8451103400515 
687.9327206500238 
699.4120422099732 
699.4120422099732 
702.7378269609865 
700.5921593796876 
697.0518078705444 
698.9829086937134 
697.3736580077391 
705.2053446794803 
702.9523937191165 
693.9405898776608 
699.4120422099732 
690.9366552638423 
698.017358282129 
694.2624400148557 
701.2358596540773 
699.1974754518433 
695.9789740798949 
693.618739740466 
709.1748297048835 
712.8224645930916 
706.4927452282598 
694.7988569101805 
698.3392084193238 
697.3736580077391 
703.1669604772463 
696.0862574589598 
709.7112466002081 
703.3815272353762 
709.925813358338 
711.5350640443123 
776.3342249995403 
766.5714375046301 
765.4986037139806 
764.3184865442663 
784.7023285666063 
776.7633585158001 
784.8096119456711 
807.660971686505 
819.783993520844 
815.707225116376 
819.2475766255193 
829.4394976366892 
839.5241352687942 
837.8076012037551 
821.1786774486883 
813.1324240188172 
819.998560278974 
814.6343913257266 
809.377505751544 
820.8568273114935 
823.4316284090521 
820.5886188638311 
862.4291366991605 
859.4788437748745 
858.406009984225 
846.3366298394184 
840.7042524385087 
841.7770862291582 
826.4892047124032 
824.3435371311042 
813.6151992246096 
816.4582087698305 
813.6151992246096 
813.6151992246096 
807.8755384446348 
801.545819079803 
804.0133367982967 
803.6914866611019 
828.0448137088449 
819.8912768999089 
811.7377400909729 
806.1590043795957 
810.7721896793885 
824.0753286834419 
828.3666638460397 
827.5620385030527 
818.7111597301945 
822.5733613765326 
807.7146133760374 
810.6649063003234 
814.7416747047914 
813.9906910513369 
828.1520970879099 
833.9453995574171 
836.6274840340408 
844.3518873267169 
844.4591707057818 
837.4857510665603 
873.4256830533176 
865.2721462443816 
851.2180235868734 
847.8922388358602 
852.1835739984581 
858.29872660516 
856.367625781991 
860.551677565524 
845.1028709801716 
851.4325903450034 
853.2564077891076 
846.6048382870808 
830.7805398750011 
827.2938300553902 
832.1215821133129 
831.5851652179882 
828.0984553983774 
831.3169567703258 
820.8568273114935 
811.630456711908 
794.1432659243217 
782.0202440899826 
789.9592141407886 
783.093077880632 
785.3460288409959 
800.9021188054132 
798.2200343287896 
792.5340152383474 
791.461181447698 
791.9975983430227 
796.8253504009454 
797.7909008125298 
797.6836174334649 
792.2121651011526 
787.1698462851 
776.7633585158001 
781.3765438155929 
787.062562906035 
789.100947108269 
809.8066392678039 
769.7899388765785 
766.7860042627601 
756.5940832515901 
765.8204538511756 
769.0389552231239 
774.7249743135661 
763.0310859954869 
776.6560751367352 
784.9168953247362 
775.3686745879559 
782.0202440899826 
772.0428898369424 
763.9966364070714 
774.0812740391765 
777.1924920320599 
774.5104075554362 
763.1383693745519 
766.3568707465002 
763.8893530280064 
768.6098217068642 
782.4493776062424 
778.9090260970991 
782.8785111225021 
786.0970124944506 
798.9710179822442 
809.2702223724792 
802.6186528704525 
794.5723994405814 
790.8174811733082 
786.3115792525805 
790.8174811733082 
802.8332196285824 
796.0743667474907 
799.7220016356988 
788.5645302129443 
795.323383094036 
792.6412986174123 
785.0241787038011 
781.161977057463 
791.7830315848927 
790.8174811733082 
795.6452332312308 
788.2426800757495 
795.8597999893607 
799.5074348775689 
799.9365683938288 
800.6875520472835 
804.8716038308163 
805.7298708633359 
800.9021188054132 
819.0330098673893 
828.3666638460397 
818.7111597301945 
819.783993520844 
821.5005275858831 
824.9335957159614 
824.0753286834419 
826.7574131600655 
831.3705984598582 
831.6924485970532 
828.5812306041697 
831.0487483226634 
837.7003178246902 
814.9562414629213 
811.8450234700379 
823.5389117881172 
817.852892697675 
820.8568273114935 
850.3597565543539 
860.0152606701992 
854.9193001646142 
860.0152606701992 
888.9817730177349 
904.0014460868275 
889.5181899130597 
898.9054855812426 
895.9551926569565 
905.8789052204642 
894.3459419709823 
878.789852006565 
896.7598179999436 
888.1771476747479 
891.932065942021 
902.9286122961781 
904.26965453449 
909.6338234877372 
907.7563643541007 
897.2962348952683 
899.4419024765673 
925.7263303474793 
942.6234625502085 
931.3587077483891 
930.2858739577396 
946.1101723698193 
926.2627472428042 
930.8222908530644 
928.6766232717654 
899.4419024765673 
889.2499814653974 
890.3228152560467 
892.2002743896834 
906.9517390111135 
905.074279877477 
917.411868469946 
918.4847022605954 
890.5910237037092 
901.5875700578663 
861.0880944608487 
857.8695930889003 
874.7667252916294 
862.1609282514981 
864.306595832797 
860.0152606701992 
868.0615141000702 
876.644184425266 
893.8095250756576 
888.7135645700725 
883.3493956168252 
886.0314800934489 
884.690437855137 
877.7170182159155 
870.2071816813692 
864.8430127281218 
878.5216435589026 
877.7170182159155 
888.9817730177349 
862.1609282514981 
841.5088777814958 
842.8499200198077 
823.8071202357795 
828.0984553983774 
827.830246950715 
825.9527878170785 
822.73428644513 
837.7539595142226 
840.4360439908463 
844.4591707057818 
849.0187143160421 
841.5088777814958 
839.8996270955216 
827.830246950715 
837.7539595142226 
831.8533736656506 
821.3932442068182 
835.8765003805861 
832.3897905609753 
843.6545453627947 
914.7297839933223 
914.7297839933223 
917.411868469946 
928.1402063764407 
920.0939529465696 
918.7529107082578 
925.458121899817 
945.3055470268322 
929.2130401670902 
927.8719979287783 
936.7228767016364 
935.6500429109869 
934.8454175679999 
929.7494570624149 
942.3552541025462 
951.742549770729 
945.5737554744946 
940.746003416572 
924.1170796615052 
917.6800769176083 
922.507828975531 
883.88581251215 
866.9886803094207 
868.8661394430574 
847.4094636300679 
862.6973451468228 
874.2303083963047 
882.0083533785133 
876.9123928729284 
879.5944773495521 
869.9389732337069 
871.8164323673434 
870.2071816813692 
881.740144930851 
877.9852266635778 
888.7135645700725 
886.5678969887737 
893.5413166279952 
897.5644433429308 
898.1008602382554 
880.6673111402015 
873.9620999486423 
880.3991026925391 
888.1771476747479 
891.6638574943586 
881.4719364831886 
882.0083533785133 
891.6638574943586 
916.0708262316341 
909.0974065924125 
902.9286122961781 
910.9748657260491 
916.6072431269589 
902.3921954008533 
895.6869842092941 
890.3228152560467 
862.9655535944852 
874.4985168439671 
865.1112211757842 
869.402556338382 
871.0118070243562 
874.4985168439671 
874.7667252916294 
880.3991026925391 
871.0118070243562 
837.7539595142226 
837.7539595142226 
844.1909622581195 
845.8002129440937 
856.7967592982508 
856.7967592982508 
842.3135031244828 
857.6013846412379 
863.7701789374723 
851.1643818973411 
851.1643818973411 
856.2603424029261 
858.406009984225 
878.789852006565 
886.836105436436 
882.2765618261758 
883.88581251215 
875.5713506346166 
883.6176040644875 
886.2996885411112 
903.4650291915028 
898.3690686859178 
898.3690686859178 
879.8626857972145 
886.836105436436 
883.6176040644875 
881.740144930851 
867.5250972047455 
876.1077675299413 
866.452263414096 
864.8430127281218 
872.6210577103304 
875.8395590822789 
889.2499814653974 
877.9852266635778 
885.2268547504618 
890.8592321513715 
895.6869842092941 
871.2800154720187 
875.0349337392918 
880.6673111402015 
874.7667252916294 
879.0580604542273 
882.5447702738381 
888.1771476747479 
881.4719364831886 
883.3493956168252 
881.4719364831886 
884.1540209598123 
925.7263303474793 
919.8257444989073 
920.362161394232 
914.4615755456599 
910.4384488307244 
910.9748657260491 
910.9748657260491 
912.0476995166986 
901.3193616102038 
901.5875700578663 
901.5875700578663 
900.2465278195544 
890.3228152560467 
895.4187757616318 
893.2731081803329 
901.0511531625415 
904.5378629821523 
899.173694028905 
894.6141504186447 
899.978319371892 
866.1840549664337 
869.1343478907197 
868.3297225477326 
872.3528492626681 
871.548223919681 
842.8499200198077 
849.2869227637045 
846.3366298394184 
847.9458805253927 
846.3366298394184 
847.6776720777302 
862.4291366991605 
859.7470522225368 
846.8730467347432 
768.2879715696694 
753.5365069482391 
743.6127943847314 
721.3514932287549 
690.8293718847774 
693.4041729823361 
705.3126280585453 
694.4770067729855 
698.1246416611939 
693.1896062242063 
704.6689277841556 
723.2289523623915 
716.4700994812997 
708.3165626723638 
708.4238460514288 
708.5311294304937 
708.8529795676886 
709.1748297048835 
697.5882247658691 
708.1019959142338 
711.5350640443123 
715.7191158278451 
711.5350640443123 
711.6423474233771 
726.8765872505996 
727.7348542831193 
744.3637780381861 
734.493707164211 
747.0458625148098 
742.8618107312768 
746.509445619485 
758.6324674538241 
753.9119987749664 
742.8618107312768 
745.1147616916408 
742.8618107312768 
740.1797262546531 
742.9690941103418 
749.2988134751737 
747.5822794101346 
742.8618107312768 
744.7929115544459 
747.6895627891995 
755.0921159446808 
753.4828652587066 
754.9848325656159 
775.1541078298259 
774.6176909345012 
780.5182767830732 
773.4375737647867 
775.7978081042156 
830.5123314273387 
855.5093587494714 
852.5054241356529 
855.8312088866662 
849.6087729008992 
846.3902715289508 
854.6510917169518 
851.7544404821982 
862.375495009628 
894.8823588663071 
891.932065942021 
896.4916095522813 
898.3690686859178 
883.88581251215 
883.3493956168252 
846.068421391756 
823.8071202357795 
825.9527878170785 
829.4394976366892 
833.1944159039624 
824.3435371311042 
813.0787823292848 
819.2475766255193 
823.2707033404548 
809.592072509674 
806.1053626900632 
798.595526155517 
826.4892047124032 
814.4198245675966 
821.1250357591558 
827.5620385030527 
834.8036665899366 
825.1481624740914 
819.2475766255193 
821.929661102143 
814.4198245675966 
859.7470522225368 
866.1840549664337 
857.6013846412379 
839.6314186478592 
853.8464663739647 
844.4591707057818 
836.1447088282484 
830.2441229796764 
832.6579990086376 
849.8233396590292 
861.6245113561733 
853.8464663739647 
862.6973451468228 
864.0383873851347 
865.1112211757842 
865.1112211757842 
863.2337620421476 
855.7239255076013 
855.9921339552636 
862.6973451468228 
896.4916095522813 
883.3493956168252 
884.4222294074747 
871.0118070243562 
871.548223919681 
871.8164323673434 
857.6013846412379 
851.9690072403281 
847.4094636300679 
851.9690072403281 
860.0152606701992 
868.0615141000702 
847.9458805253927 
855.4557170599389 
847.1412551824055 
866.7204718617584 
854.9193001646142 
852.7736325833152 
852.2372156879906 
850.0915481066916 
853.0418410309776 
865.9158465187713 
860.551677565524 
836.1447088282484 
846.8730467347432 
850.0915481066916 
849.2869227637045 
845.8002129440937 
848.4822974207174 
852.7736325833152 
850.6279650020163 
848.4822974207174 
850.8961734496787 
842.5817115721453 
851.7007987926658 
880.1308942448768 
894.6141504186447 
875.0349337392918 
889.786398360722 
883.0811871691628 
874.4985168439671 
873.4256830533176 
865.1112211757842 
858.6742184318873 
873.4256830533176 
874.7667252916294 
877.4488097682531 
876.3759759776036 
882.0083533785133 
893.0048997326704 
876.3759759776036 
887.3725223317607 
870.2071816813692 
858.406009984225 
856.7967592982508 
851.1643818973411 
851.7007987926658 
864.5748042804595 
837.4857510665603 
819.2475766255193 
824.3435371311042 
809.8602809573364 
811.7377400909729 
815.4926583582461 
808.7874471666869 
822.1978695498053 
825.9527878170785 
833.4626243516248 
834.5354581422743 
828.9030807413645 
835.0718750375989 
829.4394976366892 
832.6579990086376 
819.5157850731816 
822.1978695498053 
823.0024948927924 
821.929661102143 
829.7077060843516 
829.9759145320139 
820.8568273114935 
823.2707033404548 
806.3735711377255 
804.2279035564267 
807.9828218236997 
826.2209962647408 
832.1215821133129 
827.0256216077279 
820.8568273114935 
821.929661102143 
824.0753286834419 
822.4660779974677 
819.2475766255193 
823.2707033404548 
820.3204104161687 
823.5389117881172 
825.4163709217537 
818.4429512825321 
815.4926583582461 
820.5886188638311 
806.1053626900632 
806.9099880330504 
807.446404928375 
811.4695316433106 
805.0325288994137 
806.6417795853879 
797.2544839172051 
805.5689457947385 
805.5689457947385 
805.8371542424009 
792.9631487546071 
798.3273177078545 
784.3804784294114 
789.4764389349964 
790.5492727256459 
791.8903149639577 
793.7677740975943 
802.8868613181148 
804.2279035564267 
804.7643204517514 
806.9099880330504 
816.5654921488956 
813.0251406397524 
817.852892697675 
818.0674594558049 
812.0595902281677 
810.7721896793885 
809.2702223724792 
815.9217918745059 
807.7682550655699 
810.2357727840637 
812.0595902281677 
814.5271079466615 
817.1019090442203 
816.7800589070255 
813.9906910513369 
818.7111597301945 
831.0487483226634 
825.0408790950264 
824.0753286834419 
831.1560317017285 
828.1520970879099 
828.3666638460397 
828.3666638460397 
823.0024948927924 
825.4163709217537 
823.0024948927924 
828.0984553983774 
826.2209962647408 
814.9562414629213 
809.592072509674 
809.8602809573364 
808.7874471666869 
805.5689457947385 
805.5689457947385 
790.0128558303211 
791.8903149639577 
797.7909008125298 
799.1319430508416 
790.5492727256459 
798.595526155517 
796.7180670218803 
789.4764389349964 
789.7446473826587 
785.9897291153856 
787.5989798013599 
789.208230487334 
796.1816501265556 
791.3538980686329 
788.6718135920092 
789.8519307617237 
795.4306664731009 
795.323383094036 
789.4227972454639 
791.6757482058279 
795.1088163359061 
798.0054675706598 
791.8903149639577 
796.0743667474907 
805.300737347076 
814.0979744304018 
805.9444376214658 
808.9483722352843 
820.7495439324285 
820.4276937952337 
815.599941737311 
818.0674594558049 
807.55368830744 
808.9483722352843 
820.7495439324285 
825.2554458531563 
840.9188191966387 
841.1333859547684 
863.50197048981 
851.9690072403281 
857.3331761935755 
854.9193001646142 
850.8961734496787 
855.9921339552636 
832.1215821133129 
833.1944159039624 
838.022167961885 
842.5817115721453 
838.8267933048721 
838.5585848572098 
845.263796048769 
838.8267933048721 
849.8233396590292 
855.4557170599389 
851.4325903450034 
847.9458805253927 
846.068421391756 
855.1875086122766 
850.6279650020163 
854.9193001646142 
849.5551312113669 
848.214088973055 
830.5123314273387 
840.4360439908463 
835.8765003805861 
838.8267933048721 
847.1412551824055 
847.1412551824055 
851.9690072403281 
849.2869227637045 
853.8464663739647 
846.8730467347432 
843.11812846747 
847.6776720777302 
847.1412551824055 
839.6314186478592 
840.7042524385087 
843.3863369151323 
836.1447088282484 
832.9262074563001 
837.2175426188979 
835.8765003805861 
846.8730467347432 
891.1274405990339 
890.8592321513715 
901.8557785055286 
908.8291981447502 
858.9424268795498 
846.8730467347432 
847.4094636300679 
840.167835543184 
826.2209962647408 
824.6117455787667 
825.684579369416 
814.688033015259 
783.3076446387619 
733.2063066154316 
729.6659551062883 
736.8539415036398 
742.7545273522119 
743.7200777637964 
734.386423785146 
741.1452766662376 
742.1108270778223 
744.1492112800562 
740.501576391848 
739.3214592221336 
740.8234265290428 
740.6088597709129 
739.9651594965233 
732.4553229619769 
734.386423785146 
736.8539415036398 
732.4553229619769 
715.0754155534555 
710.6767970117926 
699.1974754518433 
687.8254372709589 
678.8136334295034 
690.8293718847774 
682.7831184549063 
682.2467015595817 
674.7368650250353 
654.5675897608253 
656.7132573421243 
664.1158104976055 
653.1729058329809 
656.2841238258644 
663.150260086021 
669.158129313658 
669.158129313658 
675.7024154366198 
671.5183636530869 
664.0085271185405 
672.4839140646714 
671.0892301368272 
671.1965135158921 
675.3805652994249 
680.9593010108023 
681.603001285192 
685.8943364477898 
684.8215026571404 
680.4228841154775 
682.2467015595817 
683.7486688664909 
676.4533990900745 
675.48784867849 
681.388434527062 
675.0587151622302 
677.9553663969838 
667.9780121439437 
675.165998541295 
677.6335162597888 
675.48784867849 
679.0282001876333 
678.9209168085683 
680.9593010108023 
683.2122519711661 
678.9209168085683 
678.4917832923085 
674.7368650250353 
675.7024154366198 
674.9514317831652 
689.4346879569331 
681.9248514223868 
681.0665843898672 
679.0282001876333 
680.9593010108023 
682.5685516967765 
680.1010339782827 
680.9593010108023 
678.2772165341786 
680.9593010108023 
677.9553663969838 
690.6148051266475 
692.6531893288816 
693.2968896032712 
693.1896062242063 
692.8677560870115 
691.7949222963618 
685.7870530687248 
680.5301674945424 
681.710284664257 
685.0360694152703 
681.4957179061271 
681.0665843898672 
674.9514317831652 
669.8018295880477 
659.3953418187479 
657.5715243746438 
659.7171919559428 
648.7742872913182 
647.4868867425387 
648.988854049448 
647.5941701216036 
649.2034208075779 
655.4258567933448 
647.5941701216036 
657.249674237449 
655.8549903096045 
660.6827423675272 
663.3648268441509 
654.3530230026954 
657.0351074793191 
657.7860911327737 
655.3185734142799 
656.4986905839943 
657.249674237449 
656.0695570677344 
647.8087368797335 
650.3835379772923 
649.4179875657078 
651.4563717679418 
651.3490883888769 
648.7742872913182 
649.5252709447727 
646.5213363309542 
647.1650366053439 
645.2339357821749 
638.1532327638884 
636.2221319407192 
640.835317240512 
641.6935842730315 
641.5863008939666 
644.4829521287202 
642.5518513055512 
642.9809848218109 
642.766418063681 
642.9809848218109 
646.3067695728244 
642.4445679264862 
642.8737014427461 
644.5902355077851 
643.9465352333955 
645.019369024045 
655.8549903096045 
653.8166061073707 
647.9160202587985 
644.804802265915 
647.3796033634737 
648.0233036378634 
647.7014535006687 
642.4445679264862 
642.766418063681 
643.4101183380708 
642.8737014427461 
647.5941701216036 
649.5252709447727 
647.3796033634737 
647.0577532262789 
646.950469847214 
645.4485025403047 
643.7319684752656 
644.5902355077851 
645.4485025403047 
643.9465352333955 
644.2683853705903 
642.3372845474213 
633.5400474640956 
634.827448012875 
635.2565815291348 
625.0646605179647 
612.0833716511061 
616.0528566765092 
614.0144724742752 
614.8727395067948 
611.8688048929762 
624.52824362264 
625.1719438970297 
621.6315923878865 
622.1680092832112 
623.8845433482503 
621.4170256297566 
620.451475218172 
622.7044261785359 
621.5243090088215 
624.3136768645102 
623.4554098319906 
620.1296250809771 
609.6158539326124 
610.0449874488722 
608.4357367628979 
604.8953852537547 
606.6119193187939 
609.0794370372877 
605.9682190444041 
618.1985242578082 
614.8727395067948 
617.3402572252885 
612.8343553045609 
618.7349411531329 
614.1217558533401 
584.6188266104797 
590.5194124590518 
590.9485459753116 
590.4121290799868 
593.4160636938053 
590.7339792171816 
587.3009110871034 
590.7339792171816 
598.2438157517279 
590.7339792171816 
590.7339792171816 
592.9869301775456 
590.7339792171816 
592.4505132822208 
594.16704734726 
595.6690146541692 
594.9180310007146 
598.2438157517279 
601.1404669864814 
599.8530664377022 
593.0942135566105 
594.3816141053899 
591.2703961125064 
595.0253143797795 
595.6690146541692 
594.8107476216496 
599.4239329214424 
598.9947994051826 
598.5656658889228 
595.8835814122991 
591.2703961125064 
596.6345650657538 
594.059763968195 
597.8146822354681 
599.3166495423775 
597.0636985820136 
598.8875160261177 
596.205431549494 
595.3471645169743 
598.3510991307929 
597.2782653401434 
591.2703961125064 
602.6424342933908 
602.9642844305856 
601.3550337446113 
604.3589683584299 
608.1138866257031 
604.037118221235 
603.2861345677804 
604.037118221235 
607.5774697303784 
609.2940037954176 
610.9032544813917 
609.4012871744824 
606.2900691815989 
609.0794370372877 
605.2172353909496 
602.1060173980661 
601.3550337446113 
596.6345650657538 
593.5233470728704 
591.2703961125064 
590.5194124590518 
590.3048457009219 
590.0902789427919 
585.7989437801941 
589.2320119102724 
588.159178119623 
586.3353606755188 
584.1896930942198 
579.5765077944272 
586.3353606755188 
582.6877257873107 
577.5381235921932 
583.6532761988951 
571.852104501751 
553.7212134397748 
563.9131344509449 
563.9131344509449 
566.1660854113088 
560.0509328046066 
555.9741644001388 
556.2960145373336 
554.3649137141646 
554.3649137141646 
549.9662951725018 
546.4259436633585 
543.7438591867348 
545.1385431145791 
540.8472079519812 
545.4603932517739 
539.9889409194616 
536.6631561684483 
528.938752875772 
530.0115866664215 
533.7665049336947 
547.7133442121378 
543.8511425657997 
546.157735215696 
548.1424777283976 
549.4835199667095 
546.586868731956 
546.9087188691507 
553.1311548549177 
566.8634273752309 
563.7522093823475 
568.8481698879325 
571.852104501751 
573.4613551877251 
567.2925608914907 
561.2310499743212 
558.3343987395676 
560.6946330789965 
556.8860731221907 
549.3762365876445 
544.333917771592 
546.3723019738259 
551.8437543061383 
552.3265295119305 
552.6483796491254 
561.0701249057238 
554.0967052665022 
553.0238714758527 
556.456939605931 
546.8014354900859 
545.5140349413064 
546.586868731956 
549.1616698295146 
549.9126534829693 
549.9126534829693 
549.6980867248394 
557.6906984651779 
553.1847965444501 
553.9357801979047 
551.5755458584758 
552.0046793747357 
543.0465172228126 
542.4564586379554 
527.4367855688628 
527.6513523269927 
527.6513523269927 
526.2566683991483 
532.3718210058504 
529.5824531501617 
520.4633659296412 
517.4594313158227 
516.7084476623681 
510.4860116766011 
516.7084476623681 
520.9997828249659 
515.2064803554588 
520.3560825505763 
523.5745839225247 
524.7547010922391 
530.5480035617462 
525.8275348828886 
521.4289163412258 
518.1031315902123 
519.6050988971217 
516.8157310414331 
508.76947761156197 
516.8157310414331 
512.738962636965 
508.1257773371723 
489.6730361380014 
490.63858654958585 
494.39350481685904 
472.5076954876098 
472.8295456248046 
484.0943004266241 
477.87186444085717 
478.193714578052 
485.70355111259835 
490.424019791456 
484.63071732194885 
484.95256745914367 
475.61891348049323 
480.339382159351 
474.224229552649 
479.69568188496123 
481.3049325709355 
484.7380007010138 
479.32019005823395 
478.1400728885195 
476.63810558161026 
474.5460796898438 
473.2586791410645 
473.097754072467 
475.67255517002576 
477.174522476935 
475.88712192815564 
485.11349252774113 
488.54656065781944 
489.6730361380014 
490.15581134379363 
489.08297755314413 
488.33199389968956 
484.416150563819 
488.9756941740792 
487.8492186938972 
492.56968737275497 
493.6425211634044 
481.3049325709355 
480.23209878028604 
480.23209878028604 
475.9407636176881 
474.5997213793763 
476.2089720653505 
479.5883985058963 
477.3354475455325 
480.01753202215616 
481.62678270813035 
476.3698971339479 
480.4466655384159 
478.24735626758445 
475.4579884118959 
469.2891941156614 
463.3349665775568 
463.71045840428417 
466.982601465765 
467.57266005062223 
465.6415592274532 
465.6415592274532 
468.16271863547945 
469.3428358051939 
449.3344856095812 
447.77887661313946 
422.9427743596042 
424.9811585618382 
413.7700454495512 
419.7779146771883 
407.3866843951869 
417.79317216448675 
421.6553738108248 
425.6248588362279 
430.0234773778907 
441.34187386924265 
439.46441473560606 
453.5185373931141 
448.85171040378896 
451.4801531908802 
455.12778807908836 
449.4954106781786 
451.9092867071399 
452.60662867106214 
448.9053520933214 
447.24245971781477 
451.5874365699451 
451.6410782594776 
442.521991038957 
440.4836068367231 
445.15043382604824 
442.2537825912947 
450.675527847893 
445.0431504469833 
450.46096108976315 
445.2040755155807 
446.6524011329575 
445.3650005841781 
445.6332090318405 
447.61795154454205 
445.31135889464565 
441.8246490750349 
436.3531967427226 
440.91274035298284 
442.2001409017622 
442.2001409017622 
440.2690400785932 
442.3610659703596 
444.02395834586633 
444.61401693072355 
447.45702647594464 
449.7099774363086 
451.31922812228277 
449.5490523677111 
457.70258917664705 
454.4304461151662 
446.70604282248996 
446.4378343748276 
444.8822253783859 
445.9014174795029 
444.02395834586633 
443.21933300287924 
433.61747057656646 
435.9240632264628 
446.16962592716527 
448.15436843986674 
452.2311368443348 
453.5185373931141 
454.0549542884389 
460.4919570323357 
463.76410009381664 
462.31577447643986 
467.57266005062223 
465.53427584838823 
463.49589164615423 
463.49589164615423 
461.24294068579036 
464.72965050540114 
460.33103196373827 
464.1395919205439 
466.982601465765 
467.78722680875217 
464.1932336100764 
467.1435265343624 
464.67600881586867 
465.85612598558305 
465.1051423321285 
463.49589164615423 
465.15878402166095 
463.49589164615423 
463.44224995662177 
463.49589164615423 
471.64942845509023 
474.11694617358404 
472.56133717714226 
471.3812200074278 
472.61497886667473 
469.2891941156614 
466.60710963903773 
458.6681395882316 
458.5072145196342 
463.49589164615423 
463.8713834728816 
461.993924339245 
463.49589164615423 
463.2813248880243 
461.3502240648553 
463.76410009381664 
465.7488426065181 
463.6568167147517 
467.78722680875217 
467.4653766715573 
468.3772853936093 
472.4540537980773 
477.7645810617922 
480.71487398607826 
480.4466655384159 
474.7606464479737 
474.8142881375062 
476.5844638920778 
475.88712192815564 
476.9599557188051 
472.61497886667473 
474.2778712421814 
476.90631402927266 
476.85267233974014 
478.5692064047793 
476.5308222025453 
475.136138274701 
471.75671183415517 
476.90631402927266 
475.1897799642335 
478.35463964664945 
475.40434672236336 
469.71832763192117 
469.93289439005105 
467.1435265343624 
469.93289439005105 
467.4117349820248 
460.974732238128 
461.6720742020501 
466.070692743713 
461.2965823753228 
459.0972731044914 
459.63368999981617 
460.5455987218682 
461.40386575438777 
463.92502516241404 
463.92502516241404 
458.18536438243933 
452.7139120501271 
449.38812729911365 
446.1159842376328 
451.802003328075 
446.9206095806199 
448.4762185770617 
445.9014174795029 
447.93980168173687 
447.99344337126934 
450.5146027792956 
447.725234923607 
450.1927526421008 
457.97079762430945 
454.0549542884389 
449.06627716191883 
451.802003328075 
452.49934529199714 
452.01657008620487 
449.4417689886462 
451.7483616385425 
456.6297553859976 
456.30790524880274 
460.00918182654345 
458.39993114056927 
461.1356573067254 
459.41912324168624 
454.9668630104909 
457.2734556603873 
449.9781858839709 
447.61795154454205 
447.13517633874983 
443.05840793428183 
445.4722839632431 
444.5603752411911 
444.98950875745084 
448.20801012939927 
445.4722839632431 
443.4338997610091 
445.4722839632431 
443.05840793428183 
444.667658620256 
442.2001409017622 
445.4722839632431 
444.2385251039962 
445.8477757899704 
448.3152935084642 
444.5603752411911 
447.725234923607 
448.10072675033433 
447.5643098550096 
446.06234254810033 
445.6332090318405 
443.75574989820393 
446.70604282248996 
444.8285836888534 
445.6332090318405 
442.89748286568437 
442.95112455521684 
442.30742428082715 
443.70210820867146 
444.5603752411911 
447.29610140734724 
446.16962592716527 
447.0815346492173 
447.77887661313946 
449.9781858839709 
446.9206095806199 
444.8285836888534 
445.4722839632431 
446.4378343748276 
445.2040755155807 
435.38764633113806 
434.0466040928262 
428.7360768291113 
427.1804678326696 
427.1804678326696 
423.9619664607212 
423.15734111773406 
422.0845073270846 
427.82416810705934 
430.2380441360206 
429.54070217209846 
427.98509317565674 
427.98509317565674 
449.65633574677605 
444.5067335516586 
445.68685072137305 
445.4722839632431 
445.9014174795029 
446.16962592716527 
446.00870085856786 
438.1770141868267 
433.7247539556314 
433.67111226609893 
431.0426694790077 
430.398969204618 
430.50625258368296 
429.0042852767737 
428.5751517605139 
428.6287934500464 
432.0082198905923 
431.5790863743324 
430.50625258368296 
433.02741199170924 
432.75920354404684 
434.5293792986185 
434.2611708509561 
436.51412181132 
433.4029038184365 
433.1346953707742 
433.51018719750147 
437.0505387066447 
437.37238884383964 
438.39158094495656 
445.8477757899704 
453.6794624617116 
450.782811226958 
448.9053520933214 
447.725234923607 
449.1199188514513 
453.840387530309 
448.6371436456591 
446.54511775389255 
448.2616518189317 
447.45702647594464 
447.61795154454205 
450.3536777106982 
444.45309186212614 
448.5298602665941 
445.8477757899704 
444.0776000353988 
447.5643098550096 
448.69078533519155 
450.5682444688281 
453.62582077217905 
453.3576123245167 
457.1125305917899 
458.61449789869914 
458.23900607197186 
454.6450128732961 
455.9860551116079 
460.70652379046567 
460.4919570323357 
460.70652379046567 
460.974732238128 
466.6607513285702 
461.94028264971246 
463.0667581298944 
463.0667581298944 
460.5992404114006 
461.24294068579036 
459.41912324168624 
457.8635142452445 
456.0396968011404 
456.7906804545951 
457.917155934777 
457.0588889022574 
458.45357283010173 
460.65288210093314 
460.0628235160759 
462.905833061297 
461.2965823753228 
462.53034123456973 
464.5150837472712 
463.3349665775568 
465.69520091698564 
464.89057557399855 
462.69126630316714 
459.7946150684136 
460.00918182654345 
458.829064656829 
458.829064656829 
458.829064656829 
460.0628235160759 
458.829064656829 
459.63368999981617 
461.7257158915826 
462.04756602877745 
464.56872543680373 
466.3925428809078 
469.61104425285623 
475.9407636176881 
478.24735626758445 
474.7606464479737 
474.17058786311645 
472.5076954876098 
473.5805292782593 
472.93682900386955 
474.5997213793763 
475.5652717909608 
470.8984448016356 
472.185845350415 
468.00179356688204 
469.128269047064 
468.80641890986914 
469.02098566799907 
469.02098566799907 
470.79116142257067 
468.9137022889341 
463.3886082670893 
463.44224995662177 
464.99785895306354 
464.30051698914133 
467.25080991342736 
467.73358511921964 
469.39647749472635 
459.7946150684136 
457.917155934777 
458.829064656829 
458.829064656829 
454.5913711837636 
449.22720223051624 
454.4840878046987 
452.2311368443348 
456.6297553859976 
458.18536438243933 
453.73310415124405 
451.69471994901005 
454.4304461151662 
453.3576123245167 
450.89009460602296 
450.89009460602296 
451.9092867071399 
447.99344337126934 
448.5298602665941 
451.802003328075 
451.9092867071399 
452.92847880825695 
449.763619125841 
447.725234923607 
445.68685072137305 
446.3305509957627 
442.521991038957 
445.31135889464565 
445.2577172051132 
443.21933300287924 
447.29610140734724 
451.802003328075 
451.9092867071399 
450.46096108976315 
451.9092867071399 
450.782811226958 
447.3497430968797 
447.4033847864122 
445.41864227371065 
446.8133262015549 
447.5643098550096 
448.42257688752915 
447.18881802828224 
448.3152935084642 
450.83645291649043 
450.83645291649043 
450.30003602116574 
450.675527847893 
446.8669678910874 
449.1735605409838 
449.1735605409838 
449.06627716191883 
447.5643098550096 
446.06234254810033 
447.18881802828224 
447.0815346492173 
447.45702647594464 
442.8438411761519 
439.83990656233334 
441.50279893784005 
441.2345904901777 
439.83990656233334 
441.2882321797101 
442.3610659703596 
441.0200237320478 
440.53724852625555 
442.521991038957 
442.46834934942456 
445.15043382604824 
446.1159842376328 
446.22326761669774 
443.4338997610091 
443.86303327726887 
443.70210820867146 
443.1120496238143 
445.2577172051132 
444.18488341446374 
447.99344337126934 
441.6637240064375 
441.50279893784005 
441.07366542158024 
440.8054569739179 
440.53724852625555 
440.590890215788 
443.1120496238143 
442.521991038957 
442.0928575226973 
439.67898149373593 
439.89354825186587 
436.2459133636577 
437.37238884383964 
437.8015223600994 
440.2153983890607 
440.590890215788 
441.4491572483076 
441.71736569597 
444.02395834586633 
444.5603752411911 
443.86303327726887 
442.89748286568437 
443.4338997610091 
444.5603752411911 
444.02395834586633 
443.86303327726887 
445.4722839632431 
444.5067335516586 
445.2577172051132 
444.3458084830612 
445.31135889464565 
444.93586706791837 
443.91667496680134 
443.5948248296065 
443.8093915877364 
440.91274035298284 
441.0200237320478 
440.3226817681257 
441.0200237320478 
439.4107730460736 
437.90880573916434 
438.2842975658916 
433.4029038184365 
436.2459133636577 
434.5293792986185 
435.60221308926793 
433.99296240329375 
433.18833706030665 
434.58302098815096 
435.54857139973547 
433.99296240329375 
432.0618615801247 
432.54463678591696 
433.2956204393716 
433.563828887034 
433.8856790242288 
433.67111226609893 
433.83203733469634 
440.1617566995282 
440.69817359485296 
439.3571313565411 
436.2459133636577 
438.23065587635915 
436.0849882950602 
435.6558547788004 
437.74788067056693 
437.640597291502 
435.8167798473978 
436.78233025898237 
438.65978939261896 
439.3571313565411 
439.83990656233334 
439.1962062879437 
439.2498479774762 
437.90880573916434 
434.63666267768343 
434.74394605674837 
430.7208193418129 
426.37584248968255 
427.87780979659175 
427.87780979659175 
429.9698356883582 
425.7321422152928 
427.87780979659175 
420.7434650887728 
421.7090155003573 
424.0156081502537 
426.2149174210851 
427.98509317565674 
426.4831258687475 
425.0884419409031 
428.46786838144897 
427.1268261431371 
409.4250685974208 
409.7469187346157 
405.026450055758 
405.5092252615502 
407.1184759475245 
406.4211339836023 
405.4019418824853 
402.61257402679666 
399.3404309653158 
389.9531352971329 
384.1061911380933 
385.82272520313245 
387.7538260263015 
382.49694045211913 
383.730699311366 
385.0717415496778 
386.7346339251845 
389.09486826461335 
386.68099223565207 
381.7995984881969 
379.9221393545604 
379.70757259643045 
384.8571747915479 
378.1519635999887 
377.88375515232633 
351.1701937651545 
348.3003633751672 
354.5227993609341 
350.4460309564661 
353.34268219121964 
358.76049283399954 
358.43864269680466 
360.0747142275451 
357.9290466462462 
357.9022258014799 
356.15887089167455 
353.9059199313107 
353.44996557028463 
354.04002415514185 
353.31586134645346 
355.3810663934537 
350.660597714596 
348.3003633751672 
351.33111883375193 
353.8790990865444 
365.7339124732211 
366.3239710580783 
365.70709162845486 
363.40049897855846 
367.31634231442905 
376.05993770822226 
375.30895405476764 
379.5198266830668 
375.7380875710274 
369.03287637946823 
366.83356710863677 
366.67264204003936 
365.70709162845486 
364.4196910796755 
359.5382973322204 
360.3429226752075 
357.60719650905133 
356.15887089167455 
360.12835591707756 
360.3429226752075 
359.9137891589477 
362.27402349837655 
359.96743084848015 
361.04026463912965 
362.9713654622987 
361.41575646585693 
361.04026463912965 
361.63032322398686 
361.71078575828557 
361.3889356210907 
361.2548313972595 
361.1475480181946 
360.61113112286984 
358.3850010072722 
355.8638415992459 
356.5075418736356 
357.84858411194745 
356.9098545451292 
354.12048668944055 
354.28141175803796 
355.9979458230771 
357.3121672166227 
356.8293920108305 
356.8293920108305 
364.0710200977144 
370.4543811520788 
371.500394097962 
372.0099901485205 
367.7186549859226 
369.86432256722156 
370.96397720263724 
369.51565158526046 
370.23981439394885 
370.7762312892736 
371.23218565029964 
374.0483743507545 
373.21692816300117 
370.8566938235723 
368.28189272601355 
368.76466793180583 
368.97923468993577 
369.5692932747929 
369.94478510152027 
368.87195131087077 
369.67657665385786 
369.7838600329228 
364.90246628546777 
366.404433592377 
368.0136842783512 
367.6918341411564 
364.0978409424806 
365.86801669705227 
367.58455076209145 
367.0481338667667 
366.1362251447147 
365.2243164226626 
365.38524149126 
366.0289417656497 
365.1706747331301 
366.1362251447147 
365.86801669705227 
365.92165838658474 
367.2627006248966 
366.72628372957183 
366.5653586609744 
366.08258345518215 
365.5998082493899 
365.9753000761172 
370.1057101701177 
368.12096765741614 
368.0136842783512 
368.335534415546 
368.55010117367596 
368.76466793180583 
368.0673259678837 
367.3699840039615 
367.90640089928627 
368.6573845527409 
370.2129935491826 
372.6805112676764 
373.21692816300117 
373.8606284373908 
373.6997033687934 
373.3778532315986 
375.04074560710524 
374.7725371594429 
376.86456305120936 
375.46987912336505 
376.27450446635214 
375.1480289861702 
374.4506870222481 
371.2858273398321 
371.98316930375427 
373.00236140487124 
373.1632864734687 
372.19773606188414 
373.6997033687934 
373.3778532315986 
372.8950780258063 
373.538778300196 
373.538778300196 
370.1057101701177 
367.0481338667667 
367.2090589353641 
367.90640089928627 
367.31634231442905 
363.9369158738832 
360.55748943333737 
360.9866229495972 
361.97899420594797 
364.95610797500024 
364.3392285453767 
363.80281165005204 
364.2319451663118 
363.32003644425976 
363.42731982332475 
362.51541110127266 
362.51541110127266 
363.72234911575333 
363.910095029117 
363.6150657366884 
363.5614240471559 
363.9905575634157 
364.929287130234 
362.4081277222077 
362.8372612384675 
360.15517676184385 
359.56511817698663 
361.6571440687531 
361.6571440687531 
362.27402349837655 
362.72997785940254 
362.64951532510383 
361.6571440687531 
359.80650577988274 
359.8601474694152 
360.4502060542724 
361.36211477632446 
359.59193902175286 
359.00188043689565 
359.8601474694152 
360.6647728124023 
359.64558071128533 
359.1091638159606 
358.6263886101683 
358.250896783441 
355.4615289277524 
355.6224539963498 
356.6952877869993 
355.4615289277524 
355.56881230681734 
356.31979596027196 
359.377372263623 
360.12835591707756 
360.18199760661 
359.64558071128533 
358.8945970578307 
359.1359846607268 
358.9482387473632 
359.35055141885675 
357.63401735381757 
357.4194505956877 
357.84858411194745 
358.49228438633713 
357.794942422415 
358.35818016250596 
357.33898806138893 
357.60719650905133 
356.96349623466165 
357.60719650905133 
358.43864269680466 
359.00188043689565 
359.32373057409046 
362.9713654622987 
364.2319451663118 
364.0978409424806 
362.6226944803376 
361.6571440687531 
360.6647728124023 
359.6992224008178 
359.9137891589477 
360.12835591707756 
359.9137891589477 
360.1015350723114 
359.72604324558404 
358.92141790259694 
358.6800302997008 
357.794942422415 
358.43864269680466 
358.49228438633713 
358.250896783441 
358.19725509390855 
353.6645323284145 
357.5803756642851 
356.2929751155057 
357.20488383755776 
358.6800302997008 
358.250896783441 
358.41182185203843 
358.9750595921294 
359.4578347979217 
358.9750595921294 
359.4846556426879 
359.7528640903503 
361.0134437943634 
364.0173784081819 
363.6955282709871 
362.5422319460389 
362.7567987041688 
363.346857289026 
364.1514826320131 
363.6150657366884 
363.9369158738832 
364.63425783780536 
366.1362251447147 
366.67264204003936 
365.5461665598574 
366.08258345518215 
364.79518290640283 
366.08258345518215 
365.3315998017275 
367.15541724583164 
368.12096765741614 
368.12096765741614 
367.74547583068886 
367.79911752022133 
367.15541724583164 
366.35079190284455 
366.18986683424714 
364.7415412168703 
362.27402349837655 
364.04419925294815 
363.6150657366884 
363.454140668091 
364.5806161482729 
364.7415412168703 
364.63425783780536 
366.72628372957183 
364.8488245959353 
365.1706747331301 
366.88720879816924 
370.0520684805852 
369.51565158526046 
369.2474431375981 
369.8911434119878 
370.80305213403983 
371.3394690293646 
372.1440943723517 
374.3434036431831 
371.98316930375427 
370.8566938235723 
372.78779464674136 
372.78779464674136 
369.67657665385786 
370.1057101701177 
370.3739186177801 
370.58848537590995 
371.23218565029964 
371.82224423515686 
373.59241998972846 
373.6997033687934 
371.2858273398321 
368.87195131087077 
366.1362251447147 
367.3699840039615 
367.15541724583164 
367.74547583068886 
367.3699840039615 
365.2243164226626 
365.6534499389224 
364.95610797500024 
364.7415412168703 
363.9905575634157 
364.5806161482729 
365.11703304359764 
366.404433592377 
365.43888318079246 
365.70709162845486 
366.1362251447147 
365.5998082493899 
364.8488245959353 
365.43888318079246 
366.2971502133121 
365.3315998017275 
365.27795811219505 
364.8488245959353 
364.2587660110781 
363.82963249481827 
364.04419925294815 
363.9905575634157 
364.31240770061055 
364.366049390143 
362.327665187909 
363.0250071518312 
361.5766815344544 
360.6647728124023 
360.87933957053224 
360.61113112286984 
361.63032322398686 
363.66870742622086 
364.8488245959353 
364.2587660110781 
365.92165838658474 
366.99449217723424 
366.35079190284455 
365.92165838658474 
366.88720879816924 
367.96004258881874 
367.4772673830265 
366.99449217723424 
366.18986683424714 
367.1017755562992 
365.9753000761172 
367.423625693494 
366.7799254191043 
366.4580752819095 
366.88720879816924 
367.530909072559 
367.79911752022133 
367.4772673830265 
366.67264204003936 
367.15541724583164 
367.15541724583164 
365.1706747331301 
365.38524149126 
365.0097496645327 
364.04419925294815 
363.454140668091 
361.36211477632446 
361.41575646585693 
361.79124829258427 
361.84488998211674 
360.9866229495972 
363.07864884136364 
363.66870742622086 
362.91772377276624 
362.27402349837655 
362.3813068774415 
361.36211477632446 
361.8985316716492 
360.82569788099977 
357.1780629927915 
356.58800440793436 
356.4270793393369 
356.37343764980443 
354.7105452742978 
355.7833790649472 
356.1052292021421 
355.300603859155 
352.64534022729754 
350.6337768698298 
353.5036072598171 
352.9403695197261 
360.5038477438049 
361.97899420594797 
360.47702689903866 
358.9482387473632 
363.4809615128572 
365.51934571509116 
364.4196910796755 
364.929287130234 
364.822003751169 
365.76073331798733 
362.5422319460389 
363.72234911575333 
366.2435085237796 
366.0289417656497 
365.0097496645327 
364.87564544070153 
364.366049390143 
363.5346032023897 
364.1514826320131 
365.76073331798733 
364.20512432154555 
363.82963249481827 
363.82963249481827 
364.1514826320131 
363.82963249481827 
363.82963249481827 
365.0633913540652 
364.366049390143 
364.63425783780536 
364.47333276920796 
363.82963249481827 
363.88327418435074 
363.1859322204286 
363.2932155994935 
363.82963249481827 
363.82963249481827 
363.454140668091 
363.88327418435074 
362.5422319460389 
363.6150657366884 
363.82963249481827 
364.0978409424806 
363.82963249481827 
364.68789952733783 
367.2627006248966 
368.335534415546 
367.530909072559 
368.442817794611 
368.6573845527409 
368.76466793180583 
368.97923468993577 
368.442817794611 
366.72628372957183 
366.88720879816924 
366.1362251447147 
367.90640089928627 
368.335534415546 
367.4772673830265 
367.79911752022133 
370.80305213403983 
370.8566938235723 
372.2513777514166 
371.500394097962 
370.8566938235723 
370.80305213403983 
368.87195131087077 
368.335534415546 
368.12096765741614 
368.8183096213383 
370.15935185965014 
372.0904526828192 
372.3050194409491 
371.82224423515686 
371.500394097962 
371.7686025456244 
371.0712605817022 
380.83404807661236 
392.6352197737566 
399.17950589671835 
397.9457470374715 
403.09534923258894 
398.4821639327962 
401.64702361521216 
401.7543069942771 
411.19524435199247 
412.6972116589018 
411.19524435199247 
413.44819531235635 
421.0116735364352 
411.19524435199247 
411.9462280054471 
420.31433157251297 
412.6972116589018 
415.2720127564604 
411.83894462638216 
412.8044950379667 
399.3940726548483 
403.89997457557604 
403.14899092212147 
406.68934243126466 
404.4900331604333 
401.4860985466147 
403.9536162651085 
400.84239827222507 
392.09880287843185 
390.81140232965254 
389.09486826461335 
385.66180013453504 
389.5240017808731 
393.4934868062762 
396.3364963514973 
400.94968165129 
403.6317661279137 
397.62389690027663 
395.4782293189777 
397.40933014214676 
405.72379201968016 
400.3059813769003 
396.9265549363545 
395.1563791817829 
397.1947633840168 
398.53580562232867 
398.4821639327962 
395.21002087131535 
395.74643776664004 
394.4053955283282 
396.0682879038349 
395.58551269804263 
397.40933014214676 
398.85765575952354 
395.53187100851017 
395.9610045247699 
384.1061911380933 
383.30156579510617 
382.65786552071654 
380.56583962895 
380.4585562498851 
381.692315109132 
384.6962497229505 
384.21347451715826 
383.4088491741711 
384.42804127528814 
384.8571747915479 
383.4088491741711 
383.4088491741711 
382.8724322788464 
381.90688186726186 
382.22873200445673 
381.10225652427476 
377.66918839419645 
378.8493055639109 
377.13277149887176 
378.1519635999887 
378.6883804953135 
377.5619050151315 
378.4738137371836 
375.5235208128975 
372.8950780258063 
373.80698674785833 
377.50826332559905 
374.66525378037795 
373.59241998972846 
376.27450446635214 
376.86456305120936 
376.2208627768197 
373.6997033687934 
373.0560030944037 
373.59241998972846 
373.4851366106635 
371.9295276142218 
372.8950780258063 
373.21692816300117 
371.7686025456244 
373.27056985253364 
375.20167067570264 
378.9565889429758 
381.6386734195995 
382.1750903149242 
386.19821702985973 
385.5545167554701 
385.5545167554701 
384.642608033418 
387.21740913097676 
389.4703600913407 
388.18295954256126 
387.37833419957417 
387.3246925100417 
393.7080535644061 
392.3133696365618 
395.6927960771076 
395.3173042503803 
392.6352197737566 
390.4895521924576 
388.7730181274185 
390.7041189505876 
390.3286271238602 
389.14850995414577 
393.2252783586138 
388.3975263006912 
386.89555899378195 
388.3438846111587 
391.5623859831071 
389.30943502274323 
390.6504772610551 
403.5781244383812 
402.0225154419395 
403.9536162651085 
406.0992838464075 
403.84633288604357 
395.53187100851017 
396.3364963514973 
391.2405358459123 
393.97626201206845 
394.6736039759906 
396.9265549363545 
394.8881707341205 
395.8000794561725 
396.76562986775707 
397.30204676308176 
396.9265549363545 
397.9457470374715 
396.9265549363545 
395.1563791817829 
393.97626201206845 
395.6927960771076 
399.17950589671835 
396.9265549363545 
398.3212388641988 
394.72724566552307 
394.6199622864581 
394.2444704597308 
394.78088735505554 
394.0299037016009 
393.33256173767876 
395.4782293189777 
398.2675971746663 
394.2444704597308 
394.9954541131855 
391.2405358459123 
391.50874429357464 
392.1524445679644 
390.27498543432773 
388.2366012320938 
389.7922102285355 
390.9186857087175 
389.57764347040563 
393.1716366690813 
390.4895521924576 
390.4895521924576 
389.845851918068 
389.09486826461335 
388.0756761634963 
390.27498543432773 
389.30943502274323 
389.2021516436783 
388.98758488554836 
392.04516118889944 
391.884236120302 
390.7041189505876 
390.75776064012 
395.3173042503803 
400.89603996175754 
401.4860985466147 
403.2026326116539 
404.007257954641 
400.84239827222507 
402.076157131472 
402.45164895819926 
403.73904950697863 
408.7813683230312 
410.22969394040797 
410.60518576713525 
407.064834257992 
413.3409119332914 
418.8123642656037 
417.31039695869447 
441.2882321797101 
446.8669678910874 
441.610082316905 
442.4147076598921 
437.0505387066447 
436.78233025898237 
436.9432553275798 
436.9432553275798 
449.9781858839709 
446.4378343748276 
442.8438411761519 
437.74788067056693 
421.76265718988975 
423.69375801305887 
435.7094964683329 
429.4334187930335 
428.0387348651892 
438.552506013554 
446.3305509957627 
437.2114637752422 
440.2690400785932 
452.07021177573733 
442.95112455521684 
434.69030436721596 
435.4412880206705 
439.1962062879437 
433.18833706030665 
436.78233025898237 
439.3571313565411 
440.6445319053205 
440.69817359485296 
434.2075291614236 
426.42948417921497 
413.44819531235635 
410.6588274566677 
412.91177841703166 
415.32565444599294 
416.72033837383725 
417.68588878542175 
414.4673874134734 
414.7892375506682 
414.30646234487597 
415.9693547203826 
418.7050808865388 
416.0229964099151 
417.36403864822694 
418.0613806121491 
418.11502230168156 
415.05744599833054 
419.7242729876558 
421.0116735364352 
420.95803184690266 
424.5520250455784 
420.6361817097078 
421.1189569155001 
421.1725986050326 
417.6322470958893 
421.1189569155001 
425.7857839048253 
429.0042852767737 
432.1155032696572 
435.9777049159953 
430.82810272087784 
434.42209591955356 
433.9393207137613 
436.99689701711225 
435.06579619394324 
433.61747057656646 
427.82416810705934 
430.07711906742315 
427.1804678326696 
434.1002457823587 
435.06579619394324 
441.8782907645674 
450.7291695374255 
440.1617566995282 
439.7326231832684 
445.31135889464565 
448.10072675033433 
444.3458084830612 
448.85171040378896 
445.0431504469833 
442.2001409017622 
443.3266163819442 
434.15388747189115 
432.8664869231118 
434.31481254048856 
433.61747057656646 
435.1730795730082 
438.8207144612164 
438.0160891182293 
436.62140519038496 
440.9663820425153 
441.2345904901777 
448.744427024724 
462.1012077183099 
453.9476709093739 
455.12778807908836 
451.31922812228277 
455.61056328488064 
457.97079762430945 
459.20455648355636 
462.04756602877745 
454.4840878046987 
457.54166410804964 
460.00918182654345 
457.16617228132236 
461.6720742020501 
469.2891941156614 
464.944217263531 
462.7449079926996 
465.8024842960506 
463.44224995662177 
460.0628235160759 
458.024439313842 
427.448676280332 
423.7473997025913 
426.2685591106175 
423.8546830816562 
427.66324303846187 
428.5751517605139 
428.360585002384 
427.23410952220206 
427.55595965939693 
426.75133431640984 
428.5751517605139 
428.360585002384 
432.9737703021767 
428.360585002384 
424.44474166651344 
423.64011632352634 
426.10763404202015 
424.4983833560459 
425.8930672838902 
426.69769262687737 
426.8049760059423 
423.42554956539647 
423.1036994282016 
423.31826618633147 
417.256755269162 
413.3409119332914 
415.91571303085016 
423.8010413921238 
424.7129501141758 
425.8930672838902 
424.0156081502537 
425.410292078098 
428.14601824425415 
429.0042852767737 
429.8625523092933 
428.4142266919165 
426.37584248968255 
424.3374582874485 
425.2493670095006 
437.15782208570965 
439.5180564251385 
439.08892290887877 
434.8512294358133 
434.475737609086 
429.8089106197608 
434.7975877462809 
431.36451961620253 
433.67111226609893 
433.7247539556314 
434.7975877462809 
438.23065587635915 
435.3340046416056 
434.2611708509561 
431.2035945476051 
430.29168582555303 
429.11156865583865 
421.9772239480196 
436.4068384322551 
436.4068384322551 
436.51412181132 
435.2803629520731 
436.4068384322551 
434.2611708509561 
430.98902778947524 
431.6327280638649 
433.7247539556314 
432.9737703021767 
436.4068384322551 
435.06579619394324 
429.75526893022834 
430.77446103134537 
429.9698356883582 
429.59434386163093 
431.52544468479994 
428.4142266919165 
428.30694331285156 
429.0042852767737 
432.1691449591897 
433.9393207137613 
430.4526108941505 
430.1307607569556 
430.4526108941505 
430.4526108941505 
429.9698356883582 
432.54463678591696 
429.11156865583865 
420.9043901573702 
422.0845073270846 
420.15340650391556 
418.5441558179414 
417.4176803377594 
414.7892375506682 
419.24149778186353 
412.6972116589018 
408.56680156490125 
410.7124691462002 
410.1760522508755 
410.0687688718105 
404.8118832976281 
407.2794010161219 
407.6548928428492 
405.0800917452905 
399.930489550173 
396.3364963514973 
398.4821639327962 
400.1450563083029 
405.61650864061517 
407.064834257992 
405.72379201968016 
405.61650864061517 
400.4669064454978 
394.72724566552307 
396.81927155728954 
394.72724566552307 
396.872913246822 
399.28678927578335 
394.51267890739314 
394.834529044588 
382.5505821416516 
382.7651488997815 
394.2444704597308 
400.89603996175754 
403.84633288604357 
402.988065853524 
400.5741898245627 
399.17950589671835 
398.21395548513385 
400.4669064454978 
401.3251734780173 
400.5741898245627 
400.5741898245627 
398.3212388641988 
398.37488055373126 
389.25579333321076 
387.86110940536645 
389.89949360760045 
389.36307671227576 
389.89949360760045 
390.59683557152255 
391.7233110517045 
391.6160276726396 
395.6391543875751 
394.56632059692566 
390.81140232965254 
389.73856853900304 
389.73856853900304 
391.5623859831071 
391.6160276726396 
392.796144842354 
394.6199622864581 
390.86504401918495 
391.45510260404217 
393.27892004814623 
392.6352197737566 
394.13718708066585 
393.1179949795489 
391.45510260404217 
390.59683557152255 
392.3133696365618 
390.97232739824994 
394.834529044588 
392.74250315282154 
394.0299037016009 
392.58157808422413 
393.60077018534116 
396.3901380410298 
396.1219295933674 
397.1947633840168 
398.2675971746663 
398.37488055373126 
397.7848219688741 
398.85765575952354 
397.999388727004 
400.68147320362766 
405.1873751243554 
404.75824160809566 
403.84633288604357 
403.9536162651085 
404.5436748499657 
406.20656722547244 
413.28727024375894 
413.0190617960966 
411.9462280054471 
410.81975252526513 
408.8886517020961 
407.5476094637843 
408.3522348067714 
407.60125115331675 
408.8886517020961 
403.84633288604357 
405.99200046734256 
405.3483001929528 
411.6243778682523 
412.5899282798368 
412.160794763577 
414.36010403440844 
414.6283124820708 
414.6283124820708 
413.3945536228239 
416.13027978898003 
416.88126344243466 
417.52496371682435 
416.82762175290225 
412.91177841703166 
412.3217198321744 
414.84287924020066 
419.99248143531815 
418.2223056807465 
417.9540972330841 
415.8620713413177 
416.0229964099151 
414.6283124820708 
418.11502230168156 
418.16866399121403 
416.23756316804497 
416.72033837383725 
417.31039695869447 
417.4176803377594 
428.68243513957884 
424.8202334932407 
420.4216149515779 
417.4176803377594 
418.38323074934397 
418.75872257607125 
422.45999915381196 
424.3374582874485 
422.5672825328769 
425.67850052576034 
429.6479855511634 
427.28775121173453 
429.0579269663062 
427.71688472799434 
429.37977710350106 
429.1652103453711 
431.36451961620253 
430.1307607569556 
432.54463678591696 
432.437353406852 
426.75133431640984 
430.1307607569556 
424.7129501141758 
424.4983833560459 
424.8202334932407 
424.7665918037083 
417.7395304749542 
423.64011632352634 
422.99641604913666 
423.8010413921238 
424.6593084246433 
422.83549098053925 
423.7473997025913 
423.64011632352634 
419.187856092331 
414.0382538972136 
414.199178965811 
412.64356996936925 
414.4673874134734 
417.6322470958893 
416.07663809944756 
416.61305499477226 
422.83549098053925 
420.6361817097078 
422.2990740852145 
418.8660059551362 
419.08057271326606 
426.32220080015003 
424.23017490838356 
422.2990740852145 
424.7129501141758 
422.99641604913666 
425.46393376763046 
429.0579269663062 
429.54070217209846 
436.4068384322551 
436.62140519038496 
440.91274035298284 
436.19227167412515 
433.61747057656646 
433.18833706030665 
432.7055618545144 
431.6863697533974 
429.91619399882575 
428.0387348651892 
431.47180299526747 
427.23410952220206 
428.14601824425415 
426.37584248968255 
423.0500577386691 
421.38716536316247 
417.6322470958893 
417.6322470958893 
417.31039695869447 
421.76265718988975 
418.0077389226166 
418.4905141284089 
424.5520250455784 
421.33352367363 
420.6361817097078 
422.7282076014743 
423.8546830816562 
424.06924983978615 
427.5023179698644 
431.14995285807265 
430.8817444104103 
429.0579269663062 
427.28775121173453 
426.8049760059423 
426.32220080015003 
427.28775121173453 
425.30300869903306 
425.19572531996806 
426.2149174210851 
420.95803184690266 
420.36797326204544 
425.5712171466954 
422.67456591194184 
421.9772239480196 
425.83942559435775 
425.0348002513707 
426.4831258687475 
426.32220080015003 
426.91225938500725 
427.82416810705934 
427.7705264175268 
427.1268261431371 
422.2990740852145 
422.2990740852145 
418.91964764466866 
418.38323074934397 
422.67456591194184 
425.7857839048253 
428.14601824425415 
427.448676280332 
426.91225938500725 
440.2153983890607 
446.6524011329575 
455.93241342207546 
460.43831534280326 
459.5800483102837 
461.7793575811151 
461.993924339245 
456.89796383366 
455.5032799058157 
453.840387530309 
454.752296252361 
458.5608562091667 
460.5455987218682 
450.5682444688281 
447.4033847864122 
456.41518862786774 
456.14698018020533 
448.4762185770617 
448.7980687142565 
448.85171040378896 
454.1085959779714 
451.15830305368536 
449.1199188514513 
452.49934529199714 
446.97425127015237 
443.2729746924117 
446.97425127015237 
445.8477757899704 
443.38025807147665 
446.97425127015237 
438.23065587635915 
439.14256459841124 
442.95112455521684 
444.98950875745084 
445.4722839632431 
450.7291695374255 
447.77887661313946 
448.36893519799673 
453.73310415124405 
459.0972731044914 
451.53379488041264 
454.4304461151662 
448.0470850608018 
444.5067335516586 
446.7596845120225 
447.0815346492173 
445.5259256527756 
441.6637240064375 
438.60614770308644 
441.610082316905 
447.6715932340745 
444.1312417249313 
442.4147076598921 
467.25080991342736 
484.3625088742865 
483.93337535802664 
477.87186444085717 
475.88712192815564 
478.4082813361819 
480.9830824337406 
479.4274734372989 
478.08643119898704 
482.48504974064986 
499.86495714917135 
491.06772006584566 
499.54310701197653 
500.3477323549636 
514.777346839199 
517.9958482111474 
512.6853209474325 
512.0416206730429 
512.5780375683676 
513.3826629113547 
498.95304842711926 
501.25964107701566 
499.1676151852492 
506.5165266511981 
508.01849395810734 
512.0952623625753 
509.3595361964192 
512.5780375683676 
513.1144544636923 
507.3211519941852 
508.01849395810734 
511.29063701958825 
513.3826629113547 
511.7734122253805 
500.50865742356103 
506.5165266511981 
503.1907419001847 
517.8885648320825 
525.2911179875639 
522.2871833737454 
520.5706493087062 
520.3560825505763 
522.8236002690701 
521.7507664784206 
520.3560825505763 
519.3905321389918 
524.1110008178493 
502.65432500485997 
516.923014420498 
514.5627800810691 
513.4899462904197 
525.8275348828886 
522.3944667528103 
522.0726166156154 
522.5017501318753 
523.5745839225247 
517.6739980739526 
523.4673005434597 
527.5440689479278 
531.191703836136 
528.6169027385772 
521.7507664784206 
522.2871833737454 
516.6011642833032 
518.961398622732 
518.6395484855371 
518.4249817274072 
522.1798999946803 
522.930883648135 
518.6395484855371 
510.2714449184712 
513.4899462904197 
516.0647473879784 
511.88069560444546 
511.7734122253805 
508.2330607162372 
511.45156208818565 
511.88069560444546 
508.01849395810734 
506.73109340932797 
508.34034409530216 
510.37872829753616 
498.3629898422621 
498.63119828992444 
481.8949911557927 
483.6651669103643 
493.69616285293694 
497.18287267254766 
496.539172398158 
495.62726367610594 
510.21780322893875 
508.8767609906269 
509.84231140221146 
509.14496943828925 
509.09132774875684 
506.9456601674579 
509.62774464408153 
503.02981683158725 
505.9264680663409 
501.0450743188858 
502.01062473047034 
504.10265062223675 
505.55097623961353 
508.3939857848347 
506.46288496166557 
504.69270920709397 
511.02242857192584 
510.5932950556661 
511.3442787091207 
514.3482133229393 
511.66612884631553 
511.66612884631553 
526.3639517782133 
527.114935431668 
519.4978155180568 
514.1336465648094 
521.2143495830958 
517.030297799563 
516.6011642833032 
514.1336465648094 
509.84231140221146 
509.73502802314647 
512.5243958788351 
513.3826629113547 
510.37872829753616 
510.80786181379597 
509.1986111278218 
509.62774464408153 
519.0686820017969 
516.7084476623681 
517.2448645576928 
512.738962636965 
512.0952623625753 
506.40924327213315 
505.55097623961353 
487.8492186938972 
497.6120061888074 
497.6120061888074 
489.404827690339 
482.00227453485763 
485.70355111259835 
483.71880859989676 
485.70355111259835 
485.70355111259835 
492.8915375099498 
492.1405538564951 
487.0445933509102 
488.1710688310921 
488.8147691054818 
488.492918968287 
489.6193944484689 
489.9948862751962 
487.25916010904007 
489.6193944484689 
482.48504974064986 
482.9141832569097 
480.5003072279484 
474.3315129317139 
475.08249658516854 
479.15926498963654 
478.73013147337673 
477.2281641664675 
481.5731410185979 
483.23603339410454 
483.5042418417669 
485.86447618119576 
487.63465193576735 
487.4200851776375 
485.5426260440009 
499.1676151852492 
508.44762747436715 
509.84231140221146 
508.9304026801594 
510.05687816034134 
510.9687868823934 
508.5549108534321 
507.8039271999774 
509.41317788595165 
520.0342324133815 
523.3600171643948 
521.3216329621608 
524.7547010922391 
526.793085294473 
533.6592215546298 
531.8354041105256 
531.191703836136 
527.4367855688628 
524.8619844713041 
549.0007447609172 
552.5410962700604 
558.6562488767624 
563.2694341765551 
557.1542815698531 
546.4259436633585 
559.8363660464768 
561.2310499743212 
573.3540718086601 
562.8403006602954 
566.2733687903738 
567.2389192019582 
577.5381235921932 
572.6030881552056 
592.7723634194156 
611.3323879976515 
641.6935842730315 
628.605012027108 
636.3294153197842 
647.7014535006687 
646.0922028146945 
610.366837586067 
598.8875160261177 
584.8333933686096 
585.9062271592591 
595.4544478960393 
632.1453635362514 
642.0154344102264 
636.543982077914 
643.3028349590058 
627.2103280992637 
635.6857150453945 
646.0922028146945 
647.3796033634737 
634.1837477384853 
624.52824362264 
639.1187831754728 
639.6552000707976 
639.3333499336027 
629.1414289224329 
628.497728648043 
632.5744970525111 
620.7733253553669 
592.7723634194156 
614.6581727486648 
599.9603498167671 
626.1374943086142 
632.0380801571864 
630.7506796084069 
630.536112850277 
646.7359030890841 
638.1532327638884 
639.5479166917327 
640.5134671033172 
645.1266524031098 
664.4376606348004 
674.4150148878405 
666.6906115951642 
662.5065598116314 
663.150260086021 
666.0469113207746 
668.8362791764632 
675.3805652994249 
665.188644288255 
660.8973091256571 
670.6600966205674 
667.334311869554 
652.2073554213964 
658.1079412699685 
647.0577532262789 
661.7555761581767 
672.2693473065415 
662.6138431906963 
662.9356933278912 
664.0085271185405 
658.6443581652933 
655.5331401724097 
609.5085705535474 
572.8176549133354 
512.4171124997702 
557.2615649489181 
546.3186602842935 
557.6906984651779 
563.9131344509449 
559.2999491511521 
543.8511425657997 
558.4416821186326 
561.0164832161913 
573.2467884295952 
567.8826194763478 
571.9593878808159 
557.9052652233078 
561.7674668696459 
556.2960145373336 
560.1582161836717 
555.0086139885542 
540.7399245729162 
539.7743741613317 
534.3029218290194 
536.2340226521885 
517.5667146948877 
510.1641615394063 
447.725234923607 
464.40780036820627 
468.5918521517392 
458.829064656829 
464.46144205773874 
464.032308541479 
478.5692064047793 
485.5962677335334 
472.8295456248046 
467.4653766715573 
468.32364370407686 
455.5032799058157 
446.7596845120225 
454.32316273610127 
457.4880224185172 
452.01657008620487 
459.9018984474785 
459.68733168934864 
445.6332090318405 
445.794134100438 
443.05840793428183 
434.0466040928262 
446.1159842376328 
458.39993114056927 
469.0746273575315 
460.5455987218682 
459.7946150684136 
463.71045840428417 
457.00524721272495 
460.2773902742058 
460.1164652056084 
470.84480311210314 
462.3694161659723 
478.51556471524685 
476.5308222025453 
482.2168412929875 
485.9717595602607 
481.0367241232731 
476.262613754883 
480.5003072279484 
475.88712192815564 
466.6607513285702 
469.5037608737913 
468.96734397846654 
459.84825675794605 
454.85957963142596 
463.6568167147517 
476.90631402927266 
488.06378545202716 
487.6882936252998 
490.5849448600534 
497.34379774114507 
500.6695824921585 
494.7689966435864 
494.7689966435864 
495.0908467807812 
482.16319960345504 
484.63071732194885 
491.9259870983652 
491.1750034449106 
488.6002023473519 
491.443211892573 
480.0711737116886 
478.99833992103913 
490.15581134379363 
482.75325818831226 
484.8989257696112 
488.9756941740792 
482.48504974064986 
482.43140805111744 
483.5042418417669 
483.93337535802664 
490.7995116181833 
501.0450743188858 
506.0337514454058 
494.39350481685904 
485.22077590680607 
443.3266163819442 
452.01657008620487 
432.6519201649819 
440.2690400785932 
437.640597291502 
437.2651054647746 
435.9240632264628 
437.4796722229046 
431.79365313246234 
433.77839564516387 
430.98902778947524 
421.1189569155001 
427.55595965939693 
424.23017490838356 
420.20704819344803 
421.1725986050326 
425.9467089734227 
424.7665918037083 
422.8891326700717 
425.14208363043565 
415.91571303085016 
416.3448465471099 
418.91964764466866 
421.1189569155001 
424.23017490838356 
427.5023179698644 
422.1381490166171 
421.6553738108248 
428.5751517605139 
431.14995285807265 
433.0810536812417 
430.98902778947524 
429.70162724069587 
430.2380441360206 
427.87780979659175 
423.5864746339939 
427.07318445360465 
428.78971851864384 
429.2724937244361 
434.58302098815096 
432.0082198905923 
429.0042852767737 
432.437353406852 
435.7631381578654 
430.8817444104103 
430.55989427321543 
425.5712171466954 
427.341392901267 
424.44474166651344 
423.90832477118875 
428.52151007098144 
429.4334187930335 
425.67850052576034 
423.69375801305887 
425.7857839048253 
423.5864746339939 
424.1228915293186 
422.40635746427944 
421.60173212129234 
424.7665918037083 
422.2990740852145 
425.5712171466954 
426.2685591106175 
428.7360768291113 
428.4142266919165 
424.87387518277325 
422.8891326700717 
431.2572362371376 
429.0579269663062 
426.9659010745397 
427.55595965939693 
429.1652103453711 
431.0426694790077 
427.60960134892935 
427.87780979659175 
430.8817444104103 
428.5751517605139 
430.66717765228043 
433.7247539556314 
436.51412181132 
440.6445319053205 
442.95112455521684 
441.1809488006452 
441.1809488006452 
442.73655779708696 
438.7670727716839 
436.5677635008525 
439.0352812193463 
440.37632345765815 
441.8782907645674 
438.39158094495656 
437.3187471543071 
438.06973080776174 
439.67898149373593 
438.8207144612164 
437.3187471543071 
437.3187471543071 
439.0352812193463 
442.95112455521684 
441.50279893784005 
437.9624474286968 
421.9772239480196 
421.9772239480196 
421.9772239480196 
422.83549098053925 
421.44080705269494 
420.7434650887728 
422.0308656375521 
418.11502230168156 
419.7779146771883 
424.06924983978615 
422.45999915381196 
420.2606898829805 
418.11502230168156 
417.7395304749542 
414.2528206553435 
407.60125115331675 
407.01119256845953 
407.8694596009791 
405.61650864061517 
404.6509582290307 
409.4787102869533 
412.7508533484342 
409.2641435288234 
407.76217622191416 
409.53235197648576 
408.084026359109 
408.0303846695765 
404.2754664023033 
400.7887565826926 
398.9649391385885 
402.82714078492654 
401.64702361521216 
400.1450563083029 
405.99200046734256 
405.2410168138879 
402.45164895819926 
391.29417753544476 
388.7730181274185 
380.4585562498851 
381.6386734195995 
385.7154418240675 
384.1061911380933 
381.42410666146964 
384.9644581706129 
386.89555899378195 
378.04468022092374 
377.615546704664 
360.61113112286984 
361.41575646585693 
360.61113112286984 
363.88327418435074 
364.95610797500024 
366.0289417656497 
359.16280550549305 
360.61113112286984 
356.0515875126096 
360.23563929614255 
357.9290466462462 
364.20512432154555 
356.5343627184019 
351.92117741860915 
348.7026760466607 
340.92463106445206 
342.80209019808865 
351.223835454687 
348.13943830656973 
349.9900765954401 
344.5186242631278 
346.6374709996605 
340.7100643063221 
337.1697127971789 
339.98590149763373 
340.2272891005299 
341.3269437359456 
341.7024355626729 
344.5186242631278 
346.4229042415306 
346.9861419816216 
348.5953926675958 
346.4229042415306 
349.53412223441404 
349.13180956292047 
349.2122720972192 
352.0284607976741 
353.44996557028463 
355.1396787905576 
360.23563929614255 
360.4233852095062 
355.2469621696225 
357.8217632671812 
356.2661542707395 
350.2314641983362 
352.8330861406612 
351.5456855918818 
355.2469621696225 
357.52673397475263 
355.4615289277524 
353.9863824656094 
352.80626529589495 
350.68741855936224 
349.53412223441404 
345.88648734620585 
345.4841746747123 
341.05873528828323 
342.6679859742574 
344.19677412593296 
342.9361944219198 
347.25435042928393 
347.9516923932061 
349.23909294198546 
346.2351583281669 
344.5186242631278 
342.5607025951925 
344.3040575049979 
345.9937707252708 
347.603021411245 
351.11655207562205 
348.56857182282954 
350.41921011169984 
347.9516923932061 
350.097359974505 
350.6337768698298 
352.72580276159624 
353.79863655224574 
351.43840221281687 
351.33111883375193 
351.19701460992076 
346.5033667758293 
344.8672952450888 
348.3271842199334 
346.20833748340067 
346.20833748340067 
344.7063701764914 
345.2696079165824 
343.17758202481593 
346.3156208624656 
345.80602481190715 
345.64509974330974 
345.00139946892 
344.4381617288291 
343.982207367803 
337.49156293437375 
338.3230091221271 
342.77526935332236 
342.4802400608938 
342.2656733027639 
341.7828980969716 
342.05110654463397 
340.17364741099743 
339.42266375754275 
339.42266375754275 
339.42266375754275 
340.65642261678965 
342.7484485085561 
341.3269437359456 
341.3269437359456 
339.90543896333503 
339.8249764290363 
336.391908298958 
335.479999576906 
332.10057313636014 
334.1925990281266 
332.4760649630874 
332.0737522915939 
335.18497028447734 
334.0048531147629 
334.86312014728253 
334.9972243711137 
336.6332959018541 
335.50682042167216 
336.847862659984 
337.3038170210101 
337.6256671582049 
337.5988463134387 
340.2272891005299 
340.8441685301533 
341.05873528828323 
342.1583899236989 
341.30012289117934 
345.16232453751746 
344.6795493317252 
345.08186200321876 
348.0321549275048 
347.65666310077745 
348.21990084086843 
348.48810928853084 
347.7103047903099 
349.5609430791803 
346.77157522349165 
347.8175881693749 
343.982207367803 
343.1507611800497 
345.37689129564734 
346.10105410433573 
344.1431324364005 
344.5990867974265 
340.7637059958546 
340.5223183929585 
341.48786880454304 
342.37295668182884 
343.3921487829458 
344.3040575049979 
341.9170023208028 
341.3537645807118 
339.2885595337116 
339.4763054470752 
337.1965336419451 
337.49156293437375 
339.34220122324405 
339.93225980810126 
338.18890489829585 
339.93225980810126 
340.20046825576367 
339.9590806528675 
339.3958429127765 
340.9782727539845 
340.6027809272572 
340.6832434615559 
341.8365397865041 
340.9782727539845 
341.4342271150105 
344.0358490573355 
343.526253006777 
339.8786181185688 
339.9590806528675 
338.2693674325946 
338.21572574306214 
339.6640513604389 
338.5912175697894 
336.4723708332567 
338.1352632087634 
337.9206964506335 
337.6256671582049 
337.73295053726986 
336.17734154082814 
338.21572574306214 
339.8249764290363 
340.25410994529614 
342.0779273894002 
342.4802400608938 
342.8289110428548 
341.4074062702443 
341.72925640743915 
344.57226595266025 
343.6067155410757 
342.5875234399587 
343.3116862486471 
346.69111268919295 
346.8252169130241 
346.95932113685535 
346.77157522349165 
346.3960833967643 
344.65272848695895 
346.3960833967643 
347.12024620545276 
349.23909294198546 
347.65666310077745 
348.4612884437646 
347.20070873975146 
346.26197917293314 
343.9017448335043 
345.1891453822837 
344.25041581546543 
346.18151663863443 
346.7179335339592 
345.96694988050456 
345.32324960611487 
348.8636011152581 
348.48810928853084 
348.08579661703726 
348.622213512362 
349.1049887181543 
349.3463763210504 
351.0629103860895 
350.7947019384272 
348.24672168563467 
349.7218681477777 
346.85203775779036 
348.38082590946584 
349.13180956292047 
347.8444090141411 
347.8712298589074 
348.43446759899837 
349.5877639239465 
348.9172428047906 
351.8675357290766 
351.49204390234934 
349.6682264582452 
350.7410602488947 
350.660597714596 
349.18545125245294 
349.4804805448816 
347.8980507036736 
347.8444090141411 
348.56857182282954 
348.9440636495568 
348.0321549275048 
347.603021411245 
346.4497250862968 
345.9937707252708 
346.93250029208906 
347.8444090141411 
344.7063701764914 
341.38058542547805 
341.0050935987507 
341.2464812016469 
340.41503501389354 
341.031914443517 
342.0779273894002 
340.25410994529614 
334.916761836815 
333.89756973569797 
332.77109425551606 
334.5949116996202 
334.5144491653214 
333.89756973569797 
334.72901592345136 
334.94358268158123 
335.10450775017864 
334.7826576129838 
334.38034494149025 
334.21941987289284 
329.95490555506115 
329.57941372833386 
326.8436875621777 
318.34147977128066 
307.96717701570026 
310.456151410007 
310.92819827789276 
310.3381396930356 
308.91127075147176 
307.34493341712357 
304.8666873607233 
302.67810642779835 
304.28735711377254 
306.8621582113313 
305.467474283487 
305.8429661102143 
303.9386861318115 
306.2989204712403 
306.75487483226635 
306.5671289189027 
308.71279650020165 
306.6475914532014 
307.13036665899364 
305.8429661102143 
307.39857510665604 
304.5823864062012 
301.9807644638762 
301.4711684133177 
302.6244647382659 
300.1569470197721 
301.71255601621385 
302.59764389349965 
303.3754483917205 
302.51718135920095 
305.3333700596558 
307.18400834852616 
307.15718750375987 
305.60157850731815 
305.5747576625519 
306.379383005539 
306.5403080741364 
306.2720996264741 
305.19926583582463 
304.5019238719025 
305.03834076722717 
305.1456241462921 
308.3909463630068 
309.35649677459133 
312.038581251215 
310.456151410007 
310.75118070243565 
305.7893244206818 
307.7740669333833 
308.3909463630068 
307.72042524385085 
309.4906009984225 
310.000197048981 
309.0614674821627 
310.3756888757083 
308.8469007240328 
309.7051677565524 
309.4906009984225 
308.55187143160424 
309.6515260670199 
308.7396173449679 
307.6936043990846 
307.39857510665604 
306.32574131600654 
306.0575328683442 
305.1188033015259 
304.28735711377254 
304.44828218237 
304.55556556143495 
304.55556556143495 
303.5363734603179 
303.5363734603179 
303.83140275274656 
299.7814551930448 
302.6512855830321 
302.89267318592823 
304.71649063003235 
303.2949858574218 
305.60157850731815 
305.6176710141779 
304.79695316433106 
300.85428898369423 
298.9768298500577 
297.7430709908108 
294.60503215316106 
295.00734482465464 
292.1106935899011 
287.01473308431605 
286.62851291968224 
286.99327640850305 
267.8914707659892 
265.6707048193448 
267.64471899413985 
267.9343841176152 
270.17124257111936 
270.71302363539735 
270.4609076945947 
271.31381055816104 
270.11760088158684 
269.6240973378881 
267.4033313912437 
267.9772974692412 
267.27459133636575 
259.12641869638304 
258.78311188337517 
254.7760776752994 
254.85439454201682 
256.51299558236093 
255.3028390665083 
256.341342175857 
257.0998356658462 
258.07182308017457 
257.3980834596467 
258.38723621462555 
258.14906711310135 
257.9859963769226 
258.30999218169876 
258.7981315564443 
258.13082893866033 
257.4914199994332 
257.40666612997194 
257.39486495827475 
256.79193236792975 
257.8143429704187 
258.01925422443276 
258.39367321736944 
258.8195882322573 
258.8287073194778 
258.5578167873388 
258.5900018010583 
258.7938402212817 
258.78311188337517 
258.8501639952908 
258.41834839455436 
258.3861633808349 
258.5470884494323 
257.62445138947373 
257.14704035263475 
257.6915035013894 
257.8524285699868 
257.78269437359455 
257.29455499884904 
257.5252142638387 
257.38574587105427 
257.7210064306322 
257.6405438963335 
257.7290526840621 
257.5064396725023 
257.35356085733474 
257.2811445764659 
256.6401263865529 
256.27536289773207 
256.27804498220866 
256.01520070349954 
256.1922182789567 
256.15198701180736 
256.5060221627217 
256.8225081309633 
256.924427341075 
256.83323646886976 
256.65085472445935 
256.6669472313191 
257.73173476853873 
257.5252142638387 
257.08803449414904 
257.31601167466204 
257.0933986631023 
257.20336412664386 
257.23823122484 
257.0746240717659 
257.0933986631023 
257.1202195078685 
256.60525928835676 
259.00572489493493 
257.31601167466204 
257.34283251942827 
256.7635022724776 
257.0424390580464 
257.2757804075127 
256.95661235479446 
256.7795947793373 
256.25390622191907 
255.57802093380988 
254.52932590345003 
255.20521119155921 
254.75462099948643 
253.21188600853247 
253.6635490343959 
254.31475914532015 
254.42096969059443 
254.69668797479136 
255.1268943248418 
254.91554606808384 
254.98420743068542 
255.14191399791088 
254.61622544049266 
254.51537906417158 
254.70312497753525 
254.43813503124483 
254.80021643558902 
255.02282944714878 
255.3393154153904 
255.48683006160468 
255.54851800456703 
255.40100335835274 
255.60484177857612 
255.6477551302021 
256.01520070349954 
255.7818593540333 
255.58874927171638 
255.7362639179307 
255.65043721467873 
255.49219423055794 
255.1703440933631 
255.49755839951118 
255.77649518508005 
255.60484177857612 
255.59411344066964 
255.6450730457255 
255.6450730457255 
255.78990560746317 
255.84622938147226 
255.95619484501384 
255.66384763706185 
255.71748932659432 
255.7255355800242 
255.74431017136055 
255.9293740002476 
255.98033360530346 
255.58606718723976 
255.46805547026833 
255.07647113668128 
255.21057536051245 
255.1596157554566 
255.0362398695319 
255.09524572801763 
254.9986906868592 
255.60484177857612 
255.40100335835274 
255.3312691619605 
255.071106967728 
255.1381590796436 
255.28835581033454 
255.320540824054 
255.4653733857917 
255.52974341323068 
255.5216971598008 
255.70944307316446 
255.63970887677223 
255.612888032006 
255.40636752730597 
255.49487631503456 
255.47073755474494 
255.65580138363197 
255.6236163699125 
255.83013687461252 
255.7952697764164 
256.35046126307753 
256.2807270666853 
256.25390622191907 
257.0531673959529 
256.91906317212175 
256.8225081309633 
257.0558494804295 
258.03749239887384 
258.33520377577906 
257.84706440103355 
257.82828980969714 
258.21182788985436 
258.2976545931063 
258.941354867496 
258.38348129635824 
258.3647067050219 
257.71027809272573 
257.6995497548192 
257.3186937591387 
257.76928395121143 
257.90607025951925 
257.93020901980884 
258.23328456566736 
259.2980721028869 
259.74061604152985 
259.8827665187909 
258.97085779673887 
258.9976786415051 
258.48271842199335 
258.9547652898791 
258.96012945883234 
258.16355036927513 
258.150139946892 
257.0397569735698 
257.0397569735698 
255.59947760962288 
255.905235239958 
255.96692318292034 
256.29681957354506 
256.03665737931254 
256.5516175988243 
256.5516175988243 
256.55698176777753 
256.2029466168632 
255.9883798587333 
256.27536289773207 
256.090299068845 
256.0044723655931 
255.70676098868782 
255.72821766450082 
256.1358945049476 
256.0098365345463 
256.1224840825645 
256.24049579953595 
256.3692358544139 
256.15198701180736 
255.96155901396708 
256.3263225027879 
256.3129120804048 
256.75277393457105 
256.3021837424983 
256.38801044575024 
256.4550625576658 
256.4952938248152 
256.68572182265547 
256.674993484749 
256.87614982049575 
256.6830397381789 
256.881513989449 
256.73668142771135 
256.696450160562 
256.4577446421425 
256.589166781497 
256.43092379737624 
256.11711991361125 
255.7952697764164 
255.91328149338784 
255.8971889865281 
255.8059981143229 
255.73894600240732 
255.73894600240732 
255.5351075821839 
255.25885288109168 
255.4412346255021 
255.8274547901359 
255.1488874175501 
254.94236691285008 
255.01746527819554 
254.9986906868592 
255.13011282621375 
255.28567372585792 
255.1918007691761 
255.1488874175501 
255.3312691619605 
255.1918007691761 
254.9906444334293 
254.96114150418646 
255.16229783993322 
255.15425158650336 
256.1573511807606 
255.93473816920084 
255.83550104356576 
255.78722352298655 
256.1680795186671 
255.96155901396708 
255.9964261121632 
255.95887692949046 
256.1680795186671 
256.23244954610607 
256.19490036343336 
256.26999872877883 
256.4416521352827 
256.4201954594697 
256.5301609230113 
256.25658830639566 
256.18953619448007 
256.25658830639566 
256.361189600984 
256.382646276797 
256.7420455966646 
256.8439648067763 
256.77423061038405 
256.82519021543993 
256.65085472445935 
256.66962931579576 
256.5784384435905 
256.46847298004894 
256.56234593673076 
256.6454905555061 
256.61330554178664 
256.79836937067364 
256.79568728619705 
256.66426514684247 
256.8707856515425 
256.860057313636 
256.9378377634581 
256.72327100532823 
256.674993484749 
256.5382071764412 
256.66962931579576 
256.8788319049724 
256.83055438439317 
256.83055438439317 
256.93515567898146 
257.11217325443863 
256.56771010568406 
256.22708537715283 
256.30754791145154 
256.3021837424983 
256.4496983887126 
256.382646276797 
256.5864846970204 
256.53552509196453 
256.5784384435905 
256.5301609230113 
256.48992965586194 
256.3746000233671 
256.72327100532823 
256.7554560190477 
256.78764103276717 
256.74472768114117 
256.68035765370223 
256.8144618775334 
256.78227686381393 
256.6079413728334 
256.69376807608535 
256.71522475189835 
256.73668142771135 
256.75277393457105 
256.73668142771135 
256.71522475189835 
256.77423061038405 
256.73131725875805 
256.71522475189835 
256.77423061038405 
256.80909770858017 
256.8225081309633 
256.92174525659834 
257.0129361288036 
257.30528333675556 
258.33520377577906 
258.4129842256011 
259.12641869638304 
259.2176095685882 
258.87698484005705 
258.95208320540246 
259.1961528927752 
258.7482447851791 
258.2842441707232 
258.21450997433095 
258.60073013896476 
258.19841746747124 
258.22255622776083 
258.22792039671407 
259.1103261895233 
258.73215227831935 
258.38348129635824 
258.5229496891427 
258.9333086140661 
259.04059199313105 
258.93599069854275 
259.38926297509215 
259.9283619548935 
260.3226283729572 
260.27166876790136 
260.3574954711533 
258.4558975772271 
258.38884546531153 
257.99726113172443 
258.0589490746868 
257.5493530241283 
257.8443823165569 
257.86047482341667 
257.78269437359455 
257.94361944219196 
257.9033881750426 
257.7129601772023 
257.7719660356881 
257.73173476853873 
257.6995497548192 
257.6539543187166 
257.93557318876213 
257.9758044559115 
258.58463763210506 
258.085769919453 
258.38079921188165 
258.8018864747116 
259.13982911876616 
259.18542455486875 
258.8233431505245 
258.82066106604793 
258.66510016640376 
258.52026760466606 
258.4505334082738 
258.6382793216375 
258.65168974402064 
258.4103021411245 
258.4451692393206 
258.4880825909466 
258.3620246205453 
258.03749239887384 
258.24937707252707 
258.1876891295647 
258.1742787071816 
258.41566631007777 
258.46126174618036 
258.37275295845177 
258.0401744833504 
258.09649825735954 
257.7424631064452 
256.8654214825893 
256.83860063782305 
256.52479675405806 
256.61062345731 
256.45238047318924 
256.89760649630875 
256.95393027031787 
257.08267032519575 
257.09071657862563 
257.1872716197841 
257.5144859259322 
257.69418558586597 
257.97312237143484 
257.9918969627712 
257.9248448508556 
258.0133536385842 
258.21450997433095 
257.98653279381796 
257.90875234399584 
257.9784865403881 
257.90607025951925 
258.1608682847985 
258.0911340884063 
258.1528220313686 
258.0482207367803 
258.11259076421925 
258.193053298518 
258.04553865230366 
257.79074062702443 
257.91948068190237 
258.0830878349764 
257.9382552732387 
257.9033881750426 
257.7344168530153 
257.86047482341667 
257.99457904724784 
257.9784865403881 
258.09649825735954 
257.9328911042855 
257.9463015266686 
257.9918969627712 
258.0428565678271 
258.08845200392966 
258.670464335357 
258.68923892669335 
258.55245261838553 
258.57122720972194 
258.64364349059076 
258.6785105887869 
258.82602523500117 
258.6034122234414 
258.4934467598998 
258.22255622776083 
258.0562669902102 
257.9382552732387 
258.09918034183613 
258.29229042415307 
258.2627874949102 
257.98653279381796 
258.1152728486959 
258.04553865230366 
257.96507611800496 
257.94898361114525 
257.9167985974257 
258.21182788985436 
257.9543477800985 
257.836336063127 
257.9704402869582 
257.83901814760367 
257.40720254686727 
257.47693674325944 
257.5386246862218 
257.7290526840621 
258.14745786241537 
258.09918034183613 
258.30838293101283 
258.50685718228294 
258.4773542530401 
258.3647067050219 
258.5578167873388 
258.4934467598998 
258.5444063649557 
258.5470884494323 
258.9333086140661 
258.8233431505245 
258.79115813680505 
258.6999672645999 
258.67582850431023 
258.8233431505245 
258.73215227831935 
258.5685451252453 
259.0110890638882 
259.08350534475704 
259.4670434249142 
259.7137951967636 
259.11837244295316 
259.13446494981287 
258.80456855918817 
259.0808232602804 
259.233702075448 
258.99499655702846 
259.0137711483648 
259.14787537219604 
259.169332048009 
259.0915515981869 
259.0647307534207 
259.0271815707479 
259.12910078085963 
259.46972550939086 
259.4214479888116 
259.5555522126428 
259.6333326624649 
259.70574894333373 
259.5019105231103 
259.3785346371856 
259.18542455486875 
259.0566844999908 
258.8957594313934 
258.87698484005705 
259.1371470342895 
259.1532395411493 
259.0271815707479 
259.10496202057004 
259.2712512581207 
259.23638415992457 
259.0432740776077 
259.13982911876616 
259.2256558220181 
259.16396787905575 
259.1800603859155 
259.1451932877194 
259.1746962169623 
259.2256558220181 
259.28734376498045 
259.5019105231103 
259.5475059592129 
